chr10	7636500	7817500	chr10_7636500	26	181000	0.00376698535204275	37	3.12828255031506e-10	30	1.56747316686749e-05	::N3-13::N-A07::B3-16::B3-2::N3-2-21::B-2-27::B-2-15::B-A12::N-A12::N-3-1::B3-1::N-B03::B3-2-21::B-2-25::N-1-7::N3-7::N-2-15::B3-13::N-A04::N3-10::N-2-21::B3-7::B3-4::N3-9::B3-9::B-2-14::	23
chr10	63158800	63339800	chr10_63158800	24	181000	0.0468040756095373	30	1.56747316686749e-05	25	0.0135411475852865	::B3-11::N3-c-9::N-B03::B-A10::N-B05::B3-10::B3-c-9::B3-c-28::B-2-15::N-2-23::B3-5::N3-9::B3-9::B-2-14::B3-15::B-1-6::N-3-4::B-3-4::B3-14::B3-2::N-1-6::N3-2::B3-1::N-2-14::	12
chr10	67063000	67244000	chr10_67063000	26	181000	0.00376698535204275	36	1.60027967123416e-09	31	3.65721278303143e-06	::N-A02::B-A10::B3-4::B3-15::N3-1-13::B-1-6::N3-11::N-2-15::N3-15::B-3-1::N-3-1::B-B03::B3-19::N-1-10::N3-13::N-A07::N3-10::B3-7::B3-14::B3-8::B-2-25::B-2-15::B3-12::N3-8::B3-11::B-A02::	11
chr10	108181400	108362400	chr10_108181400	27	181000	0.00100911805181178	34	3.85427606095898e-08	29	6.50144004317944e-05	::N3-9::N3-1::B3-7::B3-1::B-2-25::B-3-4::B-A07::N3-5::B-A10::N-1-6::B-1-6::N-2-14::N-B05::B3-c-28::B-2-15::N-2-15::B3-13::N-A05::N3-11::B3-16::N3-8::N-B03::N-3-1::B-3-1::B3-9::N-A12::B-A12::	18
chr10	116455000	116636000	chr10_116455000	29	181000	6.50144004317944e-05	48	9.83023600084183e-19	40	1.99679371458602e-12	::N-1-9::N-A12::B-3-4::N-B03::B-A10::B-1-6::N-B05::B-B05::B3-1::N-A02::B-A02::B-A05::B3-7::N3-7::N-2-15::N3-16::B-1-7::N3-4::B3-1-13::N-1-6::N3-2-21::B-A12::N-2-21::N-3-1::B3-16::B3-4::B3-11::B-2-21::B3-13::	32
chr11	3100400	3281400	chr11_3100400	35	181000	7.96501469098055e-09	58	2.03431979144077e-27	39	1.10428553746133e-11	::N3-9::N-2-23::N3-8::N3-10::N-B05::N-A10::N-2-25::B-A02::N3-13::B3-10::B3-21::B-2-14::N-2-15::N3-19::B3-19::N-A02::B3-c-9::B3-5::B3-8::B3-12::N-3-1::B-2-15::N-A12::N-A05::B3-14::B3-2::B-2-27::B-A10::B-2-23::B3-1-13::B3-13::B-1-6::B-1-7::N3-1::B-A04::	20
chr11	4411700	4592700	chr11_4411700	25	181000	0.0135411475852865	33	1.81179862914653e-07	29	6.50144004317944e-05	::N3-13::B-2-25::N3-10::N-1-6::B-2-15::N-A02::B3-7::B-1-4::B-2-12::N3-4::N3-8::B-A04::B3-1-13::B-1-7::N-1-7::B-B05::B-2-23::N-2-23::B3-2-21::B-A10::N3-19::N-B05::B3-19::N-A04::N-1-10::	18
chr11	20059500	20240500	chr11_20059500	27	181000	0.00100911805181178	31	3.65721278303143e-06	29	6.50144004317944e-05	::B3-12::B3-19::B3-7::N3-13::B3-2::B-3-4::B-2-14::B-B05::B-1-6::B3-5::B-1-7::B-2-15::B-2-21::N-1-6::B3-2-21::N-B05::B-A05::B3-c-9::N-1-4::N3-2::N3-16::B3-c-28::N-2-14::B-1-4::B3-8::N-1-7::N3-c-9::	18
chr11	20963600	21144600	chr11_20963600	25	181000	0.0135411475852865	31	3.65721278303143e-06	26	0.00376698535204275	::N3-11::N-1-10::B3-1-13::B3-21::N3-19::B-A07::N-B03::B-2-15::B3-c-9::N-A02::B-A02::N3-2-21::B3-2-21::B-1-10::B3-11::B3-5::N3-9::B3-9::B3-12::N-2-23::B3-2-37::N-3-4::N-A05::B-2-25::N-2-27::	13
chr11	23264600	23445600	chr11_23264600	29	181000	6.50144004317944e-05	37	3.12828255031506e-10	30	1.56747316686749e-05	::N-2-23::B3-c-28::B3-2::B3-7::B-2-14::N-A12::N-3-1::B3-1-13::N3-19::B3-19::B-3-1::N-1-7::N3-10::N3-16::B3-c-14::N3-c-14::B3-2-21::N3-c-9::B-1-6::N3-15::B-2-15::B3-8::B3-12::B3-1::N-1-6::N-B05::B-2-23::B-A07::B3-c-9::	23
chr11	30091600	30272600	chr11_30091600	28	181000	0.000260672820929653	32	8.26631705560632e-07	28	0.000260672820929653	::B-1-6::B-2-27::N-B05::B-2-15::N3-1-13::B3-1-13::B-A07::N3-21::B-A05::N-A05::B-3-1::B3-11::B3-5::N3-16::B3-16::N-B03::B-B05::N3-1::B-1-10::B3-c-28::B3-2-21::B-2-14::B3-19::N3-19::N-1-6::N3-2-21::B-2-25::N-3-1::	15
chr11	53252200	53433200	chr11_53252200	26	181000	0.00376698535204275	32	8.26631705560632e-07	29	6.50144004317944e-05	::N-2-27::N-A12::B-A10::B3-10::N3-16::B-1-10::B3-7::B-2-23::B-B05::N-2-15::N-2-23::N-2-14::B-B03::B3-5::B-A04::B-2-14::B3-11::B3-19::N3-4::B3-13::B-2-15::B3-4::B-3-4::B3-9::N3-9::N3-13::	15
chr11	54444500	54625500	chr11_54444500	26	181000	0.00376698535204275	32	8.26631705560632e-07	31	3.65721278303143e-06	::B-B05::N3-19::B-2-23::B3-10::B-A10::B3-19::B3-1::B3-14::N3-16::N-2-15::N-2-14::B3-1-13::N-2-27::B-3-1::B-A05::B-2-15::B3-c-28::N-A02::B-A12::B3-9::N3-9::B-B03::N-1-6::B3-2-21::N3-21::B-1-6::	20
chr11	59603000	59784000	chr11_59603000	29	181000	6.50144004317944e-05	34	3.85427606095898e-08	31	3.65721278303143e-06	::B-3-1::N3-13::B3-10::B-A07::B-A04::B-2-15::B-2-14::N3-4::B3-c-14::N3-c-14::N3-16::B3-2-21::N3-12::N-B05::B-2-21::B-A12::B3-19::N-2-15::B-3-4::B-1-6::B-2-23::B-2-27::B3-1-13::B-B03::N-2-21::B-1-10::B-2-25::N-2-25::N3-c-9::	23
chr11	60098300	60279300	chr11_60098300	24	181000	0.0468040756095373	27	0.00100911805181178	23	0.155304166110842	::B-2-23::N3-1::N-2-15::B-2-15::N-A12::B-2-25::B3-5::B3-12::B-2-27::N-A02::B-A02::N3-21::B-A10::B3-2::B-A07::B-B03::N3-13::N-A10::N3-19::N-2-21::B3-4::N3-4::N-B03::N3-2::	18
chr11	62279100	62460100	chr11_62279100	34	181000	3.85427606095898e-08	47	6.52369087478537e-18	41	3.52258232914832e-13	::B-1-7::N-1-7::N-A05::B-A05::N3-19::N3-c-28::B-2-21::N-2-21::B-A02::N3-c-14::B3-c-14::B3-7::B3-c-28::B3-10::B-2-14::B3-1::B3-c-9::N-2-23::B-A10::B-2-15::N3-9::B3-9::B-B05::B-2-27::B3-12::N3-8::B3-14::N-2-27::N-3-1::N-1-6::B-2-23::N-A02::B3-19::B-3-4::	19
chr11	70841200	71022200	chr11_70841200	29	181000	6.50144004317944e-05	34	3.85427606095898e-08	33	1.81179862914653e-07	::B3-1-13::B3-7::N3-5::B3-8::N-2-15::B-3-4::N-3-4::B-A02::B3-12::N3-19::B-B03::N3-4::B-2-25::B3-5::N3-14::B-2-23::B3-21::B3-11::N-2-12::B-2-21::N-2-27::B3-c-28::N3-12::N-3-1::N-A12::B3-10::B-2-14::N3-7::N3-8::	16
chr11	72563800	72744800	chr11_72563800	37	181000	3.12828255031506e-10	53	5.65076843104368e-23	47	6.52369087478537e-18	::N-A12::B-2-21::B3-21::N-3-1::N3-16::N-2-15::B-3-4::N-3-4::B3-c-28::B3-13::N3-19::N-A04::B-A04::B-2-15::N3-21::B-A05::B-1-6::B-A10::B-1-7::B-A02::N3-11::B3-11::N-A02::B3-1::N3-9::B3-9::B-2-12::N-2-12::B3-10::N-B05::N3-10::B-2-23::B3-14::B3-5::N-2-27::B-2-27::N3-8::	22
chr11	77551300	77732300	chr11_77551300	28	181000	0.000260672820929653	40	1.99679371458602e-12	33	1.81179862914653e-07	::N3-c-28::N-2-25::N-2-15::B3-c-28::N-B03::B-2-23::N-A05::N-2-12::B-2-12::B3-2-21::N-A02::B-2-14::N3-10::N-1-7::B-2-25::N3-13::N-1-6::B3-11::B-3-4::N-3-4::N-A04::N-2-14::B3-5::B-B03::B-A02::N3-19::B-3-1::N-3-1::	25
chr11	78506800	78687800	chr11_78506800	25	181000	0.0135411475852865	27	0.00100911805181178	26	0.00376698535204275	::N3-13::N-3-4::B3-10::N3-c-9::N-A12::B-2-15::B-A12::N3-21::B-A04::B-3-1::B-2-25::B-2-21::B-A02::B-A07::N3-4::B3-21::B3-19::B-2-23::B3-c-9::N3-8::B3-2-21::B3-13::B-B05::B3-15::B3-1-13::	14
chr11	79383300	79564300	chr11_79383300	36	181000	1.60027967123416e-09	103	2.25351131478384e-74	83	3.68367514235333e-52	::B-2-23::B-1-7::N-1-7::N-2-23::N-2-25::N3-19::B3-19::N3-c-28::N-A02::B3-21::N-A05::N3-13::B3-2-21::N-2-15::B-3-4::B-A02::N3-c-9::B-1-6::B-A10::B3-13::B-A05::N3-1-13::B-2-27::N3-4::B3-1::B3-15::B-B05::N3-15::N3-21::B3-1-13::N-B05::N3-2-21::B3-14::B-2-25::B-A04::N-A07::	43
chr11	80384900	80565900	chr11_80384900	25	181000	0.0135411475852865	32	8.26631705560632e-07	30	1.56747316686749e-05	::B3-14::B3-1::B3-2-21::B-2-21::N-A02::B-A02::B-2-14::N-2-15::N-B03::B3-19::B-2-25::N-3-4::B3-2-37::B-3-4::B3-7::N-1-6::N3-16::B-B03::N-1-10::B-A05::N-2-12::N-3-1::N-B05::N3-10::B3-8::	12
chr11	86196400	86377400	chr11_86196400	25	181000	0.0135411475852865	36	1.60027967123416e-09	30	1.56747316686749e-05	::B-2-12::B-1-7::N-1-7::B-3-4::N-3-1::N-2-21::B-A04::N-A02::N3-16::B3-15::N3-15::B-A07::B3-13::B3-2-21::B3-4::B-B05::B-2-15::B3-10::N3-4::B3-9::N3-9::B-A10::N3-10::B3-c-28::N3-13::	19
chr11	86579100	86760100	chr11_86579100	30	181000	1.56747316686749e-05	40	1.99679371458602e-12	34	3.85427606095898e-08	::N-B05::B-1-6::B3-15::B-A10::B-2-23::B-3-4::B-2-14::B3-7::B-2-15::N3-13::N3-10::N-2-15::B-B03::B-2-25::B-2-12::B-2-21::N3-16::N-B03::N-1-7::N-3-4::N-1-6::B-1-7::N-A02::B-A04::N-A04::N-2-23::B-B05::N3-4::B3-4::B3-c-9::	18
chr11	93865700	94046700	chr11_93865700	25	181000	0.0135411475852865	42	6.06629700755312e-14	38	5.95434759161689e-11	::B-2-27::N3-13::N-A02::N3-19::B-A05::N-2-15::N-A12::N3-5::N-2-25::B-A12::N3-16::B-B03::B-A02::N-B05::N3-11::N-2-21::B3-8::B3-19::B3-2-21::N-1-10::B-2-21::B-A07::N3-c-28::N3-1-13::B3-1-13::	19
chr11	97154900	97335900	chr11_97154900	24	181000	0.0468040756095373	34	3.85427606095898e-08	31	3.65721278303143e-06	::B3-2-21::N-A05::B-A05::N3-13::B3-10::B3-1-13::B3-2::B3-13::N3-10::B3-12::N3-2-21::N-1-10::B-A07::B-B03::N-2-21::B3-11::B-2-15::N3-14::B-1-6::N-A12::B-A12::N-2-15::B-1-7::B3-19::	14
chr11	104366100	104547100	chr11_104366100	39	181000	1.10428553746133e-11	67	7.10310264643522e-36	52	4.1406790777037e-22	::B-2-12::B-B05::N-2-15::B-2-15::N3-10::B-2-14::B-3-1::B-3-4::B-1-6::N-2-12::N-1-6::B3-7::N3-c-14::N-B05::N3-7::B-2-25::B3-12::B-A12::N-2-25::N-1-7::B3-10::N3-13::B3-13::N-2-14::B-B03::B3-c-14::N3-21::B3-21::N-3-4::B-1-4::N-A02::B3-15::B3-19::N-A05::B3-2-21::B3-11::N-2-27::B-2-27::N3-2-21::	30
chr11	105584500	105765500	chr11_105584500	25	181000	0.0135411475852865	38	5.95434759161689e-11	33	1.81179862914653e-07	::B-1-7::N-3-4::N-1-6::N-A04::B-A04::B3-1::B3-19::B3-12::N3-8::B3-8::N-A02::N3-13::B3-7::B-2-23::N3-19::B-A07::B3-11::N-2-15::N3-10::B-2-25::B-A05::N3-2::N3-16::N3-11::N-2-25::	14
chr11	106065300	106246300	chr11_106065300	26	181000	0.00376698535204275	34	3.85427606095898e-08	28	0.000260672820929653	::N3-9::B3-7::N3-8::B3-9::B-1-7::B-3-4::B3-19::B3-1::B-A04::N-3-1::B3-8::B3-11::N3-11::B-2-15::N-A05::B3-2::N3-13::B3-c-28::N3-16::N-2-23::N-1-10::B-1-6::B-2-12::N3-10::N-3-4::B-2-21::	16
chr11	106423600	106604600	chr11_106423600	26	181000	0.00376698535204275	27	0.00100911805181178	24	0.0468040756095373	::N3-15::N-A10::N-1-7::B-B05::N3-11::B3-2::N3-2::N-3-1::N3-4::B-2-25::B-2-15::B3-14::B-2-21::B3-19::B3-1-13::B-2-27::N3-19::B-A04::B-A02::B3-9::N3-9::B3-12::B3-5::N-A05::B-A05::N-2-15::	14
chr11	106968000	107149000	chr11_106968000	28	181000	0.000260672820929653	33	1.81179862914653e-07	25	0.0135411475852865	::N3-19::B3-7::N-A05::B-A05::B3-11::B3-8::N3-8::N3-11::N-3-1::B-3-4::B3-2-21::N-2-27::N3-4::N3-14::B-B03::B3-13::N3-13::N-B05::B-B05::B3-16::N-1-6::N3-2::B3-2::B-1-6::B3-1-13::B3-21::N3-10::B3-10::	16
chr11	108122500	108303500	chr11_108122500	30	181000	1.56747316686749e-05	33	1.81179862914653e-07	20	4.36131538905684	::B3-c-28::N-B05::B-B05::N-2-21::B-2-23::B-A02::N3-14::N3-11::N-2-27::N3-2-21::B3-2-37::B3-19::N3-5::N-A12::B-2-21::B3-5::N-2-12::N3-12::N3-10::N3-9::N3-21::N3-13::N-2-23::N3-1::N-2-15::N-3-4::N3-4::N-3-1::N3-19::B-1-4::	6
chr12	51622300	51803300	chr12_51622300	29	181000	6.50144004317944e-05	41	3.52258232914832e-13	35	7.96501469098055e-09	::B-2-15::B-A12::B-2-14::B-1-6::B3-12::N-2-15::N3-12::B3-19::B3-15::B-A07::B3-1-13::B-2-21::B3-16::B-A02::N-2-14::B3-11::N-3-1::N-1-7::B3-10::N3-10::B-3-4::B3-1::N3-14::B3-14::B-1-10::N-1-10::B-2-25::N3-16::N-2-27::	20
chr12	75453600	75634600	chr12_75453600	27	181000	0.00100911805181178	34	3.85427606095898e-08	31	3.65721278303143e-06	::N3-19::B-2-14::B-A12::B-2-23::B-1-6::N-A12::B-A07::N3-16::B3-10::B-1-7::B-2-15::B3-1::N-A04::B3-1-13::B3-11::B3-7::B3-13::N-2-21::N-3-1::N-2-23::N-1-7::N-A07::N3-11::B3-2::N-2-12::N-2-15::N-2-27::	15
chr12	111049400	111230400	chr12_111049400	24	181000	0.0468040756095373	33	1.81179862914653e-07	27	0.00100911805181178	::B3-7::N-A07::B-2-15::N3-1::B3-12::N-1-7::B3-1::B-1-6::B3-16::N-2-15::B-2-21::N3-19::N3-9::N3-13::B-1-7::N-3-4::B-3-4::B3-19::B3-15::N3-15::N3-2-21::B3-13::B-B03::B3-2::	14
chr13	9041700	9222700	chr13_9041700	26	181000	0.00376698535204275	31	3.65721278303143e-06	27	0.00100911805181178	::B-A02::B-B05::B-2-15::B-1-6::B-2-23::N3-19::B3-19::N-2-15::N3-16::B3-16::B-A10::N-2-21::B-2-21::N-2-25::B3-2-21::N-2-27::N-1-6::N-1-10::N-2-12::N3-8::B3-8::N-3-4::B3-21::B3-7::N-2-14::N3-12::	14
chr13	13994500	14175500	chr13_13994500	24	181000	0.0468040756095373	35	7.96501469098055e-09	33	1.81179862914653e-07	::N3-16::B-1-6::N-A12::B-A07::B3-7::B3-c-9::B3-2::B-2-25::B-2-15::N3-12::B3-12::N-2-15::B3-1-13::B-A12::B-2-23::N3-8::B-A10::B3-13::B3-1::B3-5::B-2-14::B-A02::B-3-4::N3-13::	9
chr13	17742300	17923300	chr13_17742300	27	181000	0.00100911805181178	36	1.60027967123416e-09	30	1.56747316686749e-05	::N3-19::B3-19::B3-21::B3-9::B3-2::B-3-4::N-3-4::B-2-15::B-A07::B3-7::N-1-7::N3-10::B-A10::B-2-21::B-A02::B-1-7::N-A05::B-A05::B-3-1::N-3-1::B3-1::B3-2-21::B-B05::B3-11::B-2-27::N-2-27::N-2-15::	21
chr13	43302300	43483300	chr13_43302300	27	181000	0.00100911805181178	39	1.10428553746133e-11	27	0.00100911805181178	::B-A05::N-A02::N3-19::B-2-14::N-2-14::B3-c-9::B3-7::B-A10::B3-19::B-1-6::B-2-27::N-2-27::B-A12::N-A12::N3-2-21::B-B03::N3-13::B3-11::B3-8::N3-8::N3-11::B-A04::B-3-1::N3-16::B3-4::N3-4::B-1-10::	26
chr13	44735000	44916000	chr13_44735000	24	181000	0.0468040756095373	31	3.65721278303143e-06	27	0.00100911805181178	::N3-16::B3-5::B-1-7::B-A04::B-A07::B-2-15::B3-2-37::B-3-4::N3-13::B-A12::N-A12::N-A07::N-2-15::B-1-6::B-B05::B-2-25::B3-12::N-2-25::B3-14::B-B03::B3-9::N3-9::B-A02::B3-13::	16
chr13	85118600	85299600	chr13_85118600	24	181000	0.0468040756095373	40	1.99679371458602e-12	34	3.85427606095898e-08	::B-2-15::N3-7::B3-19::N-B03::B3-2-21::B3-10::B-A12::N-1-6::N3-2::B3-2::B-B03::B-2-27::N-1-10::B-B05::B3-15::N3-15::N-A05::B-A05::N3-14::N3-4::B-A10::B3-21::B3-c-28::B-2-14::	21
chr13	94426500	94607500	chr13_94426500	34	181000	3.85427606095898e-08	40	1.99679371458602e-12	18	31.6794384478332	::N-2-25::N-2-15::B3-7::B-1-7::B3-2-21::B3-c-28::N3-19::B-A07::B-A02::B3-12::B3-13::B-1-6::B-B05::N3-11::B3-2::N-B05::N-2-14::N3-8::N-A02::N-2-12::N-2-27::N-B03::N-1-6::N-A12::N-A04::N-3-4::N3-21::N-2-23::N3-4::N-2-21::N3-16::N3-1::N3-13::N3-2::	28
chr13	98750400	98931400	chr13_98750400	27	181000	0.00100911805181178	41	3.52258232914832e-13	36	1.60027967123416e-09	::B3-14::B3-2::N-2-25::B3-7::B-2-23::B3-2-21::N-B03::B-B03::B-A07::B-1-6::N3-4::N-2-15::B-2-15::N-A07::B-2-21::B-B05::N-1-6::B-A10::N-2-14::B-3-4::N3-15::B3-12::N3-16::B3-19::N-2-23::N3-2::B-2-25::	12
chr13	111723500	111904500	chr13_111723500	29	181000	6.50144004317944e-05	47	6.52369087478537e-18	28	0.000260672820929653	::B3-7::N-A04::B-B05::N3-16::B-1-4::N3-4::N-A02::N-2-15::B-2-15::B-A02::N-2-21::B-3-1::N-3-1::N-3-4::N3-21::B-1-6::B-A12::B-A10::B-1-7::B-1-10::B3-4::B3-19::B-3-4::B3-2::B-2-23::B-2-21::N-A05::N-A12::B3-11::	17
chr14	19282800	19463800	chr14_19282800	32	181000	8.26631705560632e-07	57	1.63130591126257e-26	25	0.0135411475852865	::N3-19::B3-12::N-2-21::N3-4::B-2-14::N-B05::N-2-27::N-A02::B-1-6::N-1-10::N-A05::N3-11::B-3-4::N-1-7::N3-16::N3-8::B3-11::N3-10::B-2-23::N3-12::N3-1::N-3-4::N-2-23::N-2-25::B-2-15::B3-2::N3-15::N3-1-13::N-A10::N3-2-21::N-1-6::N3-9::	26
chr14	20932300	21113300	chr14_20932300	25	181000	0.0135411475852865	39	1.10428553746133e-11	35	7.96501469098055e-09	::B3-7::B3-12::B-3-4::N3-7::B3-c-28::B-A10::N-1-6::B-1-6::B-2-23::B-A04::N-2-25::N-A07::B-B05::N-A05::B-A05::N-3-1::B-2-14::B3-15::B-1-10::B3-19::B3-14::B3-c-9::B-2-25::B-A07::B-3-1::	19
chr14	34324800	34505800	chr14_34324800	26	181000	0.00376698535204275	34	3.85427606095898e-08	32	8.26631705560632e-07	::B3-19::B-1-6::N-1-10::B-2-23::B3-11::B-2-15::B3-2::B-B05::B-2-21::N-2-25::B3-c-28::B-A07::N-1-6::B3-12::N-A05::B3-7::B-2-14::N-2-14::B-2-12::N3-21::N-A02::B-A02::B-1-4::B-3-4::B3-14::N-B05::	18
chr14	52060000	52241000	chr14_52060000	28	181000	0.000260672820929653	40	1.99679371458602e-12	35	7.96501469098055e-09	::B3-1-13::N-3-4::B-2-15::B-1-7::B-2-14::B-2-25::B3-16::B3-4::N-1-7::N3-1-13::B-2-21::B-2-12::B-2-27::N3-21::N3-19::N-2-21::B-A10::B-A07::N-A07::N-2-27::B3-12::N-2-15::B-1-10::N-1-10::N3-c-28::B3-c-28::N3-2-21::B3-11::	18
chr14	66967100	67148100	chr14_66967100	27	181000	0.00100911805181178	31	3.65721278303143e-06	23	0.155304166110842	::B-B05::N-2-15::N3-9::B3-9::B3-7::N3-1-13::N3-7::B3-12::N-2-21::B-2-14::N3-8::N3-11::B3-8::B3-11::B3-2-21::B-2-12::N3-21::B-3-4::B-2-25::B-1-10::B-A12::N-A12::N3-19::B-1-7::B3-c-9::B-B03::N-B03::	15
chr15	8267700	8448700	chr15_8267700	39	181000	1.10428553746133e-11	62	4.1585475281276e-31	56	1.28557807666786e-25	::N3-21::B3-13::B3-1::N-2-15::B-B03::B3-12::B3-19::B3-1-13::N-2-21::B-3-1::B-1-4::B3-c-28::B-3-4::N-A12::B-2-14::B-2-15::N-B05::B-2-12::B-1-10::N-1-6::B3-2-21::N-2-23::N3-2-21::N3-1-13::N3-1::B3-11::N-2-14::B-A07::B-1-7::N3-13::N-A07::B-2-23::N3-10::B-B05::B3-7::B-2-25::N-2-25::N3-7::N-2-12::	35
chr15	37901500	38082500	chr15_37901500	25	181000	0.0135411475852865	42	6.06629700755312e-14	37	3.12828255031506e-10	::N3-15::B-B05::N-3-1::B-3-1::N3-16::B-3-4::B3-c-9::N3-10::B3-21::B-2-15::N3-5::B3-13::B-B03::N-3-4::B3-14::N3-4::B3-19::B3-10::B-2-14::N3-19::N-B03::B-A10::B3-15::B3-12::B-1-6::	20
chr15	50673600	50854600	chr15_50673600	31	181000	3.65721278303143e-06	36	1.60027967123416e-09	33	1.81179862914653e-07	::N-2-15::N-A05::B-B05::B-3-4::N-A12::B3-21::N-2-23::N3-15::B3-15::B-2-12::N-A07::B-2-25::N3-c-14::B3-14::B3-19::N-2-12::B-2-21::N-2-25::N-B05::B-2-15::B-3-1::N-3-1::B3-2-21::N3-7::B-2-14::N-2-14::B3-5::N3-19::B-1-6::N-A02::B3-7::	22
chr15	51813300	51994300	chr15_51813300	26	181000	0.00376698535204275	32	8.26631705560632e-07	27	0.00100911805181178	::N-3-1::B-2-21::B-A10::N-2-21::B-3-1::B-1-6::B3-8::N-B05::B-B05::N-A10::B3-19::B-A02::B-3-4::N3-16::N3-19::N-2-25::B-2-15::B-1-10::B3-5::B3-11::B3-2::B-1-7::N-B03::B-B03::B3-9::N3-9::	16
chr15	53156400	53337400	chr15_53156400	24	181000	0.0468040756095373	32	8.26631705560632e-07	29	6.50144004317944e-05	::B3-12::B-2-14::N-2-14::N-1-6::B3-14::B-2-15::N-2-15::N3-19::B-B05::N3-16::B-1-6::B-2-21::B3-1::B-3-4::B3-19::B-2-23::N3-c-14::B-A02::N-A10::B-B03::B3-c-28::B-2-25::N-2-25::N-3-4::	18
chr15	73151800	73332800	chr15_73151800	27	181000	0.00100911805181178	39	1.10428553746133e-11	30	1.56747316686749e-05	::B-2-14::N3-1::N3-13::N3-10::B3-10::B3-1::B3-13::B3-2-37::B-1-6::N-1-6::B3-19::B-1-7::N-B05::N3-21::N3-19::N3-2-21::N3-c-14::B3-11::B-2-15::B3-c-28::B-2-27::B3-14::B-2-21::B-2-25::N-2-23::B3-8::B-B05::	13
chr15	77070200	77251200	chr15_77070200	28	181000	0.000260672820929653	34	3.85427606095898e-08	31	3.65721278303143e-06	::B-1-6::N3-19::B3-12::N-A02::N-2-12::B-2-12::N-A10::B-A10::N3-13::B3-19::N3-2-21::B3-2-21::B-2-14::B-A04::B-2-25::N3-8::B-B05::B-2-23::B-A07::N-B05::B3-14::N3-7::N-2-21::B-A05::B3-21::B3-1-13::N3-16::B-3-4::	13
chr15	80781900	80962900	chr15_80781900	29	181000	6.50144004317944e-05	42	6.06629700755312e-14	38	5.95434759161689e-11	::B-2-21::B3-21::B3-c-28::N-2-15::B-3-4::N3-10::B-2-23::N-2-12::B-2-12::B-2-15::B-1-6::B-A04::B3-1::N3-1::B-1-7::N3-21::B3-2-21::N-1-6::B-2-14::N3-13::B3-13::B3-10::N3-2-21::N3-c-28::B-A07::N-2-14::B3-1-13::N-A05::B3-15::	17
chr15	81012800	81193800	chr15_81012800	29	181000	6.50144004317944e-05	48	9.83023600084183e-19	43	1.0203919459169e-14	::B3-2-21::B3-19::N-2-27::B-B03::N3-8::N3-13::B-2-12::B-2-25::B-A07::N-2-15::N-1-6::N3-1-13::B-A10::B-2-14::B-2-21::N3-2-21::N3-1::B-1-7::N3-19::N-2-12::B3-c-28::B3-7::B-1-6::B3-13::B-B05::B-2-27::B-2-23::N-2-23::N-2-25::	23
chr15	96276700	96457700	chr15_96276700	30	181000	1.56747316686749e-05	46	4.23915624420438e-17	39	1.10428553746133e-11	::B-A10::B3-2-21::B3-19::B-1-6::N-2-21::B-2-14::B-A12::N-1-6::B3-1::N3-16::B3-10::B-2-15::B-2-27::N3-7::B3-7::B3-21::N3-9::B3-9::B3-c-14::N3-c-14::N3-19::N-2-14::N-3-4::B-B05::N-2-25::B-3-4::N-1-7::B-A05::N3-1::B-1-10::	27
chr15	99697400	99878400	chr15_99697400	24	181000	0.0468040756095373	31	3.65721278303143e-06	28	0.000260672820929653	::N-A02::B-A12::B-A02::N-1-7::B-2-23::B3-19::B-2-14::B-3-4::N-A05::B-A05::N-3-1::N-3-4::N3-16::B-A10::N-2-21::B-1-4::N-1-6::B-1-6::N-1-4::B-2-15::B3-13::N-2-15::B-1-7::B-A04::	14
chr16	11082800	11263800	chr16_11082800	27	181000	0.00100911805181178	39	1.10428553746133e-11	36	1.60027967123416e-09	::B3-15::B3-14::N3-13::B3-11::B-2-15::B-2-14::B-1-10::B-2-21::B3-1::B3-7::B3-5::N3-16::N-2-25::B-A07::N-2-27::N-A05::N-A02::N-2-15::N-B03::N3-11::B-A04::N3-1::B-A12::B-B03::B-3-1::N3-2-21::N3-4::	17
chr16	16984400	17165400	chr16_16984400	27	181000	0.00100911805181178	32	8.26631705560632e-07	29	6.50144004317944e-05	::B3-c-28::N-2-12::B-2-12::N-2-21::B3-19::B-2-15::B-A12::N-B03::N-2-23::B-B03::N-2-14::B-2-14::B-3-1::N-3-1::B-2-21::N3-13::N-A07::N3-1::N3-2-21::N3-21::N3-16::B3-2-21::B3-5::B3-1::N-1-7::N3-8::B-3-4::	13
chr16	24399700	24580700	chr16_24399700	29	181000	6.50144004317944e-05	37	3.12828255031506e-10	34	3.85427606095898e-08	::B-A12::B3-19::N3-19::N-2-14::B-2-14::N-A02::N-2-15::N-B03::B-1-6::B3-c-28::B3-11::B-3-4::N3-8::B-B05::N3-c-14::N3-7::N3-10::B3-1-13::B-A07::B-2-21::B3-2-21::N-1-7::B-A10::B3-12::N-2-21::B-3-1::N-3-1::B-2-15::N-3-4::	18
chr16	31657900	31838900	chr16_31657900	29	181000	6.50144004317944e-05	46	4.23915624420438e-17	39	1.10428553746133e-11	::N-A05::B-B03::B-2-15::N3-c-14::B3-19::B-A07::B-B05::B-1-6::B3-21::N-A07::N3-1-13::N-3-1::N3-19::B-3-4::N-3-4::N-B05::N-B03::B-2-12::B-A02::N-2-15::N-2-21::B3-11::B-2-21::B-A05::B-2-14::B3-2-21::N-A02::B-2-23::N3-c-28::	19
chr16	31911800	32092800	chr16_31911800	24	181000	0.0468040756095373	28	0.000260672820929653	25	0.0135411475852865	::B3-1-13::N-3-1::N3-11::N3-2-21::N-2-15::N-A12::N3-7::B3-10::B3-19::B-A04::B-2-14::B-A12::B-B05::B3-c-28::B-2-15::N-B05::B-2-23::N-3-4::B-3-4::B3-11::N-A10::B3-7::B-1-7::B3-2-21::	20
chr16	33252400	33433400	chr16_33252400	26	181000	0.00376698535204275	38	5.95434759161689e-11	30	1.56747316686749e-05	::B3-8::N3-11::N-A02::B-B03::B3-21::B-1-6::N-B03::N-B05::B3-2-21::N3-2-21::B-2-15::B-A07::N-A12::N3-1-13::B3-1-13::B-B05::N3-16::B3-16::B-A12::N-A05::B3-c-28::B3-14::N3-4::B-A02::B-A10::B3-4::	16
chr16	38090900	38271900	chr16_38090900	28	181000	0.000260672820929653	47	6.52369087478537e-18	41	3.52258232914832e-13	::B3-7::B-2-25::N-1-6::B-1-6::B-B05::N-2-25::B3-11::B3-13::B-2-15::N3-9::N-A07::B-1-7::B-A10::N-A02::N-2-15::B3-c-9::B-3-1::B3-19::B-A05::B-A12::B-A07::N3-12::N3-16::N-B05::N-A05::N-2-21::B-2-14::B-2-23::	13
chr16	43329300	43510300	chr16_43329300	25	181000	0.0135411475852865	34	3.85427606095898e-08	28	0.000260672820929653	::B3-7::N-A12::B-3-4::N-1-7::N-1-6::N-2-15::B-A12::N-B03::B-B03::B-2-15::B-1-6::N-B05::B3-1-13::B3-1::B-2-23::B3-10::B3-13::N3-1::N3-10::N3-13::B-B05::N3-1-13::N3-c-14::B-1-7::B-2-14::	21
chr16	94561000	94742000	chr16_94561000	25	181000	0.0135411475852865	36	1.60027967123416e-09	33	1.81179862914653e-07	::N-A12::N3-4::N-3-1::B-1-6::N-2-15::B3-7::B3-5::N3-1::B-3-1::B-2-15::B-1-4::B-A04::N3-9::B3-9::N3-2-21::B-1-10::B3-2-21::N-B05::N-1-6::N-3-4::N-2-25::B3-19::B3-11::N3-19::N3-c-14::	15
chr17	3061400	3242400	chr17_3061400	36	181000	1.60027967123416e-09	48	9.83023600084183e-19	42	6.06629700755312e-14	::N3-1::B3-11::B3-2::B-A12::B3-19::N3-4::N-2-21::B3-8::N-3-1::N3-2-21::N-A05::N-1-6::B-1-6::N-2-15::B-2-12::N-3-4::N3-15::B3-15::N-B03::B-B03::B-2-21::B3-12::B-2-14::B-A10::B-3-4::N3-5::N3-16::B-B05::N-B05::B-A05::N-1-7::N3-19::N-A12::N3-9::B-A02::B3-1::	23
chr17	5047400	5228400	chr17_5047400	32	181000	8.26631705560632e-07	44	1.67735950275814e-15	39	1.10428553746133e-11	::N-2-21::B3-19::N-3-4::N3-16::N-1-6::N-2-15::B-1-6::N3-4::B-B03::B3-7::B3-1::N3-1::N-2-25::B-3-1::B-2-21::B3-12::N-2-23::N-A02::N-1-4::B-A02::N-A05::N-3-1::B-2-15::B-A10::N-A04::B-A04::B-1-4::B-A05::B3-c-14::B3-14::B3-5::B-2-25::	22
chr17	10198000	10379000	chr17_10198000	31	181000	3.65721278303143e-06	41	3.52258232914832e-13	37	3.12828255031506e-10	::B-A04::B-B05::N3-2-21::N3-16::N-A04::N-2-15::N3-13::B3-19::B3-14::N3-c-9::N-3-4::N-A10::B3-2-21::B-A07::N-3-1::N-2-23::N3-14::B-1-6::N-1-10::B-2-25::B-1-10::B-2-21::N-2-21::B-2-23::B-1-7::B3-9::B-A10::N-A02::B-A02::N3-c-28::B-A05::	14
chr17	15646000	15827000	chr17_15646000	24	181000	0.0468040756095373	26	0.00376698535204275	22	0.493854635019567	::B3-11::B-1-7::N-1-7::B-1-6::B3-21::N3-21::N-2-12::B-2-12::B3-14::B-2-25::B-1-10::B-3-1::N3-4::B3-2::B3-13::B-2-14::B3-2-21::B-2-15::B-A04::N-3-1::N-2-27::N-2-14::N-2-15::B3-c-28::	12
chr17	32160500	32341500	chr17_32160500	26	181000	0.00376698535204275	34	3.85427606095898e-08	27	0.00100911805181178	::B3-1::B-A12::B-B05::B3-11::B-2-25::B-2-21::B3-9::N3-9::N-3-4::B3-c-28::N-2-23::B-2-12::B3-7::B-A10::B3-1-13::B3-15::N3-16::N3-12::N3-4::B3-13::B3-10::B3-2-37::N3-10::N3-13::B-2-15::B3-16::	20
chr17	56526300	56707300	chr17_56526300	24	181000	0.0468040756095373	27	0.00100911805181178	22	0.493854635019567	::B-1-6::N3-16::B3-1::B-A04::N3-13::B3-13::B3-7::N-A07::N3-1-13::B-A07::B3-1-13::B-A05::B3-14::N-2-25::N-2-15::N3-4::B-2-23::B3-2::B-2-14::B3-c-28::N3-c-28::B3-c-14::N-2-27::N-2-12::	13
chr17	74184100	74365100	chr17_74184100	24	181000	0.0468040756095373	33	1.81179862914653e-07	31	3.65721278303143e-06	::B3-2-21::B3-10::B-2-25::B3-c-9::B-A10::B-B05::N-A12::N3-8::B-2-27::N-B05::N3-7::B-3-4::B3-7::B-2-23::N3-14::N-2-23::N-2-25::N3-19::B-2-15::B3-11::N3-11::N-A05::B-A05::N3-4::	19
chr18	4901000	5082000	chr18_4901000	25	181000	0.0135411475852865	28	0.000260672820929653	22	0.493854635019567	::B3-11::N3-16::N-2-15::B3-7::B-A05::N-A05::B-1-6::N-1-10::B3-1::N-3-1::B-3-1::B-A02::N3-c-28::B-2-21::B-3-4::B-A10::B3-c-9::B3-5::N3-19::N3-14::B3-14::B3-15::B3-2::B3-c-28::B3-9::	12
chr18	7757000	7938000	chr18_7757000	26	181000	0.00376698535204275	44	1.67735950275814e-15	34	3.85427606095898e-08	::N-2-23::B-A07::N3-16::B3-7::N3-7::B-A10::N-A10::N-2-15::B-2-25::N-1-6::N-3-1::B-2-21::N-2-14::B-3-1::B3-12::B-2-15::B-2-27::B-1-7::B-2-23::N-A02::B3-11::N3-15::B3-15::B3-4::N3-4::B3-1::	22
chr18	9278800	9459800	chr18_9278800	25	181000	0.0135411475852865	33	1.81179862914653e-07	30	1.56747316686749e-05	::B-2-15::B-3-1::B3-1::B3-c-9::B-B05::B3-c-28::N-2-12::B-2-12::N-2-23::N-2-21::N-3-1::B-2-25::B3-21::B3-12::B3-10::N3-10::B-2-23::B3-8::N-2-25::N3-c-9::N-A02::B-A02::B3-2::N3-1::B-A12::	15
chr18	10004400	10185400	chr18_10004400	38	181000	5.95434759161689e-11	52	4.1406790777037e-22	49	1.4510409611884e-19	::N-1-6::B3-c-9::B-1-6::N3-8::B-3-4::N3-9::B3-5::N3-13::N-2-21::N-2-23::B-1-7::N-2-27::B-B05::N3-19::B-2-25::N-B05::N3-16::N-2-15::N3-10::B-2-14::N-2-14::B-2-15::B3-16::B-2-23::B3-c-28::N3-2-21::B-3-1::N-3-1::B3-10::N3-4::N-A05::N-B03::N-A02::B3-1-13::B-A02::N-1-7::B-2-27::B3-1::	29
chr18	31764100	31945100	chr18_31764100	30	181000	1.56747316686749e-05	36	1.60027967123416e-09	32	8.26631705560632e-07	::N3-1::B3-1-13::N-1-7::N-1-10::N-3-4::B-A02::N-1-6::B-B05::N-2-27::N3-8::N3-11::B3-8::B3-11::N3-19::B-2-21::N-2-21::N-2-23::N3-13::B3-19::B-A05::B3-7::B-3-4::N-B05::B-A10::N-2-15::N3-9::B3-5::N3-2-21::B3-14::B-2-15::	14
chr18	34222800	34403800	chr18_34222800	28	181000	0.000260672820929653	39	1.10428553746133e-11	32	8.26631705560632e-07	::N3-13::N-2-23::B3-12::B-2-21::B-A10::B-B03::N-B03::N-2-15::B3-2::B-B05::N3-1-13::N3-8::B-A07::N-1-7::B3-8::B3-11::N-A07::B3-1-13::N3-21::B3-19::B-A05::N-A05::B-2-14::N3-4::B3-1::B3-21::N-A02::N3-10::	18
chr18	34779600	34960600	chr18_34779600	25	181000	0.0135411475852865	26	0.00376698535204275	23	0.155304166110842	::B-A07::N3-11::N3-1::B3-1::B-3-4::N-1-6::N-A02::B-1-4::B-2-21::B-1-7::B-B03::B3-15::N-2-23::N-2-25::N3-4::B-1-10::N3-13::B3-10::B-1-6::N3-16::B-A05::B-A04::B3-1-13::N3-1-13::N-3-4::	12
chr18	35556000	35737000	chr18_35556000	24	181000	0.0468040756095373	31	3.65721278303143e-06	27	0.00100911805181178	::N3-c-28::B-A10::B-2-23::N-2-23::B3-7::B-2-14::B-1-7::N-A10::B-1-6::B-2-15::B-3-4::B-2-25::B-3-1::B3-16::N3-16::N-1-4::N-B05::B-A07::N-B03::N-1-9::B3-19::B-B05::N-1-6::N3-13::	17
chr18	42185400	42366400	chr18_42185400	28	181000	0.000260672820929653	35	7.96501469098055e-09	30	1.56747316686749e-05	::N-A10::B3-7::N-2-23::B-A02::N3-15::B3-15::N-A12::B-1-6::B-B05::N-A02::B3-8::B3-21::B-A07::N3-2::B3-1::B-2-21::N-2-21::B3-c-9::N-1-7::N-2-15::B-A05::B3-2::B-2-25::N-B05::B-3-4::B-1-7::N3-13::B-A12::	20
chr18	80739700	80920700	chr18_80739700	25	181000	0.0135411475852865	32	8.26631705560632e-07	29	6.50144004317944e-05	::N-1-6::B-A10::N3-21::B3-2-21::B3-5::B-1-7::N-2-27::B-2-27::B3-c-28::N3-c-9::B3-12::B-2-15::N-2-15::N3-12::N-2-23::B3-2::B3-11::N3-10::B3-14::N3-8::B-2-21::N3-4::N3-1::N3-2::N-2-25::	21
chr19	3476800	3657800	chr19_3476800	29	181000	6.50144004317944e-05	47	6.52369087478537e-18	40	1.99679371458602e-12	::B3-19::B-B05::N-B05::N3-12::B-1-6::N-A10::N-2-15::B-A05::B-2-15::B-A10::N-B03::B-B03::N3-8::B3-c-9::N3-16::B-1-10::B3-5::N-2-21::B-1-4::B3-21::B-2-14::B-2-21::N3-4::N-2-14::B-2-23::B-A07::B-2-25::N-A02::B3-2::	32
chr19	16135900	16316900	chr19_16135900	25	181000	0.0135411475852865	32	8.26631705560632e-07	30	1.56747316686749e-05	::N3-7::B3-11::B3-10::N-2-15::B3-13::N-B03::N3-4::N-A07::B-3-1::N3-10::N3-21::B3-14::B-2-25::B-3-4::B3-1::N-2-23::N-2-27::B-2-27::N3-1::B3-19::B-A10::B3-5::N-A12::B-2-23::N-A02::	16
chr19	29921300	30102300	chr19_29921300	28	181000	0.000260672820929653	38	5.95434759161689e-11	28	0.000260672820929653	::B3-1::N-2-15::B-3-1::B-2-25::B3-2-21::B-2-15::N3-10::B-1-6::N-A10::N-B05::N-2-25::N3-11::B-B05::B3-c-9::B3-19::B3-21::B3-13::B3-11::B-1-7::N-2-12::B-2-12::B-A02::B-A10::B3-10::N3-1::N3-13::N-A02::N3-1-13::	14
chr2	37384300	37565300	chr2_37384300	27	181000	0.00100911805181178	36	1.60027967123416e-09	35	7.96501469098055e-09	::N-2-15::B3-c-9::B3-1::B3-8::B-3-1::N3-19::N-2-21::N3-10::N3-13::N-A05::B3-7::N3-14::B-2-15::N-A04::N-3-4::N3-11::B3-11::B-2-14::B-A07::N3-16::N-1-6::N-2-12::N-3-1::B-2-23::B-2-27::N3-5::N-B03::	20
chr2	48808600	48989600	chr2_48808600	25	181000	0.0135411475852865	36	1.60027967123416e-09	33	1.81179862914653e-07	::B-B05::B-A12::N-A12::B-3-1::B3-1::B3-2::B-2-12::B-2-27::B-A10::B3-7::N-2-27::N3-11::B-2-25::N3-21::N-2-15::N-A02::B-A02::B-2-15::B3-11::B3-5::N-A05::N3-19::B-3-4::N3-8::B3-19::	21
chr2	59615400	59796400	chr2_59615400	24	181000	0.0468040756095373	33	1.81179862914653e-07	32	8.26631705560632e-07	::N-2-27::B3-2::B-2-21::B-A05::N3-19::B3-19::N-A12::N3-4::B3-16::B3-14::N-2-15::B-3-1::B-2-23::B-2-15::B-A10::B3-11::N-A04::N-B03::N-3-4::N3-8::B3-7::B3-1::N-2-21::B3-1-13::	18
chr2	60764300	60945300	chr2_60764300	26	181000	0.00376698535204275	33	1.81179862914653e-07	28	0.000260672820929653	::N-2-15::B-2-23::B-B03::N-A12::N-2-23::N-3-4::B-A05::N-A05::B-2-27::B-2-15::N-2-27::B-A10::B3-1::N3-c-14::B3-c-14::B-2-14::N-A02::B-B05::N3-5::N-B05::B-2-25::N-2-25::N3-7::N-3-1::B-A07::B3-14::	21
chr2	90855800	91036800	chr2_90855800	28	181000	0.000260672820929653	31	3.65721278303143e-06	27	0.00100911805181178	::N3-16::B-A04::B3-1::B3-1-13::B-1-6::N-A12::B-A12::N3-4::N-B05::N-3-4::B-2-14::N-2-14::N-2-15::N-2-21::B-A02::N-A05::B-B03::N-B03::N3-13::B3-14::N3-2::B-2-21::B3-19::B3-12::B3-c-9::N-3-1::B-3-4::B-2-27::	20
chr2	91777100	91958100	chr2_91777100	24	181000	0.0468040756095373	33	1.81179862914653e-07	28	0.000260672820929653	::B-A07::B3-7::B-2-12::N-A02::N-B05::B-2-21::B-1-7::B-A12::B3-13::B3-10::N3-10::N-1-7::B-A10::N3-8::B-2-25::N3-19::B-2-15::B-1-6::B-3-4::B3-11::B3-9::N3-9::N3-16::N3-1::	16
chr2	98644700	98825700	chr2_98644700	66	181000	6.57977564532237e-35	358	0	33	1.81179862914653e-07	::B-A07::N-A05::N3-16::N3-14::N-1-7::N-B05::N-2-14::N3-9::N-A02::N-2-12::N3-10::N3-7::N3-1-13::N-1-6::N3-13::N3-8::N3-19::N-A10::N-A12::N3-1::N3-4::N3-c-14::N3-2-21::N-2-15::N3-15::N3-21::N-3-1::N-2-25::B-2-21::B3-12::N-1-10::N3-11::N3-12::N-2-27::N-2-21::N3-5::N-3-4::N-B03::N-2-23::N3-c-9::B3-1-13::B3-1::B-2-23::B-3-1::N-A07::B3-c-28::N-A04::B3-13::B3-10::B-A02::B3-8::B-1-10::N-1-4::B-2-15::B3-11::B-1-7::B-1-6::B3-9::B-A05::B-2-27::B-B03::B3-19::B-2-12::B3-14::B-3-4::B-A12::	173
chr2	117106600	117287600	chr2_117106600	26	181000	0.00376698535204275	39	1.10428553746133e-11	35	7.96501469098055e-09	::N3-16::N3-12::B-A05::B-1-7::B3-19::N3-15::N-A02::B-3-4::N-3-4::N-2-23::B-2-23::N3-8::B-1-6::B3-11::N3-1::B3-1::B-A04::B-2-21::B-A02::B-B05::B-2-25::N-2-27::N-3-1::B-3-1::B-2-12::B3-c-9::	14
chr2	152161500	152342500	chr2_152161500	29	181000	6.50144004317944e-05	34	3.85427606095898e-08	33	1.81179862914653e-07	::B-1-4::N-A12::N3-8::B3-5::B-2-27::N-2-27::N-A05::B-A10::B-2-14::N-2-21::B-2-25::B-2-23::B-1-6::B3-7::N3-7::N-1-6::B-2-12::N3-16::N3-13::B3-13::N3-c-14::B-2-15::N-A02::B3-1::B3-2-21::N-3-4::B-3-4::B3-21::N3-11::	13
chr2	154689800	154870800	chr2_154689800	25	181000	0.0135411475852865	34	3.85427606095898e-08	28	0.000260672820929653	::N-2-21::B3-8::B3-11::N3-8::N3-11::N-3-1::B-A02::B-B05::B-2-15::B-A07::B3-c-9::B-1-6::B3-21::N-2-27::N-2-15::B3-9::N-B05::B3-2-21::B3-14::B-3-4::B-3-1::N-A05::B-A05::B3-12::N-A07::	21
chr2	156085800	156266800	chr2_156085800	26	181000	0.00376698535204275	29	6.50144004317944e-05	23	0.155304166110842	::B3-12::B-B03::B-1-6::N3-16::N-A02::B-1-7::N-1-7::N3-10::N-3-1::B-2-14::N-2-14::B3-7::B-3-4::N3-c-14::B3-c-14::B3-19::B-B05::N-B03::N3-11::B3-8::B3-11::B3-2::B-A07::B-A12::N-A07::B3-c-9::	13
chr2	160648400	160829400	chr2_160648400	24	181000	0.0468040756095373	30	1.56747316686749e-05	28	0.000260672820929653	::B3-c-28::B-B05::B-2-27::B-3-4::B-A02::N3-19::N3-21::N-2-15::B3-12::B-2-14::B3-2::B3-14::B3-19::N3-14::B-2-15::B3-5::B-A04::N-A04::N3-11::B3-21::N-B03::B3-11::B-3-1::B3-1::	21
chr3	19129800	19310800	chr3_19129800	27	181000	0.00100911805181178	33	1.81179862914653e-07	30	1.56747316686749e-05	::B-3-4::B-A07::B-1-7::B3-11::B3-1::N-A02::B-2-14::N-3-1::B-B05::B-2-27::N-B05::B3-c-28::B-2-15::N-1-10::N-2-15::N3-4::N3-13::B3-1-13::N-A12::B-A12::B-1-6::B3-14::N-3-4::B3-2::B3-13::N-A10::B-2-21::	16
chr3	27512200	27693200	chr3_27512200	29	181000	6.50144004317944e-05	46	4.23915624420438e-17	38	5.95434759161689e-11	::N3-c-14::N-2-25::N-A07::N3-1-13::B3-1-13::B-A07::N3-19::B-2-25::N-A02::B-A02::B3-19::N-A05::N3-11::N-3-4::B-2-15::B-2-21::N-2-21::B-1-7::N-2-15::N3-21::B3-c-14::N3-8::B-2-14::B-B05::N-B05::B3-5::N-2-14::B3-2-21::B3-7::	16
chr3	33957200	34138200	chr3_33957200	26	181000	0.00376698535204275	27	0.00100911805181178	23	0.155304166110842	::N3-15::B-1-4::B-1-6::N3-2-21::B-B05::B-3-1::B-A07::N-A07::B3-7::B3-12::B-1-7::N-2-23::B-2-21::N3-10::N3-1::N3-1-13::B3-16::B3-1-13::N3-19::N-B05::B3-13::B-2-12::B-B03::B-2-23::N-3-1::B3-19::	23
chr3	51392300	51573300	chr3_51392300	27	181000	0.00100911805181178	38	5.95434759161689e-11	32	8.26631705560632e-07	::B3-11::N-2-25::B3-8::N3-8::B3-19::B-2-14::B-A12::N3-19::B3-21::N3-13::B-2-25::B-1-6::N-1-6::B-B05::B-2-15::N3-11::B-2-21::N-3-1::N3-4::B-3-1::N-B03::B3-7::N3-7::B3-c-14::B-A02::N-2-14::B-A07::	20
chr3	60460700	60641700	chr3_60460700	31	181000	3.65721278303143e-06	47	6.52369087478537e-18	34	3.85427606095898e-08	::B-1-6::B-2-14::N-2-14::N-1-6::N-2-21::B-2-27::B-2-23::B-1-7::N-B03::B-B03::B3-11::B3-19::N-1-7::B3-21::N-2-12::B-2-12::B-A02::N-2-15::N3-2-21::B3-2-21::N3-21::N-3-4::B-3-4::N-A02::N-2-23::B-A07::N3-10::N3-19::N3-4::B-A05::N-A07::	20
chr3	63836500	64017500	chr3_63836500	24	181000	0.0468040756095373	26	0.00376698535204275	22	0.493854635019567	::N3-10::B3-5::N3-8::B-1-10::N-A12::B-A12::N-2-27::N3-2-21::B-2-15::B-3-1::B-1-6::B3-19::B3-12::N-B05::B-B03::N-B03::N-2-15::B3-1::N3-11::B-1-7::B3-7::N3-1-13::B-2-14::B3-1-13::	12
chr3	69014600	69195600	chr3_69014600	29	181000	6.50144004317944e-05	38	5.95434759161689e-11	32	8.26631705560632e-07	::N-1-6::B3-c-28::N3-19::B-2-12::N-2-12::N3-1-13::N3-7::N-2-23::B-2-25::B-2-14::N-2-14::B-A10::N-A10::B-A02::B-B03::N-B03::N-2-21::N3-4::N3-10::B-2-15::B3-1::N3-15::B3-15::B3-21::N3-21::B3-19::N-2-25::N-3-1::N3-11::	22
chr3	84409800	84590800	chr3_84409800	25	181000	0.0135411475852865	27	0.00100911805181178	23	0.155304166110842	::N-2-15::N-A02::N3-8::B3-19::B3-2-21::N3-2-21::B-A10::B-2-21::B3-13::N3-10::B-2-12::N3-21::B3-1-13::B-3-4::B3-5::B3-21::B-1-6::N3-9::B3-9::B-2-23::B-2-15::N-B05::B3-1::N3-16::B3-16::	9
chr3	90205800	90386800	chr3_90205800	33	181000	1.81179862914653e-07	45	2.69603451368884e-16	38	5.95434759161689e-11	::B-A02::B-A07::B3-11::B3-2-21::B-A10::B-A12::B-2-23::B3-8::B-2-27::B-2-14::N3-19::B-2-25::N-B05::B-B05::N3-1-13::B3-5::B3-7::N3-8::B-3-4::N-1-6::N-2-27::N3-16::B3-16::B3-1::B3-2::B3-4::B3-14::B-2-15::B-1-7::N-1-7::B3-21::N3-21::N3-1::	27
chr3	96083100	96264100	chr3_96083100	26	181000	0.00376698535204275	32	8.26631705560632e-07	28	0.000260672820929653	::B-2-27::N-A02::N3-12::B-2-25::B3-4::N-B05::N-A05::N-2-15::B3-1::B-3-4::B3-2-21::N3-4::B-A10::B3-14::N-1-6::B3-15::B-1-6::N-A12::B-A02::N-1-7::B3-19::B-A04::N3-10::B3-1-13::B-2-15::N3-11::	14
chr3	103288500	103469500	chr3_103288500	27	181000	0.00100911805181178	32	8.26631705560632e-07	29	6.50144004317944e-05	::N-2-23::B3-c-28::B-A10::N3-11::B-A07::B3-1::N-2-25::B3-12::B-2-23::B-2-15::B-1-6::B-B03::N-B03::N-B05::N-2-15::B-2-21::B3-7::B3-13::B-2-25::B-2-14::B3-10::N-A12::B3-2-21::N-2-27::B-2-27::B-A05::N3-19::	15
chr3	119605100	119786100	chr3_119605100	24	181000	0.0468040756095373	27	0.00100911805181178	22	0.493854635019567	::B-B05::B3-2-21::B-A07::B3-15::N3-1::B3-1::N3-16::B3-1-13::N-A07::B-2-14::N3-11::B3-8::B3-11::B3-c-28::B-2-27::B-1-6::B3-13::N-2-27::N-2-12::B-2-15::B3-10::N-3-4::B-3-4::B-2-23::	12
chr3	126599300	126780300	chr3_126599300	24	181000	0.0468040756095373	29	6.50144004317944e-05	27	0.00100911805181178	::N-A10::N3-21::B3-2-21::B-A10::B3-12::B-2-21::N-1-6::N-2-14::B-2-14::N3-1-13::N-2-12::B-2-12::N-2-23::B3-11::B-A02::B-2-25::B3-8::N3-c-14::B-2-15::B3-19::N-3-4::N-2-27::B-1-7::N3-2::	13
chr3	135413600	135594600	chr3_135413600	27	181000	0.00100911805181178	34	3.85427606095898e-08	27	0.00100911805181178	::B3-c-28::B-A10::B-B05::N3-13::N3-4::B-A05::B-1-10::N3-10::B3-10::N-2-23::B3-16::B3-4::N3-8::N3-11::B3-7::B3-8::B3-11::B-2-21::B-2-14::N3-16::B3-19::B-2-25::N-1-6::N-2-15::B3-c-9::B3-1-13::B-2-15::	13
chr3	152183100	152364100	chr3_152183100	26	181000	0.00376698535204275	28	0.000260672820929653	21	1.50213860296219	::N3-19::N-2-12::N3-2-21::N3-1::N3-c-14::B-B05::N3-16::B3-16::B-2-12::N-1-10::B3-19::N-2-23::N3-12::N-2-25::N-B03::N-1-6::N-A05::B-B03::B3-13::B3-1-13::N-2-27::B-2-27::N3-c-28::B3-c-28::B-2-14::N-2-15::	10
chr4	8515000	8696000	chr4_8515000	24	181000	0.0468040756095373	29	6.50144004317944e-05	27	0.00100911805181178	::N3-19::N-2-15::B-2-15::B3-16::B-1-6::B-2-14::B-1-10::B3-1-13::B-A02::B-2-23::N-2-23::B3-10::B-3-4::N3-16::B3-5::N-2-21::B-2-27::N-2-14::B-B05::N-A10::B3-7::B3-8::B3-14::B-3-1::	13
chr4	41110800	41291800	chr4_41110800	29	181000	6.50144004317944e-05	38	5.95434759161689e-11	36	1.60027967123416e-09	::N-2-25::N3-8::N-A05::B3-13::N-3-1::B-3-1::N3-11::B3-2-21::B-1-7::B-2-21::B-A12::B3-19::N3-7::B-2-12::B-2-23::N-2-27::B3-1-13::B-2-14::N3-13::B-B05::N-2-21::N-2-15::B-2-27::B3-11::N3-16::N3-14::B-2-15::N-B03::B3-14::	14
chr4	44765600	44946600	chr4_44765600	26	181000	0.00376698535204275	37	3.12828255031506e-10	34	3.85427606095898e-08	::B3-2-21::B-1-6::B-2-15::B3-1::B3-16::N3-16::B-A05::B-1-4::N3-13::B3-13::B-B05::B-2-27::B-1-7::B3-11::N3-14::B-3-1::N-3-1::B3-19::B-2-14::B-A07::N-2-15::N3-7::N-2-23::B-2-23::B3-7::N-3-4::	19
chr4	82297000	82478000	chr4_82297000	33	181000	1.81179862914653e-07	45	2.69603451368884e-16	39	1.10428553746133e-11	::N3-19::N-A12::B3-2-21::B-3-4::B-2-21::N-A07::B-2-15::B3-c-9::B3-19::N-3-1::B3-1-13::B-A07::B3-15::N-2-21::B3-12::N-2-25::B-2-25::N-B03::N-1-7::B-1-10::B-B03::B-1-7::N3-c-9::N3-1-13::N-2-27::B-2-27::N3-16::B3-16::N-2-14::B-A05::N-A02::N-2-23::B3-4::	17
chr4	120389200	120570200	chr4_120389200	26	181000	0.00376698535204275	29	6.50144004317944e-05	23	0.155304166110842	::B3-10::B3-11::N-1-7::N3-16::N-A05::N-A04::B-2-15::N3-14::N-3-1::N3-2-21::N3-10::N-A02::B-B05::N3-1::B-3-1::B-A10::B-2-12::N3-13::B3-13::B3-1::B3-14::B3-2-37::B3-c-9::N-B05::B-2-14::N3-11::	12
chr4	130669700	130850700	chr4_130669700	29	181000	6.50144004317944e-05	45	2.69603451368884e-16	39	1.10428553746133e-11	::N-2-21::N-3-1::B-3-1::B3-c-28::B-A10::N-1-6::N3-8::B3-12::N-2-15::B-2-15::N3-13::B3-11::N3-11::B-1-4::B3-2::N3-16::B-A05::B3-13::B-1-6::B3-5::B-A07::B3-7::N3-7::N-1-10::B-B05::B3-2-37::N3-1-13::N3-21::N3-4::	23
chr4	135174600	135355600	chr4_135174600	27	181000	0.00100911805181178	35	7.96501469098055e-09	27	0.00100911805181178	::B3-15::B3-14::B-2-27::B-3-4::B3-5::B3-4::B3-c-28::N3-13::B3-13::B3-1::N3-1::N-3-1::B-A04::N-A04::B-2-12::N-2-12::B3-7::B-1-7::N3-19::B-A10::N-A10::N-B05::B-B05::B-1-6::B-A05::N-A05::B-A07::	24
chr4	136449400	136630400	chr4_136449400	31	181000	3.65721278303143e-06	52	4.1406790777037e-22	44	1.67735950275814e-15	::B-1-7::N-2-15::B3-c-9::N-1-7::N-3-4::B-3-4::N3-12::N3-19::B3-1::N3-16::B-2-15::B-2-27::B3-12::N3-8::N3-13::B3-7::B-A10::N3-c-9::N-3-1::N3-4::B-A12::N3-2-21::N3-c-14::B3-13::B-2-23::N-A07::N3-2::B3-2::N-2-12::B-2-25::B3-10::	25
chr4	137248100	137429100	chr4_137248100	25	181000	0.0135411475852865	30	1.56747316686749e-05	26	0.00376698535204275	::B3-11::N3-c-28::B3-12::B-2-15::B3-5::N3-2-21::N3-7::N-1-6::N-2-25::B3-7::B-1-6::B3-c-28::B3-1::B-3-4::B3-21::N-2-15::N3-c-9::B-A12::B3-4::N-A10::B-A10::N3-13::B3-13::N3-4::N-3-1::	11
chr4	155494000	155675000	chr4_155494000	31	181000	3.65721278303143e-06	43	1.0203919459169e-14	34	3.85427606095898e-08	::B-A10::B-2-27::B-A07::N3-13::B-2-15::N-2-14::B-2-23::B3-19::N3-19::N3-8::B3-10::N-2-15::B-2-25::N-2-25::N3-10::N3-1::B3-13::B3-1::B-2-14::B3-2-21::B-1-6::B3-11::B-B05::N3-11::B-A12::N-A02::B3-14::N-3-1::N-2-27::B-A02::N3-4::	18
chr5	20867100	21048100	chr5_20867100	29	181000	6.50144004317944e-05	36	1.60027967123416e-09	33	1.81179862914653e-07	::B-3-1::N-2-27::N-1-6::B-2-15::B3-10::B3-7::N3-10::N3-4::N-1-10::B-1-10::B-A10::B-B03::B3-19::N3-19::B-B05::N-3-4::B-2-27::B3-2-21::B3-4::N-A05::N-A12::B-3-4::N3-11::N-2-14::B-A02::B-2-25::B-1-6::B3-12::B-2-23::	24
chr5	23449900	23630900	chr5_23449900	28	181000	0.000260672820929653	35	7.96501469098055e-09	33	1.81179862914653e-07	::B3-1::B3-2-21::B-2-15::N-2-15::N3-11::B3-12::B3-11::B3-2::N-2-21::B-2-14::B-A05::N-A07::B-3-4::B3-19::B-B05::B-2-25::B3-c-28::B3-7::B-A07::N-A05::B-A12::N3-10::N-2-27::N-A02::B-1-6::N-2-23::B3-c-9::B-2-21::	16
chr5	25301000	25482000	chr5_25301000	31	181000	3.65721278303143e-06	76	7.44351448447375e-45	57	1.63130591126257e-26	::B-2-15::N3-21::N3-9::B-A10::N-A05::N3-10::B3-13::B3-7::B3-1::B3-12::N3-12::B3-14::B-1-6::N3-13::B3-10::N3-1::N-2-25::N-2-15::B-2-27::N-3-1::B-A02::B-1-10::B3-c-9::B-2-25::B3-9::N3-2-21::N-A07::B-3-1::B3-5::N-2-23::B-B05::	36
chr5	28143100	28324100	chr5_28143100	69	181000	7.91979067502886e-38	161	2.03434642697188e-147	15	409.905230467985	::N-2-23::N3-14::B3-7::N-2-15::N3-4::N-2-25::N3-16::N3-11::N-3-4::N-2-21::B3-c-28::B-2-21::B-2-12::B-2-15::B3-12::B3-c-9::B3-5::N3-15::B3-14::B3-16::B-2-25::B-A10::N-2-14::N-1-7::N-B03::N-B05::N-1-6::N-1-4::N3-c-14::B-A04::B-2-14::B3-15::B-B03::B3-11::B-B05::B-1-7::B-1-10::B-1-6::B-1-4::B-2-23::B-A02::B3-4::B3-13::B-3-4::B3-2-21::B-3-1::B3-2::B3-19::B-A05::B-2-27::B-A07::N-3-1::N3-5::B3-10::B3-1-13::B3-2-37::N-2-12::N3-12::N3-10::N3-7::N-2-27::N-1-10::N-A02::N-A10::B-A12::N3-13::N-A12::N3-21::N3-2-21::	99
chr5	32330200	32511200	chr5_32330200	26	181000	0.00376698535204275	32	8.26631705560632e-07	27	0.00100911805181178	::B3-1::N3-11::N-2-25::B-1-10::B-2-21::B-A12::N-A12::N-3-1::N-1-6::B-3-1::N-A05::B-A05::B-2-25::B-A07::B3-1-13::B-3-4::N-2-23::B-2-15::N3-16::B3-16::B-A10::N3-9::B3-9::B3-14::N3-19::N-2-15::	13
chr5	65525400	65706400	chr5_65525400	33	181000	1.81179862914653e-07	64	5.39566231591805e-33	59	2.4938999157314e-28	::N-1-7::N-3-1::N-2-21::B3-7::B-A10::B3-2-21::B-2-15::N-2-15::B-A02::B-3-1::B-B05::N3-c-14::B3-13::B-A07::B-2-21::N3-2-21::B3-14::B-2-25::N-A12::N-1-6::B-1-10::B3-c-14::B-1-6::B3-c-28::B3-12::B3-1-13::B-1-7::N3-13::N-1-10::N3-14::B-2-23::N-B05::B-A05::	35
chr5	90225400	90406400	chr5_90225400	26	181000	0.00376698535204275	44	1.67735950275814e-15	41	3.52258232914832e-13	::N-1-6::B-A04::B-B05::N-B05::B3-c-9::B3-1::B-A10::N3-13::B-A12::B3-19::N-A10::N-2-23::B-2-25::B3-12::N-2-21::B-2-15::N-1-7::B3-7::B-A02::B-1-6::N3-19::B-1-7::N3-c-14::N-A02::N-2-25::N-A07::	22
chr5	99950600	100131600	chr5_99950600	25	181000	0.0135411475852865	33	1.81179862914653e-07	26	0.00376698535204275	::B-2-25::B-2-15::N-A04::N-A02::B-A02::N-2-15::N3-13::B-B05::N-B05::B3-1-13::B3-14::B3-1::B3-13::B3-10::N3-1::N3-10::B3-5::N-A05::N3-4::B-2-21::B-1-6::B3-7::B3-2-21::B-A05::N-2-25::	21
chr5	103698500	103879500	chr5_103698500	26	181000	0.00376698535204275	36	1.60027967123416e-09	30	1.56747316686749e-05	::B-2-12::B3-c-9::N3-13::N-B03::B-2-15::B-2-23::B3-7::N-3-4::N-2-15::B3-2-21::B3-c-28::B-2-21::B3-12::B3-5::B-A07::N-A07::B-1-6::N-2-23::N-B05::B-1-7::N-1-7::N-1-6::B-A04::B3-19::N3-19::N-3-1::	20
chr5	147333800	147514800	chr5_147333800	25	181000	0.0135411475852865	38	5.95434759161689e-11	32	8.26631705560632e-07	::N3-19::N-2-27::B-2-25::B3-13::B3-21::B-A02::B3-c-9::N-2-15::B3-19::N3-2::B-A05::N3-4::N3-c-14::B3-5::B-B03::B-1-7::N-2-23::B-2-23::N-1-7::B3-7::B-3-1::B-A12::B-1-6::B3-c-28::N3-1::	18
chr6	17520400	17701400	chr6_17520400	24	181000	0.0468040756095373	44	1.67735950275814e-15	40	1.99679371458602e-12	::B-2-25::B-A12::B3-12::N3-19::B3-10::N-2-15::N3-2-21::B3-2-21::N3-11::B-2-27::B3-c-14::N3-c-14::B3-13::B-A02::B3-8::B-1-6::N-B03::B-1-10::B-3-4::B-2-21::N-A10::B-A10::B-A04::N-A02::	21
chr6	28526900	28707900	chr6_28526900	25	181000	0.0135411475852865	34	3.85427606095898e-08	33	1.81179862914653e-07	::B-2-15::B3-1::B-1-6::N-A02::B3-19::B3-c-28::B-1-7::B-B05::N3-8::N3-19::B-2-21::B3-2-21::B3-7::N3-12::N3-14::B-A04::B-A10::B-2-23::N-2-14::B-3-4::B3-1-13::B-A07::N-B05::N-2-21::B3-5::	12
chr6	31396100	31577100	chr6_31396100	27	181000	0.00100911805181178	41	3.52258232914832e-13	39	1.10428553746133e-11	::N3-10::N-B03::B-B03::B-B05::B3-14::B3-1-13::B-A10::N-2-15::B3-11::B3-19::B3-1::B-A02::B3-2::B3-2-21::B3-7::N3-12::B-2-27::N3-1::B-2-21::N-1-6::B-2-15::B-1-6::N-3-4::N-2-23::B3-5::N-3-1::N3-4::	11
chr6	38447800	38628800	chr6_38447800	28	181000	0.000260672820929653	35	7.96501469098055e-09	28	0.000260672820929653	::B3-c-28::B-B05::N-3-1::N3-4::B3-14::B-1-6::B3-7::N-2-27::N-2-25::N-B03::B-1-7::B-2-25::B3-19::B3-2-21::N3-16::N-3-4::N3-2-21::B-2-14::N-A12::N3-1::B3-1::N3-11::B3-13::N3-13::N-A04::N3-15::B-B03::N3-12::	16
chr6	38742000	38923000	chr6_38742000	26	181000	0.00376698535204275	33	1.81179862914653e-07	32	8.26631705560632e-07	::N3-21::B3-21::B3-19::N-B05::B3-13::N3-8::N3-16::N-2-15::N3-11::N3-13::N-A05::N-A07::N3-19::B-2-15::N-2-25::N-2-23::B-2-23::B-2-14::B-2-25::B-B03::N-2-21::N3-1::B-1-6::B-3-4::B3-14::N3-5::	17
chr6	47455900	47636900	chr6_47455900	32	181000	8.26631705560632e-07	40	1.99679371458602e-12	34	3.85427606095898e-08	::N3-19::B-2-23::B-2-21::B3-c-28::B-1-10::N-A02::B3-2::B-2-15::B3-15::B3-1::B3-12::B3-14::B3-7::N-3-4::B-2-12::N3-2-21::N-1-7::B-B03::N-B03::N3-13::B-A02::N-B05::N-A10::N-1-6::B-A07::B-2-25::N-2-15::N3-c-9::B3-c-14::B3-c-9::B-B05::N3-16::	17
chr6	49083100	49264100	chr6_49083100	24	181000	0.0468040756095373	30	1.56747316686749e-05	26	0.00376698535204275	::B3-7::B3-2-21::N-1-7::B3-14::B-2-12::B-2-14::B3-1-13::N-B05::N3-11::N-A02::N-A04::B-2-23::B3-19::B-2-25::N-3-4::N-1-6::N3-8::B-1-7::N3-1::B-A12::N-A12::B-2-15::B3-11::B-1-6::	11
chr6	71836800	72017800	chr6_71836800	24	181000	0.0468040756095373	28	0.000260672820929653	23	0.155304166110842	::N-2-15::N3-8::B3-8::B3-c-28::N-2-23::B-A05::N-3-4::N-1-7::B-1-7::B-2-15::B3-13::B-A12::N-1-6::N3-10::N3-1-13::B-1-4::N-1-4::N3-16::B3-7::B3-2::B3-1::N3-9::B3-11::B-3-1::	13
chr6	103593900	103774900	chr6_103593900	27	181000	0.00100911805181178	32	8.26631705560632e-07	14	850.086092573779	::B-B05::B-1-7::B3-19::N3-8::B3-c-28::N-2-14::N-3-1::N3-13::N-2-12::N3-10::N3-16::N-A05::N3-1-13::N-2-21::N-B05::N-1-7::N-2-15::N-A12::N3-11::N-A02::B3-1::B3-2-21::N-2-23::N3-19::B-A10::B-A07::B3-11::	19
chr6	113079700	113260700	chr6_113079700	34	181000	3.85427606095898e-08	46	4.23915624420438e-17	40	1.99679371458602e-12	::N-1-6::B3-c-9::N3-c-9::B-2-12::B-1-6::N3-16::B3-1::B3-c-14::N3-c-14::N-2-15::B-2-21::B-2-15::N3-10::B-A12::B-A07::B3-c-28::B-2-23::N-1-4::B-A05::B-2-27::N-2-27::N-2-25::N3-13::N-1-7::B-B05::B3-2::N3-11::B-2-25::N-1-10::B-B03::N-A05::N3-8::N-2-23::N3-1::	29
chr6	119921600	120102600	chr6_119921600	29	181000	6.50144004317944e-05	41	3.52258232914832e-13	32	8.26631705560632e-07	::B-2-15::B-1-6::B3-4::B-B05::N3-19::B3-19::B-A07::B3-9::B-A12::B3-7::N-2-21::B-2-21::B3-13::N-2-23::N-2-15::N3-4::B-2-12::N-2-12::B-2-14::N-2-14::B3-8::N3-11::N-B05::N3-12::B3-2-21::N3-1-13::B3-1-13::B-2-25::B3-2::	22
chr7	80600500	80781500	chr7_80600500	24	181000	0.0468040756095373	31	3.65721278303143e-06	24	0.0468040756095373	::N-A04::B-3-1::N3-2::B3-2::N3-19::B3-c-9::B-A07::B-1-6::B-3-4::N3-12::B-2-21::N-2-15::B-2-15::B3-19::B3-13::N3-16::N3-13::B-A02::N3-1-13::N-A07::B3-1-13::N-1-6::N-A02::N-A10::	11
chr7	90042100	90223100	chr7_90042100	26	181000	0.00376698535204275	43	1.0203919459169e-14	27	0.00100911805181178	::B3-1::N-A02::B-2-21::B3-1-13::N3-11::B3-8::B3-11::N-1-4::B-A02::B-2-23::B3-c-9::N-2-25::N3-8::N3-16::N3-10::B3-7::N-3-1::B-3-1::N-2-21::B3-13::B3-10::N3-13::N3-1::B3-2-21::N-1-6::B-1-10::	20
chr7	97586100	97767100	chr7_97586100	25	181000	0.0135411475852865	31	3.65721278303143e-06	29	6.50144004317944e-05	::B-3-1::N3-1-13::B-B05::B3-14::N3-9::B-A04::B-2-12::N-2-27::B3-8::N3-8::N3-11::N3-7::B3-7::B-A05::N-1-10::B-A10::B3-19::B-2-15::B3-1-13::B3-2::B-2-23::N3-4::B3-4::N-2-21::B-A12::	14
chr7	102046200	102227200	chr7_102046200	24	181000	0.0468040756095373	34	3.85427606095898e-08	30	1.56747316686749e-05	::B-1-7::B3-c-28::N3-13::B3-7::B-A05::N-2-25::B3-1-13::N-2-15::N3-10::B-1-10::B-2-21::N-A02::B-3-1::B-A07::B-B05::N-B05::N3-c-9::B3-c-9::B-2-15::N-1-6::N-2-27::N3-21::B-2-27::B3-2-21::	14
chr7	111942600	112123600	chr7_111942600	26	181000	0.00376698535204275	31	3.65721278303143e-06	29	6.50144004317944e-05	::B3-19::N3-13::N3-19::N-A02::B-A02::B-B05::N3-21::B-1-7::B3-13::N-B03::B-B03::B3-1-13::N-2-25::B-A04::B3-8::B-2-14::B3-1::B-1-6::B-1-10::B-2-27::N3-7::N3-4::B3-12::N-2-21::N-2-27::B-2-23::	16
chr7	113481700	113662700	chr7_113481700	24	181000	0.0468040756095373	25	0.0135411475852865	21	1.50213860296219	::N3-12::B-3-1::N-2-25::B3-1::N-2-15::N3-1::B-2-15::B3-c-9::B-2-25::B-2-12::B3-13::B3-c-28::B-2-23::B3-5::N-3-4::N3-21::B-3-4::B3-21::N-2-21::B-A02::B3-1-13::B-A05::N-A02::B3-8::	10
chr7	118102100	118283100	chr7_118102100	29	181000	6.50144004317944e-05	37	3.12828255031506e-10	33	1.81179862914653e-07	::N-2-25::B-2-14::B-2-23::B-B05::B3-16::N3-16::N3-19::N3-1::B-3-1::N-A05::B-A05::B-3-4::N-1-6::B3-11::B3-1::N-2-23::B-B03::N-2-14::B3-7::N3-11::B-1-10::N3-5::N3-13::N-3-1::N-3-4::B-2-27::N-2-27::B3-1-13::N-A12::	13
chr7	121658200	121839200	chr7_121658200	36	181000	1.60027967123416e-09	42	6.06629700755312e-14	12	2957.40418644361	::B-B05::B-2-27::N-2-27::B3-1-13::N-2-15::B3-12::N3-4::B-2-25::B-3-1::N-3-1::N3-9::B3-9::N-2-12::N-2-21::N-A10::N-2-25::N-1-6::N3-16::N-2-14::N-B05::N-A02::N-1-9::N3-11::N3-21::N-A12::N-1-7::N-A07::N3-2-21::N-A05::N3-2::N-A04::N-3-4::N3-19::N3-5::N-2-23::N3-14::	34
chr7	136358100	136539100	chr7_136358100	46	181000	4.23915624420438e-17	47	6.52369087478537e-18	5	11399.4460076092	::N-A05::N3-1::N-A02::N-2-12::N3-4::N-2-14::N3-13::N-2-27::N-2-25::N3-9::N-B05::N3-5::N-2-23::N3-8::N-B03::N-A10::N3-1-13::N-3-4::N3-19::N-A07::N-3-1::N3-11::N3-2-21::N3-10::N-2-15::N3-16::N-1-6::N3-2-37::N-2-21::N-A12::N-A04::N-1-10::N3-c-28::N-1-4::N3-21::N3-2::N-1-7::N3-7::N3-c-9::N3-12::N3-c-14::N3-15::N3-14::B-A10::B3-11::B3-2::	46
chr8	25517700	25698700	chr8_25517700	24	181000	0.0468040756095373	26	0.00376698535204275	21	1.50213860296219	::B-2-14::B-A10::B3-c-28::N3-c-28::B-A05::B-2-12::N3-16::N3-21::N-3-4::B-3-4::B3-21::B3-19::N-A07::B-A07::N-2-15::N3-2-21::N-2-25::N3-8::N3-4::N3-13::N3-10::B-1-7::B-2-21::B-2-15::	11
chr8	90867400	91048400	chr8_90867400	24	181000	0.0468040756095373	32	8.26631705560632e-07	28	0.000260672820929653	::N-2-15::B3-7::N-1-6::N-3-4::N-A12::B-2-27::N-2-27::B3-11::N-3-1::B3-8::B-3-1::B-2-15::B-3-4::B-A12::B3-5::B-2-23::B-2-14::B-2-25::B3-c-28::N3-1::B3-19::N3-11::B-A04::N3-10::	15
chr8	95718000	95899000	chr8_95718000	24	181000	0.0468040756095373	45	2.69603451368884e-16	37	3.12828255031506e-10	::B-A07::B3-2::N3-16::B3-16::N-2-23::B-B05::N-A05::B-2-23::N-A02::B-2-14::B3-2-21::N3-7::B-1-6::N-B05::B3-19::B3-4::N3-4::N-A07::N-2-15::N-2-25::B3-1-13::N-A12::B-2-25::N3-13::	23
chr8	106889200	107070200	chr8_106889200	26	181000	0.00376698535204275	29	6.50144004317944e-05	25	0.0135411475852865	::B-1-6::B-1-7::N3-2-21::B-2-14::B3-1::N3-1::N-1-4::N3-5::N-2-23::N3-9::B3-9::B-A12::B-2-15::N-2-25::B-2-12::N-2-12::N3-10::B3-2-21::N3-4::N3-16::N-2-21::B-2-25::B3-1-13::N-2-15::B-3-1::N3-21::	16
chr8	107157100	107338100	chr8_107157100	29	181000	6.50144004317944e-05	35	7.96501469098055e-09	23	0.155304166110842	::B3-7::N-2-23::B-2-23::N-B03::B-B03::B-3-1::N3-2-21::N-1-6::N-2-15::N3-12::N3-16::N-2-21::B3-1-13::B3-14::B-2-15::B3-2-21::B-2-21::N3-13::N3-15::B-A05::N-A05::N-A12::N-B05::B-B05::B-A10::B-2-14::B3-4::B3-16::N3-4::	23
chr8	109715700	109896700	chr8_109715700	36	181000	1.60027967123416e-09	56	1.28557807666786e-25	40	1.99679371458602e-12	::N-2-15::B3-8::N3-8::B3-2-37::B-2-25::B-1-6::N3-19::B-2-21::B-2-14::N-2-14::N-1-6::B3-19::B-A02::N3-11::B3-11::B-2-15::N-2-25::B3-12::B-1-4::B-1-7::N-1-7::B-A12::N-3-1::B-3-1::N3-14::B-B05::N-2-21::N-1-4::N-1-9::B3-c-14::N3-c-14::N-A04::B-A07::B3-14::N3-2-21::N3-4::	24
chr8	111130900	111311900	chr8_111130900	24	181000	0.0468040756095373	32	8.26631705560632e-07	26	0.00376698535204275	::B3-7::N3-8::B3-21::B-2-15::B3-4::B3-16::B-A10::N3-4::N3-1-13::B-1-6::B3-2-21::B-2-25::N-2-25::N3-13::N-2-21::B-B05::B-2-21::B-A12::B-2-23::N-A05::B-A05::N3-1::N-2-15::N-1-6::	18
chr8	122903100	123084100	chr8_122903100	26	181000	0.00376698535204275	32	8.26631705560632e-07	29	6.50144004317944e-05	::N-3-1::B-3-1::B3-2-21::N3-19::B3-19::B3-14::B-2-15::B3-7::B-B05::N-2-14::B3-15::N-A05::B-B03::N-A02::B-A02::B3-1::B3-5::B-A07::N3-1::B-2-25::N3-4::N3-13::B3-13::B-A10::B-2-14::B-2-23::	13
chr9	3001100	3182100	chr9_3001100	48	181000	9.83023600084183e-19	89	1.26056015824593e-58	28	0.000260672820929653	::N3-2-21::N-3-4::N-A05::N-A04::N-A02::N-2-23::N-2-15::N3-16::N-B05::N3-11::B-A02::B-A10::B3-2-21::N3-9::B3-7::N-2-21::N3-19::N-2-12::N3-8::N-2-14::N3-1::N3-5::N-A07::N3-13::N3-2::N-1-10::N-2-27::B3-5::B3-11::B-2-15::B-1-10::B3-10::B3-c-28::B-2-23::B3-1::N-A12::N3-21::N-2-25::N-1-6::N-1-4::N-B03::N3-1-13::N3-15::B-B05::N3-10::B-2-25::N3-c-28::N-1-7::	43
chr9	59333600	59514600	chr9_59333600	30	181000	1.56747316686749e-05	37	3.12828255031506e-10	35	7.96501469098055e-09	::N3-19::N3-11::N-2-23::N-1-7::B-2-23::B-2-12::N-2-12::B3-12::N-A02::B3-14::N3-14::B-3-1::N3-13::B-2-14::N-A07::N-2-14::N-1-4::B3-15::N-2-15::B3-10::B-2-27::N3-16::B-2-15::B3-2::B-B03::B3-5::B-A10::B3-16::B-B05::B-2-21::	19
chr9	65675300	65856300	chr9_65675300	26	181000	0.00376698535204275	30	1.56747316686749e-05	25	0.0135411475852865	::N3-13::B-2-23::B3-10::N3-10::N-B03::N-1-10::B-A04::B-3-4::B3-12::B-B05::B3-15::N-2-25::N-A10::B-2-14::B3-7::B-2-27::N-2-27::B3-c-28::B-2-15::N3-2-21::B3-13::B-A07::B3-1-13::N3-1-13::N-A07::B-1-7::	17
chr9	66419000	66600000	chr9_66419000	29	181000	6.50144004317944e-05	37	3.12828255031506e-10	31	3.65721278303143e-06	::B-B05::N3-1-13::B3-1-13::N3-8::N-1-6::B3-1::B-2-15::N3-4::B3-19::N3-16::N-2-27::B3-7::B3-15::N3-15::B-1-7::B-2-14::N3-13::B-1-6::B3-9::N3-9::N-2-23::B3-8::B-A07::N3-19::N-2-15::B3-14::B-A02::B-2-21::N3-1::	22
chr9	70430700	70611700	chr9_70430700	27	181000	0.00100911805181178	40	1.99679371458602e-12	32	8.26631705560632e-07	::N-1-6::N3-1::N3-4::B3-13::B-A07::N-2-15::B-A05::B3-1-13::N3-1-13::N-A07::B-B05::N-A05::B3-7::N3-2-21::N3-c-9::B3-c-9::N-3-4::B-1-7::N-B05::B-3-1::N-3-1::B-2-23::N-2-21::B-2-15::B-A10::B3-c-28::B-2-21::	18
chr9	71932700	72113700	chr9_71932700	31	181000	3.65721278303143e-06	52	4.1406790777037e-22	43	1.0203919459169e-14	::B-3-1::N-A05::N-A07::B-A05::B-A12::N-A12::N-1-7::B3-2::N3-13::B3-5::N-2-15::B3-11::B-2-14::B-1-6::N-1-4::B-2-25::N-B03::N-2-14::B3-12::B-2-21::B3-2-21::N-2-25::B3-1-13::N3-1-13::N-1-6::B-2-15::B3-1::N-B05::B-3-4::N3-9::B3-c-28::	29
chr9	100687500	100868500	chr9_100687500	26	181000	0.00376698535204275	31	3.65721278303143e-06	28	0.000260672820929653	::N3-13::N3-16::N-1-7::B-1-7::B-3-1::B-B03::B-A02::B3-c-28::B3-c-9::B-A07::B3-5::N3-10::B-2-14::B-1-6::N-A07::B3-1-13::N3-9::B3-9::N-3-4::N3-8::N-2-15::N-A04::B-A04::B3-11::B-A10::B-2-25::	10
chr9	107714200	107895200	chr9_107714200	35	181000	7.96501469098055e-09	54	7.56877436128344e-24	44	1.67735950275814e-15	::B3-13::B-A04::N-2-25::B-2-25::B-2-23::N-2-21::N3-11::B3-11::N3-4::B-A05::B-B03::N-A07::B-1-7::B3-5::B-1-4::N-1-7::B-A12::B3-16::B-2-15::N3-7::B3-4::N-A12::N-2-15::B-2-21::N3-1::B3-1::B-1-6::B-3-4::N-1-6::N-A02::B-A02::N3-13::B-A07::N3-16::N3-c-14::	27
chr9	108495400	108676400	chr9_108495400	27	181000	0.00100911805181178	32	8.26631705560632e-07	27	0.00100911805181178	::B-1-10::N-A07::B3-13::N-2-25::N-1-6::B3-1::N3-1::N-2-23::B3-10::B-3-1::B-A10::N-2-21::B-2-21::B-2-23::B3-16::N-2-15::B3-c-9::N3-4::B3-4::N3-10::B3-21::B-A07::N-B03::B-1-7::N-1-7::N3-c-9::B3-5::	14
chrUn_GL456393	200	181200	chrUn_GL456393_200	42	181000	6.06629700755312e-14	63	4.77433542941913e-32	52	4.1406790777037e-22	::B3-11::N-2-23::N-B03::N3-1::N3-8::N-A05::N-2-25::N3-10::N-A04::N3-21::N3-1-13::N3-19::N-3-4::N3-14::N3-2-21::N-2-15::B3-14::B-1-10::B-1-7::B3-7::N3-4::N-2-21::N-B05::N3-16::B3-15::N3-13::B-1-6::B-B05::B-2-21::B-3-1::N-1-7::B-A07::N3-c-28::B-A12::B3-21::B3-1::B-A04::N-1-6::B-2-15::N3-11::B3-19::N3-c-14::	33
chrUn_GL456394	1000	182000	chrUn_GL456394_1000	33	181000	1.81179862914653e-07	46	4.23915624420438e-17	44	1.67735950275814e-15	::B3-14::B-1-10::B-1-7::B3-7::N3-4::N-2-21::N3-19::N-B05::N3-16::B3-15::N3-13::N-2-23::B-1-6::B-B05::B-2-21::N3-1::N-2-15::B-3-1::N-1-7::B-A07::N3-c-28::B-A12::N3-2-21::B3-21::B3-1::B-A04::N-1-6::B-2-15::N3-8::N3-11::B3-19::N-3-4::N3-c-14::	20
chrUn_GL456396	5600	186600	chrUn_GL456396_5600	33	181000	1.81179862914653e-07	44	1.67735950275814e-15	42	6.06629700755312e-14	::B3-14::B-1-10::B-1-7::B3-7::N3-4::N-2-21::N3-19::N-B05::N3-16::B3-15::N3-13::N-2-23::B-1-6::B-B05::B-2-21::N3-1::N-2-15::B-3-1::N-1-7::B-A07::N3-c-28::B-A12::N3-2-21::B3-21::B3-1::B-A04::N-1-6::B-2-15::N3-8::N3-11::B3-19::N-3-4::N3-c-14::	18
chrUn_JH584304	6500	187500	chrUn_JH584304_6500	25	181000	0.0135411475852865	35	7.96501469098055e-09	33	1.81179862914653e-07	::B3-15::N3-13::N-2-23::B-1-6::B-B05::B-2-21::N3-1::N3-16::N-2-15::B-3-1::N-1-7::B-A07::N3-c-28::B-A12::N3-2-21::B3-21::B3-1::B-A04::N-1-6::B-2-15::N3-8::N3-11::B3-19::N-3-4::N3-c-14::	16
chrX	18168500	18349500	chrX_18168500	36	181000	1.60027967123416e-09	60	3.00635026455643e-29	45	2.69603451368884e-16	::N-2-21::N-A04::N-1-6::N3-8::B3-8::B-1-6::N-B03::B3-1::B3-15::N-A02::B-2-14::B3-19::B3-12::B-A05::B-A10::B3-7::N3-7::B3-5::N3-c-9::B3-c-9::B3-1-13::B3-2::B-A02::N-2-15::B-2-23::N3-c-14::B-2-15::N-3-1::N3-12::B-A07::B-3-1::N-A05::B-1-7::N-2-23::N3-1::N-1-7::	24
chrX	77490500	77671500	chrX_77490500	29	181000	6.50144004317944e-05	33	1.81179862914653e-07	30	1.56747316686749e-05	::B-B05::B3-2::N-B05::N-A10::N3-4::B-3-4::N3-13::B3-13::B-A02::B-2-21::N3-12::B3-7::B-1-10::B3-12::B3-2-21::N-A05::B-2-14::N-2-14::B-A05::B-A10::N3-1-13::N-2-21::B-A07::B3-4::N3-19::N-A02::B-3-1::B-2-15::B-1-9::	17
