chr10	7673100	7821100	chr10_7673100	7	148000	0.0479945667457124	7	0.0479945667457124	6	0.524395861067449	::B3-2::N-A12::N3-7::B-A03::B-A08::B-B02::B3-7::	4
chr10	42767500	42915500	chr10_42767500	10	148000	1.75287989652585e-05	10	1.75287989652585e-05	7	0.0479945667457124	::B-2-25::N-2-25::B-A11::N-A11::N-B02::B3-12::N3-6::B-2-21::N-A07::B-A07::	6
chr10	67131100	67279100	chr10_67131100	8	148000	0.00384355366262285	8	0.00384355366262285	6	0.524395861067449	::N3-15::B3-15::B-3-1::N-1-10::B-B07::N-A02::B-A02::B3-c-14::	2
chr10	78213500	78361500	chr10_78213500	8	148000	0.00384355366262285	8	0.00384355366262285	7	0.0479945667457124	::N3-6::B-1-4::B3-c-10::N3-c-10::N-B03::N-B10::N-3-4::N-A10::	4
chr10	93172800	93320800	chr10_93172800	8	148000	0.00384355366262285	9	0.000273603280244102	7	0.0479945667457124	::B3-12::B3-3::N3-3::N-2-21::B-2-21::B-1-2::B3-5::N3-c-14::	5
chr10	108173700	108321700	chr10_108173700	10	148000	1.75287989652585e-05	11	1.02091676442928e-06	8	0.00384355366262285	::N-B04::N-A04::N-A03::B-B10::N3-5::N-A08::B-A03::N-1-6::B-B09::N-B02::	5
chr10	116455000	116603000	chr10_116455000	9	148000	0.000273603280244102	9	0.000273603280244102	6	0.524395861067449	::N-1-9::B-B05::N-B05::N-B02::B-A12::N3-7::N-A12::B3-16::B-2-21::	8
chr10	117265300	117413300	chr10_117265300	7	148000	0.0479945667457124	7	0.0479945667457124	6	0.524395861067449	::N-2-21::B3-7::B-B09::B-A10::N-B10::B-B10::B-1-10::	2
chr10	123062500	123210500	chr10_123062500	7	148000	0.0479945667457124	7	0.0479945667457124	6	0.524395861067449	::N-2-17::B-A05::N3-c-28::N3-16::B3-5::B3-11::N3-11::	5
chr11	23260100	23408100	chr11_23260100	7	148000	0.0479945667457124	7	0.0479945667457124	5	4.91110981484297	::B-A01::N-2-23::B3-19::N3-19::B3-c-14::N3-c-14::B3-c-10::	6
chr11	29174600	29322600	chr11_29174600	9	148000	0.000273603280244102	9	0.000273603280244102	7	0.0479945667457124	::N3-19::B3-19::N-2-12::B-2-21::B-1-4::B3-7::B3-2::N3-2::B3-c-28::	4
chr11	59674100	59822100	chr11_59674100	7	148000	0.0479945667457124	7	0.0479945667457124	5	4.91110981484297	::B3-c-14::N3-c-14::N3-12::B-2-21::B-1-10::B-2-25::N-2-25::	7
chr11	74560800	74708800	chr11_74560800	8	148000	0.00384355366262285	8	0.00384355366262285	5	4.91110981484297	::N3-7::N3-11::B-1-10::N-3-1::B-3-1::N-B07::N-1-4::B-B07::	1
chr11	77589500	77737500	chr11_77589500	9	148000	0.000273603280244102	10	1.75287989652585e-05	7	0.0479945667457124	::N-A11::B3-3::N3-3::N-A04::B3-c-10::N3-c-10::N-B03::N-A02::B-A02::	7
chr11	79420500	79568500	chr11_79420500	11	148000	1.02091676442928e-06	17	7.9225082552015e-15	13	2.68613266244829e-09	::N3-c-9::B-A05::N-A05::B3-19::B-A11::N-A11::N3-15::B3-15::B3-c-10::B3-3::N-A07::	7
chr11	86693000	86841000	chr11_86693000	8	148000	0.00384355366262285	8	0.00384355366262285	7	0.0479945667457124	::B-2-25::N-1-7::B3-3::B-A04::N-A04::B-2-26::N-B11::B3-c-9::	6
chr11	88050600	88198600	chr11_88050600	8	148000	0.00384355366262285	9	0.000273603280244102	6	0.524395861067449	::B3-c-9::B3-15::N3-15::N-B08::B-B08::N3-3::B3-3::N-A04::	3
chr11	88528300	88676300	chr11_88528300	9	148000	0.000273603280244102	9	0.000273603280244102	7	0.0479945667457124	::N-B10::B-1-2::B-A03::B-A08::N-A03::B-2-25::N-1-2::N-2-15::B3-c-10::	6
chr11	94267200	94415200	chr11_94267200	7	148000	0.0479945667457124	7	0.0479945667457124	4	38.3282322320884	::B3-c-10::B-1-6::N-B02::N-1-6::B-2-27::N-2-27::B-2-12::	6
chr11	100838300	100986300	chr11_100838300	8	148000	0.00384355366262285	9	0.000273603280244102	7	0.0479945667457124	::N3-c-9::B-A10::B3-11::N3-11::N3-3::B-B07::B-A11::N-A11::	8
chr11	104372000	104520000	chr11_104372000	14	148000	1.22922188109271e-10	14	1.22922188109271e-10	12	5.4505452529593e-08	::B-3-1::B-2-12::N-2-12::N3-c-14::N3-7::N-2-25::N-2-14::B3-c-14::B-1-6::B-3-4::N-3-4::B-1-4::B3-3::N3-3::	10
chr11	105188000	105336000	chr11_105188000	7	148000	0.0479945667457124	7	0.0479945667457124	5	4.91110981484297	::B3-c-14::N-A08::B-B03::N-B03::N-A01::B-2-27::N-2-27::	5
chr11	106802000	106950000	chr11_106802000	10	148000	1.75287989652585e-05	12	5.4505452529593e-08	11	1.02091676442928e-06	::N3-6::B3-6::B3-c-9::B-2-26::B-2-23::B-B04::N-A10::N3-c-10::B3-c-10::B3-c-28::	6
chr12	3440200	3588200	chr12_3440200	8	148000	0.00384355366262285	8	0.00384355366262285	6	0.524395861067449	::B3-c-9::N-A04::B-A04::B-1-2::B-1-4::B-B09::B-B10::N-B10::	3
chr12	21287400	21435400	chr12_21287400	9	148000	0.000273603280244102	9	0.000273603280244102	5	4.91110981484297	::B-A08::B-A03::N-A03::N-A08::B-1-4::B3-5::N-A10::B-A10::B-B02::	6
chr12	83638000	83786000	chr12_83638000	7	148000	0.0479945667457124	7	0.0479945667457124	4	38.3282322320884	::N-B05::B-B05::B-A12::N-A12::N-A07::B-A07::B-1-10::	3
chr13	9101600	9249600	chr13_9101600	8	148000	0.00384355366262285	8	0.00384355366262285	5	4.91110981484297	::B-2-23::N3-19::B3-19::N-A03::B-A03::B-A08::N-1-10::N3-12::	2
chr13	14025900	14173900	chr13_14025900	7	148000	0.0479945667457124	8	0.00384355366262285	7	0.0479945667457124	::N-A12::B3-7::N-B02::B-2-25::N3-12::B3-12::B3-5::	2
chr13	17697500	17845500	chr13_17697500	8	148000	0.00384355366262285	8	0.00384355366262285	5	4.91110981484297	::B3-12::N3-c-32::B-3-4::N-3-4::B3-19::N3-19::N-A05::B-A05::	6
chr13	85130700	85278700	chr13_85130700	11	148000	1.02091676442928e-06	13	2.68613266244829e-09	10	1.75287989652585e-05	::N3-7::N3-c-10::N3-2::N-B03::B-B03::N-1-10::B3-15::N3-15::N-A05::B-A05::B-B10::	9
chr13	94600200	94748200	chr13_94600200	8	148000	0.00384355366262285	8	0.00384355366262285	1	3498.14212172408	::N-2-14::N-B03::N-A04::N-3-4::N3-3::N-2-23::N3-16::N3-2::	8
chr13	103742500	103890500	chr13_103742500	7	148000	0.0479945667457124	9	0.000273603280244102	9	0.000273603280244102	::B-A03::N3-c-10::N-B02::B3-5::N-1-10::N3-c-9::B-A02::	5
chr14	20593200	20741200	chr14_20593200	8	148000	0.00384355366262285	10	1.75287989652585e-05	7	0.0479945667457124	::B3-c-14::N-B05::B-B05::B3-5::B3-c-10::N3-c-14::N-2-25::B-2-25::	3
chr14	31025800	31173800	chr14_31025800	7	148000	0.0479945667457124	9	0.000273603280244102	8	0.00384355366262285	::B3-c-10::N-A01::B-B11::N3-c-10::B3-12::N3-c-28::B3-c-28::	4
chr14	34429500	34577500	chr14_34429500	7	148000	0.0479945667457124	7	0.0479945667457124	5	4.91110981484297	::B-2-21::B-B08::N-B08::B-2-14::N-A02::B-A02::B-1-4::	5
chr14	56697000	56845000	chr14_56697000	7	148000	0.0479945667457124	7	0.0479945667457124	5	4.91110981484297	::B-A02::N-A02::B3-c-9::B-2-23::B-B07::N-B07::N-A08::	6
chr14	73220300	73368300	chr14_73220300	15	148000	5.25012790249875e-12	17	7.9225082552015e-15	13	2.68613266244829e-09	::N-B02::B-B11::N-B11::N-A03::N-A08::N3-19::B-B02::B3-12::B3-c-14::B3-c-10::N3-c-10::N-A01::N-B04::B-B04::B-1-4::	12
chr15	8300500	8448500	chr15_8300500	7	148000	0.0479945667457124	8	0.00384355366262285	7	0.0479945667457124	::B3-12::N-2-21::N3-c-32::B-2-17::B3-c-10::B-2-25::N-2-25::	5
chr15	25670500	25818500	chr15_25670500	7	148000	0.0479945667457124	7	0.0479945667457124	5	4.91110981484297	::B-1-10::B-1-2::B3-c-9::N-2-12::B-2-12::B-B05::N-B05::	3
chr15	51837400	51985400	chr15_51837400	10	148000	1.75287989652585e-05	10	1.75287989652585e-05	7	0.0479945667457124	::N-2-21::N-3-1::B-3-1::N-2-9::N-B05::B-B05::B-1-10::B-B03::N-B03::N3-3::	5
chr15	73113100	73261100	chr15_73113100	10	148000	1.75287989652585e-05	13	2.68613266244829e-09	7	0.0479945667457124	::N3-3::B3-3::N3-13::B3-13::B-1-6::N-1-6::B3-19::N3-19::B-A08::N-A08::	4
chr15	100143000	100291000	chr15_100143000	7	148000	0.0479945667457124	7	0.0479945667457124	5	4.91110981484297	::N-B11::B3-c-9::B-B09::N-B09::N3-c-14::B-2-26::N-2-26::	6
chr15	102396300	102544300	chr15_102396300	9	148000	0.000273603280244102	9	0.000273603280244102	7	0.0479945667457124	::B-A04::B3-c-14::B-2-25::N-2-25::N3-19::B3-19::B3-c-9::B-A08::B3-5::	4
chr16	38098300	38246300	chr16_38098300	8	148000	0.00384355366262285	9	0.000273603280244102	7	0.0479945667457124	::N-1-6::B-1-6::N-A07::B-2-25::B-A05::N3-12::N-B05::N-A05::	1
chr16	94596900	94744900	chr16_94596900	8	148000	0.00384355366262285	8	0.00384355366262285	7	0.0479945667457124	::B3-5::B-1-2::N-1-2::B-A04::N-B02::B-1-10::N-3-1::N3-c-14::	5
chr17	3131800	3279800	chr17_3131800	8	148000	0.00384355366262285	8	0.00384355366262285	6	0.524395861067449	::N3-17::N3-15::B3-15::B-3-4::N-3-4::N-B05::B-A05::N-A12::	4
chr17	5075000	5223000	chr17_5075000	8	148000	0.00384355366262285	8	0.00384355366262285	7	0.0479945667457124	::N-2-15::N-B08::N-A02::B-A02::N3-6::N-3-1::N-A04::B-1-4::	2
chr17	10232100	10380100	chr17_10232100	11	148000	1.02091676442928e-06	12	5.4505452529593e-08	8	0.00384355366262285	::N-A04::B-A04::N3-c-9::N-A10::N3-17::B3-17::B-B08::B-2-26::N-A02::B-A02::B-A10::	1
chr17	25842700	25990700	chr17_25842700	7	148000	0.0479945667457124	7	0.0479945667457124	5	4.91110981484297	::N-1-6::N-A04::B3-7::B-B07::N-B07::N3-13::B3-13::	3
chr17	26048900	26196900	chr17_26048900	7	148000	0.0479945667457124	7	0.0479945667457124	6	0.524395861067449	::N-2-14::B-3-4::N-3-4::B-A04::B-A10::B-2-27::N-2-26::	3
chr17	26652200	26800200	chr17_26652200	7	148000	0.0479945667457124	8	0.00384355366262285	6	0.524395861067449	::B3-2::N3-2::B-2-23::N-B07::N-B11::B-B11::B-B07::	4
chr17	32163500	32311500	chr17_32163500	11	148000	1.02091676442928e-06	11	1.02091676442928e-06	8	0.00384355366262285	::B-A12::B-2-21::N3-c-10::B-A10::N3-12::B-2-17::N-2-17::B3-13::N3-13::B3-6::N3-6::	6
chr17	33660500	33808500	chr17_33660500	10	148000	1.75287989652585e-05	10	1.75287989652585e-05	7	0.0479945667457124	::B3-c-10::B-2-23::N-2-23::N-3-4::B-3-4::B-B10::N-B10::B-B05::N-B05::N-A07::	5
chr17	65800900	65948900	chr17_65800900	7	148000	0.0479945667457124	7	0.0479945667457124	6	0.524395861067449	::N3-c-28::B-B02::N-A05::B-A05::N-A04::N3-6::B-1-2::	3
chr18	7873900	8021900	chr18_7873900	9	148000	0.000273603280244102	10	1.75287989652585e-05	8	0.00384355366262285	::N3-7::B-A10::N-A10::N-3-1::B-1-7::N3-15::B3-15::N-1-2::B3-17::	4
chr18	34251700	34399700	chr18_34251700	7	148000	0.0479945667457124	7	0.0479945667457124	6	0.524395861067449	::N-B03::B3-11::B3-c-32::N-A07::N-A05::N-B02::B-B02::	3
chr18	35556000	35704000	chr18_35556000	9	148000	0.000273603280244102	9	0.000273603280244102	7	0.0479945667457124	::N3-c-28::B3-7::B-A10::N-A10::B-A01::N-A01::B3-c-10::N-1-4::N-B03::	8
chr18	38422200	38570200	chr18_38422200	7	148000	0.0479945667457124	7	0.0479945667457124	5	4.91110981484297	::N3-6::N-A01::B-A01::B-1-10::B-A10::B-A12::N-A12::	4
chr18	73582800	73730800	chr18_73582800	12	148000	5.4505452529593e-08	13	2.68613266244829e-09	9	0.000273603280244102	::N-1-2::B-2-12::N-2-12::B-1-7::N-A12::B-A12::B-A05::B3-c-32::B-A02::N-A02::B-3-1::N-3-1::	9
chr19	3460500	3608500	chr19_3460500	15	148000	5.25012790249875e-12	15	5.25012790249875e-12	14	1.22922188109271e-10	::N3-c-9::B3-5::N-B10::N-B05::N3-12::N-A10::B-A10::B-B03::B3-c-9::N3-16::B-1-10::N-2-21::B-1-4::B-A08::B-2-23::	8
chr2	18128000	18276000	chr2_18128000	8	148000	0.00384355366262285	8	0.00384355366262285	6	0.524395861067449	::B3-c-9::N-2-17::B-2-17::N-A03::N3-6::B-B07::N-B07::N-B02::	3
chr2	26388200	26536200	chr2_26388200	9	148000	0.000273603280244102	11	1.02091676442928e-06	8	0.00384355366262285	::B3-3::B-A07::N-3-4::B-3-4::B-3-1::N-3-1::B3-5::N-A04::B-1-10::	8
chr2	31737400	31885400	chr2_31737400	7	148000	0.0479945667457124	7	0.0479945667457124	4	38.3282322320884	::N-A04::B-A04::N-B10::B-B10::N-2-12::B-2-12::N-B02::	1
chr2	48816400	48964400	chr2_48816400	8	148000	0.00384355366262285	8	0.00384355366262285	5	4.91110981484297	::B3-c-10::B-A12::N-A12::B-A11::N-A11::B3-7::N-A02::B-A02::	5
chr2	49411700	49559700	chr2_49411700	12	148000	5.4505452529593e-08	12	5.4505452529593e-08	11	1.02091676442928e-06	::B3-c-9::B3-7::B3-c-10::N-A11::N3-c-9::B-A01::B-B08::N-B08::N-3-4::B-B05::B-2-23::B3-5::	7
chr2	98603100	98751100	chr2_98603100	36	148000	1.60465773211668e-45	71	1.19766205487223e-112	18	2.81981785172333e-16	::N-A08::N-B05::N-B10::N3-7::N-A10::N3-17::N3-c-14::N-B09::N-2-17::N-A01::N-B02::N-1-10::N-A11::N-B07::N-2-15::N-1-2::N3-11::N3-12::N3-5::N-B03::N3-c-9::N3-13::N3-19::N-1-7::N3-15::N-B08::N-2-23::N-3-1::N-2-21::N-B11::N-A03::B-1-10::N-1-4::N-A04::B3-11::N3-c-10::	31
chr2	102824800	102972800	chr2_102824800	7	148000	0.0479945667457124	7	0.0479945667457124	6	0.524395861067449	::B-A02::N-2-14::B-2-14::N-B10::N-A10::N-2-21::N-2-15::	2
chr2	117126100	117274100	chr2_117126100	8	148000	0.00384355366262285	8	0.00384355366262285	7	0.0479945667457124	::B3-19::N-2-23::B-2-23::B-A08::B-B10::B-A02::N-3-1::B3-c-9::	1
chr2	153328000	153476000	chr2_153328000	8	148000	0.00384355366262285	8	0.00384355366262285	5	4.91110981484297	::N3-7::N-2-27::B-2-27::B-A12::N-A12::N3-12::B-A04::N-A04::	4
chr2	154746200	154894200	chr2_154746200	8	148000	0.00384355366262285	8	0.00384355366262285	7	0.0479945667457124	::B3-c-9::B-B02::N-A05::B3-12::B3-c-10::N-A07::B-A07::B3-c-14::	1
chr2	156093600	156241600	chr2_156093600	8	148000	0.00384355366262285	8	0.00384355366262285	5	4.91110981484297	::N-B02::N-1-2::B-1-2::B-2-14::N-2-14::N3-c-14::B3-c-14::B3-11::	3
chr2	160975600	161123600	chr2_160975600	7	148000	0.0479945667457124	7	0.0479945667457124	6	0.524395861067449	::N3-16::B3-16::N-B03::B-A01::N-A01::N-B02::N3-12::	2
chr2	165854600	166002600	chr2_165854600	7	148000	0.0479945667457124	7	0.0479945667457124	4	38.3282322320884	::B-2-27::B-A07::N-2-27::N-A07::B-1-10::B-1-7::B-3-1::	6
chr2	168078200	168226200	chr2_168078200	8	148000	0.00384355366262285	8	0.00384355366262285	6	0.524395861067449	::N-B09::B3-7::B-2-23::N-2-23::B-2-25::N-2-25::B-1-4::B-A05::	7
chr3	31013600	31161600	chr3_31013600	8	148000	0.00384355366262285	9	0.000273603280244102	7	0.0479945667457124	::N-A05::N3-15::B-1-4::B3-6::N3-6::N-2-21::B-A04::N-A04::	9
chr3	58442000	58590000	chr3_58442000	8	148000	0.00384355366262285	8	0.00384355366262285	6	0.524395861067449	::B-B02::N-B09::N3-c-14::B3-c-14::B-1-7::N-A11::B-A11::N-B02::	2
chr3	69010300	69158300	chr3_69010300	12	148000	5.4505452529593e-08	12	5.4505452529593e-08	9	0.000273603280244102	::B3-3::N3-7::B-2-14::N-A10::B-A10::B-B03::N-B03::N3-15::B3-15::B-B09::B-B08::N-B08::	8
chr3	85976600	86124600	chr3_85976600	7	148000	0.0479945667457124	7	0.0479945667457124	5	4.91110981484297	::N-2-14::B-A01::N-A01::B-A11::N-A11::N3-2::B-1-4::	4
chr3	88584600	88732600	chr3_88584600	7	148000	0.0479945667457124	7	0.0479945667457124	5	4.91110981484297	::B-B04::B-B05::N-B05::N3-c-9::B3-7::B-2-12::N-2-12::	5
chr3	89020000	89168000	chr3_89020000	7	148000	0.0479945667457124	7	0.0479945667457124	6	0.524395861067449	::N3-6::B-B03::B3-5::N-B07::B-2-27::N-A07::B-A07::	4
chr3	103310400	103458400	chr3_103310400	7	148000	0.0479945667457124	7	0.0479945667457124	5	4.91110981484297	::B-B07::B-2-25::N-B07::B-A08::B-B03::N-2-27::B-2-27::	5
chr3	108119700	108267700	chr3_108119700	8	148000	0.00384355366262285	8	0.00384355366262285	4	38.3282322320884	::N-B02::B-B02::N-2-26::B-2-26::B-B10::N-B10::N-2-12::B-2-12::	2
chr3	135440200	135588200	chr3_135440200	11	148000	1.02091676442928e-06	12	5.4505452529593e-08	8	0.00384355366262285	::B-B05::B-1-10::N3-11::B3-7::B3-11::B-2-14::B-B02::B-A03::N-A08::N-A03::B3-c-9::	8
chr3	144472600	144620600	chr3_144472600	7	148000	0.0479945667457124	7	0.0479945667457124	5	4.91110981484297	::B3-12::B-A02::B3-19::N-B03::B-B03::N-B10::B-B10::	2
chr3	152227000	152375000	chr3_152227000	7	148000	0.0479945667457124	7	0.0479945667457124	6	0.524395861067449	::N-1-10::N-B10::B-A08::N3-12::N-B03::B-B03::N3-c-28::	2
chr4	47357200	47505200	chr4_47357200	8	148000	0.00384355366262285	13	2.68613266244829e-09	8	0.00384355366262285	::N-A11::B-A11::N3-2::B3-2::N-A08::B-A08::B-B08::B3-7::	0
chr4	126678700	126826700	chr4_126678700	7	148000	0.0479945667457124	7	0.0479945667457124	4	38.3282322320884	::N-B08::B-B08::N-1-2::B-1-2::B-3-4::N-3-4::N-1-7::	3
chr4	129730700	129878700	chr4_129730700	7	148000	0.0479945667457124	7	0.0479945667457124	6	0.524395861067449	::N-2-9::B-2-9::N-B02::B-2-15::N-A05::N-B08::B3-c-32::	2
chr4	130671000	130819000	chr4_130671000	7	148000	0.0479945667457124	7	0.0479945667457124	6	0.524395861067449	::N-3-1::B-1-4::B-3-1::B3-5::N-1-10::N-B09::B-B09::	3
chr4	131806200	131954200	chr4_131806200	7	148000	0.0479945667457124	7	0.0479945667457124	5	4.91110981484297	::N3-c-9::N3-7::N3-16::B3-16::N-1-2::B-1-2::B-1-6::	2
chr4	133593000	133741000	chr4_133593000	10	148000	1.75287989652585e-05	11	1.02091676442928e-06	8	0.00384355366262285	::N-A03::B-A08::N-A08::B-B09::B-A10::N-A10::N3-7::N-B09::N3-5::N-1-10::	10
chr4	135226100	135374100	chr4_135226100	11	148000	1.02091676442928e-06	11	1.02091676442928e-06	9	0.000273603280244102	::B3-c-28::N3-13::N-A04::N-2-12::N-B10::B-B10::B3-c-10::N-A10::B-A05::N-A05::B-A07::	8
chr4	150291400	150439400	chr4_150291400	8	148000	0.00384355366262285	8	0.00384355366262285	6	0.524395861067449	::B-A05::N-A05::B3-7::N-A10::N-B02::B-1-10::N-B08::B-B08::	4
chr4	155496500	155644500	chr4_155496500	8	148000	0.00384355366262285	8	0.00384355366262285	6	0.524395861067449	::B-2-27::B3-c-32::B-2-25::N-2-25::N3-13::N3-3::B-A11::N-A11::	6
chr4	155711200	155859200	chr4_155711200	7	148000	0.0479945667457124	7	0.0479945667457124	4	38.3282322320884	::B3-c-28::N3-c-28::B-B04::N-B04::B-1-4::B3-19::N3-19::	7
chr5	23439800	23587800	chr5_23439800	8	148000	0.00384355366262285	9	0.000273603280244102	7	0.0479945667457124	::B-A01::N-2-9::B3-12::N3-3::B3-3::N-A07::N-A05::B-A05::	3
chr5	25287000	25435000	chr5_25287000	12	148000	5.4505452529593e-08	14	1.22922188109271e-10	9	0.000273603280244102	::B-2-9::N-2-9::N-A05::N3-12::B3-12::N3-13::B3-13::B-2-27::B-A03::N-A03::B-B07::N-B07::	10
chr5	28169900	28317900	chr5_28169900	28	148000	6.89810589569722e-32	36	1.60465773211668e-45	4	38.3282322320884	::N-3-4::N-1-2::B3-5::B3-16::N-1-7::B-2-15::B-2-14::B-1-10::B3-12::B-1-4::B3-7::B-2-21::B3-2::B3-19::B-B02::B3-c-9::N3-5::B3-6::B-B10::N-B04::N-B02::N3-7::N-B05::N-2-15::N-1-10::N-A02::B-B09::B3-c-10::	23
chr5	34339200	34487200	chr5_34339200	8	148000	0.00384355366262285	8	0.00384355366262285	6	0.524395861067449	::B3-12::N3-3::B3-3::B-B05::N-B05::B-B10::B-A12::B-2-15::	5
chr5	65540500	65688500	chr5_65540500	8	148000	0.00384355366262285	8	0.00384355366262285	8	0.00384355366262285	::N-2-21::B3-7::B3-13::N-A12::B-1-10::B3-c-14::N-B02::N-1-10::	6
chr5	99921600	100069600	chr5_99921600	7	148000	0.0479945667457124	7	0.0479945667457124	7	0.0479945667457124	::N-3-1::N-A02::B-B05::B3-13::B3-5::B-A03::B-1-6::	5
chr5	103693200	103841200	chr5_103693200	8	148000	0.00384355366262285	8	0.00384355366262285	7	0.0479945667457124	::B-B09::N-B08::B-B08::B3-c-9::N-B10::B3-5::N-A07::N-1-7::	4
chr5	105664700	105812700	chr5_105664700	8	148000	0.00384355366262285	8	0.00384355366262285	6	0.524395861067449	::B3-c-9::N-A11::B-A11::N-B04::N-2-9::B-2-9::N-B11::N3-12::	3
chr5	108450300	108598300	chr5_108450300	8	148000	0.00384355366262285	8	0.00384355366262285	7	0.0479945667457124	::B3-5::B-1-2::N-2-12::B3-12::N-A04::N3-15::N-A11::B-A11::	3
chr5	113085400	113233400	chr5_113085400	9	148000	0.000273603280244102	9	0.000273603280244102	6	0.524395861067449	::B-A07::N3-17::N3-16::B3-16::N3-6::B3-6::B-B11::N-B11::N-A04::	3
chr5	121717000	121865000	chr5_121717000	7	148000	0.0479945667457124	7	0.0479945667457124	5	4.91110981484297	::N-B02::N-2-21::N3-c-32::B-B03::N-B03::B-A08::N-A08::	5
chr6	17523000	17671000	chr6_17523000	9	148000	0.000273603280244102	9	0.000273603280244102	7	0.0479945667457124	::B3-12::N-B10::B3-c-14::N3-c-14::N-1-2::B-1-10::B-2-21::N-A10::B-A10::	4
chr6	47457200	47605200	chr6_47457200	12	148000	5.4505452529593e-08	12	5.4505452529593e-08	9	0.000273603280244102	::B3-c-28::B-1-10::N-A02::N-B07::N-B04::B-2-21::B-B03::N-B03::N3-c-9::B3-c-14::B-2-15::B-B04::	5
chr6	113080100	113228100	chr6_113080100	9	148000	0.000273603280244102	10	1.75287989652585e-05	8	0.00384355366262285	::B3-c-9::N3-c-9::N3-c-14::B-1-2::N-1-2::B-2-27::N-2-25::N-B08::N-1-10::	8
chr6	114870400	115018400	chr6_114870400	9	148000	0.000273603280244102	9	0.000273603280244102	7	0.0479945667457124	::B3-5::N3-5::N-A08::B3-15::B3-17::B-A11::N-A11::N-2-26::B-2-26::	4
chr6	115542500	115690500	chr6_115542500	8	148000	0.00384355366262285	8	0.00384355366262285	6	0.524395861067449	::N3-7::B3-c-9::N3-c-9::B-A11::N-B05::B-B05::N-A10::N-A12::	5
chr6	146916800	147064800	chr6_146916800	7	148000	0.0479945667457124	7	0.0479945667457124	6	0.524395861067449	::N-B03::B-A07::N-A07::B3-5::N-B10::B3-7::N3-7::	3
chr7	16504200	16652200	chr7_16504200	7	148000	0.0479945667457124	7	0.0479945667457124	5	4.91110981484297	::B-A11::B-B04::B-2-14::N-2-14::B-1-10::B-B10::N-B10::	6
chr7	28780800	28928800	chr7_28780800	7	148000	0.0479945667457124	7	0.0479945667457124	5	4.91110981484297	::N-2-21::B-B07::N3-6::N-A04::B-A04::N3-16::B3-16::	1
chr7	49478400	49626400	chr7_49478400	10	148000	1.75287989652585e-05	10	1.75287989652585e-05	7	0.0479945667457124	::N-A07::B-A05::N-A05::N-3-1::B-3-1::B-B02::N-B02::N-A11::N-2-21::B3-c-10::	7
chr7	59231200	59379200	chr7_59231200	8	148000	0.00384355366262285	8	0.00384355366262285	7	0.0479945667457124	::N3-16::B-3-1::B-B07::N-B07::N-B02::B3-c-10::B-A04::N3-12::	4
chr7	102046200	102194200	chr7_102046200	8	148000	0.00384355366262285	8	0.00384355366262285	6	0.524395861067449	::B-1-7::B-A05::B-B07::N-B07::B-1-10::B-B05::N3-c-9::B3-c-9::	4
chr7	121691500	121839500	chr7_121691500	22	148000	2.70594474971715e-22	22	2.70594474971715e-22	2	1120.56825394962	::B3-c-32::N-2-21::N-A10::N-B04::N-3-1::N-A11::N-2-15::N3-16::N-2-14::N-B05::N-A02::N-B07::N-B09::N-A12::N-1-7::N-A07::N-A04::N-B10::N3-19::N3-c-10::N3-5::N-2-23::	22
chr7	136389300	136537300	chr7_136389300	53	148000	7.206392730833e-77	53	7.206392730833e-77	1	3498.14212172408	::N3-c-10::N-A02::N-2-12::N-A05::N-B11::N-A08::N-2-9::N-2-14::N3-13::N-2-26::N-B07::N-2-17::N-B04::N3-17::N-2-27::N-2-25::N-B09::N3-6::N-B05::N-A11::N3-5::N-B02::N-2-23::N-B03::N-A10::N-3-4::N3-19::N-A07::N-3-1::N-A01::N3-11::N-1-2::N-2-15::N3-16::N-1-6::N-2-21::N-A12::N3-c-32::N-A03::N-A04::N-1-10::N3-c-28::N-1-4::N3-2::N-1-7::N-B10::N3-3::N-B08::N3-7::N3-c-9::N3-12::N3-c-14::N3-15::	53
chr8	25525700	25673700	chr8_25525700	7	148000	0.0479945667457124	7	0.0479945667457124	5	4.91110981484297	::B3-3::N3-3::N3-c-28::B-B02::N-3-4::B-3-4::N-A07::	4
chr8	79572200	79720200	chr8_79572200	8	148000	0.00384355366262285	8	0.00384355366262285	6	0.524395861067449	::B-A11::B-3-4::B3-5::B-B09::N-B09::B3-6::N3-6::N-2-26::	7
chr8	80714200	80862200	chr8_80714200	8	148000	0.00384355366262285	8	0.00384355366262285	6	0.524395861067449	::N3-12::B3-7::B-A05::B-B04::N3-15::B3-15::N3-13::B3-13::	1
chr8	90830600	90978600	chr8_90830600	10	148000	1.75287989652585e-05	10	1.75287989652585e-05	6	0.524395861067449	::N3-6::B3-6::B3-7::N-A11::B-A11::B-2-27::N-2-27::N-3-1::B-3-1::B3-5::	2
chr8	109676000	109824000	chr8_109676000	12	148000	5.4505452529593e-08	12	5.4505452529593e-08	7	0.0479945667457124	::B-A10::N-B10::B-1-4::B-1-6::N-1-6::B3-19::N3-19::N3-11::B-1-7::N-1-7::B-B07::N-B07::	10
chr8	111540800	111688800	chr8_111540800	9	148000	0.000273603280244102	9	0.000273603280244102	7	0.0479945667457124	::N-1-10::B3-13::N3-16::B3-16::B-B03::B-A07::B3-5::B-A11::N-A11::	6
chr9	3005600	3153600	chr9_3005600	9	148000	0.000273603280244102	10	1.75287989652585e-05	4	38.3282322320884	::N3-6::N-B05::N3-5::N-A07::N-A08::N-1-10::N-A12::N-2-21::N-1-4::	5
chr9	21377100	21525100	chr9_21377100	9	148000	0.000273603280244102	9	0.000273603280244102	6	0.524395861067449	::N-A04::N3-c-10::B-B08::N-B08::B-1-2::N-1-2::N3-5::N-2-9::B-2-9::	4
chr9	44815400	44963400	chr9_44815400	7	148000	0.0479945667457124	7	0.0479945667457124	6	0.524395861067449	::B3-7::N-A08::N-1-7::N3-17::N3-6::B3-6::N3-12::	4
chr9	70455800	70603800	chr9_70455800	7	148000	0.0479945667457124	7	0.0479945667457124	5	4.91110981484297	::B-A07::N-A07::N3-c-9::B3-c-9::N-3-1::B3-7::N-2-21::	4
chr9	70614400	70762400	chr9_70614400	7	148000	0.0479945667457124	7	0.0479945667457124	5	4.91110981484297	::B3-5::B-1-10::N-1-4::B-2-25::N-2-25::N3-17::B3-17::	4
chr9	71981100	72129100	chr9_71981100	11	148000	1.02091676442928e-06	11	1.02091676442928e-06	9	0.000273603280244102	::B3-5::N-A07::N-1-4::B-2-25::B-2-17::N-A05::B-A05::N-1-6::B3-c-10::B-B04::N-B04::	7
chr9	90065300	90213300	chr9_90065300	7	148000	0.0479945667457124	7	0.0479945667457124	4	38.3282322320884	::B-A12::N-A12::N-B02::N-2-26::B-2-26::B-2-12::N-2-12::	4
chr9	100728800	100876800	chr9_100728800	7	148000	0.0479945667457124	7	0.0479945667457124	6	0.524395861067449	::B3-c-9::B3-5::N-A08::N-A07::N-A04::B-A04::N-1-7::	2
chr9	107740700	107888700	chr9_107740700	9	148000	0.000273603280244102	9	0.000273603280244102	7	0.0479945667457124	::N-2-25::N-B02::B-B02::N3-c-10::B-1-4::N3-7::N-A12::B-A12::N3-c-14::	4
chr9	108217900	108365900	chr9_108217900	8	148000	0.00384355366262285	8	0.00384355366262285	6	0.524395861067449	::B-A04::B3-5::N3-13::B3-13::N-B09::B3-3::N3-3::N3-5::	6
chr9	108527800	108675800	chr9_108527800	9	148000	0.000273603280244102	10	1.75287989652585e-05	8	0.00384355366262285	::B-B04::B-A01::N-2-21::N-B04::N-B10::B-2-23::B-1-7::N-1-7::N3-c-9::	7
chr9	110536800	110684800	chr9_110536800	8	148000	0.00384355366262285	8	0.00384355366262285	8	0.00384355366262285	::N3-12::B-2-12::B-2-14::N-2-23::B-1-4::B-A08::B-A11::N-1-10::	2
chr9	116143300	116291300	chr9_116143300	7	148000	0.0479945667457124	8	0.00384355366262285	5	4.91110981484297	::B-3-1::N-A07::B3-5::B-1-7::B3-6::N3-6::N-1-7::	7
chrUn_GL456393	1400	149400	chrUn_GL456393_1400	7	148000	0.0479945667457124	7	0.0479945667457124	7	0.0479945667457124	::N-B11::B-1-10::B3-7::N3-c-28::N-A03::B-A08::N3-c-14::	3
chrX	18139400	18287400	chrX_18139400	23	148000	7.53740669727465e-24	25	5.15623164055528e-27	19	9.50820014742497e-18	::N3-3::N-1-6::N-B09::N-B10::B-1-2::N-1-2::B-1-6::B3-7::N3-7::N3-c-9::B3-c-9::B-A02::N-2-15::N3-c-14::N-2-17::B-2-17::B3-12::N3-17::B3-17::B3-3::N3-12::B-A11::N-A02::	9
chrX	77544000	77692000	chrX_77544000	7	148000	0.0479945667457124	8	0.00384355366262285	7	0.0479945667457124	::B-2-21::B3-7::B-1-10::N-B07::B-B07::B-A07::B-1-9::	6
chrX	105789200	105937200	chrX_105789200	8	148000	0.00384355366262285	9	0.000273603280244102	7	0.0479945667457124	::B-2-27::N-B04::B-B04::B-A05::B-2-15::B-2-26::N-2-26::N-B11::	5
chrX	143483000	143631000	chrX_143483000	11	148000	1.02091676442928e-06	12	5.4505452529593e-08	2	1120.56825394962	::N-3-1::N-2-15::N-B02::N3-11::N3-c-10::N3-12::N-2-23::N3-6::N-A10::N-A08::N-B11::	9
chrX	151774300	151922300	chrX_151774300	11	148000	1.02091676442928e-06	11	1.02091676442928e-06	8	0.00384355366262285	::B-2-21::N3-7::N-B02::B-A08::N-A08::N-A12::B-A02::N-A02::N-B10::B-B10::B-B03::	5
