chr10	7673100	7828100	chr10_7673100	9	155000	0.00467041008368779	9	0.00467041008368779	7	0.439142198939738	::B3-2::N-A12::B3-2-21::N3-7::B3-1-15::B-A03::B-A08::B-B02::B3-7::	5
chr10	42767500	42922500	chr10_42767500	12	155000	2.3708528152105e-06	12	2.3708528152105e-06	8	0.0480348407238289	::B-2-25::N-2-25::B-A11::N-A11::N-B02::B3-12::N3-6::N3-18::B3-18::B-2-21::N-A07::B-A07::	6
chr10	43574800	43729800	chr10_43574800	9	155000	0.00467041008368779	9	0.00467041008368779	6	3.51286971052071	::B3-1::N3-1::B-1-10::N3-6::B-B07::N-B02::B3-1-15::B-A03::B-A08::	2
chr10	78213500	78368500	chr10_78213500	8	155000	0.0480348407238289	8	0.0480348407238289	7	0.439142198939738	::N3-6::B-1-4::B3-c-10::N3-c-10::N-B03::N-B10::N-3-4::N-A10::	4
chr10	93172800	93327800	chr10_93172800	8	155000	0.0480348407238289	9	0.00467041008368779	7	0.439142198939738	::B3-12::B3-3::N3-3::N-2-21::B-2-21::B-1-2::B3-5::N3-c-14::	5
chr10	108173700	108328700	chr10_108173700	13	155000	1.5958880063239e-07	14	9.9750606499828e-09	9	0.00467041008368779	::N-B04::N-A04::N3-1-5::N3-1-15::N-A03::B3-2-22::B-B10::N3-5::N-A08::B-A03::N-1-6::B-B09::N-B02::	7
chr10	116455000	116610000	chr10_116455000	10	155000	0.000408692045586251	10	0.000408692045586251	6	3.51286971052071	::N-1-9::B-B05::N-B05::N-B02::B-A12::N3-7::N-A12::B3-16::B3-4::B-2-21::	9
chr10	117265300	117420300	chr10_117265300	8	155000	0.0480348407238289	8	0.0480348407238289	7	0.439142198939738	::N-2-21::N3-8::B3-7::B-B09::B-A10::N-B10::B-B10::B-1-10::	2
chr10	123029800	123184800	chr10_123029800	9	155000	0.00467041008368779	9	0.00467041008368779	7	0.439142198939738	::N-B03::N-2-17::B-A05::N3-c-28::N3-4::N3-16::B3-5::B3-11::N3-11::	6
chr10	128065100	128220100	chr10_128065100	9	155000	0.00467041008368779	9	0.00467041008368779	5	24.0864126853698	::B3-c-9::N-1-2::B-B07::B3-1-2::N3-1-2::N-B07::N3-1-11::N-B08::B-B08::	4
chr11	3190500	3345500	chr11_3190500	9	155000	0.00467041008368779	9	0.00467041008368779	5	24.0864126853698	::B3-14::B-A08::N-A08::B3-12::N3-13::N3-10::B3-10::B3-13::B3-2-7::	4
chr11	4992300	5147300	chr11_4992300	8	155000	0.0480348407238289	8	0.0480348407238289	5	24.0864126853698	::N3-1-15::B3-1-15::B3-c-28::N-A10::B-A10::N3-c-14::N-B05::B-B05::	1
chr11	20006400	20161400	chr11_20006400	9	155000	0.00467041008368779	11	3.25120736202689e-05	7	0.439142198939738	::N-A05::B-A05::B3-1-11::B-B02::N3-1-11::B3-7::N3-2-2::N-A01::B-A01::	5
chr11	23260100	23415100	chr11_23260100	9	155000	0.00467041008368779	9	0.00467041008368779	6	3.51286971052071	::B-A01::N-2-23::B3-19::N3-19::B3-c-14::N3-c-14::B3-c-10::N3-17::B3-17::	6
chr11	29174600	29329600	chr11_29174600	10	155000	0.000408692045586251	10	0.000408692045586251	8	0.0480348407238289	::N3-19::B3-19::N-2-12::B-2-21::B-1-4::B3-7::B3-2::N3-2::B3-c-28::N3-14::	5
chr11	51629000	51784000	chr11_51629000	8	155000	0.0480348407238289	8	0.0480348407238289	5	24.0864126853698	::B-B09::N3-21::N3-2-36::B3-c-32::B3-2-36::N-2-27::N-A12::B-A12::	0
chr11	69597100	69752100	chr11_69597100	9	155000	0.00467041008368779	11	3.25120736202689e-05	6	3.51286971052071	::N3-3::B3-7::N3-1-2::N-B07::B3-1-2::B-B07::N-B03::B-B03::N-A08::	1
chr11	74560800	74715800	chr11_74560800	10	155000	0.000408692045586251	10	0.000408692045586251	5	24.0864126853698	::N3-7::N3-11::B-1-10::N-3-1::B-3-1::N-B07::N3-1-2::N-1-4::B3-1-2::B-B07::	1
chr11	77574400	77729400	chr11_77574400	9	155000	0.00467041008368779	11	3.25120736202689e-05	8	0.0480348407238289	::N-B03::N-A11::B3-3::N3-3::N-A04::B3-c-10::N3-c-10::N-A02::B-A02::	8
chr11	79420500	79575500	chr11_79420500	13	155000	1.5958880063239e-07	19	3.66804896642579e-15	14	9.9750606499828e-09	::N3-c-9::B-A05::N-A05::B3-19::B-A11::N-A11::N3-15::B3-15::B3-c-10::B3-14::B3-3::N3-1-13::N-A07::	7
chr11	86211100	86366100	chr11_86211100	9	155000	0.00467041008368779	9	0.00467041008368779	5	24.0864126853698	::N-1-7::N3-c-10::B3-9::N3-9::N3-1-11::N-B02::B-B02::B3-1-11::B3-1-3::	3
chr11	86693000	86848000	chr11_86693000	10	155000	0.000408692045586251	10	0.000408692045586251	8	0.0480348407238289	::B-2-25::N-1-7::B3-3::B-A04::N-A04::B-2-26::N3-4::B3-4::N-B11::B3-c-9::	6
chr11	88050600	88205600	chr11_88050600	8	155000	0.0480348407238289	9	0.00467041008368779	6	3.51286971052071	::B3-c-9::B3-15::N3-15::N-B08::B-B08::N3-3::B3-3::N-A04::	3
chr11	88528300	88683300	chr11_88528300	11	155000	3.25120736202689e-05	11	3.25120736202689e-05	7	0.439142198939738	::N-B10::B-1-2::B-A03::B-A08::B3-1-15::N-A03::N3-1-15::B-2-25::N-1-2::N-2-15::B3-c-10::	8
chr11	93909700	94064700	chr11_93909700	8	155000	0.0480348407238289	8	0.0480348407238289	6	3.51286971052071	::N3-5::B-A12::N-1-10::N3-c-28::N3-1-13::B3-1-13::N-B09::B-B09::	3
chr11	95370900	95525900	chr11_95370900	8	155000	0.0480348407238289	9	0.00467041008368779	6	3.51286971052071	::B-2-25::B-A04::B3-1-11::N3-1-11::N-B02::B-B02::N-A04::N-2-15::	4
chr11	100838300	100993300	chr11_100838300	9	155000	0.00467041008368779	10	0.000408692045586251	8	0.0480348407238289	::N3-c-9::B-A10::B3-2-22::B3-11::N3-11::N3-3::B-B07::B-A11::N-A11::	8
chr11	104372000	104527000	chr11_104372000	16	155000	3.18263359505585e-11	18	7.96429899333981e-14	13	1.5958880063239e-07	::B-3-1::B-2-12::N-2-12::N3-c-14::N3-7::N-2-25::N-2-14::B3-c-14::B-1-6::B-3-4::B3-21::N-3-4::N3-21::B-1-4::B3-3::N3-3::	11
chr11	105188000	105343000	chr11_105188000	8	155000	0.0480348407238289	8	0.0480348407238289	6	3.51286971052071	::B3-c-14::N-A08::B-B03::N-B03::N-A01::B-2-27::N-2-27::N3-2-21::	6
chr11	106802000	106957000	chr11_106802000	12	155000	2.3708528152105e-06	14	9.9750606499828e-09	12	2.3708528152105e-06	::N3-6::B3-6::B3-c-9::B-2-26::B-2-23::B-B04::B3-1-5::N-A10::N3-c-10::B3-c-10::N3-2-22::B3-c-28::	8
chr11	118224600	118379600	chr11_118224600	9	155000	0.00467041008368779	9	0.00467041008368779	7	0.439142198939738	::N3-5::B3-7::N3-7::N3-9::B3-9::B3-5::B3-3::N-A07::N3-1-11::	4
chr11	120899000	121054000	chr11_120899000	8	155000	0.0480348407238289	8	0.0480348407238289	4	137.626148955566	::N-B02::N3-8::N3-11::B3-8::B3-11::B-B10::N-B10::B-1-7::	3
chr12	3440200	3595200	chr12_3440200	8	155000	0.0480348407238289	8	0.0480348407238289	6	3.51286971052071	::B3-c-9::N-A04::B-A04::B-1-2::B-1-4::B-B09::B-B10::N-B10::	3
chr12	8921200	9076200	chr12_8921200	10	155000	0.000408692045586251	10	0.000408692045586251	7	0.439142198939738	::N-1-2::B-1-2::N3-1-2::N-B09::B3-14::N3-14::B-A01::N-1-10::N3-2-7::B3-2-7::	4
chr12	17379000	17534000	chr12_17379000	9	155000	0.00467041008368779	9	0.00467041008368779	2	2156.7502853423	::N3-1-13::B3-1-13::N3-14::N3-2-37::N-1-4::N3-5::N3-7::N-1-10::N-1-9::	7
chr12	83638000	83793000	chr12_83638000	9	155000	0.00467041008368779	9	0.00467041008368779	5	24.0864126853698	::N-B05::B-B05::B-A12::N-A12::N-A07::B-A07::B3-1-11::N3-1-11::B-1-10::	5
chr12	105758800	105913800	chr12_105758800	9	155000	0.00467041008368779	9	0.00467041008368779	7	0.439142198939738	::B-B07::B3-2::N3-2-2::N3-2-7::B3-2-7::B-B05::N-B05::B3-c-28::B-A01::	2
chr13	3562500	3717500	chr13_3562500	9	155000	0.00467041008368779	9	0.00467041008368779	6	3.51286971052071	::N-2-21::B-2-21::B3-1-15::B-A03::N3-2::B3-8::B3-11::N3-14::B-1-10::	2
chr13	9101600	9256600	chr13_9101600	10	155000	0.000408692045586251	10	0.000408692045586251	5	24.0864126853698	::B-2-23::N3-19::B3-19::N3-1-15::N-A03::B-A03::B3-1-15::B-A08::N-1-10::N3-12::	2
chr13	17697500	17852500	chr13_17697500	12	155000	2.3708528152105e-06	13	1.5958880063239e-07	7	0.439142198939738	::B3-12::B3-14::N3-14::B3-8::N3-8::N3-c-32::B-3-4::N-3-4::B3-19::N3-19::N-A05::B-A05::	11
chr13	43302300	43457300	chr13_43302300	11	155000	3.25120736202689e-05	12	2.3708528152105e-06	6	3.51286971052071	::B-A05::B-2-14::N-2-14::B3-19::N3-19::N-A12::B-A12::B3-11::B3-8::N3-8::N3-11::	9
chr13	44738700	44893700	chr13_44738700	9	155000	0.00467041008368779	9	0.00467041008368779	9	0.00467041008368779	::B3-5::N-B02::N3-2-22::N-A07::N3-6::B3-12::N-B07::N3-18::B3-14::	2
chr13	46685100	46840100	chr13_46685100	8	155000	0.0480348407238289	8	0.0480348407238289	7	0.439142198939738	::B3-2-22::B-B10::N-B10::N3-2-2::B-3-4::B3-5::B-A08::B-1-7::	6
chr13	85130700	85285700	chr13_85130700	13	155000	1.5958880063239e-07	15	5.81922910242516e-10	12	2.3708528152105e-06	::N3-7::N3-c-10::N3-2::N-B03::B-B03::N-1-10::B3-15::N3-15::N-A05::B-A05::B-B10::N3-14::B3-2::	11
chr13	94600200	94755200	chr13_94600200	11	155000	3.25120736202689e-05	11	3.25120736202689e-05	1	4929.33904118935	::N-2-14::N3-18::N-B03::N-A04::N-3-4::N3-3::N-2-23::N3-2-2::N3-4::N3-16::N3-2::	11
chr13	103742500	103897500	chr13_103742500	10	155000	0.000408692045586251	12	2.3708528152105e-06	10	0.000408692045586251	::B-A03::N3-c-10::N-B02::B3-5::N-1-10::N3-c-9::B-A02::N3-1-15::B3-1-15::N-B09::	5
chr14	20593200	20748200	chr14_20593200	8	155000	0.0480348407238289	10	0.000408692045586251	7	0.439142198939738	::B3-c-14::N-B05::B-B05::B3-5::B3-c-10::N3-c-14::N-2-25::B-2-25::	3
chr14	31051300	31206300	chr14_31051300	11	155000	3.25120736202689e-05	11	3.25120736202689e-05	6	3.51286971052071	::B3-c-10::N3-c-10::B3-12::N3-1-13::B3-1-13::N3-c-28::B3-c-28::N3-21::N-3-4::B3-21::B-3-4::	1
chr14	52087100	52242100	chr14_52087100	9	155000	0.00467041008368779	9	0.00467041008368779	6	3.51286971052071	::B-2-14::B3-16::B3-4::N3-21::B3-1-13::B-A07::N-A07::N-1-10::B3-c-28::	5
chr14	56697000	56852000	chr14_56697000	9	155000	0.00467041008368779	9	0.00467041008368779	5	24.0864126853698	::B-A02::N-A02::B3-c-9::B-2-23::B-B07::B3-1-2::N-B07::N3-1-2::N-A08::	8
chr14	67004500	67159500	chr14_67004500	10	155000	0.000408692045586251	10	0.000408692045586251	6	3.51286971052071	::N3-9::B3-9::N3-1-13::B-B02::N3-7::N3-8::N3-11::B3-8::B3-11::B-1-10::	2
chr14	73216200	73371200	chr14_73216200	21	155000	6.68756742639912e-18	25	1.29160906856824e-23	16	3.18263359505585e-11	::B3-1-15::N3-1-15::N-B02::B-B11::N-B11::N-A03::N-A08::N3-19::B-B02::B3-12::B3-8::N3-8::B3-c-14::B3-c-10::N3-c-10::N-A01::N3-1-5::N-B04::B3-1-5::B-B04::B-1-4::	18
chr15	8300500	8455500	chr15_8300500	8	155000	0.0480348407238289	9	0.00467041008368779	8	0.0480348407238289	::B3-12::N-2-21::N3-c-32::B3-1::B-2-17::B3-c-10::B-2-25::N-2-25::	5
chr15	37985500	38140500	chr15_37985500	8	155000	0.0480348407238289	9	0.00467041008368779	6	3.51286971052071	::N3-5::B-3-1::N-3-1::B3-10::B-A01::N-A01::B-B04::B3-1-5::	7
chr15	51837400	51992400	chr15_51837400	12	155000	2.3708528152105e-06	12	2.3708528152105e-06	8	0.0480348407238289	::N-2-21::N-3-1::B-3-1::N-2-9::N-B05::B-B05::B-1-10::B-B03::N-B03::N3-3::B3-9::N3-9::	7
chr15	73113100	73268100	chr15_73113100	14	155000	9.9750606499828e-09	17	1.63824515092667e-12	7	0.439142198939738	::N3-3::B3-3::N3-1::N3-13::N3-10::B3-10::B3-1::B3-13::B-1-6::N-1-6::B3-19::N3-19::B-A08::N-A08::	4
chr15	77140100	77295100	chr15_77140100	11	155000	3.25120736202689e-05	12	2.3708528152105e-06	8	0.0480348407238289	::N3-2-21::N-B07::B-B07::N3-7::B3-1-15::N3-c-28::N-3-4::B-A04::B-A03::N3-1-15::N-A03::	7
chr15	80833500	80988500	chr15_80833500	8	155000	0.0480348407238289	8	0.0480348407238289	6	3.51286971052071	::N3-1::B-A11::B3-13::B3-10::N3-c-28::N3-1-5::N-B04::N3-2-22::	2
chr15	96329600	96484600	chr15_96329600	9	155000	0.00467041008368779	10	0.000408692045586251	7	0.439142198939738	::N3-2-22::B3-c-14::B-2-14::N-2-14::B3-c-32::B3-2-36::B3-9::N3-9::B-1-10::	7
chr15	100143000	100298000	chr15_100143000	8	155000	0.0480348407238289	8	0.0480348407238289	6	3.51286971052071	::N-B11::B3-c-9::B-B09::N-B09::N3-21::N3-c-14::B-2-26::N-2-26::	7
chr15	102030000	102185000	chr15_102030000	8	155000	0.0480348407238289	8	0.0480348407238289	6	3.51286971052071	::B3-2-22::N3-10::N3-13::B3-5::B-1-4::N3-3::B3-3::B-2-26::	3
chr15	102396300	102551300	chr15_102396300	9	155000	0.00467041008368779	9	0.00467041008368779	7	0.439142198939738	::B-A04::B3-c-14::B-2-25::N-2-25::N3-19::B3-19::B3-c-9::B-A08::B3-5::	4
chr15	103190500	103345500	chr15_103190500	9	155000	0.00467041008368779	9	0.00467041008368779	7	0.439142198939738	::B3-9::N3-9::B-2-21::N3-2-2::B3-2-2::N-B09::N3-c-9::B-B11::N-B10::	3
chr16	4489900	4644900	chr16_4489900	12	155000	2.3708528152105e-06	12	2.3708528152105e-06	3	629.100136205654	::B3-10::B3-1::B3-13::N3-13::N3-1::N3-10::N-B10::B-B10::N3-16::N3-4::B3-16::B3-4::	6
chr16	17365800	17520800	chr16_17365800	8	155000	0.0480348407238289	9	0.00467041008368779	8	0.0480348407238289	::N3-c-28::B3-c-28::N3-c-14::B3-8::N3-8::N3-3::B3-2-22::N3-2-22::	5
chr16	33392500	33547500	chr16_33392500	8	155000	0.0480348407238289	8	0.0480348407238289	5	24.0864126853698	::B3-1-13::N3-16::B3-16::N-A12::B-A12::N-A05::N3-4::B3-4::	1
chr16	38098300	38253300	chr16_38098300	8	155000	0.0480348407238289	9	0.00467041008368779	7	0.439142198939738	::N-1-6::B-1-6::N-A07::B-2-25::B-A05::N3-12::N-B05::N-A05::	1
chr16	43330800	43485800	chr16_43330800	8	155000	0.0480348407238289	8	0.0480348407238289	5	24.0864126853698	::N-B10::N-1-7::B-A12::N-B03::B3-10::B3-13::N3-10::N3-13::	6
chr16	94491700	94646700	chr16_94491700	11	155000	3.25120736202689e-05	11	3.25120736202689e-05	9	0.00467041008368779	::N-A10::N-A07::B3-5::B-1-2::N-1-2::B-A04::N3-2-2::N3-9::B3-9::N-B02::B-1-10::	6
chr17	3131800	3286800	chr17_3131800	9	155000	0.00467041008368779	9	0.00467041008368779	7	0.439142198939738	::N3-17::N3-15::B3-15::B-3-4::N-3-4::N-B05::B-A05::N-A12::B3-9::	4
chr17	5075000	5230000	chr17_5075000	9	155000	0.00467041008368779	9	0.00467041008368779	8	0.0480348407238289	::N-2-15::N-B08::B3-1::N-A02::B-A02::N3-6::N-3-1::N-A04::B-1-4::	3
chr17	10232100	10387100	chr17_10232100	13	155000	1.5958880063239e-07	14	9.9750606499828e-09	10	0.000408692045586251	::N-A04::B-A04::B3-14::N3-c-9::N-A10::N3-17::B3-17::B-B08::N3-14::B-2-26::N-A02::B-A02::B-A10::	2
chr17	25842700	25997700	chr17_25842700	11	155000	3.25120736202689e-05	11	3.25120736202689e-05	5	24.0864126853698	::N-1-6::N-A04::B3-7::B-B07::B3-1-2::N-B07::N3-1-2::N3-10::N3-13::B3-10::B3-13::	5
chr17	26652200	26807200	chr17_26652200	9	155000	0.00467041008368779	10	0.000408692045586251	6	3.51286971052071	::B3-2::N3-2::B-2-23::N-B07::N-B11::B-B11::B-B07::B3-1-2::N3-1-2::	6
chr17	30006600	30161600	chr17_30006600	12	155000	2.3708528152105e-06	13	1.5958880063239e-07	6	3.51286971052071	::B-3-4::B3-21::N3-21::N-3-4::N3-9::B3-9::B3-1-3::N3-1-3::N-2-12::B3-1-5::N-B04::N3-1-5::	9
chr17	32210700	32365700	chr17_32210700	15	155000	5.81922910242516e-10	16	3.18263359505585e-11	10	0.000408692045586251	::B-2-21::B3-9::N3-9::N3-c-10::B-A10::N3-12::B-2-17::N-2-17::B3-13::B3-10::N3-10::N3-13::B3-6::N3-6::B3-1-11::	12
chr17	33660500	33815500	chr17_33660500	12	155000	2.3708528152105e-06	12	2.3708528152105e-06	7	0.439142198939738	::B3-c-10::B-2-23::N-2-23::N3-21::N-3-4::B-3-4::B3-21::B-B10::N-B10::B-B05::N-B05::N-A07::	5
chr17	65800900	65955900	chr17_65800900	8	155000	0.0480348407238289	8	0.0480348407238289	7	0.439142198939738	::N3-c-28::B-B02::N-A05::B-A05::N-A04::N3-6::B-1-2::B-3-4::	3
chr18	4979900	5134900	chr18_4979900	9	155000	0.00467041008368779	10	0.000408692045586251	7	0.439142198939738	::N-1-10::N-3-1::B-3-1::N3-c-28::B3-5::N3-1-15::N-A03::B3-2-22::N3-2-22::	3
chr18	7873900	8028900	chr18_7873900	10	155000	0.000408692045586251	11	3.25120736202689e-05	9	0.00467041008368779	::N3-7::B-A10::N-A10::N-3-1::B-1-7::N3-15::B3-15::N-1-2::B3-17::B3-1::	4
chr18	31667700	31822700	chr18_31667700	9	155000	0.00467041008368779	9	0.00467041008368779	5	24.0864126853698	::N-B08::B3-1-13::N-1-7::N3-8::N3-11::B3-8::B3-11::N3-18::B3-18::	1
chr18	34251700	34406700	chr18_34251700	8	155000	0.0480348407238289	9	0.00467041008368779	7	0.439142198939738	::N-B03::N3-1-13::B3-11::B3-c-32::N-A07::N-A05::N-B02::B-B02::	4
chr18	35556000	35711000	chr18_35556000	9	155000	0.00467041008368779	9	0.00467041008368779	7	0.439142198939738	::N3-c-28::B3-7::B-A10::N-A10::B-A01::N-A01::B3-c-10::N-1-4::N-B03::	8
chr18	61470100	61625100	chr18_61470100	9	155000	0.00467041008368779	9	0.00467041008368779	4	137.626148955566	::N3-17::N-A02::B-A02::N3-1-2::N-B07::B3-1-2::B-B07::N-2-26::B-2-26::	0
chr18	73578000	73733000	chr18_73578000	15	155000	5.81922910242516e-10	16	3.18263359505585e-11	11	3.25120736202689e-05	::B3-2-22::N3-2-22::N-1-2::B-2-12::N-2-12::B-1-7::N-A12::B-A12::B-A05::B3-c-32::B-A02::N-A02::B-3-1::N-3-1::N3-7::	12
chr19	3460500	3615500	chr19_3460500	15	155000	5.81922910242516e-10	15	5.81922910242516e-10	14	9.9750606499828e-09	::N3-c-9::B3-5::N-B10::N-B05::N3-12::N-A10::B-A10::B-B03::B3-c-9::N3-16::B-1-10::N-2-21::B-1-4::B-A08::B-2-23::	8
chr19	3792100	3947100	chr19_3792100	9	155000	0.00467041008368779	9	0.00467041008368779	6	3.51286971052071	::B3-7::N-B02::B3-2-36::N-A11::B-A12::N-A12::N3-2-7::B3-2-7::B-2-26::	4
chr19	11916100	12071100	chr19_11916100	8	155000	0.0480348407238289	8	0.0480348407238289	5	24.0864126853698	::N3-c-9::B3-14::B-B04::B3-1-5::B-2-9::N-2-9::B-B02::N-B02::	5
chr19	21567800	21722800	chr19_21567800	9	155000	0.00467041008368779	9	0.00467041008368779	6	3.51286971052071	::N3-c-28::B3-c-28::N3-1-11::B3-1-11::B3-1-3::N3-1-3::B-1-4::N-B02::N-A08::	3
chr2	18120200	18275200	chr2_18120200	11	155000	3.25120736202689e-05	11	3.25120736202689e-05	7	0.439142198939738	::B3-2-2::B3-c-9::N-2-17::B-2-17::N-A03::N3-6::B-B07::B3-1-2::N-B07::N3-1-2::N-B02::	6
chr2	26388200	26543200	chr2_26388200	12	155000	2.3708528152105e-06	14	9.9750606499828e-09	8	0.0480348407238289	::B3-3::N3-1-13::B-A07::N-3-4::N3-21::B-3-4::B3-21::B-3-1::N-3-1::B3-5::N-A04::B-1-10::	8
chr2	48816400	48971400	chr2_48816400	10	155000	0.000408692045586251	10	0.000408692045586251	6	3.51286971052071	::B3-c-10::B-A12::N-A12::B-A11::N-A11::B3-7::N-A02::B-A02::N3-1-3::B3-1-3::	5
chr2	49411700	49566700	chr2_49411700	14	155000	9.9750606499828e-09	14	9.9750606499828e-09	13	1.5958880063239e-07	::B3-c-9::B3-7::B3-c-10::N3-2-22::N-A11::N3-8::N3-c-9::B-A01::B-B08::N-B08::N-3-4::B-B05::B-2-23::B3-5::	8
chr2	65120400	65275400	chr2_65120400	8	155000	0.0480348407238289	8	0.0480348407238289	5	24.0864126853698	::B3-7::N3-13::N3-10::B3-10::N3-1-11::B-A05::N-A04::B-A04::	1
chr2	75603400	75758400	chr2_75603400	9	155000	0.00467041008368779	9	0.00467041008368779	4	137.626148955566	::N3-2-22::B-2-25::B3-10::B3-1::B3-13::N3-13::N3-1::N3-10::N-2-14::	9
chr2	80481900	80636900	chr2_80481900	8	155000	0.0480348407238289	8	0.0480348407238289	5	24.0864126853698	::N-B02::N3-9::B3-9::B-1-6::N3-1-11::N3-c-9::N-B03::B-B03::	2
chr2	84603600	84758600	chr2_84603600	8	155000	0.0480348407238289	9	0.00467041008368779	6	3.51286971052071	::N-B09::B-B09::B3-c-10::N-A12::N3-10::B3-10::B-A08::N-A08::	5
chr2	98529200	98684200	chr2_98529200	52	155000	6.76456627200594e-68	108	2.33935102282284e-177	21	6.68756742639912e-18	::N3-8::N-A08::N3-14::N-B05::N-B10::N3-7::N3-1-13::N-A10::N3-18::N3-1-15::N3-17::N3-c-14::N-B09::N-2-17::N-A01::N-B02::N3-4::N3-2-2::N3-2-22::N-1-10::N-A11::N-B07::N-2-15::N-1-2::N3-1-3::N3-1-11::N3-11::N3-12::N3-5::N3-10::N-B03::N3-21::N3-c-9::N3-1::N3-13::N3-19::N-1-7::N3-2-36::N3-15::N-B08::N3-1-2::N-2-23::N-3-1::N-2-21::N-B11::N-A03::B-1-10::N-1-4::N-A04::B3-11::N3-c-10::B3-14::	47
chr2	103650100	103805100	chr2_103650100	8	155000	0.0480348407238289	9	0.00467041008368779	8	0.0480348407238289	::B3-10::N3-14::N-1-2::B-1-2::N3-12::N-A07::N-2-15::B3-c-10::	3
chr2	117126100	117281100	chr2_117126100	8	155000	0.0480348407238289	8	0.0480348407238289	7	0.439142198939738	::B3-19::N-2-23::B-2-23::B-A08::B-B10::B-A02::N-3-1::B3-c-9::	1
chr2	153328000	153483000	chr2_153328000	10	155000	0.000408692045586251	10	0.000408692045586251	7	0.439142198939738	::N3-7::N3-1-11::N-2-27::B-2-27::N3-14::B-A12::N-A12::N3-12::B-A04::N-A04::	4
chr2	154746200	154901200	chr2_154746200	12	155000	2.3708528152105e-06	12	2.3708528152105e-06	10	0.000408692045586251	::B3-c-9::B3-9::B3-14::B-B02::N-A05::B3-12::B3-c-10::N-A07::B-A07::B3-2-21::N3-2-21::B3-c-14::	4
chr2	155352800	155507800	chr2_155352800	8	155000	0.0480348407238289	8	0.0480348407238289	5	24.0864126853698	::N-3-4::N-3-1::N-2-27::B-2-27::N3-21::B3-21::B-3-4::N-B09::	0
chr2	156093600	156248600	chr2_156093600	11	155000	3.25120736202689e-05	11	3.25120736202689e-05	7	0.439142198939738	::N-B02::N-1-2::B-1-2::B-2-14::N-2-14::N3-c-14::B3-c-14::N3-18::B3-18::B3-8::B3-11::	5
chr2	160678100	160833100	chr2_160678100	10	155000	0.000408692045586251	13	1.5958880063239e-07	10	0.000408692045586251	::B3-12::B3-14::N3-14::N-A08::B-A04::N-A04::B3-2-2::N3-2-2::N-B03::N3-6::	10
chr2	160975600	161130600	chr2_160975600	10	155000	0.000408692045586251	10	0.000408692045586251	8	0.0480348407238289	::N3-16::B3-16::N-B03::B-A01::N-A01::N-B02::B3-9::N3-9::N3-1-11::N3-12::	5
chr2	165832600	165987600	chr2_165832600	10	155000	0.000408692045586251	10	0.000408692045586251	5	24.0864126853698	::B3-9::N3-9::B-2-27::B3-1-13::B-A07::N-2-27::N-A07::B-1-10::B-1-7::B3-1-2::	9
chr2	168078200	168233200	chr2_168078200	11	155000	3.25120736202689e-05	11	3.25120736202689e-05	8	0.0480348407238289	::N-B09::B3-9::N3-9::B3-7::B-2-23::N-2-23::B-2-25::N-2-25::N3-1::B-1-4::B-A05::	9
chr3	31013600	31168600	chr3_31013600	8	155000	0.0480348407238289	9	0.00467041008368779	7	0.439142198939738	::N-A05::N3-15::B-1-4::B3-6::N3-6::N-2-21::B-A04::N-A04::	9
chr3	51239100	51394100	chr3_51239100	8	155000	0.0480348407238289	8	0.0480348407238289	5	24.0864126853698	::B-A02::N-A02::N3-19::N-1-6::B-B07::N3-1-2::N-B07::B3-18::	7
chr3	51943100	52098100	chr3_51943100	8	155000	0.0480348407238289	8	0.0480348407238289	4	137.626148955566	::N-A04::B3-c-9::B-2-17::N-2-17::N3-10::N3-13::B3-10::B3-13::	3
chr3	58442000	58597000	chr3_58442000	8	155000	0.0480348407238289	8	0.0480348407238289	6	3.51286971052071	::B-B02::N-B09::N3-c-14::B3-c-14::B-1-7::N-A11::B-A11::N-B02::	2
chr3	60501700	60656700	chr3_60501700	9	155000	0.00467041008368779	10	0.000408692045586251	7	0.439142198939738	::B3-2-7::B-2-14::N-2-21::B-A11::N-A11::B-2-12::N3-21::B3-21::N-A07::	4
chr3	69010300	69165300	chr3_69010300	12	155000	2.3708528152105e-06	12	2.3708528152105e-06	9	0.00467041008368779	::B3-3::N3-7::B-2-14::N-A10::B-A10::B-B03::N-B03::N3-15::B3-15::B-B09::B-B08::N-B08::	8
chr3	85976600	86131600	chr3_85976600	8	155000	0.0480348407238289	8	0.0480348407238289	6	3.51286971052071	::N-2-14::B-A01::N-A01::N3-14::B-A11::N-A11::N3-2::B-1-4::	5
chr3	88584600	88739600	chr3_88584600	8	155000	0.0480348407238289	8	0.0480348407238289	6	3.51286971052071	::B-B04::N3-14::B-B05::N-B05::N3-c-9::B3-7::B-2-12::N-2-12::	5
chr3	88954600	89109600	chr3_88954600	11	155000	3.25120736202689e-05	12	2.3708528152105e-06	10	0.000408692045586251	::B-B10::B3-1-2::B-B02::N3-1-3::B-B03::B3-1-11::N3-1-11::N3-6::B3-5::N3-1-2::N-B07::	7
chr3	108119700	108274700	chr3_108119700	8	155000	0.0480348407238289	8	0.0480348407238289	4	137.626148955566	::N-B02::B-B02::N-2-26::B-2-26::B-B10::N-B10::N-2-12::B-2-12::	2
chr3	135440200	135595200	chr3_135440200	18	155000	7.96429899333981e-14	21	6.68756742639912e-18	12	2.3708528152105e-06	::B-B05::B3-1-15::B-1-10::N3-10::N3-4::B3-4::N3-8::N3-11::B3-7::B3-8::B3-11::B-2-14::B-B02::B-A03::N-A08::N3-1-15::N-A03::B3-c-9::	10
chr3	142797300	142952300	chr3_142797300	8	155000	0.0480348407238289	8	0.0480348407238289	5	24.0864126853698	::N-2-27::B3-1-2::B-B07::N3-1-2::N-B07::N3-12::B3-c-9::B3-1-13::	4
chr3	144472600	144627600	chr3_144472600	9	155000	0.00467041008368779	9	0.00467041008368779	6	3.51286971052071	::B3-12::B-A02::B3-19::N3-18::B3-18::N-B03::B-B03::N-B10::B-B10::	2
chr4	34735600	34890600	chr4_34735600	8	155000	0.0480348407238289	9	0.00467041008368779	7	0.439142198939738	::N3-c-14::B-B07::B3-c-10::N3-c-28::B-A01::N3-1::B3-1::N-A01::	1
chr4	47357200	47512200	chr4_47357200	8	155000	0.0480348407238289	13	1.5958880063239e-07	8	0.0480348407238289	::N-A11::B-A11::N3-2::B3-2::N-A08::B-A08::B-B08::B3-7::	0
chr4	62687800	62842800	chr4_62687800	8	155000	0.0480348407238289	8	0.0480348407238289	4	137.626148955566	::B-1-10::B3-10::B3-13::N3-10::N3-13::N-A10::B3-9::N3-9::	7
chr4	82337000	82492000	chr4_82337000	8	155000	0.0480348407238289	8	0.0480348407238289	6	3.51286971052071	::B3-c-9::N-A07::B-A07::B3-12::B3-1-13::N3-1-13::B-2-27::N-A02::	5
chr4	126678700	126833700	chr4_126678700	11	155000	3.25120736202689e-05	11	3.25120736202689e-05	7	0.439142198939738	::N-B08::B-B08::B3-9::N3-9::N-1-2::B-1-2::B-3-4::N-3-4::N-1-7::N3-1-13::B-2-21::	7
chr4	130671000	130826000	chr4_130671000	9	155000	0.00467041008368779	9	0.00467041008368779	7	0.439142198939738	::N-3-1::B-1-4::B-3-1::B3-5::N-1-10::N-B09::B-B09::B3-2-22::N3-2-22::	5
chr4	131806200	131961200	chr4_131806200	10	155000	0.000408692045586251	10	0.000408692045586251	6	3.51286971052071	::N3-c-9::N3-7::N3-4::N3-16::B3-16::B3-4::N-1-2::B-1-2::B-1-6::N3-2-21::	2
chr4	133593000	133748000	chr4_133593000	10	155000	0.000408692045586251	11	3.25120736202689e-05	8	0.0480348407238289	::N-A03::B-A08::N-A08::B-B09::B-A10::N-A10::N3-7::N-B09::N3-5::N-1-10::	10
chr4	135226100	135381100	chr4_135226100	13	155000	1.5958880063239e-07	13	1.5958880063239e-07	9	0.00467041008368779	::B3-c-28::B3-1::N3-1::N3-13::N-A04::N-2-12::N-B10::B-B10::B3-c-10::N-A10::B-A05::N-A05::B-A07::	10
chr4	150291400	150446400	chr4_150291400	8	155000	0.0480348407238289	8	0.0480348407238289	6	3.51286971052071	::B-A05::N-A05::B3-7::N-A10::N-B02::B-1-10::N-B08::B-B08::	4
chr4	152293900	152448900	chr4_152293900	8	155000	0.0480348407238289	8	0.0480348407238289	2	2156.7502853423	::N3-16::N3-4::B3-13::B3-1::B3-10::N3-1::N3-10::N3-13::	8
chr4	154349000	154504000	chr4_154349000	12	155000	2.3708528152105e-06	12	2.3708528152105e-06	4	137.626148955566	::N-B07::N3-1-2::N-1-7::B3-2-36::B3-c-32::B-2-9::N3-1::N3-10::N3-13::B3-1::B3-13::B3-10::	0
chr4	155420000	155575000	chr4_155420000	15	155000	5.81922910242516e-10	16	3.18263359505585e-11	9	0.00467041008368779	::N3-1-11::B-2-27::B3-2-36::B3-c-32::N3-2-36::B3-2-22::B-2-25::N-2-25::N3-10::N3-1::N3-13::B3-1::N3-3::B-A11::N-A11::	10
chr4	155711200	155866200	chr4_155711200	9	155000	0.00467041008368779	9	0.00467041008368779	4	137.626148955566	::B3-c-28::N3-c-28::B3-1-5::B-B04::N-B04::N3-1-5::B-1-4::B3-19::N3-19::	9
chr5	23439800	23594800	chr5_23439800	8	155000	0.0480348407238289	9	0.00467041008368779	7	0.439142198939738	::B-A01::N-2-9::B3-12::N3-3::B3-3::N-A07::N-A05::B-A05::	3
chr5	25319400	25474400	chr5_25319400	29	155000	1.32862562172829e-29	43	3.00172670771734e-52	23	1.01204540282699e-20	::N-A05::N3-12::B3-12::B3-1-15::N3-10::N3-13::B3-13::B3-10::B-2-27::B3-2-7::N3-2-7::B-A03::N3-1-15::N-A03::B3-1-11::N3-1-11::N3-9::N-2-9::B3-1-2::B-B07::N-B07::N3-1-2::B3-2-2::N3-2-2::B3-2-22::N3-2-22::N-3-1::B3-1-3::N3-1-3::	31
chr5	28146800	28301800	chr5_28146800	31	155000	1.09396144007158e-32	40	3.3170288036077e-47	5	24.0864126853698	::N3-14::N-3-4::N-1-2::B3-5::B3-14::B3-16::N-1-7::B-2-15::B-2-14::B-1-10::B3-12::B-1-4::B3-7::B-2-21::B3-2::B3-19::B-B02::B3-c-9::N3-5::B3-6::B3-2-22::B-B10::N-B04::N-B02::N3-7::N-B05::N-2-15::N-1-10::N-A02::B-B09::B3-c-10::	23
chr5	32354300	32509300	chr5_32354300	8	155000	0.0480348407238289	8	0.0480348407238289	7	0.439142198939738	::N-2-25::B3-17::B-1-10::B-A12::N-2-17::B3-16::N3-9::B3-9::	4
chr5	34339200	34494200	chr5_34339200	8	155000	0.0480348407238289	8	0.0480348407238289	6	3.51286971052071	::B3-12::N3-3::B3-3::B-B05::N-B05::B-B10::B-A12::B-2-15::	5
chr5	65540500	65695500	chr5_65540500	14	155000	9.9750606499828e-09	15	5.81922910242516e-10	13	1.5958880063239e-07	::N-2-21::B3-7::B3-2-21::B3-13::N-A12::B-1-10::N3-1-11::B3-c-14::N-B02::N3-2-21::N-1-10::B3-14::N3-14::B3-1-3::	10
chr5	99921600	100076600	chr5_99921600	13	155000	1.5958880063239e-07	13	1.5958880063239e-07	9	0.00467041008368779	::N-3-1::N-A02::N3-1-11::B-B05::B3-14::B3-1::B3-13::B3-10::N3-1::B3-5::B3-1-15::B-A03::B-1-6::	9
chr5	103698600	103853600	chr5_103698600	10	155000	0.000408692045586251	10	0.000408692045586251	7	0.439142198939738	::B3-c-9::N-B10::B3-5::N-A07::N-1-7::N3-2-2::N3-1-11::N-B02::B-B02::B3-1-11::	4
chr5	105664700	105819700	chr5_105664700	12	155000	2.3708528152105e-06	12	2.3708528152105e-06	9	0.00467041008368779	::B3-c-9::N-A11::B-A11::N-B04::N-2-9::B-2-9::N3-2-22::N3-8::B3-8::N-B11::N3-1::N3-12::	4
chr5	108450300	108605300	chr5_108450300	9	155000	0.00467041008368779	9	0.00467041008368779	8	0.0480348407238289	::B3-5::B-1-2::N-2-12::N3-1-11::B3-12::N-A04::N3-15::N-A11::B-A11::	4
chr5	113085400	113240400	chr5_113085400	11	155000	3.25120736202689e-05	11	3.25120736202689e-05	6	3.51286971052071	::B-A07::N3-17::N3-16::N3-4::B3-4::B3-16::N3-6::B3-6::B-B11::N-B11::N-A04::	3
chr5	115242200	115397200	chr5_115242200	8	155000	0.0480348407238289	8	0.0480348407238289	4	137.626148955566	::N3-7::B3-1-11::N3-1-11::B-2-21::N-3-4::N3-21::B3-21::B-3-4::	4
chr5	121717000	121872000	chr5_121717000	8	155000	0.0480348407238289	8	0.0480348407238289	6	3.51286971052071	::N-B02::N-2-21::N3-c-32::B-B03::N-B03::B-A08::N-A08::B3-1-3::	6
chr5	122309700	122464700	chr5_122309700	8	155000	0.0480348407238289	8	0.0480348407238289	3	629.100136205654	::B-B05::B-A11::N-A11::B-A03::B3-1-15::B-A08::N3-1-15::N-A03::	8
chr5	135196000	135351000	chr5_135196000	8	155000	0.0480348407238289	8	0.0480348407238289	6	3.51286971052071	::B3-1-3::N3-1-3::N3-2-22::N3-15::B3-15::B-2-21::B3-17::N3-1-11::	3
chr5	137514900	137669900	chr5_137514900	11	155000	3.25120736202689e-05	11	3.25120736202689e-05	4	137.626148955566	::N3-2-2::B-A12::N-A12::B-1-2::B-2-9::N-2-9::B-A03::B3-1-15::B-A08::N3-1-15::N-A03::	10
chr6	17523000	17678000	chr6_17523000	11	155000	3.25120736202689e-05	11	3.25120736202689e-05	8	0.0480348407238289	::B3-12::N-B10::B3-c-14::N3-c-14::N-1-2::B-1-10::B3-18::N3-18::B-2-21::N-A10::B-A10::	6
chr6	47457200	47612200	chr6_47457200	14	155000	9.9750606499828e-09	14	9.9750606499828e-09	10	0.000408692045586251	::B3-c-28::B-1-10::N-A02::N3-1-5::N-B07::N-B04::B3-14::B-2-21::B-B03::N-B03::N3-c-9::B3-c-14::B-2-15::B-B04::	5
chr6	64961200	65116200	chr6_64961200	8	155000	0.0480348407238289	10	0.000408692045586251	6	3.51286971052071	::N3-2-2::N3-18::B-1-10::B3-21::N3-21::B-3-4::N-3-4::B3-c-14::	9
chr6	113080100	113235100	chr6_113080100	9	155000	0.00467041008368779	10	0.000408692045586251	8	0.0480348407238289	::B3-c-9::N3-c-9::N3-c-14::B-1-2::N-1-2::B-2-27::N-2-25::N-B08::N-1-10::	8
chr6	114870400	115025400	chr6_114870400	9	155000	0.00467041008368779	9	0.00467041008368779	7	0.439142198939738	::B3-5::N3-5::N-A08::B3-15::B3-17::B-A11::N-A11::N-2-26::B-2-26::	4
chr6	115542500	115697500	chr6_115542500	8	155000	0.0480348407238289	8	0.0480348407238289	6	3.51286971052071	::N3-7::B3-c-9::N3-c-9::B-A11::N-B05::B-B05::N-A10::N-A12::	5
chr6	134057200	134212200	chr6_134057200	9	155000	0.00467041008368779	9	0.00467041008368779	8	0.0480348407238289	::B3-2-22::N3-2-22::N-A08::N-2-25::B-1-10::N-A05::B-3-1::N3-9::N-3-1::	5
chr6	136533600	136688600	chr6_136533600	8	155000	0.0480348407238289	8	0.0480348407238289	4	137.626148955566	::N3-1-13::B-2-12::N-2-12::B3-21::N3-21::N-3-4::B3-1::N3-1::	8
chr6	146916800	147071800	chr6_146916800	8	155000	0.0480348407238289	8	0.0480348407238289	7	0.439142198939738	::N-B03::B3-1-11::B-A07::N-A07::B3-5::N-B10::B3-7::N3-7::	3
chr7	28780800	28935800	chr7_28780800	11	155000	3.25120736202689e-05	11	3.25120736202689e-05	5	24.0864126853698	::N-2-21::N3-1-2::B-B07::B3-1-2::N3-6::N-A04::B-A04::N3-16::N3-4::B3-4::B3-16::	1
chr7	49291200	49446200	chr7_49291200	9	155000	0.00467041008368779	9	0.00467041008368779	4	137.626148955566	::B3-1-15::B-A03::B-A08::N-A03::N3-1-15::B-2-26::B3-2-7::N3-2-7::N-A05::	8
chr7	49478400	49633400	chr7_49478400	10	155000	0.000408692045586251	10	0.000408692045586251	7	0.439142198939738	::N-A07::B-A05::N-A05::N-3-1::B-3-1::B-B02::N-B02::N-A11::N-2-21::B3-c-10::	7
chr7	59231200	59386200	chr7_59231200	12	155000	2.3708528152105e-06	12	2.3708528152105e-06	8	0.0480348407238289	::N3-16::B-3-1::B3-1-2::B-B07::N-B07::N3-1-2::N-B02::B3-c-10::N3-2-7::B3-2-7::B-A04::N3-12::	6
chr7	136389300	136544300	chr7_136389300	72	155000	6.1761219477295e-105	72	6.1761219477295e-105	1	4929.33904118935	::N3-c-10::N3-1::N-A02::N-2-12::N-A05::N-B11::N3-2-36::N3-4::N-A08::N-2-9::N-2-14::N3-13::N-2-26::N-B07::N-2-17::N-B04::N3-17::N-2-27::N-2-25::N-B09::N3-9::N3-6::N-B05::N-A11::N3-5::N-B02::N3-1-11::N-2-23::N3-8::N3-1-5::N-B03::N-A10::N3-1-13::N-3-4::N3-19::N-A07::N-3-1::N-A01::N3-1-3::N3-1-15::N3-11::N-1-2::N3-2-21::N3-10::N3-2-7::N-2-15::N3-2-2::N3-16::N-1-6::N-2-21::N-A12::N3-c-32::N-A03::N-A04::N-1-10::N3-c-28::N-1-4::N3-21::N3-2::N-1-7::N-B10::N3-3::N-B08::N3-7::N3-1-2::N3-2-22::N3-c-9::N3-18::N3-12::N3-c-14::N3-15::N3-14::	72
chr8	22863900	23018900	chr8_22863900	8	155000	0.0480348407238289	8	0.0480348407238289	4	137.626148955566	::B-1-2::B-A01::B3-c-9::N3-c-9::B3-1-2::N-B07::N3-1-2::N-1-9::	6
chr8	25525700	25680700	chr8_25525700	11	155000	3.25120736202689e-05	11	3.25120736202689e-05	5	24.0864126853698	::B3-3::N3-3::N3-c-28::B3-1-11::B-B02::N3-1-11::N3-21::N-3-4::B-3-4::B3-21::N-A07::	6
chr8	69898300	70053300	chr8_69898300	8	155000	0.0480348407238289	8	0.0480348407238289	7	0.439142198939738	::N3-7::N3-2-22::N-B09::N3-c-9::N3-1-5::N-B04::N3-10::N3-2-7::	4
chr8	79572200	79727200	chr8_79572200	9	155000	0.00467041008368779	9	0.00467041008368779	7	0.439142198939738	::B-A11::B-3-4::B3-5::B-B09::N-B09::B3-1-13::B3-6::N3-6::N-2-26::	8
chr8	80698200	80853200	chr8_80698200	13	155000	1.5958880063239e-07	13	1.5958880063239e-07	7	0.439142198939738	::N3-2-2::N3-12::B3-7::B-A05::B-B04::N3-15::B3-15::N3-1::N3-13::N3-10::B3-13::B3-10::B3-1::	2
chr8	90830600	90985600	chr8_90830600	10	155000	0.000408692045586251	10	0.000408692045586251	6	3.51286971052071	::N3-6::B3-6::B3-7::N-A11::B-A11::B-2-27::N-2-27::N-3-1::B-3-1::B3-5::	2
chr8	95746500	95901500	chr8_95746500	9	155000	0.00467041008368779	12	2.3708528152105e-06	9	0.00467041008368779	::N-A05::N3-7::B3-4::B-A07::N-A07::B3-16::B3-2-22::N3-2-22::B3-c-10::	8
chr8	111540800	111695800	chr8_111540800	11	155000	3.25120736202689e-05	11	3.25120736202689e-05	7	0.439142198939738	::N-1-10::B3-13::N3-16::N3-4::B3-16::B3-4::B-B03::B-A07::B3-5::B-A11::N-A11::	6
chr8	117283200	117438200	chr8_117283200	15	155000	5.81922910242516e-10	15	5.81922910242516e-10	8	0.0480348407238289	::N-A10::N3-16::N3-4::B3-16::B3-4::N-B10::N-1-2::B-1-2::N3-1-5::N-B04::B3-1-5::B-B04::B-1-10::B3-5::N-A02::	3
chr8	128711400	128866400	chr8_128711400	8	155000	0.0480348407238289	8	0.0480348407238289	5	24.0864126853698	::B-B03::N-B07::N3-1-2::B-B07::B3-1-2::N-1-6::B-2-23::N3-14::	4
chr9	3005600	3160600	chr9_3005600	11	155000	3.25120736202689e-05	12	2.3708528152105e-06	5	24.0864126853698	::N3-6::N-B05::N3-1-3::N3-5::N-A07::N-A08::N-1-10::N-A12::N-2-21::N-1-4::N3-1-11::	6
chr9	21377100	21532100	chr9_21377100	9	155000	0.00467041008368779	9	0.00467041008368779	6	3.51286971052071	::N-A04::N3-c-10::B-B08::N-B08::B-1-2::N-1-2::N3-5::N-2-9::B-2-9::	4
chr9	44815400	44970400	chr9_44815400	8	155000	0.0480348407238289	8	0.0480348407238289	6	3.51286971052071	::B3-7::N-A08::N-1-7::N3-17::N3-6::B3-6::N3-12::N3-14::	5
chr9	56126200	56281200	chr9_56126200	9	155000	0.00467041008368779	9	0.00467041008368779	5	24.0864126853698	::N-A02::B-A02::N3-11::N3-8::B3-8::B3-11::N3-1-11::N-A08::B-A08::	2
chr9	57652800	57807800	chr9_57652800	11	155000	3.25120736202689e-05	12	2.3708528152105e-06	6	3.51286971052071	::B3-c-10::N-B07::N3-1-2::B3-1-2::B-B07::B-A07::B3-1-13::N3-1-13::N-A07::N-2-14::N3-2::	7
chr9	70433200	70588200	chr9_70433200	12	155000	2.3708528152105e-06	14	9.9750606499828e-09	9	0.00467041008368779	::B3-2-2::N3-1-11::B-A07::B3-1-13::N3-1-13::N-A07::N3-2-21::N3-c-9::B3-c-9::N-3-1::B3-7::N-2-21::	9
chr9	70614400	70769400	chr9_70614400	9	155000	0.00467041008368779	9	0.00467041008368779	7	0.439142198939738	::B3-5::N3-1-2::B3-1-11::B-1-10::N-1-4::B-2-25::N-2-25::N3-17::B3-17::	4
chr9	71881400	72036400	chr9_71881400	10	155000	0.000408692045586251	10	0.000408692045586251	7	0.439142198939738	::N-B11::B-B08::B-A05::B-A12::N-A12::N3-2-36::N3-c-32::B3-5::N-A07::N-1-4::	7
chr9	72515900	72670900	chr9_72515900	8	155000	0.0480348407238289	8	0.0480348407238289	6	3.51286971052071	::N3-1-13::B-A05::N-B03::N-B10::N3-11::N3-8::B3-2-36::N3-2-36::	4
chr9	100658500	100813500	chr9_100658500	8	155000	0.0480348407238289	8	0.0480348407238289	8	0.0480348407238289	::B-2-25::B-A04::B3-1-15::N3-2-7::B3-c-9::B3-5::N-A08::N-A07::	4
chr9	107740700	107895700	chr9_107740700	10	155000	0.000408692045586251	10	0.000408692045586251	8	0.0480348407238289	::N-2-25::N-B02::B-B02::N3-c-10::B-1-4::N3-7::N-A12::B-A12::B3-1::N3-c-14::	4
chr9	108217900	108372900	chr9_108217900	10	155000	0.000408692045586251	10	0.000408692045586251	6	3.51286971052071	::B-A04::B3-5::N3-13::N3-10::B3-10::B3-13::N-B09::B3-3::N3-3::N3-5::	6
chr9	108527800	108682800	chr9_108527800	11	155000	3.25120736202689e-05	12	2.3708528152105e-06	8	0.0480348407238289	::B-B04::B-A01::N-2-21::B3-1-5::N-B04::N3-1-5::N-B10::B-2-23::B-1-7::N-1-7::N3-c-9::	9
chr9	110552800	110707800	chr9_110552800	8	155000	0.0480348407238289	9	0.00467041008368779	8	0.0480348407238289	::B-2-14::N-2-23::B-1-4::N3-1-11::B-A08::B-A11::N-1-10::B-A03::	2
chrUn_GL456393	1400	156400	chrUn_GL456393_1400	9	155000	0.00467041008368779	9	0.00467041008368779	8	0.0480348407238289	::N-B11::N3-21::N3-14::B-1-10::B3-7::N3-c-28::N-A03::B-A08::N3-c-14::	3
chrX	18139400	18294400	chrX_18139400	24	155000	3.69003023374886e-22	26	4.34709275953984e-25	20	1.60489379790756e-16	::N3-3::N-1-6::N-B09::N-B10::B-1-2::N-1-2::B-1-6::B3-7::N3-7::N3-c-9::B3-c-9::B-A02::N-2-15::N3-c-14::N-2-17::B-2-17::B3-12::N3-17::B3-17::B3-3::N3-12::B-A11::N-A02::N3-1::	9
chrX	77544000	77699000	chrX_77544000	13	155000	1.5958880063239e-07	14	9.9750606499828e-09	9	0.00467041008368779	::B-2-21::B3-7::B-1-10::N-B07::B-B07::B3-1-2::N3-1-2::B3-1-3::N3-1-3::B-A07::N3-4::B3-4::B-1-9::	10
chrX	105789200	105944200	chrX_105789200	10	155000	0.000408692045586251	11	3.25120736202689e-05	7	0.439142198939738	::B-2-27::N-B04::N3-1-5::B3-1-5::B-B04::B-A05::B-2-15::B-2-26::N-2-26::N-B11::	5
chrX	117077500	117232500	chrX_117077500	8	155000	0.0480348407238289	8	0.0480348407238289	3	629.100136205654	::N-B10::N3-1-5::N-B03::N-B04::B3-1-5::B-B04::B-A03::N-A03::	2
chrX	142722900	142877900	chrX_142722900	8	155000	0.0480348407238289	8	0.0480348407238289	5	24.0864126853698	::N3-c-14::N3-7::B3-3::B3-4::B3-16::N3-4::N3-16::N-2-14::	6
chrX	143483000	143638000	chrX_143483000	15	155000	5.81922910242516e-10	16	3.18263359505585e-11	2	2156.7502853423	::N-3-1::N-2-15::N3-1::N-B02::N3-11::N3-c-10::N3-12::N-2-23::N3-2-22::N3-6::N-A10::N-A08::N3-14::N3-2-7::N-B11::	13
chrX	151774300	151929300	chrX_151774300	14	155000	9.9750606499828e-09	14	9.9750606499828e-09	9	0.00467041008368779	::B-2-21::B3-9::N3-7::N-B02::N3-1-11::B3-1-11::B-A08::N-A08::N-A12::B-A02::N-A02::N-B10::B-B10::B-B03::	6
