chr10	7642400	7786400	chr10_7642400	18	144000	0.046638899375192	23	1.81646518888666e-05	19	0.0106984566428979	::B-A08::B3-1-2::N3-2-7::B3-2-7::B-A03::B-B10::B3-6::B-B02::B-2-9::N-B08::B-1-2::B3-18::B-B07::B3-3::N3-17::B3-2-22::B-2-17::B3-1-15::	10
chr10	20198700	20342700	chr10_20198700	22	144000	9.58580249267253e-05	23	1.81646518888666e-05	22	9.58580249267253e-05	::B-B02::N-2-17::B3-2-36::B3-17::N3-1-15::N3-6::B-2-26::B3-6::B-1-2::N-1-2::N-A03::B3-18::B3-1-2::B3-1-3::N-B09::B-B09::B-A01::N-B02::N-2-26::N-B10::N-A01::B3-1-15::	15
chr10	67123000	67267000	chr10_67123000	20	144000	0.00233140419841909	28	2.42221606420213e-09	26	9.64010574310416e-08	::B-B11::B3-1-2::N-2-17::B-2-17::B3-6::N3-1-5::N3-2-36::N-B11::N-A11::B-1-2::B-A03::N-1-2::N-B07::B-B07::N3-2-2::B3-3::N-A01::B-B09::N3-6::B-B10::	17
chr10	108168500	108312500	chr10_108168500	26	144000	9.64010574310416e-08	39	3.90264864471866e-19	25	5.75080586258408e-07	::N-A01::N-B04::N-B09::N3-1-5::B3-1-15::B-A03::N-A08::N3-1-15::N-A03::N-1-2::B3-3::B-B11::B3-1-2::B3-2-22::B3-6::B-B10::N-B10::B3-1-3::B-2-17::N-B08::B-A08::B3-17::B-B09::N-B02::B-B04::B-2-9::	18
chr10	128324300	128468300	chr10_128324300	18	144000	0.046638899375192	20	0.00233140419841909	19	0.0106984566428979	::B-B02::B-1-2::N-1-2::B-B10::B-B11::N-B11::B-A08::N3-1-15::N3-6::B3-2-22::B-B07::B-B04::B3-1-3::B3-1-15::N-2-9::B3-1-11::N-B02::B3-17::	10
chr11	3182100	3326100	chr11_3182100	20	144000	0.00233140419841909	30	5.28867044201825e-11	27	1.55612497327736e-08	::B-B07::N3-2-2::N-A03::B-B09::N3-18::N3-1-3::B-A03::B-2-17::B-B10::B3-2-36::N3-17::B-A08::N-A08::N-B04::B3-1-3::B-2-9::B-1-2::B3-3::B3-2-7::N3-2-7::	17
chr11	23308100	23452100	chr11_23308100	20	144000	0.00233140419841909	34	1.7145404350951e-14	29	3.64033474724428e-10	::N-B02::B-B07::N-A03::B3-6::B3-17::N3-17::N-2-17::B-1-2::B3-c-10::B3-18::B-B09::B3-2-2::B-B04::N-A08::N-1-2::N3-2-2::N3-3::B-2-26::N-A01::N-A11::	19
chr11	51595400	51739400	chr11_51595400	18	144000	0.046638899375192	22	9.58580249267253e-05	18	0.046638899375192	::B3-1-15::B-B02::B3-17::B-B09::N-B09::B-A01::B3-6::B-B04::B-A08::N-B04::B-B10::N-1-2::N3-1-2::B3-18::N-B08::N3-2-36::B3-c-32::B3-2-36::	10
chr11	54511000	54655000	chr11_54511000	19	144000	0.0106984566428979	27	1.55612497327736e-08	18	0.046638899375192	::N-A03::B-A03::N-B04::B3-2-22::B-1-2::N3-1-15::N-A08::B3-1-15::B-A08::B-A11::N-A11::B-A01::B-2-17::B3-1-3::N3-1-11::B-B10::B3-6::B3-17::B-B04::	16
chr11	58012600	58156600	chr11_58012600	20	144000	0.00233140419841909	27	1.55612497327736e-08	25	5.75080586258408e-07	::N3-1-3::B3-2-36::B3-1-3::B-A03::B-1-2::B-B02::N-B02::N-A01::N-B11::B3-2-2::N-B04::N-A11::B-B07::N3-1-2::B3-3::B-B11::N3-2-7::N3-6::N-A08::B3-1-11::	14
chr11	60304500	60448500	chr11_60304500	18	144000	0.046638899375192	20	0.00233140419841909	20	0.00233140419841909	::B3-18::N-B02::N-B11::B3-3::B3-2-7::N3-2-2::B3-1-3::N-A08::N3-1-15::B-B07::B-B09::N3-2-7::B-A03::B3-1-2::B-2-26::B3-2-22::B3-17::N-B07::	11
chr11	69570500	69714500	chr11_69570500	18	144000	0.046638899375192	25	5.75080586258408e-07	20	0.00233140419841909	::B3-1-2::B3-17::B3-1-15::N-1-2::N3-3::N3-1-11::B-B04::N3-1-2::N-B07::B-B07::B3-2-2::B3-2-36::B3-2-22::N-A08::B3-6::N-B02::N3-2-2::B3-1-11::	13
chr11	74655800	74799800	chr11_74655800	20	144000	0.00233140419841909	27	1.55612497327736e-08	20	0.00233140419841909	::B-B10::N3-3::B-B02::B3-1-15::B3-1-2::B-A01::B-B04::N-B04::B3-2-2::N3-1-5::B3-1-5::N-B07::N3-1-2::B-B07::N-B11::N-B02::B-1-2::N-A01::N-2-17::B3-18::	10
chr11	75682400	75826400	chr11_75682400	19	144000	0.0106984566428979	25	5.75080586258408e-07	23	1.81646518888666e-05	::N-B10::B-A11::B-A01::B3-2-22::N3-2-22::N3-17::N-B04::B-1-2::N3-1-5::B3-c-32::N-A01::B3-6::N-A08::B3-3::N-B11::B-B11::N-B08::B3-2-36::N3-1-2::	11
chr11	77571400	77715400	chr11_77571400	21	144000	0.000483865567657718	30	5.28867044201825e-11	22	9.58580249267253e-05	::B3-2-36::B3-17::N3-17::N-1-2::B-A01::N-A11::B-A11::B3-3::N3-3::B-B02::B-B10::B-B11::B3-2-2::N-2-17::N-B08::B3-6::N3-1-15::B3-18::B3-1-11::B3-c-10::N3-c-10::	18
chr11	79362100	79506100	chr11_79362100	21	144000	0.000483865567657718	33	1.3375197695731e-13	29	3.64033474724428e-10	::N3-1-5::N3-2-2::N-A01::N-B10::N3-3::B-A08::B3-2-7::B3-3::N-B07::N-B08::B-A11::N-A11::B-B02::B-1-2::N3-1-11::B3-1-11::B3-1-3::B3-18::B-B09::B3-2-36::B3-c-10::	17
chr11	86218900	86362900	chr11_86218900	18	144000	0.046638899375192	27	1.55612497327736e-08	22	9.58580249267253e-05	::B3-2-2::B3-2-7::N3-2-7::N3-2-36::N-A03::N-B02::B-B02::N-B08::N3-c-10::B-1-2::N-2-17::B3-1-5::N3-1-11::B3-1-11::B-A08::N3-1-3::B3-1-3::B-B08::	11
chr11	86610200	86754200	chr11_86610200	21	144000	0.000483865567657718	30	5.28867044201825e-11	24	3.29869586879758e-06	::B-A08::B3-17::B3-1-2::N-A11::N3-2-36::N-B04::B-B02::N-2-17::B-B11::B-B10::B3-6::B3-2-7::N3-2-7::B3-2-2::B3-3::B3-1-3::N-B11::N3-3::N-2-26::B-2-26::B3-2-36::	18
chr11	88024300	88168300	chr11_88024300	18	144000	0.046638899375192	28	2.42221606420213e-09	25	5.75080586258408e-07	::N3-2-36::B3-6::N3-17::B3-3::B-B11::N-1-2::B-B02::N-B08::B-B08::N3-3::B-B07::N3-2-2::N-B04::N3-1-3::N-B11::B3-1-15::B-1-2::B-B10::	7
chr11	98114000	98258000	chr11_98114000	18	144000	0.046638899375192	21	0.000483865567657718	19	0.0106984566428979	::B-B10::N-B08::N3-1-5::N3-6::B3-1-11::B-B11::B3-3::B3-2-36::N-A11::N3-18::B-B02::B-B09::N-2-17::N3-17::B3-1-15::N3-2-22::B-A08::N-A03::	13
chr11	105620300	105764300	chr11_105620300	19	144000	0.0106984566428979	22	9.58580249267253e-05	20	0.00233140419841909	::N3-1-2::B3-1-3::N-2-17::N3-18::B-B02::B-2-17::N-B04::B3-2-36::B-B10::B-B04::N3-6::B3-2-2::N3-2-2::B3-1-11::B-B09::N3-1-5::N3-1-11::B3-2-7::B3-3::	14
chr11	106775900	106919900	chr11_106775900	23	144000	1.81646518888666e-05	34	1.7145404350951e-14	28	2.42221606420213e-09	::N3-2-36::B3-2-22::N-B07::N3-6::B3-6::N-B04::B3-1-11::N-2-26::B-2-26::B3-2-36::B-B11::B3-2-2::B-B04::B3-1-5::N3-1-5::B-A01::B-B02::N3-c-10::B3-c-10::B3-3::B3-17::N3-2-22::N3-17::	18
chr12	51629900	51773900	chr12_51629900	18	144000	0.046638899375192	21	0.000483865567657718	21	0.000483865567657718	::B-B02::B-B09::N3-1-5::B-1-2::B3-2-22::B3-1-5::B3-6::N3-3::N-A11::B3-1-15::B-2-9::B3-c-10::N-B11::B-A03::B3-2-2::B3-18::N-B07::N3-6::	14
chr12	83591400	83735400	chr12_83591400	18	144000	0.046638899375192	23	1.81646518888666e-05	20	0.00233140419841909	::N-2-26::N3-2-7::N-B07::B-A08::N3-1-5::N-B10::B-B11::N-1-2::N3-2-36::B3-1-2::B3-1-11::N3-1-11::N3-1-15::N-2-17::B3-2-36::B-B10::B3-2-2::N3-2-2::	17
chr13	3457200	3601200	chr13_3457200	18	144000	0.046638899375192	21	0.000483865567657718	18	0.046638899375192	::B-A03::N-B04::N-A08::N-B08::N-B02::B3-18::N3-1-3::B3-1-3::B-B10::B-B02::B3-1-15::B-A08::B-B09::N-2-17::N-B10::B-B07::N3-1-15::B-2-17::	9
chr13	13995400	14139400	chr13_13995400	18	144000	0.046638899375192	20	0.00233140419841909	17	0.192616886792382	::B3-2-36::B-A01::N3-1-15::N3-17::N3-18::B-B02::N-B02::N-B11::B-B09::N3-3::N-B04::N-A01::N3-2-36::B3-2-22::N-B10::B-2-26::N3-1-2::B-B11::	10
chr13	24040300	24184300	chr13_24040300	20	144000	0.00233140419841909	28	2.42221606420213e-09	21	0.000483865567657718	::N3-1-2::B-A03::B3-1-15::B-A08::N3-1-15::N-A08::N-A03::N3-17::N-B11::N-2-17::B-2-17::B3-2-22::N3-2-22::B-B02::N3-1-3::B3-1-3::B3-17::B-A11::N-B08::B3-2-7::	17
chr13	43351600	43495600	chr13_43351600	19	144000	0.0106984566428979	24	3.29869586879758e-06	20	0.00233140419841909	::B-B04::N3-1-3::B-A03::N3-1-5::N-B10::N-B09::B-2-17::N-A11::B3-1-5::B3-17::B-B02::B3-6::N3-1-2::N3-1-15::N-B07::N-A03::N-A08::B3-1-3::B-B09::	14
chr13	63206900	63350900	chr13_63206900	18	144000	0.046638899375192	22	9.58580249267253e-05	17	0.192616886792382	::B-A03::N-A11::B-A11::N-B08::B-A01::B3-2-2::B-B02::B-A08::B3-6::B-2-9::N-B02::B-B04::B3-1-5::N3-1-5::B3-1-3::B3-3::N3-3::B-1-2::	11
chr13	94479100	94623100	chr13_94479100	18	144000	0.046638899375192	20	0.00233140419841909	8	2994.3626759379	::B-B02::N3-1-5::B-B10::B-A08::N-B08::N-2-26::N-B04::N3-18::N-2-17::N-B07::N-A11::N-B10::N-1-2::N3-2-36::N3-3::N3-2-2::N3-6::B-A11::	14
chr13	103755300	103899300	chr13_103755300	23	144000	1.81646518888666e-05	34	1.7145404350951e-14	24	3.29869586879758e-06	::N3-2-7::N3-c-10::B3-2-7::N-B11::N-B02::B-B09::N3-1-2::B-B10::B3-2-36::B-A08::N3-1-15::B3-1-15::N-A03::B-A03::N3-6::B-2-9::B3-17::B-B11::N-B08::B-B08::B3-3::N-B09::N-B04::	9
chr14	19288700	19432700	chr14_19288700	33	144000	1.3375197695731e-13	49	3.2367119504623e-29	26	9.64010574310416e-08	::B-A08::N-B09::B-B02::B3-6::N-A03::N-A01::N3-6::N3-1-3::N3-3::N3-2-36::B3-2-36::N3-1-15::N3-18::N3-1-5::N-B11::N3-2-22::B3-2-2::N3-17::N3-1-11::B-B04::N-2-17::N-B02::N-2-9::B-B11::N-B10::B3-3::N-1-2::B3-17::N-B04::N-B08::N-B07::N-A08::N3-2-7::	35
chr14	31025600	31169600	chr14_31025600	23	144000	1.81646518888666e-05	32	1.01271609192754e-12	26	9.64010574310416e-08	::N-B04::B3-c-10::N-A01::N3-1-5::N-2-17::N3-1-3::B3-1-3::N-B11::B-B11::B3-1-2::N-B02::B-B07::N-B07::N-B10::N3-c-10::B-B10::B-B09::B-A08::B3-6::N3-1-2::N-A11::N3-3::B3-2-2::	15
chr14	73181200	73325200	chr14_73181200	25	144000	5.75080586258408e-07	52	2.02087682703906e-32	35	2.13504054285041e-15	::N-B09::N-A01::N3-1-15::B3-1-15::N-B02::B-B11::B-A08::N-B11::B-A03::N-A03::N-A08::B-B02::N-2-17::B3-3::N3-2-7::B3-2-22::B-A01::B3-c-10::N3-c-10::B-B04::N-B04::B-A11::B-B07::N3-1-5::B3-1-5::	43
chr14	121261300	121405300	chr14_121261300	19	144000	0.0106984566428979	22	9.58580249267253e-05	20	0.00233140419841909	::N-B04::B3-2-2::N-1-2::N-2-17::N3-3::N3-17::N3-2-2::N-A11::B-A11::B-B04::B-B02::B3-1-2::B-B11::B-A08::N-B11::N-B02::B3-1-3::B3-17::B-B09::	13
chr15	8300200	8444200	chr15_8300200	24	144000	3.29869586879758e-06	28	2.42221606420213e-09	27	1.55612497327736e-08	::B-B10::B-B07::B3-2-2::B-B04::B3-18::B-A08::N3-c-32::B3-2-36::N-B04::N-B08::B-2-17::N-2-17::B-B02::B3-1-11::B3-c-10::B-1-2::B-B08::N-A11::B-2-26::N3-6::B3-17::N3-2-36::B-B11::B-A11::	21
chr15	12101300	12245300	chr15_12101300	20	144000	0.00233140419841909	29	3.64033474724428e-10	24	3.29869586879758e-06	::N3-2-2::B3-2-36::N3-2-36::B3-c-32::B-B11::B-B08::B3-6::N-B02::N-B04::N-B08::N-B09::N3-1-3::N3-1-11::N-A11::B-B02::B-A08::B-B07::N-B07::B-1-2::N-2-26::	15
chr15	77086600	77230600	chr15_77086600	24	144000	3.29869586879758e-06	30	5.28867044201825e-11	25	5.75080586258408e-07	::B-B10::B-1-2::B3-2-2::N3-17::B3-1-5::B3-2-7::N3-2-7::B-B04::B3-3::B-A11::N-B07::N-B08::B-B08::N3-1-2::B-B07::B3-1-2::B-A03::N-B02::N3-1-15::N-A08::B3-2-36::B3-6::N-B11::B3-1-15::	12
chr15	80783800	80927800	chr15_80783800	27	144000	1.55612497327736e-08	49	3.2367119504623e-29	40	4.2523196284072e-20	::B3-1-2::B3-17::B-B11::B3-1-3::N3-1-3::B3-6::N-B04::N-B08::N3-17::B3-1-11::B-A03::N3-6::B-A11::N-A11::N-1-2::N3-1-5::N3-1-2::B-A08::B3-2-22::B-B04::B3-1-5::B-B07::B-1-2::N3-2-22::B-B08::N-A01::B-B10::	23
chr15	81511100	81655100	chr15_81511100	18	144000	0.046638899375192	23	1.81646518888666e-05	19	0.0106984566428979	::B-2-26::B-A01::N-A01::B3-1-11::B-A11::N-B08::B-B08::B3-2-7::N3-2-7::B-B02::N3-6::B3-6::N3-3::B3-2-2::N3-1-11::B3-1-2::B-B11::B-B07::	13
chr15	96311700	96455700	chr15_96311700	21	144000	0.000483865567657718	32	1.01271609192754e-12	28	2.42221606420213e-09	::N3-18::N3-6::B3-18::N3-2-22::B3-2-36::B-2-26::B-B02::N3-2-36::N-1-2::N-B04::N3-1-5::B-1-2::B3-3::B-2-17::B-B04::N-A08::B3-c-32::B3-6::B-B11::B3-1-11::N-B02::	21
chr15	99974300	100118300	chr15_99974300	19	144000	0.0106984566428979	23	1.81646518888666e-05	21	0.000483865567657718	::N-A08::B3-1-15::N3-1-15::N-2-17::N-B10::N-1-2::B3-2-2::B-2-17::N-B07::B-A11::B-B07::B-B09::B3-6::N-B11::B3-2-22::N-A11::B-A01::B-A08::N-B04::	9
chr16	4083300	4227300	chr16_4083300	20	144000	0.00233140419841909	28	2.42221606420213e-09	28	2.42221606420213e-09	::N3-6::B3-6::B-1-2::N-B10::N3-1-3::N-B02::B-A08::N-B08::B3-17::B3-c-10::B-B09::N-A01::N-1-2::B3-1-11::B-B10::B3-2-22::B3-1-2::N-2-17::B3-1-3::N-B11::	14
chr16	38098000	38242000	chr16_38098000	21	144000	0.000483865567657718	31	7.43551835989563e-12	29	3.64033474724428e-10	::N3-6::B-A11::B-B10::B-B04::B3-18::N3-2-7::B-B07::N3-2-22::B-A08::B-B09::B-B02::B-1-2::N-1-2::N-A08::N-2-17::N3-1-15::N-B07::B-B08::N-B04::B3-6::N-A11::	14
chr16	94514500	94658500	chr16_94514500	24	144000	3.29869586879758e-06	25	5.75080586258408e-07	21	0.000483865567657718	::N3-6::B-A08::N-B09::B3-1-3::N-B07::B3-6::B3-2-36::B-A01::N-A01::N3-2-22::N3-1-5::B-B07::B-1-2::N-1-2::N-B08::B3-2-2::N3-2-2::N-B04::B-B02::B-A11::N-A11::N-B02::N-B10::B-B09::	18
chr17	5087200	5231200	chr17_5087200	23	144000	1.81646518888666e-05	28	2.42221606420213e-09	24	3.29869586879758e-06	::N3-17::B-B08::B-B02::B3-2-36::B-A11::N-A11::N-B09::B-B09::N3-6::N-B08::B3-6::B3-17::N3-1-3::B3-18::B-1-2::N-2-17::B-A08::N3-1-15::N-A01::B-B07::N-B07::B3-3::N3-3::	14
chr17	10195800	10339800	chr17_10195800	18	144000	0.046638899375192	24	3.29869586879758e-06	22	9.58580249267253e-05	::B3-1-3::N-A03::N-B10::B3-6::B3-1-11::N-A01::B-B10::B3-17::N-A08::B-B04::N3-17::B-B08::N3-6::B-2-26::B-A03::N-1-2::B3-2-22::B-B09::	13
chr17	13767500	13911500	chr17_13767500	24	144000	3.29869586879758e-06	30	5.28867044201825e-11	25	5.75080586258408e-07	::B-A08::N-B02::N3-1-3::B3-17::B3-1-3::B3-1-2::B3-2-36::B-2-17::N-2-17::B-2-9::N-2-9::N3-2-2::B3-6::B-1-2::B-B07::B3-2-2::N3-1-11::B-B09::B-B11::N-B11::B-B08::N-1-2::N-B04::B-B02::	15
chr17	30013400	30157400	chr17_30013400	21	144000	0.000483865567657718	31	7.43551835989563e-12	25	5.75080586258408e-07	::B-B10::B-B11::N-A11::N-2-17::B3-1-3::N3-1-3::B3-17::N-B07::B-B02::N-A01::N-B04::N3-18::B3-3::B3-1-11::B-2-17::B3-2-2::B3-2-7::B-B04::B-2-26::B3-1-5::N3-1-5::	20
chr18	4944300	5088300	chr18_4944300	20	144000	0.00233140419841909	26	9.64010574310416e-08	22	9.58580249267253e-05	::B-A08::B-B10::B-1-2::N-A03::N3-17::N-A01::N-B08::B-B02::N-B10::B3-3::N3-1-5::N3-2-22::N-2-9::B-B04::B-A03::N3-2-7::B3-17::B-B07::N3-1-15::B3-1-15::	15
chr18	9314400	9458400	chr18_9314400	21	144000	0.000483865567657718	24	3.29869586879758e-06	17	0.192616886792382	::N3-1-5::N-B08::N-B07::N3-1-2::B3-1-2::B-B07::B3-2-22::N-1-2::N-A03::N-A01::B-A08::B-1-2::B3-c-10::B3-17::B-B09::B-B04::B3-3::N3-3::B-A01::N-2-17::B-B11::	14
chr18	9972400	10116400	chr18_9972400	19	144000	0.0106984566428979	23	1.81646518888666e-05	18	0.046638899375192	::B-B10::N-B02::B-A03::N-A01::B3-2-7::N3-2-7::N-A11::B-B04::B-A08::B3-2-22::N3-3::B3-3::B-B02::N-B11::B-B11::N3-2-2::N3-1-5::N3-2-22::N-B08::	10
chr18	31764600	31908600	chr18_31764600	19	144000	0.0106984566428979	22	9.58580249267253e-05	20	0.00233140419841909	::B3-1-3::B-A01::B3-2-36::B3-6::N3-18::B3-18::N3-6::B-B10::B-1-2::N3-2-2::B-B09::N-B08::N-A11::B-A08::N3-1-5::B3-1-2::B-2-17::B3-2-7::B-B11::	11
chr18	35681500	35825500	chr18_35681500	18	144000	0.046638899375192	23	1.81646518888666e-05	19	0.0106984566428979	::N-2-9::B3-1-2::N-A11::N-B07::B-B07::B-1-2::B3-2-22::B-A08::B3-6::N-A01::N3-2-7::B3-2-7::B-A11::N3-3::N-A08::N-B11::B-B11::N-B09::	7
chr18	73571800	73715800	chr18_73571800	18	144000	0.046638899375192	19	0.0106984566428979	15	2.75810239523718	::B-A11::B3-6::B3-18::B3-2-22::N3-2-22::B-B07::N-2-9::B-1-2::N-1-2::B-A03::N-A03::N3-1-15::B-2-26::B-B02::B3-1-2::B3-c-32::N-A01::B-B09::	12
chr19	3774200	3918200	chr19_3774200	19	144000	0.0106984566428979	22	9.58580249267253e-05	17	0.192616886792382	::N-A08::B3-2-22::N-B02::B-B11::B3-2-36::N-A11::N3-2-36::N-B10::N3-18::B-B10::N-2-17::N-B08::N3-2-7::B3-2-7::N3-17::B3-17::B-1-2::N-2-26::B-2-26::	11
chr19	16143700	16287700	chr19_16143700	27	144000	1.55612497327736e-08	34	1.7145404350951e-14	30	5.28867044201825e-11	::N-A01::N-2-9::B-A01::N-B07::N-B10::B-B07::N3-1-2::N-B04::N3-18::N3-2-7::B-A11::B3-17::N-B09::B-B11::B3-6::B3-3::B3-2-22::B-B02::B-B04::N3-1-15::B3-18::B-A08::B-B09::B3-1-2::N-B02::B3-2-36::B-2-9::	18
chr2	18082700	18226700	chr2_18082700	26	144000	9.64010574310416e-08	38	3.49218804809921e-18	31	7.43551835989563e-12	::N3-2-36::B3-2-2::N-B04::N-A11::B-B02::B3-3::B-B11::N-A01::B-B10::N3-1-5::N-2-17::B-2-17::N-A03::N3-6::N-B08::B3-17::B-A01::B3-6::N3-18::B3-1-11::B-B07::B3-1-2::N-B07::N3-1-2::B3-2-36::N-B02::	20
chr2	37354000	37498000	chr2_37354000	19	144000	0.0106984566428979	25	5.75080586258408e-07	21	0.000483865567657718	::B-2-9::B3-2-36::N3-2-36::N3-3::N3-1-3::B3-2-22::N-B08::B-B08::N3-18::N-B07::N-B04::B-1-2::B-B10::N-B10::B3-1-2::B3-1-11::B-B11::B-2-17::N-2-9::	16
chr2	49456000	49600000	chr2_49456000	21	144000	0.000483865567657718	30	5.28867044201825e-11	27	1.55612497327736e-08	::B-B02::B3-c-10::N3-2-22::N-B04::B-A11::N-A11::B-2-26::B3-18::N3-2-7::B3-2-22::N3-1-3::N-A01::B-A01::B-B08::N-B08::B-B11::B-B10::N3-1-15::N3-1-2::N-B10::B3-3::	16
chr2	98558700	98702700	chr2_98558700	50	144000	2.82137286984864e-30	329	0	30	5.28867044201825e-11	::B-1-2::N3-2-36::N-A08::B-A08::N3-2-2::N-1-2::N-A01::N-B07::N3-6::N-B10::N-2-26::N-A11::N-B04::N-B09::N-B08::N-B11::N3-2-7::N-A03::N3-1-11::N3-18::N3-1-15::N3-17::N3-1-3::N-2-17::N3-1-5::N-2-9::N-B02::B-B02::N3-2-22::N3-1-2::B3-1-11::B3-2-7::B3-17::B3-6::B3-2-2::B3-1-2::N3-3::B-B07::B-B11::B-B10::B3-1-3::B3-2-22::B-A01::B-B08::B3-1-5::B-B04::N3-c-10::B3-1-15::B-A11::B3-2-36::	156
chr2	121859900	122003900	chr2_121859900	19	144000	0.0106984566428979	23	1.81646518888666e-05	19	0.0106984566428979	::N-2-26::B3-c-32::B-B11::B3-2-36::B3-1-3::B-B07::B3-3::B3-c-10::N3-c-10::N-B04::B3-18::N3-18::B3-1-2::N3-1-2::B3-2-22::B-B04::B-A03::B-A08::N3-2-36::	8
chr2	154806500	154950500	chr2_154806500	20	144000	0.00233140419841909	26	9.64010574310416e-08	25	5.75080586258408e-07	::B3-18::B3-1-11::B-A03::B-A01::B-B10::N-B04::B3-2-7::B-B04::N-B02::B-B02::N3-2-22::N-B08::N3-1-5::N-2-9::N3-1-11::B3-c-10::B3-6::B-B07::B3-17::B3-2-22::	13
chr2	160645200	160789200	chr2_160645200	20	144000	0.00233140419841909	26	9.64010574310416e-08	22	9.58580249267253e-05	::N-B09::B3-2-2::B-B02::N-A01::N-2-17::N-B04::N-B08::B-B10::B3-1-11::B3-2-36::B3-1-5::N-A08::N-1-2::B-B07::N3-2-2::N3-17::N-A11::B-A11::N3-6::N3-2-36::	15
chr2	160960700	161104700	chr2_160960700	18	144000	0.046638899375192	22	9.58580249267253e-05	19	0.0106984566428979	::B3-1-11::B3-1-15::B3-2-7::N3-2-7::N3-6::B-1-2::B3-17::B-B07::B3-6::B-A11::N3-18::N-A01::B-A01::N-B10::B-B11::N-B02::N3-1-11::N3-1-5::	12
chr2	163518700	163662700	chr2_163518700	22	144000	9.58580249267253e-05	27	1.55612497327736e-08	12	90.9481178238613	::N3-2-2::B3-1-11::N-1-2::B3-2-22::B3-6::N-B08::N-B09::B-B02::B3-2-7::B-B04::B-B09::B-B07::B3-1-2::B-B10::B-B08::B-A08::B-1-2::B3-2-2::B-B11::B3-3::B-A11::B3-1-3::	8
chr3	16105100	16249100	chr3_16105100	18	144000	0.046638899375192	18	0.046638899375192	17	0.192616886792382	::B3-1-11::N-2-26::N3-2-2::N-A08::N3-3::B-B02::N-A11::N3-6::B3-6::B-B08::N3-1-11::B-1-2::B-B11::N-2-17::B3-1-15::N3-2-7::N-1-2::B-A08::	7
chr3	32998400	33142400	chr3_32998400	20	144000	0.00233140419841909	24	3.29869586879758e-06	17	0.192616886792382	::N3-1-3::N-B04::B-B11::B-B07::N-B07::B3-1-3::B-B10::N-B11::N3-1-5::N-A01::B3-1-5::B-B04::B3-6::B-A01::B3-1-2::B3-c-10::B3-2-7::N-B08::N3-1-15::B3-18::	8
chr3	51328100	51472100	chr3_51328100	18	144000	0.046638899375192	20	0.00233140419841909	19	0.0106984566428979	::B3-17::N3-18::N-2-17::B3-1-11::B-B04::B-B08::N3-3::B3-1-5::B-1-2::B-B02::B3-3::N-1-2::B3-1-2::B-B10::B-2-9::B-2-26::N3-1-3::N-B04::	6
chr3	68997900	69141900	chr3_68997900	21	144000	0.000483865567657718	34	1.7145404350951e-14	29	3.64033474724428e-10	::N3-2-2::B-B09::B3-3::N-B10::B-B10::B-1-2::B3-1-2::B-A08::N-B07::B-B02::B-2-17::N-A08::B3-c-10::B-B04::B3-1-3::B3-6::N-B09::N-B08::B-A01::N3-18::B-B08::	18
chr3	88920300	89064300	chr3_88920300	20	144000	0.00233140419841909	29	3.64033474724428e-10	22	9.58580249267253e-05	::B-B08::B3-6::B-B10::N3-18::N3-1-2::B3-1-2::N-B08::B-B02::B-B09::B3-2-36::N-B02::N3-1-3::B3-1-3::B3-1-11::N3-1-11::B-A08::B3-3::N3-6::B3-17::N-B07::	15
chr3	90290900	90434900	chr3_90290900	19	144000	0.0106984566428979	20	0.00233140419841909	19	0.0106984566428979	::N-A11::N-B08::N-B07::B3-1-2::N-A01::N-1-2::B-1-2::B-B10::N-2-17::N3-2-36::B3-3::B-A01::N-B09::B-A03::B3-6::B-B02::B-A08::B3-17::N-B04::	13
chr3	95726700	95870700	chr3_95726700	18	144000	0.046638899375192	20	0.00233140419841909	17	0.192616886792382	::B3-17::B-B07::B3-1-2::N-B02::N-A08::B3-1-15::B-1-2::N3-2-36::B-A01::N3-1-5::B-A08::N-A11::N-A01::B3-c-10::N-B09::B-B04::B3-18::B-A11::	7
chr3	103251200	103395200	chr3_103251200	22	144000	9.58580249267253e-05	31	7.43551835989563e-12	28	2.42221606420213e-09	::N3-2-22::N3-18::B3-2-2::B-B09::N3-3::B-B10::B3-3::B-1-2::B3-6::B3-1-5::N3-1-11::B-B07::N-B04::B-2-17::N-2-9::B-A11::N-A11::B-A08::B-2-9::N-B07::N-A08::B3-18::	20
chr3	104821100	104965100	chr3_104821100	19	144000	0.0106984566428979	23	1.81646518888666e-05	20	0.00233140419841909	::B3-17::B-B02::B-A08::B-B09::B-B07::B-B11::N-B04::B-B04::B-A11::N-2-26::B3-18::B-2-9::B3-1-2::B-2-17::N-1-2::B-A01::N3-1-15::B3-1-15::N-A01::	14
chr3	135351400	135495400	chr3_135351400	19	144000	0.0106984566428979	26	9.64010574310416e-08	17	0.192616886792382	::B3-3::B-B04::B-B02::B-A08::N3-1-15::B3-1-15::B3-6::B-A01::N-B09::N-2-17::N-B02::B-A03::N-A08::N-A03::N3-2-36::N3-17::B3-18::N3-18::N3-1-2::	16
chr4	13728500	13872500	chr4_13728500	19	144000	0.0106984566428979	29	3.64033474724428e-10	18	0.046638899375192	::B3-6::B-A08::N-A03::N3-1-15::N-A08::B-A03::B3-1-15::B3-1-5::B3-c-10::B-B10::B3-2-2::B-B08::N-B08::B-B07::B-2-9::B-2-17::N-2-17::B3-1-2::N3-3::	10
chr4	116549500	116693500	chr4_116549500	18	144000	0.046638899375192	20	0.00233140419841909	15	2.75810239523718	::B3-2-2::N3-1-11::N-B09::B-B09::B3-3::N3-2-7::B-A08::N3-1-5::N-B04::B-B04::B3-1-5::N3-3::N-A03::B-B10::N-A01::B3-1-3::N-2-9::B-2-9::	7
chr4	126905100	127049100	chr4_126905100	18	144000	0.046638899375192	25	5.75080586258408e-07	24	3.29869586879758e-06	::N3-1-5::N3-17::B3-2-2::B3-3::B3-18::B-B07::B-B10::N3-2-7::B3-2-36::N3-1-3::N-2-9::N-B07::N-B08::N-B09::B-B02::B3-1-5::B-B04::B3-1-11::	13
chr4	129594600	129738600	chr4_129594600	18	144000	0.046638899375192	20	0.00233140419841909	18	0.046638899375192	::N3-2-36::N3-1-3::N-B04::B-B07::B3-2-2::N-B09::B-B09::N-A01::N3-18::B-A08::N-2-9::B-2-9::N-B08::B-B08::B-B04::B-A11::N3-6::N-B02::	9
chr4	130666600	130810600	chr4_130666600	22	144000	9.58580249267253e-05	28	2.42221606420213e-09	21	0.000483865567657718	::B-B02::N-B10::B-B10::B-B07::N-A01::B3-17::N3-1-2::N-A08::B-A08::B3-2-36::N-B02::B-2-9::B3-1-11::B-1-2::N-B07::N-A11::N-B09::B-B09::B3-2-22::N3-2-22::N3-1-5::B3-1-5::	11
chr4	138107400	138251400	chr4_138107400	19	144000	0.0106984566428979	23	1.81646518888666e-05	21	0.000483865567657718	::N-A11::N-A08::N-A01::B3-2-36::B3-1-3::N-B10::B-B09::B-B02::B-1-2::B-B11::N-B07::N3-2-36::N3-1-3::B-B08::B3-18::N3-18::B-A08::N3-17::N-B04::	11
chr5	25326000	25470000	chr5_25326000	38	144000	3.49218804809921e-18	114	2.7860281957275e-111	76	1.90808384089163e-60	::B-2-9::N3-1-3::B-2-17::B3-1-2::N-2-17::N3-1-15::N3-2-7::B3-1-15::B3-2-36::B3-2-7::B-B02::N-B02::B3-2-2::N-2-9::N-A03::B-B10::B-B07::B-1-2::N3-2-2::B-A08::B-A03::N-A08::B-B08::B3-18::B3-1-11::N3-1-11::B-B09::B-A11::N3-1-2::N-B07::N-B10::B3-1-3::B3-2-22::N3-2-22::N-B08::B3-17::N3-1-5::B3-6::	75
chr5	28130200	28274200	chr5_28130200	43	144000	4.75448646219951e-23	92	4.90321325998478e-81	8	2994.3626759379	::N-A01::N-A08::N-B09::N3-1-5::N3-2-2::N-1-2::B-B10::B3-6::B-A08::B-1-2::B-B04::B3-1-2::N-A11::B3-1-3::B-2-9::N-B04::N3-1-11::N3-3::B-B11::B-2-17::B-B08::B-B09::B-B07::B-A01::B3-2-36::B3-2-2::B-A11::B3-3::B3-17::B3-1-11::B3-18::B-B02::B3-1-5::B3-2-22::N-B02::N-B10::N-B08::N3-18::N-A03::B3-1-15::B3-c-10::N3-1-2::B3-2-7::	59
chr5	65535800	65679800	chr5_65535800	20	144000	0.00233140419841909	32	1.01271609192754e-12	25	5.75080586258408e-07	::B-B10::N3-2-36::B-1-2::N-A11::N-A01::B3-2-36::N3-1-3::N3-1-11::N3-1-5::B-A11::B3-1-3::B3-1-11::B3-6::N3-6::B3-18::N3-18::N-B02::B-B07::B-B09::N3-2-22::	22
chr5	86805300	86949300	chr5_86805300	18	144000	0.046638899375192	21	0.000483865567657718	17	0.192616886792382	::N-2-26::B3-1-3::B-B02::N-B02::N-1-2::B-B09::N-B09::B3-2-2::N3-2-2::B3-2-36::N3-2-36::B-B10::N3-1-3::N3-17::B3-3::N3-18::N3-2-22::N-A08::	14
chr5	90258700	90402700	chr5_90258700	19	144000	0.0106984566428979	26	9.64010574310416e-08	25	5.75080586258408e-07	::N-2-17::B3-6::B3-17::B3-18::N-1-2::N3-3::B-1-2::B-A01::N3-6::B3-2-2::B3-1-2::N-B10::B-B09::B3-1-11::N3-17::B-A08::N3-18::N3-1-11::N3-2-2::	12
chr5	96070200	96214200	chr5_96070200	18	144000	0.046638899375192	22	9.58580249267253e-05	20	0.00233140419841909	::N-B08::N3-6::N-A01::B3-1-3::B3-18::N-B10::B-B10::N3-1-3::B-A03::N-2-17::B-B02::B3-17::B-B04::B-1-2::N-A11::B3-3::N-B02::N-B04::	9
chr5	121717000	121861000	chr5_121717000	22	144000	9.58580249267253e-05	25	5.75080586258408e-07	20	0.00233140419841909	::N-B02::N-2-26::B3-c-10::N-1-2::B-1-2::B3-2-22::B3-6::B-B09::N-B08::N3-c-32::N3-2-36::B3-2-36::B3-3::B-B10::B3-17::B-B11::B-A08::N-A08::B3-2-2::B3-1-5::N3-2-22::B3-1-3::	11
chr5	135119700	135263700	chr5_135119700	18	144000	0.046638899375192	24	3.29869586879758e-06	21	0.000483865567657718	::B-A08::N-B08::B-B02::N-A01::B3-1-2::N3-1-3::B3-1-3::N3-2-22::N3-2-7::B3-1-5::B-B07::N3-17::B3-17::N3-2-2::N3-1-11::B3-1-11::B-B04::B-A03::	12
chr5	136430400	136574400	chr5_136430400	18	144000	0.046638899375192	21	0.000483865567657718	19	0.0106984566428979	::B-B10::B-1-2::B3-17::N-2-9::B-B02::N3-1-2::N3-1-5::B3-1-3::B3-3::N3-2-22::N3-1-11::B-2-26::B-2-9::N-A01::N3-6::N-B04::N3-18::B-B09::	10
chr5	147433200	147577200	chr5_147433200	18	144000	0.046638899375192	20	0.00233140419841909	20	0.00233140419841909	::N-2-17::B-A08::B3-2-22::B3-1-15::B3-17::N3-1-2::B-B08::N3-2-2::N-B04::B-B02::B-B07::N3-17::N-B08::B3-6::B3-1-3::B-B04::N3-6::N-A11::	9
chr6	47350200	47494200	chr6_47350200	20	144000	0.00233140419841909	23	1.81646518888666e-05	19	0.0106984566428979	::N-1-2::N-A01::B-B02::N3-6::B3-1-15::N-B04::N3-3::B3-1-2::B-2-9::B-A01::B3-1-11::B-B04::N-2-17::B-B10::B-A08::N3-1-5::N-B07::B3-1-5::N-A03::N3-1-3::	6
chr6	83313000	83457000	chr6_83313000	19	144000	0.0106984566428979	24	3.29869586879758e-06	21	0.000483865567657718	::B3-2-2::B-A01::B3-2-7::B3-1-3::N3-1-2::N-B07::N-A08::B3-6::N-B02::N3-6::N-2-17::B3-18::B-B11::N-1-2::N-A01::B3-2-36::B-B07::B-2-26::B-B02::	15
chr6	83904900	84048900	chr6_83904900	21	144000	0.000483865567657718	25	5.75080586258408e-07	24	3.29869586879758e-06	::N-B08::B3-1-11::B3-2-36::N-2-17::N-2-26::N3-1-15::B-A08::N3-2-7::B-A01::B3-17::N-B04::B3-1-2::B-1-2::N-A01::B-B09::B-B10::N3-2-36::B3-c-10::N-2-9::B-2-9::N3-1-11::	14
chr6	113022900	113166900	chr6_113022900	21	144000	0.000483865567657718	26	9.64010574310416e-08	22	9.58580249267253e-05	::N3-1-15::B-B02::N3-2-2::B-B10::B-1-2::N-B11::B-B04::B-A11::N-1-2::N3-2-7::B-B11::N-A03::N-2-17::B-A08::B-B07::N3-18::N-B08::B-B08::B-A03::B3-1-11::B3-18::	13
chr6	114863900	115007900	chr6_114863900	19	144000	0.0106984566428979	21	0.000483865567657718	19	0.0106984566428979	::B-1-2::B-2-17::N3-2-2::N-A11::N-A08::B-B10::B3-1-3::B3-17::N3-1-5::B-B09::B-A11::B-B02::N3-1-3::N-2-17::B3-1-2::B3-6::N-A01::N-2-26::B-2-26::	13
chr6	119880600	120024600	chr6_119880600	18	144000	0.046638899375192	21	0.000483865567657718	21	0.000483865567657718	::N3-1-5::B-B04::N-1-2::B3-1-11::B-A08::N-2-9::B3-2-36::B3-1-2::B-B10::B3-6::N-B09::N3-1-2::B-A11::N-B11::B3-18::B3-3::B3-17::N-A01::	7
chr6	134670800	134814800	chr6_134670800	18	144000	0.046638899375192	22	9.58580249267253e-05	15	2.75810239523718	::B-B04::B-A03::N3-18::N-A03::B-A08::N-A11::B3-1-15::N3-1-15::N-A08::N-A01::B3-3::B-B09::N3-1-5::N-2-26::N3-6::B-A01::B-1-2::B3-17::	14
chr7	67266800	67410800	chr7_67266800	22	144000	9.58580249267253e-05	24	3.29869586879758e-06	17	0.192616886792382	::N-B04::N3-1-5::B-B09::B-B07::N3-3::N3-17::B-A03::N-A01::B-B04::B-A11::N-A11::B-2-26::B3-6::B3-17::B3-1-15::B-A08::N-A03::N3-1-15::N-A08::N-B08::B3-2-36::N-B09::	16
chr7	90072400	90216400	chr7_90072400	21	144000	0.000483865567657718	29	3.64033474724428e-10	27	1.55612497327736e-08	::B-B02::B3-17::N-B09::B-A08::N-1-2::N-B02::B-B07::B-B09::N3-c-32::N-A11::B3-6::B-A03::N3-2-2::B-B10::B-1-2::N-A01::B-A01::B-A11::B3-2-36::N3-6::B3-1-11::	13
chr7	118128000	118272000	chr7_118128000	19	144000	0.0106984566428979	20	0.00233140419841909	19	0.0106984566428979	::B3-1-11::B-1-2::B-B04::B-B08::B3-6::B3-3::B-A01::B3-2-2::N-B08::B-A08::B3-1-2::B3-1-5::N-A08::B-B07::B-2-26::B3-2-36::N3-2-36::B-A11::N3-17::	14
chr7	121724800	121868800	chr7_121724800	26	144000	9.64010574310416e-08	27	1.55612497327736e-08	3	12795.0350311767	::N-B04::B-B04::N3-1-15::N3-2-22::N-1-2::N3-1-2::N-A11::N3-6::N-B07::N-B08::N-2-9::N-2-26::N3-1-11::N-B11::N-B09::N3-2-7::N-B02::N3-2-36::N-B10::N3-c-10::N-2-17::N3-3::N3-1-3::N3-1-5::N3-17::N3-18::	25
chr7	126046000	126190000	chr7_126046000	20	144000	0.00233140419841909	25	5.75080586258408e-07	22	9.58580249267253e-05	::B-B04::B3-c-10::N3-1-15::N3-1-5::N3-18::B3-18::B3-6::B-2-17::B3-2-36::N3-2-36::B-B10::B-A01::N-A01::B-B09::N-1-2::B-1-2::N-B08::N-A11::B3-1-2::N-2-9::	14
chr7	136277300	136421300	chr7_136277300	34	144000	1.7145404350951e-14	38	3.49218804809921e-18	9	1450.067871634	::N-B07::B-2-17::B3-18::B3-6::B-B09::N3-c-10::N-B11::N3-2-36::N-A08::N-2-9::N-2-26::N-2-17::N-B04::N3-17::N-B09::N3-6::N-A11::N-B02::N3-1-11::N3-1-5::N-A01::N3-1-3::N3-1-15::N-1-2::N3-2-7::N3-2-2::N3-c-32::N-A03::N-B10::N3-3::N-B08::N3-1-2::N3-2-22::N3-18::	33
chr8	22801800	22945800	chr8_22801800	18	144000	0.046638899375192	23	1.81646518888666e-05	16	0.75130597320717	::B-B04::N-B08::B-1-2::B3-1-5::N-B04::N-A01::B-A01::B-2-17::N-2-17::B-B10::B3-1-2::B-B07::N-B07::N-1-2::N3-1-2::N-B09::N3-1-3::N3-2-7::	13
chr8	69897200	70041200	chr8_69897200	18	144000	0.046638899375192	21	0.000483865567657718	16	0.75130597320717	::N-B10::N-A11::B3-3::N-A08::B3-1-3::B3-2-36::B3-2-22::N3-2-22::N3-2-7::N-B09::B-B09::B-B10::N3-1-5::N-B04::B-B04::B3-1-5::B-1-2::B-B02::	9
chr8	95702200	95846200	chr8_95702200	18	144000	0.046638899375192	22	9.58580249267253e-05	21	0.000483865567657718	::N3-17::B3-1-3::N-1-2::N-B10::B-B04::N3-6::B3-1-2::N-2-17::B3-1-11::B3-2-22::N3-2-22::B3-6::B-B10::B3-18::B-A01::B-1-2::B3-c-10::B-B02::	11
chr8	109753300	109897300	chr8_109753300	22	144000	9.58580249267253e-05	34	1.7145404350951e-14	27	1.55612497327736e-08	::B3-1-2::N-B07::N3-1-11::N-B08::N-B11::B-B10::N3-1-5::B3-2-36::N-B10::B-B07::N3-1-2::N-2-17::B-2-17::B3-c-10::B-B02::N3-2-36::B3-c-32::B3-2-7::B3-18::B3-17::B3-2-2::B3-2-22::	17
chr8	111514700	111658700	chr8_111514700	18	144000	0.046638899375192	21	0.000483865567657718	18	0.046638899375192	::N-2-26::B-B07::N-A11::B-B10::B-1-2::N-B10::N-B09::B-B02::B-2-17::B3-1-2::B-B09::N3-17::B3-17::N3-2-2::B3-18::B-2-26::N3-2-36::B-A11::	11
chr8	117287200	117431200	chr8_117287200	20	144000	0.00233140419841909	27	1.55612497327736e-08	23	1.81646518888666e-05	::B-B04::B3-17::B-1-2::B-B07::N-B10::N-A01::B3-1-11::B-2-17::N-2-17::N-B09::N-A11::N-1-2::B3-1-3::N3-1-5::N-B04::B3-1-5::B-B02::N-2-26::B3-2-22::B-A08::	11
chr8	122877900	123021900	chr8_122877900	18	144000	0.046638899375192	23	1.81646518888666e-05	21	0.000483865567657718	::N-A11::N-B02::N3-1-5::B3-6::B3-2-2::B-B07::B-B10::B-A08::B-B02::N-B04::B-1-2::B3-1-3::B3-17::B3-3::N3-2-2::N-B10::N-A01::B-2-17::	16
chr9	3000100	3144100	chr9_3000100	33	144000	1.3375197695731e-13	59	3.5111526367788e-40	18	0.046638899375192	::N-A08::N-B08::B-B02::N-B07::N-2-17::N3-18::N3-6::B-B11::N-B11::N-A11::N3-2-22::N-A01::N-B04::N-2-26::N3-2-7::N3-1-3::N-B10::N3-1-15::N3-17::N3-2-2::N3-1-5::B-B10::N-B02::B3-17::B3-2-22::B-A08::N3-2-36::N3-1-2::B-B09::N-A03::B-2-17::N-B09::N3-1-11::	26
chr9	21379400	21523400	chr9_21379400	19	144000	0.0106984566428979	28	2.42221606420213e-09	24	3.29869586879758e-06	::N3-1-5::B3-1-3::N-B07::N3-2-7::B-B10::N-2-17::N3-c-10::N3-18::B-B07::B-B08::N-B08::B-1-2::N-1-2::B-B04::N3-17::N3-2-36::N-2-9::B-2-9::N-B04::	13
chr9	21620300	21764300	chr9_21620300	20	144000	0.00233140419841909	27	1.55612497327736e-08	24	3.29869586879758e-06	::B3-1-15::N-2-17::B3-1-2::B3-18::N3-18::B-A08::B-B04::N-1-2::B-1-2::B-B02::N-A08::B-B10::N3-2-7::N-B02::N-B09::B-B08::B3-17::B3-2-36::B3-3::N-A11::	14
chr9	32099800	32243800	chr9_32099800	19	144000	0.0106984566428979	21	0.000483865567657718	20	0.00233140419841909	::N3-17::N3-3::N-A03::B-B07::N-B08::N-A08::N-2-17::B-A03::B-2-9::N3-1-3::B3-6::B3-1-3::N-B04::N3-6::B3-1-2::B-B11::B3-18::N3-18::N-B10::	14
chr9	58523200	58667200	chr9_58523200	18	144000	0.046638899375192	23	1.81646518888666e-05	20	0.00233140419841909	::B-B11::B3-3::N3-3::B3-17::B-A01::N-B04::B3-1-3::N-1-2::B-1-2::N3-17::N-B10::B-B10::B3-2-2::B-A08::N3-18::N3-1-3::N-B08::B-B04::	12
chr9	59368300	59512300	chr9_59368300	19	144000	0.0106984566428979	31	7.43551835989563e-12	30	5.28867044201825e-11	::B3-1-2::N-B08::N-A08::N-B10::B-B09::B-B02::B-A08::N-A01::B3-6::B3-3::N3-1-5::N3-1-2::N3-2-7::B3-1-5::N-B07::B-B10::N-2-17::B-2-17::N3-2-36::	14
chr9	65690500	65834500	chr9_65690500	18	144000	0.046638899375192	24	3.29869586879758e-06	21	0.000483865567657718	::B-B10::N-B04::B3-17::N3-17::B3-18::N3-18::B-B09::B-1-2::B-B11::N-B11::B-B02::B-A01::N-1-2::N-A08::B-A03::N3-1-11::N-B02::N3-1-2::	13
chr9	66429900	66573900	chr9_66429900	20	144000	0.00233140419841909	20	0.00233140419841909	19	0.0106984566428979	::B-B07::B3-18::B3-2-22::N-B07::N3-18::N3-17::B-2-17::N-B04::B-A01::B-A08::B-B09::N-B08::B-B10::B3-1-2::B-1-2::N-1-2::N-2-17::N3-c-10::N-B10::N-A11::	12
chr9	70366700	70510700	chr9_70366700	22	144000	9.58580249267253e-05	27	1.55612497327736e-08	25	5.75080586258408e-07	::B3-2-2::B-B07::B-B02::N-B02::N3-2-2::B3-2-36::B-1-2::N3-1-3::N3-1-11::N-A11::B-B09::B3-6::B3-1-3::N-1-2::B-A01::B3-3::B3-1-5::B-B10::B-A08::B-A11::N-A03::B3-1-11::	15
chr9	71864700	72008700	chr9_71864700	21	144000	0.000483865567657718	31	7.43551835989563e-12	25	5.75080586258408e-07	::B3-2-36::N-A03::N3-2-2::N-B11::B3-1-2::N3-1-2::B-B10::B-A11::N-B08::B-A01::N-B09::B-B08::N3-18::B3-17::N-A11::B-2-17::N3-2-36::N3-c-32::B-B02::B3-18::B3-6::	22
chr9	72535200	72679200	chr9_72535200	20	144000	0.00233140419841909	24	3.29869586879758e-06	21	0.000483865567657718	::B3-17::B-B10::B-B02::N-B08::N-1-2::B3-6::B-2-9::N3-2-2::B3-2-2::N3-2-7::N-A01::N-B10::N-2-26::N3-18::N3-1-11::B-A08::B3-2-22::B3-1-2::B3-2-36::N3-2-36::	14
chr9	100659300	100803300	chr9_100659300	18	144000	0.046638899375192	20	0.00233140419841909	18	0.046638899375192	::B3-17::B-2-9::N-A01::N3-1-3::B-B11::B3-1-15::N3-2-7::B3-1-3::N-B10::N3-17::N-A08::N-B09::B3-3::B3-c-10::B-B09::N-1-2::B-A11::B-1-2::	10
chr9	107737500	107881500	chr9_107737500	24	144000	3.29869586879758e-06	30	5.28867044201825e-11	25	5.75080586258408e-07	::N-2-17::N-A01::B-1-2::N-B02::B-B02::B3-17::N3-17::B-B10::B3-3::B3-1-5::N3-c-10::N-B04::N3-3::B-A01::N3-2-36::B3-6::B-A08::B3-2-2::B3-1-15::N-B11::B-2-9::B3-18::N3-18::N-A11::	15
chr9	108523700	108667700	chr9_108523700	18	144000	0.046638899375192	24	3.29869586879758e-06	19	0.0106984566428979	::N-A08::B-A08::B-B04::N3-6::N3-1-5::B3-1-11::B3-6::B-B10::B-B11::B-A01::N-A01::N-B04::B3-1-5::N-B10::B3-17::N-A11::B-A03::N-A03::	15
chrUn_GL456390	0	144000	chrUn_GL456390_0	38	144000	3.49218804809921e-18	80	1.81384763506368e-65	58	4.75308173143496e-39	::B3-18::N3-6::N3-1-2::N3-2-7::N3-1-3::B3-3::N-2-17::N3-2-2::N3-17::N-B09::N-A03::N3-1-15::N3-3::N-B08::N-B04::N-A08::N-A01::N-B10::N3-1-11::B-1-2::N3-2-22::N3-2-36::N3-18::N-B11::N-B02::B-A08::N3-1-5::B3-2-7::B-B02::B3-17::N-A11::B3-6::B-A03::B3-2-22::B-B11::N-2-26::B3-1-2::B-B04::	47
chrUn_GL456393	1400	145400	chrUn_GL456393_1400	32	144000	1.01271609192754e-12	52	2.02087682703906e-32	41	4.52031274598969e-21	::N3-2-36::N3-18::N-2-17::N3-1-3::N-B11::N-B02::N3-1-2::N3-2-2::B-A08::N3-1-15::N3-1-5::B-1-2::N3-6::B3-2-7::N-B10::N-B08::B-B02::B3-3::N-A03::B3-17::N-A11::B3-6::N-A01::B-A03::B3-2-22::B-B11::N-2-26::N-B09::B3-1-2::B-B04::N-A08::N3-17::	27
chrUn_JH584304	1500	145500	chrUn_JH584304_1500	24	144000	3.29869586879758e-06	32	1.01271609192754e-12	29	3.64033474724428e-10	::B-B02::B3-3::N-A03::B3-17::N-A11::B3-6::N-A01::B-A03::B3-2-22::N3-18::B-B11::N-B08::N-B11::N-2-26::N-B09::B3-1-2::B-A08::B-B04::B-1-2::N3-1-3::N-A08::N3-17::N-2-17::N3-1-2::	15
chrX	13022600	13166600	chrX_13022600	18	144000	0.046638899375192	20	0.00233140419841909	17	0.192616886792382	::B3-3::N-A11::N-1-2::B-A08::B-A03::B3-1-15::N3-18::B3-1-2::N3-1-11::B-A01::N-A01::B3-c-10::N-2-9::B-2-9::B-A11::N3-2-36::N-B10::N-B04::	13
