chr10	20257800	20358800	chr10_20257800	18	101000	0.000289218941865188	18	0.000289218941865188	17	0.00170299713518089	::B3-6::B-1-2::N-1-2::N-A03::B3-18::B3-1-2::B3-1-3::N-B09::B-B09::B-A01::B-B02::N-B02::N-2-26::N-B10::N-A01::B3-1-15::N-2-17::N3-3::	13
chr10	29138700	29239700	chr10_29138700	15	101000	0.0495692308589019	15	0.0495692308589019	13	1.11393752392507	::N3-1-11::N3-18::B3-18::N3-1-2::B3-2-36::N3-2-36::B-A03::N-B04::N-2-17::N3-1-15::B-B04::B3-1-2::N-A01::N-B07::N-A11::	10
chr10	67166800	67267800	chr10_67166800	18	101000	0.000289218941865188	21	1.03533239558607e-06	19	4.65327214158882e-05	::N-B11::N-A11::B-2-17::B3-6::B-1-2::B-A03::N-1-2::N-B07::B-B07::B3-1-2::N3-2-2::B3-3::N3-1-5::N-A01::B-B11::B-B09::N3-6::B-B10::	12
chr10	108167700	108268700	chr10_108167700	23	101000	1.91205300613724e-08	32	4.37915678577468e-17	22	1.43860790736024e-07	::N-A01::N-B04::N-B09::N3-1-5::B3-1-15::B-A03::N-A08::N3-1-15::N-A03::N-1-2::B3-3::B-B11::B3-1-2::B3-2-22::B3-6::B-B10::N-B10::B3-1-3::B-2-17::N-B08::B-A08::B3-17::B-B09::	15
chr10	117287100	117388100	chr10_117287100	15	101000	0.0495692308589019	18	0.000289218941865188	16	0.00947060052372312	::B-A08::N-B11::B3-6::N3-1-5::N-2-17::N-B04::B-B10::N-B09::B-B09::N3-6::B-A11::N-B02::N-B10::B-B02::N-1-2::	7
chr10	123095300	123196300	chr10_123095300	16	101000	0.00947060052372312	16	0.00947060052372312	13	1.11393752392507	::B3-6::B3-1-3::B-B02::N-2-17::B3-2-2::B-A11::B3-2-22::N3-2-22::B-B09::N-B09::N3-1-3::N3-1-15::B3-1-15::N3-1-5::N-B04::B-A08::	10
chr10	128060400	128161400	chr10_128060400	15	101000	0.0495692308589019	17	0.00170299713518089	13	1.11393752392507	::B-1-2::B3-1-5::N-1-2::B-B09::B-A08::N-A01::N-B04::B-B11::B-B02::B-B07::B3-1-2::N3-1-2::N-B07::N3-1-11::N3-2-2::	8
chr10	128345900	128446900	chr10_128345900	15	101000	0.0495692308589019	15	0.0495692308589019	14	0.243230548229384	::N-1-2::B-B10::B-B11::N-B11::B-A08::N3-1-15::N3-6::B3-2-22::B-B07::B-B04::B3-1-3::B3-1-15::N-2-9::B3-1-11::N-B02::	8
chr11	3182100	3283100	chr11_3182100	18	101000	0.000289218941865188	26	3.50131586064105e-11	24	2.43542077582425e-09	::B-B07::N3-2-2::N-A03::B-B09::N3-18::N3-1-3::B-A03::B-2-17::B-B10::B3-2-36::N3-17::B-A08::N-A08::N-B04::B3-1-3::B-2-9::B-1-2::B3-3::	14
chr11	23297400	23398400	chr11_23297400	17	101000	0.00170299713518089	21	1.03533239558607e-06	19	4.65327214158882e-05	::N3-6::N-B02::B-B07::N-A03::B3-6::B3-17::N3-17::N-2-17::B-1-2::B3-c-10::B3-18::B-B09::B3-2-2::B-B04::N-A08::N-1-2::N3-2-2::	14
chr11	51697200	51798200	chr11_51697200	15	101000	0.0495692308589019	15	0.0495692308589019	13	1.11393752392507	::B-B10::B-B02::N-1-2::N3-1-2::B3-18::B3-6::N-B08::N3-2-36::B3-c-32::B3-2-36::B-A08::N-B09::B-A03::N-A01::N3-1-11::	6
chr11	54511000	54612000	chr11_54511000	16	101000	0.00947060052372312	22	1.43860790736024e-07	13	1.11393752392507	::N-A03::B-A03::N-B04::B3-2-22::B-1-2::N3-1-15::N-A08::B3-1-15::B-A08::B-A11::N-A11::B-A01::B-2-17::B3-1-3::N3-1-11::B-B10::	12
chr11	58012600	58113600	chr11_58012600	15	101000	0.0495692308589019	20	7.11236076373263e-06	18	0.000289218941865188	::N3-1-3::B3-2-36::B3-1-3::B-A03::B-1-2::B-B02::N-B02::N-A01::N-B11::B3-2-2::N-B04::N-A11::B-B07::N3-1-2::B3-3::	11
chr11	60108100	60209100	chr11_60108100	16	101000	0.00947060052372312	21	1.03533239558607e-06	19	4.65327214158882e-05	::B-A11::N-B08::B3-1-15::N-1-2::N3-1-3::B3-3::B-2-9::B3-17::B-B02::B-1-2::N-B09::B-B11::N3-2-36::N3-1-5::B3-1-5::N3-2-7::	9
chr11	69570500	69671500	chr11_69570500	17	101000	0.00170299713518089	22	1.43860790736024e-07	17	0.00170299713518089	::B3-1-2::B3-17::B3-1-15::N-1-2::N3-3::N3-1-11::B-B04::N3-1-2::N-B07::B-B07::B3-2-2::B3-2-36::B3-2-22::N-A08::B3-6::N-B02::N3-2-2::	10
chr11	74629100	74730100	chr11_74629100	19	101000	4.65327214158882e-05	25	2.97796314371372e-10	18	0.000289218941865188	::B-2-26::B-B10::N3-3::B-B02::B3-1-15::B3-1-2::B-A01::B-B04::N-B04::B3-2-2::N3-1-5::B3-1-5::N-B07::N3-1-2::B-B07::N-B11::N-B02::B-1-2::N-A01::	8
chr11	75682400	75783400	chr11_75682400	18	101000	0.000289218941865188	23	1.91205300613724e-08	21	1.03533239558607e-06	::N-B10::B-A11::B-A01::B3-2-22::N3-2-22::N3-17::N-B04::B-1-2::N3-1-5::B3-c-32::N-A01::B3-6::N-A08::B3-3::N-B11::B-B11::N-B08::B3-2-36::	11
chr11	77512700	77613700	chr11_77512700	18	101000	0.000289218941865188	28	4.32792909233124e-13	21	1.03533239558607e-06	::B3-2-2::B3-3::B-B10::B3-1-15::N3-1-15::B-B02::N-B07::B3-2-36::B3-17::N3-17::N-1-2::B-A01::N-A11::B-A11::N3-3::B-B11::N-2-17::N-B08::	15
chr11	79411600	79512600	chr11_79411600	18	101000	0.000289218941865188	27	3.96417526657726e-12	23	1.91205300613724e-08	::N-A01::B-A08::B3-2-7::B3-3::N-B07::N-B08::B-A11::N-A11::B-B02::B-1-2::N3-1-11::B3-1-11::B3-1-3::N-B10::B3-18::B-B09::B3-2-36::B3-c-10::	12
chr11	84770000	84871000	chr11_84770000	15	101000	0.0495692308589019	20	7.11236076373263e-06	18	0.000289218941865188	::B-B04::B3-3::B-2-17::N3-1-2::B3-6::B-B10::B3-1-2::B-B02::N-B09::B3-1-5::N-2-17::B3-2-36::N-A08::B-A08::N-B02::	6
chr11	86266000	86367000	chr11_86266000	15	101000	0.0495692308589019	21	1.03533239558607e-06	17	0.00170299713518089	::B-B02::B3-2-2::N-B08::N3-c-10::B-1-2::N-2-17::N3-2-36::B3-1-5::N-B02::N3-1-11::B3-1-11::B-A08::N3-1-3::B3-1-3::B-B08::	8
chr11	86654600	86755600	chr11_86654600	17	101000	0.00170299713518089	26	3.50131586064105e-11	20	7.11236076373263e-06	::N3-2-36::N-B04::B-B02::N-2-17::B-B11::B-B10::B3-6::B3-2-7::N3-2-7::B3-2-2::B3-3::B3-1-3::N-B11::N3-3::N-2-26::B-2-26::B3-2-36::	16
chr11	88052800	88153800	chr11_88052800	16	101000	0.00947060052372312	25	2.97796314371372e-10	22	1.43860790736024e-07	::N3-17::B3-6::B3-3::B-B11::N-1-2::B-B02::N-B08::B-B08::N3-3::B-B07::N3-2-2::N-B04::N3-1-3::N-B11::B3-1-15::B-1-2::	7
chr11	102453900	102554900	chr11_102453900	15	101000	0.0495692308589019	18	0.000289218941865188	16	0.00947060052372312	::N-B04::N-A01::B3-1-2::N-2-9::B-2-9::N3-1-5::N3-3::B3-3::N3-6::B-A11::B3-c-10::B-B02::B-B07::B-A08::N3-1-2::	8
chr11	105660500	105761500	chr11_105660500	17	101000	0.00170299713518089	20	7.11236076373263e-06	18	0.000289218941865188	::N-2-17::N3-18::B-B02::B-2-17::N-B04::B3-2-36::B-B10::B-B04::N3-6::B3-2-2::N3-2-2::B3-1-11::B-B09::N3-1-5::N3-1-11::B3-2-7::B3-3::	12
chr11	106823700	106924700	chr11_106823700	21	101000	1.03533239558607e-06	29	4.5621279300171e-14	24	2.43542077582425e-09	::N-B04::B3-1-11::N3-6::B3-6::N-2-26::B-2-26::B3-2-36::B-B11::B3-2-2::B-B04::B3-1-5::N3-1-5::B-A01::B-B02::N3-c-10::N3-2-36::B3-c-10::B3-3::B3-17::N3-2-22::N3-17::	16
chr11	107030800	107131800	chr11_107030800	17	101000	0.00170299713518089	20	7.11236076373263e-06	18	0.000289218941865188	::N-B07::B3-1-3::N3-1-3::B-1-2::N3-17::N3-1-5::B3-1-5::B-B02::B-2-17::N-B02::N-B09::B3-18::B-B09::N3-6::N-B11::B-B10::B-B07::	9
chr11	118157000	118258000	chr11_118157000	15	101000	0.0495692308589019	16	0.00947060052372312	15	0.0495692308589019	::B-B02::B3-2-2::B3-1-11::N3-2-2::B3-1-2::N-2-9::N-B09::B3-17::B3-1-3::N-1-2::N-B11::N-A11::N3-1-11::B-B10::B-A08::	6
chr12	8676400	8777400	chr12_8676400	16	101000	0.00947060052372312	20	7.11236076373263e-06	17	0.00170299713518089	::B-B02::N-B02::N3-1-5::B-2-9::B-B08::N-B08::B3-3::B3-1-5::N-B10::N-B11::B3-6::B3-1-2::B3-2-36::B-B11::B-B07::N-B07::	14
chr12	83639100	83740100	chr12_83639100	16	101000	0.00947060052372312	20	7.11236076373263e-06	17	0.00170299713518089	::B-A08::N3-1-5::N-B10::B-B11::N-1-2::N3-2-36::B3-1-2::B3-1-11::N3-1-11::N3-1-15::N-2-17::B3-2-36::N-2-26::B-B10::B3-2-2::N3-2-2::	16
chr12	87344500	87445500	chr12_87344500	15	101000	0.0495692308589019	16	0.00947060052372312	15	0.0495692308589019	::B3-3::N3-1-5::B-B04::B-B02::B3-2-36::N3-1-2::N-A11::N3-2-2::N3-2-36::N-B04::N-A01::N3-2-22::B3-2-22::N3-3::B-A03::	8
chr12	105758800	105859800	chr12_105758800	16	101000	0.00947060052372312	18	0.000289218941865188	16	0.00947060052372312	::B-B07::N3-6::N-B08::B-B02::N3-1-2::N3-2-36::N3-2-2::B-A01::N3-1-3::N3-2-7::B3-2-7::N3-1-5::B-A08::B3-6::B-B10::N-A03::	4
chr13	3516600	3617600	chr13_3516600	16	101000	0.00947060052372312	18	0.000289218941865188	15	0.0495692308589019	::N-B08::N-B02::B3-18::N3-1-3::B3-1-3::B-B10::B-B02::B3-1-15::B-A03::B-A08::B-B09::N-2-17::N-B10::B-B07::N3-1-15::B-2-17::	7
chr13	14042500	14143500	chr13_14042500	17	101000	0.00170299713518089	18	0.000289218941865188	15	0.0495692308589019	::N3-17::N3-18::B-B02::N-B02::N-B11::B-B09::N3-3::N-B04::N-A01::N3-2-36::B3-2-36::B3-2-22::N-B10::B-2-26::N3-1-2::B-B11::B-B04::	8
chr13	24040300	24141300	chr13_24040300	18	101000	0.000289218941865188	23	1.91205300613724e-08	16	0.00947060052372312	::N3-1-2::B-A03::B3-1-15::B-A08::N3-1-15::N-A08::N-A03::N3-17::N-B11::N-2-17::B-2-17::B3-2-22::N3-2-22::B-B02::N3-1-3::B3-1-3::B3-17::B-A11::	14
chr13	43400100	43501100	chr13_43400100	19	101000	4.65327214158882e-05	23	1.91205300613724e-08	19	4.65327214158882e-05	::N3-1-3::B-A03::N3-1-5::N-B10::N-B09::B-B04::B-2-17::N-A11::B3-1-5::B3-17::B-B02::B3-6::N3-1-2::N3-1-15::N-B07::N-A03::N-A08::B3-1-3::B-B09::	14
chr13	94536800	94637800	chr13_94536800	18	101000	0.000289218941865188	18	0.000289218941865188	6	3861.99235338112	::B-A08::N-B08::B-B02::N-2-26::N-B04::N3-18::N-2-17::N-B07::N-A11::N-B10::N-1-2::N3-1-5::N3-2-36::N3-3::N3-2-2::N3-6::B-A11::N-A01::	14
chr13	103828500	103929500	chr13_103828500	20	101000	7.11236076373263e-06	29	4.5621279300171e-14	20	7.11236076373263e-06	::N3-1-2::B-B10::B3-2-36::B-A08::N3-1-15::B3-1-15::N-A03::B-A03::N3-6::B-2-9::B3-17::B-B11::N-B08::B-B08::B3-3::N-B09::B-B09::N-B04::B3-6::N3-2-36::	9
chr13	114288100	114389100	chr13_114288100	16	101000	0.00947060052372312	18	0.000289218941865188	16	0.00947060052372312	::B-B04::B3-2-2::B-A03::N3-2-7::N-B09::B-B09::N-B10::B-A08::B3-c-10::B3-17::N3-1-5::B-A11::N-B11::B3-1-3::B-B10::B-1-2::	10
chr14	19323600	19424600	chr14_19323600	31	101000	4.58411128497384e-16	46	1.30312788165092e-32	23	1.91205300613724e-08	::B-A08::B3-6::N-A03::N-A01::N3-6::N3-1-3::N3-3::N3-2-36::B3-2-36::N3-1-15::N3-18::N3-1-5::N-B11::N3-2-22::B3-2-2::N3-17::N3-1-11::B-B04::N-2-17::N-B02::N-2-9::B-B11::N-B10::B3-3::N-1-2::B3-17::N-B04::N-B08::N-B07::N-A08::N3-2-7::	34
chr14	31009700	31110700	chr14_31009700	20	101000	7.11236076373263e-06	30	4.64870005468216e-15	24	2.43542077582425e-09	::B-B09::N-B04::B3-c-10::N-A01::N3-1-5::N-2-17::N3-1-3::B3-1-3::N-B11::B-B11::B3-1-2::N-B02::B-B07::N-B07::N-B10::N3-c-10::B-B10::B-A08::B3-6::N3-1-2::	14
chr14	34408900	34509900	chr14_34408900	16	101000	0.00947060052372312	24	2.43542077582425e-09	21	1.03533239558607e-06	::B3-2-36::B-2-9::N3-17::B3-17::B-B02::B-A01::N-B08::B-B08::B3-1-2::N3-18::B3-1-3::B-A08::B-A11::N-A11::N-B10::N3-1-5::	13
chr14	73203600	73304600	chr14_73203600	22	101000	1.43860790736024e-07	43	4.15483802077704e-29	29	4.5621279300171e-14	::N-A01::N3-1-15::B3-1-15::N-B02::B-B11::B-A08::N-B11::B-A03::N-A03::N-A08::B-B02::N-2-17::B3-3::N3-2-7::B3-2-22::B-A01::B3-c-10::N3-c-10::B-B04::N-B04::B-A11::B-B07::	38
chr15	8342800	8443800	chr15_8342800	21	101000	1.03533239558607e-06	24	2.43542077582425e-09	23	1.91205300613724e-08	::B3-18::B-A08::N3-c-32::B3-2-36::N-B04::N-B08::B-2-17::N-2-17::B-B02::B-B07::B3-1-11::B3-c-10::B-1-2::B-B08::N-A11::B-2-26::N3-6::B3-17::N3-2-36::B-B11::B-A11::	18
chr15	12101300	12202300	chr15_12101300	20	101000	7.11236076373263e-06	26	3.50131586064105e-11	21	1.03533239558607e-06	::N3-2-2::B3-2-36::N3-2-36::B3-c-32::B-B11::B-B08::B3-6::N-B02::N-B04::N-B08::N-B09::N3-1-3::N3-1-11::N-A11::B-B02::B-A08::B-B07::N-B07::B-1-2::N-2-26::	13
chr15	37978400	38079400	chr15_37978400	17	101000	0.00170299713518089	29	4.5621279300171e-14	25	2.97796314371372e-10	::B-B11::B3-6::B-B04::B3-1-5::N3-1-15::B-A08::N-B04::N3-1-5::N-2-26::N-A01::B-A01::N3-17::N-B02::N3-2-7::N3-3::B3-17::N-B08::	13
chr15	77070100	77171100	chr15_77070100	19	101000	4.65327214158882e-05	24	2.43542077582425e-09	20	7.11236076373263e-06	::N-B08::B-B10::B-1-2::B3-2-2::N3-17::B3-1-5::B3-2-7::N3-2-7::B-B04::B3-3::B-A11::N-B07::B-B08::N3-1-2::B-B07::B3-1-2::B-A03::N-B02::N3-1-15::	10
chr15	80827100	80928100	chr15_80827100	22	101000	1.43860790736024e-07	40	1.076960408862e-25	32	4.37915678577468e-17	::N-B08::N3-17::B3-1-11::B-A03::N3-6::B-A11::N-A11::N-1-2::N3-1-5::N-B04::N3-1-2::B3-6::B-A08::B3-2-22::B-B04::B3-1-5::B-B07::B-1-2::N3-2-22::B-B08::N-A01::B-B10::	17
chr15	81582200	81683200	chr15_81582200	17	101000	0.00170299713518089	21	1.03533239558607e-06	17	0.00170299713518089	::B-A11::N-B08::B-B08::B3-2-7::N3-2-7::B-B02::N3-6::B3-6::N3-3::B3-2-2::N3-1-11::B3-1-2::B-B11::N-A01::B-B07::B-B04::N-B04::	11
chr15	96348200	96449200	chr15_96348200	17	101000	0.00170299713518089	24	2.43542077582425e-09	21	1.03533239558607e-06	::B-2-26::B3-2-36::B-B02::N3-2-36::N-1-2::N-B04::N3-1-5::B-1-2::B3-3::N3-18::B-2-17::B-B04::N-A08::B3-c-32::B3-6::B-B11::B3-1-11::	15
chr15	99974300	100075300	chr15_99974300	17	101000	0.00170299713518089	20	7.11236076373263e-06	18	0.000289218941865188	::N-A08::B3-1-15::N3-1-15::N-2-17::N-B10::N-1-2::B3-2-2::B-2-17::N-B07::B-A11::B-B07::B-B09::B3-6::N-B11::B3-2-22::N-A11::B-A01::	8
chr15	101993300	102094300	chr15_101993300	15	101000	0.0495692308589019	18	0.000289218941865188	14	0.243230548229384	::N-1-2::N3-1-5::N-B11::N-A11::B-A11::B3-2-22::B-B02::N3-17::N-B08::B-2-9::B-B10::N3-3::B3-3::B-2-26::N-2-26::	7
chr16	4106900	4207900	chr16_4106900	20	101000	7.11236076373263e-06	26	3.50131586064105e-11	26	3.50131586064105e-11	::B-1-2::N-B10::N3-1-3::N-B02::B-A08::N-B08::B3-17::B3-c-10::B-B09::N-A01::N-1-2::B3-1-11::B-B10::B3-2-22::B3-1-2::N-2-17::B3-1-3::N3-6::B3-6::N-B11::	12
chr16	35984900	36085900	chr16_35984900	15	101000	0.0495692308589019	18	0.000289218941865188	15	0.0495692308589019	::N3-1-2::N-1-2::B-B09::N3-2-7::B-B02::N-A01::B-A01::N3-2-36::N-B02::B-2-17::B-B07::N-B09::N3-1-5::N-B10::B-B10::	7
chr16	38133300	38234300	chr16_38133300	17	101000	0.00170299713518089	23	1.91205300613724e-08	22	1.43860790736024e-07	::N3-2-22::B-B10::B-A08::B-B09::B-B02::B-1-2::N-1-2::B-B07::N3-2-7::N-A08::N-2-17::N3-1-15::N3-6::N-B07::B-B08::N-B04::B3-6::	11
chr16	94575200	94676200	chr16_94575200	21	101000	1.03533239558607e-06	22	1.43860790736024e-07	18	0.000289218941865188	::N-B07::B3-6::B3-2-36::B-A01::N-A01::N3-2-22::N3-1-5::B-B07::B-1-2::N-1-2::N-B08::B3-2-2::N3-2-2::N-B04::B-B02::B-A11::N-A11::N-B02::N-B10::B-B09::N3-6::	16
chr16	95988700	96089700	chr16_95988700	15	101000	0.0495692308589019	23	1.91205300613724e-08	18	0.000289218941865188	::B-A03::B-A08::N-2-17::N-1-2::B3-1-3::B-B11::N3-1-3::N-B09::B3-2-36::N3-1-15::B3-18::B-B10::N3-18::B-B09::B3-1-2::	13
chr17	5075900	5176900	chr17_5075900	15	101000	0.0495692308589019	18	0.000289218941865188	16	0.00947060052372312	::N-B08::B-B02::N3-17::B-B08::B3-2-36::B-A11::N-A11::N-B09::B-B09::N3-6::B3-6::B3-17::N3-1-3::B3-18::B-1-2::	8
chr17	5196300	5297300	chr17_5196300	17	101000	0.00170299713518089	24	2.43542077582425e-09	19	4.65327214158882e-05	::B-B02::N3-1-3::N-2-17::B-A08::N3-1-15::N-A01::B-B07::N-B07::B3-3::N3-3::B-B09::N-B11::B-B11::N-A08::N-B09::B3-1-3::N3-1-2::	9
chr17	10195800	10296800	chr17_10195800	16	101000	0.00947060052372312	21	1.03533239558607e-06	19	4.65327214158882e-05	::B3-1-3::N-A03::N-B10::B3-6::B3-1-11::N-A01::B-B10::B3-17::N-A08::B-B04::N3-17::B-B08::N3-6::B-2-26::B-A03::N-1-2::	12
chr17	13794700	13895700	chr17_13794700	21	101000	1.03533239558607e-06	23	1.91205300613724e-08	20	7.11236076373263e-06	::B3-1-2::B3-2-36::B-2-17::N-2-17::B3-17::B-2-9::N-2-9::N3-2-2::B3-6::B-1-2::B-B07::B3-2-2::N3-1-11::B-B09::B-B11::N-B11::B-B08::N-1-2::N-B04::N-B02::B-B02::	10
chr17	30006400	30107400	chr17_30006400	18	101000	0.000289218941865188	27	3.96417526657726e-12	24	2.43542077582425e-09	::B-B02::N3-1-5::N-A08::B3-17::B-B10::B-B11::N-A11::N-2-17::B3-1-3::N3-1-3::N-B07::N-A01::N-B04::N3-18::B3-3::B3-1-11::B-2-17::B3-2-2::	13
chr17	32227000	32328000	chr17_32227000	20	101000	7.11236076373263e-06	25	2.97796314371372e-10	21	1.03533239558607e-06	::N-B10::N-A01::B3-17::B-B07::B-A03::B-B02::B3-1-2::N3-1-2::N-B08::B-2-17::N-2-17::B-A08::N-B09::N3-1-5::B3-6::N3-6::N3-3::N3-2-2::B3-1-11::B3-3::	16
chr17	33595200	33696200	chr17_33595200	16	101000	0.00947060052372312	19	4.65327214158882e-05	16	0.00947060052372312	::N3-2-7::B-B07::N-B07::N-B09::B3-c-10::B3-6::B3-17::B-2-17::B3-1-2::N3-6::B3-1-3::B-B10::N-B10::B-B02::N-1-2::B-1-2::	11
chr18	4993600	5094600	chr18_4993600	16	101000	0.00947060052372312	19	4.65327214158882e-05	15	0.0495692308589019	::N-B08::B-B02::B-B10::N-B10::B3-3::N3-1-5::N3-2-22::N-2-9::B-B04::B-A03::N3-2-7::B3-17::B-B07::N-A03::N3-1-15::B3-1-15::	11
chr18	6433400	6534400	chr18_6433400	17	101000	0.00170299713518089	22	1.43860790736024e-07	18	0.000289218941865188	::N3-1-5::B-B08::B3-6::B-1-2::N-1-2::N-B10::B-B10::N-B07::B-B04::N-B08::B-2-17::N-2-17::B-B07::B3-3::N3-3::N-B04::N3-17::	12
chr18	9344900	9445900	chr18_9344900	19	101000	4.65327214158882e-05	22	1.43860790736024e-07	15	0.0495692308589019	::N-B08::N-B07::N3-1-2::B3-1-2::B-B07::B3-2-22::N-1-2::N-A03::N-A01::B-A08::B-1-2::B3-c-10::B3-17::B-B09::B-B04::B3-3::N3-3::B-A01::N-2-17::	12
chr18	9972400	10073400	chr18_9972400	15	101000	0.0495692308589019	16	0.00947060052372312	12	4.73716885691261	::B-B10::N-B02::B-A03::N-A01::B3-2-7::N3-2-7::N-A11::B-B04::B-A08::B3-2-22::N3-3::B3-3::B-B02::N-B11::B-B11::	9
chr18	31795200	31896200	chr18_31795200	16	101000	0.00947060052372312	17	0.00170299713518089	16	0.00947060052372312	::B3-2-36::B3-6::N3-18::B3-18::N3-6::B-B10::B-1-2::N3-2-2::B-B09::B3-1-3::N-B08::N-A11::B-A08::N3-1-5::B3-1-2::B-2-17::	8
chr18	35151700	35252700	chr18_35151700	18	101000	0.000289218941865188	25	2.97796314371372e-10	19	4.65327214158882e-05	::B3-6::B-A01::N-A01::B-B09::N-A11::N3-1-5::N-A08::B-A08::B-1-2::N-B10::B3-2-2::N3-2-22::B-B10::B-B07::B3-18::N-1-2::N-B02::B3-1-5::	12
chr18	35759600	35860600	chr18_35759600	18	101000	0.000289218941865188	22	1.43860790736024e-07	19	4.65327214158882e-05	::B-1-2::B3-2-22::B-A08::B3-6::N-A01::N3-2-7::B3-2-7::B-A11::N3-3::N-A08::N-B11::B-B11::N-B09::N-A11::B-A03::N-B07::B3-1-5::B3-2-2::	8
chr18	61557500	61658500	chr18_61557500	15	101000	0.0495692308589019	17	0.00170299713518089	13	1.11393752392507	::B3-2-22::B-B10::B3-6::N-B02::B3-2-36::B-B09::N-A08::N3-1-2::N-B07::B3-1-2::B-B07::N-2-17::N3-6::N-2-26::B-2-26::	5
chr18	73571800	73672800	chr18_73571800	18	101000	0.000289218941865188	19	4.65327214158882e-05	15	0.0495692308589019	::B-A11::B3-6::B3-18::B3-2-22::N3-2-22::B-B07::N-2-9::B-1-2::N-1-2::B-A03::N-A03::N3-1-15::B-2-26::B-B02::B3-1-2::B3-c-32::N-A01::B-B09::	12
chr19	3813400	3914400	chr19_3813400	18	101000	0.000289218941865188	20	7.11236076373263e-06	15	0.0495692308589019	::N-B02::B-B11::B3-2-36::N-A11::N3-2-36::N-B10::N3-18::B-B10::N-2-17::N-B08::N3-2-7::B3-2-7::N3-17::B3-17::N-A08::B-1-2::N-2-26::B-2-26::	11
chr19	4315900	4416900	chr19_4315900	17	101000	0.00170299713518089	21	1.03533239558607e-06	16	0.00947060052372312	::B-2-17::B3-6::N-B10::N3-1-2::B-B11::B3-1-3::B-B09::N3-1-3::N-B09::N3-2-2::B-B02::N-B11::B-B10::B3-17::N-2-9::N-B04::N3-1-5::	17
chr19	11916300	12017300	chr19_11916300	17	101000	0.00170299713518089	21	1.03533239558607e-06	17	0.00170299713518089	::B-B10::N-A11::B-A01::B-B04::B3-1-5::N3-6::N3-1-5::N-B04::B3-6::B-2-9::N-2-9::B-B07::B-B02::N-B02::B-1-2::B-A08::N-A08::	13
chr19	12761200	12862200	chr19_12761200	15	101000	0.0495692308589019	16	0.00947060052372312	13	1.11393752392507	::B-B10::B-2-26::B-A08::N-B04::N3-1-5::B3-1-5::B-B04::N-B09::N-B10::B-1-2::B3-6::B-2-17::B-A01::B-B09::B3-1-3::	6
chr19	16143700	16244700	chr19_16143700	21	101000	1.03533239558607e-06	26	3.50131586064105e-11	22	1.43860790736024e-07	::N-A01::N-2-9::B-A01::N-B07::N-B10::B-B07::N3-1-2::N-B04::N3-18::N3-2-7::B-A11::B3-17::N-B09::B-B11::B3-6::B3-3::B3-2-22::B-B02::B-B04::N3-1-15::B3-18::	16
chr19	24449700	24550700	chr19_24449700	15	101000	0.0495692308589019	15	0.0495692308589019	14	0.243230548229384	::B3-c-10::N-B07::N3-1-5::B3-1-15::B3-6::B-B10::B3-2-7::B-B11::B3-17::B3-18::N-B04::B3-2-36::N3-2-36::N-B10::B3-1-5::	10
chr19	29999700	30100700	chr19_29999700	15	101000	0.0495692308589019	19	4.65327214158882e-05	17	0.00170299713518089	::N3-6::B-1-2::N-1-2::B-B04::B-A08::B3-6::B-B10::B3-1-3::N-A08::B-A11::N-A11::B-A01::N-B09::B3-17::N3-1-3::	9
chr19	32765200	32866200	chr19_32765200	16	101000	0.00947060052372312	19	4.65327214158882e-05	16	0.00947060052372312	::N-A01::N-1-2::B-1-2::N-B08::B-B02::N-2-17::B-A08::B-2-17::N3-1-2::B3-1-2::B-B10::N3-1-3::B3-1-3::B3-1-5::B3-6::N-A08::	8
chr2	6325400	6426400	chr2_6325400	18	101000	0.000289218941865188	23	1.91205300613724e-08	19	4.65327214158882e-05	::N-A01::B-A01::N3-6::N-1-2::B3-1-3::B-B04::B3-6::B-1-2::B3-2-22::N3-2-22::N3-18::B-B02::B-2-9::N-B07::B-A08::N-2-17::B-B07::B-2-17::	9
chr2	18082700	18183700	chr2_18082700	20	101000	7.11236076373263e-06	30	4.64870005468216e-15	26	3.50131586064105e-11	::N3-2-36::B3-2-2::N-B04::N-A11::B-B02::B3-3::B-B11::N-A01::B-B10::N3-1-5::N-2-17::B-2-17::N-A03::N3-6::N-B08::B3-17::B-A01::B3-6::N3-18::B3-1-11::	14
chr2	37600600	37701600	chr2_37600600	15	101000	0.0495692308589019	17	0.00170299713518089	16	0.00947060052372312	::B-B07::N-A01::B-A01::N3-2-7::N3-1-11::N-A11::N3-6::N3-1-5::N-B09::B3-2-36::N3-2-36::B-B08::B3-6::B-B10::B3-1-2::	10
chr2	49456000	49557000	chr2_49456000	20	101000	7.11236076373263e-06	28	4.32792909233124e-13	25	2.97796314371372e-10	::B-B02::B3-c-10::N3-2-22::N-B04::B-A11::N-A11::B-2-26::B3-18::N3-2-7::B3-2-22::N3-1-3::N-A01::B-A01::B-B08::N-B08::B-B11::B-B10::N3-1-15::N3-1-2::N-B10::	15
chr2	73809600	73910600	chr2_73809600	15	101000	0.0495692308589019	18	0.000289218941865188	17	0.00170299713518089	::B-1-2::N3-18::B3-1-2::N3-1-2::N3-3::B-B07::N-2-17::N-B07::N-2-26::B-2-26::B-A11::N-1-2::B-A08::N3-2-36::B3-6::	12
chr2	98602000	98703000	chr2_98602000	50	101000	2.0588425714212e-37	328	0	29	4.5621279300171e-14	::N3-2-36::N-A08::B-A08::N3-2-2::N-1-2::N-A01::N-B07::N3-6::N-B10::N-2-26::N-A11::N-B04::N-B09::N-B08::N-B11::N3-2-7::N-A03::N3-1-11::N3-18::N3-1-15::N3-17::N3-1-3::N-2-17::N3-1-5::N-2-9::N-B02::B-B02::N3-2-22::N3-1-2::B3-1-11::B3-2-7::B3-17::B3-6::B3-2-2::B3-1-2::B-1-2::N3-3::B-B07::B-B11::B-B10::B3-1-3::B3-2-22::B-A01::B-B08::B3-1-5::B-B04::N3-c-10::B3-1-15::B-A11::B3-2-36::	156
chr2	109945900	110046900	chr2_109945900	15	101000	0.0495692308589019	19	4.65327214158882e-05	18	0.000289218941865188	::N-B02::B-A08::B3-c-10::B3-6::N-A11::B-A01::B-B02::B-B07::B3-2-36::N3-17::N3-2-36::B-1-2::B3-2-2::N3-c-10::B-B10::	12
chr2	121898800	121999800	chr2_121898800	16	101000	0.00947060052372312	19	4.65327214158882e-05	15	0.0495692308589019	::B3-1-3::B-B07::B3-3::B3-c-10::N3-c-10::N-B04::B3-18::N3-18::B3-1-2::N3-1-2::B3-2-22::B-B04::B-A03::B-A08::N3-2-36::B3-2-36::	6
chr2	136696700	136797700	chr2_136696700	16	101000	0.00947060052372312	19	4.65327214158882e-05	15	0.0495692308589019	::N3-2-22::B3-1-15::N3-1-2::B-1-2::B-B04::N-B04::B-B07::N-B07::N-2-17::B3-18::N3-6::N3-1-5::B3-1-5::N3-2-7::N-1-2::B3-c-10::	6
chr2	154778300	154879300	chr2_154778300	18	101000	0.000289218941865188	24	2.43542077582425e-09	23	1.91205300613724e-08	::B-B09::B3-18::B3-1-11::B-A03::B-A01::B-B10::N-B04::B3-2-7::B-B04::N-B02::B-B02::N3-2-22::N-B08::N3-1-5::N-2-9::N3-1-11::B3-c-10::B3-6::	12
chr2	160657200	160758200	chr2_160657200	16	101000	0.00947060052372312	20	7.11236076373263e-06	16	0.00947060052372312	::N-A01::N-2-17::N-B04::N-B08::B-B10::B3-1-11::B3-2-36::B3-2-2::B3-1-5::N-A08::N-1-2::B-B07::N3-2-2::N3-17::N-A11::B-A11::	10
chr2	161015400	161116400	chr2_161015400	15	101000	0.0495692308589019	17	0.00170299713518089	15	0.0495692308589019	::B-1-2::B3-17::B-B07::B3-6::B-A11::N3-18::N-A01::B-A01::N-B10::B-B11::N-B02::B3-1-11::N3-1-11::N3-1-5::N-1-2::	8
chr2	163549000	163650000	chr2_163549000	20	101000	7.11236076373263e-06	25	2.97796314371372e-10	10	66.9147955696876	::N-1-2::B3-2-22::B3-6::N-B08::N-B09::B-B02::B3-2-7::B-B04::B-B09::B-B07::B3-1-2::B-B10::B-B08::B-A08::B-1-2::B3-2-2::B-B11::B3-3::B-A11::B3-1-3::	7
chr3	16185000	16286000	chr3_16185000	16	101000	0.00947060052372312	16	0.00947060052372312	15	0.0495692308589019	::N3-3::B-B02::N-A11::N3-6::B3-6::B-B08::N3-1-11::B-1-2::B-B11::N-2-17::B3-1-15::N3-2-7::N-1-2::B-A08::N3-1-5::N-B10::	9
chr3	32986800	33087800	chr3_32986800	15	101000	0.0495692308589019	19	4.65327214158882e-05	12	4.73716885691261	::B3-1-5::N3-1-3::N-B04::B-B11::B-B07::N-B07::B3-1-3::B-B10::N-B11::N3-1-5::N-A01::B-B04::B3-6::B-A01::B3-1-2::	6
chr3	51396500	51497500	chr3_51396500	17	101000	0.00170299713518089	20	7.11236076373263e-06	18	0.000289218941865188	::B3-1-11::B-B04::B-B08::N3-3::B3-1-5::B-1-2::B-B02::B3-3::N-1-2::B3-1-2::B-B10::B-2-9::B-2-26::N3-1-3::N-B04::N-A01::B-A03::	7
chr3	60501700	60602700	chr3_60501700	15	101000	0.0495692308589019	17	0.00170299713518089	13	1.11393752392507	::B3-2-7::B-B04::N-B04::B3-18::B-1-2::B-B02::B3-1-3::N-A08::B-B10::B-A11::N-A11::B3-2-36::B3-3::N3-3::N-2-17::	9
chr3	88954600	89055600	chr3_88954600	18	101000	0.000289218941865188	26	3.50131586064105e-11	19	4.65327214158882e-05	::B-B10::N3-18::N3-1-2::B3-1-2::N-B08::B-B02::B-B09::B3-2-36::N-B02::N3-1-3::B3-1-3::B3-1-11::N3-1-11::B-A08::B3-3::N3-6::B3-17::N-B07::	12
chr3	90290900	90391900	chr3_90290900	17	101000	0.00170299713518089	18	0.000289218941865188	17	0.00170299713518089	::N-A11::N-B08::N-B07::B3-1-2::N-A01::N-1-2::B-1-2::B-B10::N-2-17::N3-2-36::B3-3::B-A01::N-B09::B-A03::B3-6::B-B02::B-A08::	13
chr3	103284200	103385200	chr3_103284200	21	101000	1.03533239558607e-06	30	4.64870005468216e-15	27	3.96417526657726e-12	::N3-18::B3-2-2::B-B09::N3-3::B-B10::B3-3::B-1-2::B3-6::B3-1-5::N3-1-11::B-B07::N-B04::B-2-17::N-2-9::B-A11::N-A11::B-A08::B-2-9::N-B07::N-A08::B3-18::	19
chr3	104821100	104922100	chr3_104821100	18	101000	0.000289218941865188	20	7.11236076373263e-06	18	0.000289218941865188	::B3-17::B-B02::B-A08::B-B09::B-B07::B-B11::N-B04::B-B04::B-A11::N-2-26::B3-18::B-2-9::B3-1-2::B-2-17::N-1-2::B-A01::N3-1-15::B3-1-15::	13
chr3	135377600	135478600	chr3_135377600	19	101000	4.65327214158882e-05	25	2.97796314371372e-10	16	0.00947060052372312	::B-B04::B-B02::B-A08::N3-1-15::B3-1-15::B3-6::B-A01::B3-3::N-B09::N-2-17::N-B02::B-A03::N-A08::N-A03::N3-2-36::N3-17::B3-18::N3-18::N3-1-2::	16
chr4	13756000	13857000	chr4_13756000	17	101000	0.00170299713518089	26	3.50131586064105e-11	15	0.0495692308589019	::B-A08::N-A03::N3-1-15::N-A08::B-A03::B3-1-15::B3-1-5::B3-c-10::B-B10::B3-2-2::B-B08::N-B08::B-B07::B-2-9::B-2-17::N-2-17::B3-1-2::	9
chr4	103042900	103143900	chr4_103042900	15	101000	0.0495692308589019	17	0.00170299713518089	11	18.595796757901	::B-A03::B-B07::B3-2-22::N3-18::N3-2-36::N3-17::B-B02::N3-1-5::B3-1-15::B-A08::N-A03::N3-1-15::N-A08::N-A01::B3-1-3::	14
chr4	110185500	110286500	chr4_110185500	15	101000	0.0495692308589019	17	0.00170299713518089	16	0.00947060052372312	::N3-2-2::N-B04::N-A01::B-B02::B3-2-2::B-B04::B-2-9::N3-18::B-1-2::N-A08::N3-1-5::B3-1-5::N3-2-7::B3-2-7::N-B08::	7
chr4	116250700	116351700	chr4_116250700	16	101000	0.00947060052372312	16	0.00947060052372312	15	0.0495692308589019	::B-B11::N-B09::N-B07::B3-6::N-1-2::B3-1-5::B-B04::B-2-9::N3-6::N-B11::N-B04::N3-1-15::N3-18::B3-1-2::N3-1-5::N3-1-11::	9
chr4	116536300	116637300	chr4_116536300	15	101000	0.0495692308589019	17	0.00170299713518089	13	1.11393752392507	::N3-1-2::B3-2-2::N3-1-11::N-B09::B-B09::B3-3::N3-2-7::B-A08::N3-1-5::N-B04::B-B04::B3-1-5::N3-3::N-A03::B-B10::	7
chr4	126936400	127037400	chr4_126936400	17	101000	0.00170299713518089	18	0.000289218941865188	17	0.00170299713518089	::B3-3::B3-18::B-B07::N3-1-5::B-B10::N3-2-7::B3-2-36::N3-1-3::N-2-9::N-B07::N-B08::N-B09::B-B02::B3-2-2::B3-1-5::B-B04::B3-1-11::	9
chr4	129665800	129766800	chr4_129665800	15	101000	0.0495692308589019	15	0.0495692308589019	13	1.11393752392507	::N3-1-3::B-B07::N-B09::B-B09::N-A01::N3-18::B-A08::N-2-9::B-2-9::N-B08::B-B08::B-B04::B-A11::N3-6::N-B02::	7
chr4	130698000	130799000	chr4_130698000	20	101000	7.11236076373263e-06	22	1.43860790736024e-07	17	0.00170299713518089	::N3-1-2::B-B10::B-B02::N-A08::B-A08::N-A01::B3-2-36::N-B02::B-2-9::B3-1-11::B-1-2::N-B07::B-B07::N-A11::N-B09::B-B09::B3-2-22::N3-2-22::N3-1-5::B3-1-5::	7
chr4	133688600	133789600	chr4_133688600	17	101000	0.00170299713518089	23	1.91205300613724e-08	21	1.03533239558607e-06	::N-B02::N-A08::B3-1-11::B-A08::B-B07::B-B02::B-B09::N-B08::B-1-2::N3-2-2::B3-18::N-B09::B3-3::N3-2-36::B3-2-36::N-B04::N-A11::	16
chr4	136472800	136573800	chr4_136472800	17	101000	0.00170299713518089	18	0.000289218941865188	10	66.9147955696876	::N3-1-3::B-2-26::N-2-26::N3-18::B3-2-36::N-B07::B-B07::B3-1-15::B-A08::B-A03::N3-1-15::N-A08::N-A03::B3-17::B3-6::N-B08::B-B08::	11
chr4	155478300	155579300	chr4_155478300	19	101000	4.65327214158882e-05	23	1.91205300613724e-08	18	0.000289218941865188	::B-B09::B-2-9::N-2-9::B-B11::B3-17::B3-2-36::B3-c-32::N3-2-36::N-B04::B3-2-22::B3-3::N3-3::N-1-2::B-B02::N-A11::B-A11::N3-1-5::N3-2-7::B-1-2::	18
chr5	23420500	23521500	chr5_23420500	16	101000	0.00947060052372312	18	0.000289218941865188	17	0.00170299713518089	::B-B02::B-A08::B-B07::B-A01::N-B09::B3-2-22::N-2-9::B3-2-36::N-A01::B-1-2::B3-18::N3-1-2::N3-3::B3-3::B3-6::N-B04::	6
chr5	25326000	25427000	chr5_25326000	34	101000	3.64727305883739e-19	105	2.84057055990954e-114	68	1.37206876570509e-60	::B-2-9::N3-1-3::B-2-17::B3-1-2::N-2-17::N3-1-15::N3-2-7::B3-1-15::B3-2-36::B3-2-7::B-B02::N-B02::B3-2-2::N-2-9::N-A03::B-B10::B-B07::B-1-2::N3-2-2::B-A08::B-A03::N-A08::B-B08::B3-18::B3-1-11::N3-1-11::B-B09::B-A11::N3-1-2::N-B07::N-B10::B3-1-3::B3-2-22::N3-2-22::	73
chr5	28084600	28185600	chr5_28084600	43	101000	4.15483802077704e-29	91	3.65106003598358e-93	7	1686.54793863244	::N-B04::N-A01::N-A08::N-B09::N3-1-5::N3-2-2::N-1-2::B-B10::B3-6::B-A08::B-1-2::B-B04::B3-1-2::N-A11::B3-1-3::B-2-9::N3-1-11::N3-3::B-B11::B-2-17::B-B08::B-B09::B-B07::B-A01::B3-2-36::B3-2-2::B-A11::B3-3::B3-17::B3-1-11::B3-18::B-B02::B3-1-5::B3-2-22::N-B02::N-B10::N-B08::N3-18::N-A03::B3-1-15::B3-c-10::N3-1-2::B3-2-7::	58
chr5	65572800	65673800	chr5_65572800	19	101000	4.65327214158882e-05	26	3.50131586064105e-11	19	4.65327214158882e-05	::N-A01::N3-2-36::B3-2-36::N3-1-3::N3-1-11::N3-1-5::B-A11::N-A11::B-B10::B3-1-3::B3-1-11::B3-6::N3-6::B-1-2::B3-18::N3-18::N-B02::B-B07::B-B09::	18
chr5	86805300	86906300	chr5_86805300	16	101000	0.00947060052372312	19	4.65327214158882e-05	15	0.0495692308589019	::N-2-26::B3-1-3::B-B02::N-B02::N-1-2::B-B09::N-B09::B3-2-2::N3-2-2::B3-2-36::N3-2-36::B-B10::N3-1-3::N3-17::B3-3::N3-18::	13
chr5	90244700	90345700	chr5_90244700	16	101000	0.00947060052372312	20	7.11236076373263e-06	20	7.11236076373263e-06	::B3-6::N-2-17::B3-17::B3-18::N-1-2::N3-3::B-1-2::B-A01::N3-6::B3-2-2::B3-1-2::N-B10::B-B09::B3-1-11::N3-17::B-A08::	10
chr5	96070200	96171200	chr5_96070200	18	101000	0.000289218941865188	22	1.43860790736024e-07	20	7.11236076373263e-06	::N-B08::N3-6::N-A01::B3-1-3::B3-18::N-B10::B-B10::N3-1-3::B-A03::N-2-17::B-B02::B3-17::B-B04::B-1-2::N-A11::B3-3::N-B02::N-B04::	9
chr5	105709500	105810500	chr5_105709500	16	101000	0.00947060052372312	18	0.000289218941865188	14	0.243230548229384	::B-B02::N-A11::B-A11::B-B04::N-B04::B-B07::B3-1-3::N-2-9::B-2-9::N3-2-22::B-B10::B3-6::B-B11::N-B11::N3-6::N-B09::	8
chr5	121717000	121818000	chr5_121717000	21	101000	1.03533239558607e-06	24	2.43542077582425e-09	19	4.65327214158882e-05	::N-B02::N-2-26::B3-c-10::N-1-2::B-1-2::B3-2-22::B3-6::B-B09::N-B08::N3-c-32::N3-2-36::B3-2-36::B3-3::B-B10::B3-17::B-B11::B-A08::N-A08::B3-2-2::B3-1-5::N3-2-22::	10
chr5	122292600	122393600	chr5_122292600	16	101000	0.00947060052372312	20	7.11236076373263e-06	14	0.243230548229384	::N3-1-2::N3-1-3::N-B08::N3-2-2::B-B04::B-B10::B-A11::N-A11::N-B02::B-A08::B-A03::B3-1-15::N-A08::N3-1-15::N-A03::B3-2-36::	14
chr5	135152800	135253800	chr5_135152800	18	101000	0.000289218941865188	23	1.91205300613724e-08	20	7.11236076373263e-06	::N-B08::B-B02::N-A01::B3-1-2::N3-1-3::B3-1-3::B-A08::N3-2-22::N3-2-7::B3-1-5::B-B07::N3-17::B3-17::N3-2-2::N3-1-11::B3-1-11::B-B04::B-A03::	11
chr5	136484200	136585200	chr5_136484200	15	101000	0.0495692308589019	16	0.00947060052372312	15	0.0495692308589019	::N3-1-5::B3-1-3::B3-3::N3-2-22::N3-1-11::B-2-26::N-2-9::B-2-9::N-A01::N3-6::N-B04::B-B02::N3-18::B-B09::N3-2-7::	7
chr5	147433200	147534200	chr5_147433200	16	101000	0.00947060052372312	17	0.00170299713518089	17	0.00170299713518089	::N-2-17::B-A08::B3-2-22::B3-1-15::B3-17::N3-1-2::B-B08::N3-2-2::N-B04::B-B02::B-B07::N3-17::N-B08::B3-6::B3-1-3::B-B04::	9
chr6	47425900	47526900	chr6_47425900	20	101000	7.11236076373263e-06	23	1.91205300613724e-08	18	0.000289218941865188	::B3-1-15::N-B04::N3-3::B3-1-2::B-2-9::B-A01::B3-1-11::B-B04::N-2-17::B-B10::B-A08::N3-1-5::N-B07::B3-1-5::N-A03::N3-1-3::N-B10::B3-6::N3-6::B-B09::	7
chr6	83904900	84005900	chr6_83904900	18	101000	0.000289218941865188	22	1.43860790736024e-07	22	1.43860790736024e-07	::N-B08::B3-1-11::B3-2-36::N-2-17::N-2-26::N3-1-15::B-A08::N3-2-7::B-A01::B3-17::N-B04::B3-1-2::B-1-2::N-A01::B-B09::B-B10::N3-2-36::B3-c-10::	13
chr6	113050900	113151900	chr6_113050900	17	101000	0.00170299713518089	19	4.65327214158882e-05	15	0.0495692308589019	::N3-2-2::B-B10::B-1-2::N-B11::B-B04::B-A11::N-1-2::N3-2-7::B-B11::N-A03::N-2-17::B-A08::B-B07::N3-18::N-B08::B-B08::B-A03::	10
chr6	114863900	114964900	chr6_114863900	16	101000	0.00947060052372312	18	0.000289218941865188	17	0.00170299713518089	::B-1-2::B-2-17::N3-2-2::N-A11::N-A08::B-B10::B3-1-3::B3-17::N3-1-5::B-B09::B-A11::B-B02::N3-1-3::N-2-17::B3-1-2::B3-6::	13
chr6	119920400	120021400	chr6_119920400	15	101000	0.0495692308589019	17	0.00170299713518089	17	0.00170299713518089	::B-A08::N-2-9::B3-2-36::B3-1-2::B-B10::B3-6::N-B09::N3-1-2::B-A11::N-B11::B3-1-11::B3-18::B3-3::B3-17::N-A01::	6
chr6	134687400	134788400	chr6_134687400	17	101000	0.00170299713518089	21	1.03533239558607e-06	14	0.243230548229384	::B-A03::N3-18::N-A03::B-A08::N-A11::B3-1-15::N3-1-15::N-A08::N-A01::B3-3::B-B09::N3-1-5::N-2-26::N3-6::B-A01::B-1-2::B3-17::	13
chr7	16544300	16645300	chr7_16544300	15	101000	0.0495692308589019	21	1.03533239558607e-06	17	0.00170299713518089	::N3-1-5::B3-1-5::B-B04::N-B04::N-2-17::B-2-17::B-A01::N-B09::B-1-2::N-A01::N-B08::B-B02::B-B10::N-B10::N-2-9::	15
chr7	59241400	59342400	chr7_59241400	15	101000	0.0495692308589019	23	1.91205300613724e-08	14	0.243230548229384	::N-A01::N-A11::B-B02::B3-1-2::B-B07::N3-1-2::N-B07::B-B04::B3-1-3::B-2-9::N-B02::B3-c-10::N3-2-7::B3-2-7::B-B11::	10
chr7	67266800	67367800	chr7_67266800	20	101000	7.11236076373263e-06	22	1.43860790736024e-07	15	0.0495692308589019	::N-B04::N3-1-5::B-B09::B-B07::N3-3::N3-17::B-A03::N-A01::B-B04::B-A11::N-A11::B-2-26::B3-6::B3-17::B3-1-15::B-A08::N-A03::N3-1-15::N-A08::N-B08::	15
chr7	79267600	79368600	chr7_79267600	15	101000	0.0495692308589019	19	4.65327214158882e-05	15	0.0495692308589019	::N3-2-2::B-B11::N-A01::N3-3::B3-1-11::N-B08::N-B04::B-B08::B-B10::B-A03::N3-2-7::B-B02::N3-2-22::B3-2-22::B3-6::	9
chr7	90127300	90228300	chr7_90127300	21	101000	1.03533239558607e-06	28	4.32792909233124e-13	26	3.50131586064105e-11	::B3-17::N-B09::B-A08::N-1-2::N-B02::B-B07::B-B09::N3-c-32::N-A11::B3-6::B-A03::B-B02::N3-2-2::B-B10::B-1-2::N-A01::B-A01::B-A11::B3-2-36::N3-6::B3-1-11::	12
chr7	121753200	121854200	chr7_121753200	26	101000	3.50131586064105e-11	26	3.50131586064105e-11	2	15921.0837887128	::B-B04::N3-1-15::N3-2-22::N-B04::N-1-2::N3-1-2::N-A11::N3-6::N-B07::N-B08::N-2-9::N-2-26::N3-1-11::N-B11::N-B09::N3-2-7::N-B02::N3-2-36::N-B10::N3-c-10::N-2-17::N3-3::N3-1-3::N3-1-5::N3-17::N3-18::	25
chr7	126084800	126185800	chr7_126084800	18	101000	0.000289218941865188	22	1.43860790736024e-07	19	4.65327214158882e-05	::N3-1-15::N3-1-5::N3-18::B3-18::B-B04::B3-6::B-2-17::B3-2-36::N3-2-36::B-B10::B-A01::N-A01::B-B09::N-1-2::B-1-2::N-B08::N-A11::B3-1-2::	12
chr7	136292900	136393900	chr7_136292900	34	101000	3.64727305883739e-19	36	2.70500688437658e-21	7	1686.54793863244	::B-2-17::B3-18::B3-6::B-B09::N3-c-10::N-B11::N3-2-36::N-A08::N-2-9::N-2-26::N-B07::N-2-17::N-B04::N3-17::N-B09::N3-6::N-A11::N-B02::N3-1-11::N3-1-5::N-A01::N3-1-3::N3-1-15::N-1-2::N3-2-7::N3-2-2::N3-c-32::N-A03::N-B10::N3-3::N-B08::N3-1-2::N3-2-22::N3-18::	32
chr8	4224700	4325700	chr8_4224700	15	101000	0.0495692308589019	17	0.00170299713518089	17	0.00170299713518089	::N-A08::B3-17::B3-2-2::B-1-2::B-B02::B-B10::N-B10::B3-6::B3-1-3::N-B04::B3-1-2::N3-1-3::B3-3::N3-3::N-B07::	8
chr8	22855300	22956300	chr8_22855300	18	101000	0.000289218941865188	22	1.43860790736024e-07	15	0.0495692308589019	::N-B08::B-1-2::B-B04::B3-1-5::N-B04::N-A01::B-A01::B-2-17::N-2-17::B-B10::B3-1-2::B-B07::N-B07::N-1-2::N3-1-2::N-B09::N3-1-3::N3-2-7::	13
chr8	44927300	45028300	chr8_44927300	15	101000	0.0495692308589019	17	0.00170299713518089	16	0.00947060052372312	::B-A11::B3-17::B-A03::N-B09::B3-3::B3-1-3::B-B10::N-1-2::B3-1-11::B-B02::B3-6::N-A08::B-A08::N-B10::N3-6::	8
chr8	69897200	69998200	chr8_69897200	17	101000	0.00170299713518089	18	0.000289218941865188	13	1.11393752392507	::N-B10::N-A11::B3-3::N-A08::B3-1-3::B3-2-36::B3-2-22::N3-2-22::N3-2-7::N-B09::B-B09::B-B10::N3-1-5::N-B04::B-B04::B3-1-5::B-1-2::	7
chr8	95702200	95803200	chr8_95702200	18	101000	0.000289218941865188	22	1.43860790736024e-07	21	1.03533239558607e-06	::N3-17::B3-1-3::N-1-2::N-B10::B-B04::N3-6::B3-1-2::N-2-17::B3-1-11::B3-2-22::N3-2-22::B3-6::B-B10::B3-18::B-A01::B-1-2::B3-c-10::B-B02::	11
chr8	109782800	109883800	chr8_109782800	22	101000	1.43860790736024e-07	32	4.37915678577468e-17	25	2.97796314371372e-10	::N3-1-11::N-B08::N-B11::B-B10::N3-1-5::B3-2-36::N-B10::B-B07::B3-1-2::N-B07::N3-1-2::N-2-17::B-2-17::B3-c-10::B-B02::N3-2-36::B3-c-32::B3-2-7::B3-18::B3-17::B3-2-2::B3-2-22::	16
chr8	111514700	111615700	chr8_111514700	15	101000	0.0495692308589019	15	0.0495692308589019	14	0.243230548229384	::N-2-26::B-B07::N-A11::B-B10::B-1-2::N-B10::N-B09::B-B02::B-2-17::B3-1-2::B-B09::N3-17::B3-17::N3-2-2::B3-18::	8
chr8	117272200	117373200	chr8_117272200	16	101000	0.00947060052372312	23	1.91205300613724e-08	19	4.65327214158882e-05	::N-A01::B-B04::B3-17::B-1-2::B-B07::N-B10::B3-1-11::B-2-17::N-2-17::N-B09::N-A11::N-1-2::B3-1-3::N3-1-5::N-B04::B3-1-5::	9
chr8	122877900	122978900	chr8_122877900	16	101000	0.00947060052372312	20	7.11236076373263e-06	18	0.000289218941865188	::N-A11::N-B02::N3-1-5::B3-6::B3-2-2::B-B07::B-B10::B-A08::B-B02::N-B04::B-1-2::B3-1-3::B3-17::B3-3::N3-2-2::N-B10::	13
chr9	3000100	3101100	chr9_3000100	33	101000	4.05659709316158e-18	59	1.05254894083643e-48	18	0.000289218941865188	::N-A08::N-B08::B-B02::N-B07::N-2-17::N3-18::N3-6::B-B11::N-B11::N-A11::N3-2-22::N-A01::N-B04::N-2-26::N3-2-7::N3-1-3::N-B10::N3-1-15::N3-17::N3-2-2::N3-1-5::B-B10::N-B02::B3-17::B3-2-22::B-A08::N3-2-36::N3-1-2::B-B09::N-A03::B-2-17::N-B09::N3-1-11::	26
chr9	14270400	14371400	chr9_14270400	15	101000	0.0495692308589019	17	0.00170299713518089	16	0.00947060052372312	::B3-1-11::B3-1-2::N3-18::N3-2-7::B-B07::B3-1-15::N-B11::B-B02::B-B10::N-B09::N-A11::B-A11::N3-1-2::B3-2-36::N3-6::	11
chr9	21407900	21508900	chr9_21407900	17	101000	0.00170299713518089	20	7.11236076373263e-06	17	0.00170299713518089	::N3-c-10::N3-18::B-B07::B-B08::N-B08::N-2-17::B-B10::B-1-2::N3-2-7::N-1-2::B-B04::N3-1-5::N3-17::N3-2-36::N-B07::N-2-9::B-2-9::	11
chr9	21620300	21721300	chr9_21620300	19	101000	4.65327214158882e-05	26	3.50131586064105e-11	23	1.91205300613724e-08	::B3-1-15::N-2-17::B3-1-2::B3-18::N3-18::B-A08::B-B04::N-1-2::B-1-2::B-B02::N-A08::B-B10::N3-2-7::N-B02::N-B09::B-B08::B3-17::B3-2-36::B3-3::	14
chr9	32138900	32239900	chr9_32138900	15	101000	0.0495692308589019	15	0.0495692308589019	14	0.243230548229384	::N-2-17::B-B07::B-A03::B-2-9::N3-1-3::B3-6::B3-1-3::N-B04::N3-6::B3-1-2::B-B11::N-B08::B3-18::N3-18::N-B10::	9
chr9	35208200	35309200	chr9_35208200	15	101000	0.0495692308589019	19	4.65327214158882e-05	12	4.73716885691261	::N3-1-2::B3-c-32::B-2-9::B3-17::B3-1-15::B-B11::N3-1-11::N3-1-3::N3-18::N3-1-15::N-B04::N-B11::N-B07::N3-1-5::N-A11::	7
chr9	59391700	59492700	chr9_59391700	18	101000	0.000289218941865188	30	4.64870005468216e-15	29	4.5621279300171e-14	::N-B08::N-A08::N-B10::B-B09::B-B02::B-A08::N-A01::B3-6::B3-3::N3-1-5::N3-1-2::N3-2-7::B3-1-5::N-B07::B-B10::N-2-17::B-2-17::N3-2-36::	13
chr9	65690500	65791500	chr9_65690500	15	101000	0.0495692308589019	17	0.00170299713518089	14	0.243230548229384	::B-B10::N-B04::B3-17::N3-17::B3-18::N3-18::B-B09::B-1-2::B-B11::N-B11::B-B02::B-A01::N-1-2::N-A08::B-A03::	8
chr9	66505300	66606300	chr9_66505300	16	101000	0.00947060052372312	19	4.65327214158882e-05	17	0.00170299713518089	::B-2-17::N-B04::B-A01::B-A08::B-B09::N-B08::B-B10::B3-1-2::B-1-2::N-1-2::N-2-17::N3-c-10::N-B10::N-A11::B3-2-36::N-B11::	11
chr9	70470200	70571200	chr9_70470200	16	101000	0.00947060052372312	17	0.00170299713518089	17	0.00170299713518089	::B-A01::B3-3::B3-1-5::B-B10::B-A08::B3-2-2::B-A11::N-A03::B3-1-11::N3-1-5::B-B07::B-B04::N-B07::N-B11::B3-2-22::N-B09::	7
chr9	70680900	70781900	chr9_70680900	15	101000	0.0495692308589019	24	2.43542077582425e-09	23	1.91205300613724e-08	::B3-1-11::B-B04::B3-3::B-A03::B-B02::N3-1-2::B3-17::B3-2-2::N3-2-36::N3-17::B-1-2::N-2-17::N3-1-15::B3-2-7::B-B07::	7
chr9	71864700	71965700	chr9_71864700	18	101000	0.000289218941865188	23	1.91205300613724e-08	18	0.000289218941865188	::B3-2-36::N-A03::N3-2-2::N-B11::B3-1-2::N3-1-2::B-B10::B-A11::N-B08::B-A01::N-B09::B-B08::N3-18::B3-17::N-A11::B-2-17::N3-2-36::N3-c-32::	15
chr9	72026600	72127600	chr9_72026600	25	101000	2.97796314371372e-10	35	3.1855582798482e-20	29	4.5621279300171e-14	::N3-1-11::N-B10::N-B04::B-2-17::N-2-17::B-B02::B3-18::B3-17::B3-c-10::N3-17::B-B11::N3-1-3::B3-1-3::B-1-2::B3-6::B3-2-36::N3-2-36::B-B04::B3-1-5::N3-1-5::B3-2-2::B3-3::B-2-9::N-1-2::B3-2-7::	23
chr9	72510100	72611100	chr9_72510100	16	101000	0.00947060052372312	20	7.11236076373263e-06	18	0.000289218941865188	::N-1-2::N3-1-3::B3-17::B-B10::B-B02::N-B08::B3-6::B-2-9::N3-2-2::B3-2-2::N3-2-7::N-A01::N-B10::N-2-26::N3-18::N3-1-11::	10
chr9	80071700	80172700	chr9_80071700	15	101000	0.0495692308589019	22	1.43860790736024e-07	16	0.00947060052372312	::N3-3::B-B02::B3-3::N-2-17::B-1-2::B-B10::N-B10::B-B11::N-2-26::B-2-26::B3-6::N-A11::B-A11::B3-2-22::B-A08::	11
chr9	82884400	82985400	chr9_82884400	15	101000	0.0495692308589019	20	7.11236076373263e-06	17	0.00170299713518089	::B3-18::B3-1-3::N-1-2::B-B04::N-B10::N-B04::N-2-17::B-A08::B3-3::B-2-9::N3-2-36::B-B09::N-B09::B-2-26::B3-2-36::	15
chr9	107754100	107855100	chr9_107754100	19	101000	4.65327214158882e-05	22	1.43860790736024e-07	18	0.000289218941865188	::B-1-2::N-B02::B-B02::B3-17::N3-17::B-B10::B3-3::B3-1-5::N3-c-10::N-B04::N3-3::N-A01::B-A01::N3-2-36::B3-6::B-A08::B3-2-2::B3-1-15::N-B11::	11
chr9	113924400	114025400	chr9_113924400	15	101000	0.0495692308589019	19	4.65327214158882e-05	17	0.00170299713518089	::B3-18::N3-1-5::N-1-2::N-A01::B-A01::N-A11::N-B02::B-A11::N3-2-2::B3-2-36::N-2-17::B-B08::N-B08::B3-2-2::B-B11::	7
chrUn_GL456383	1100	102100	chrUn_GL456383_1100	16	101000	0.00947060052372312	18	0.000289218941865188	11	18.595796757901	::B-B07::B3-1-2::N3-1-3::B3-1-3::B3-18::N-A08::N3-1-5::B3-2-22::B3-2-2::N3-18::N-A01::N-2-17::N-A11::N3-2-2::N3-17::N3-2-7::	2
chrUn_GL456390	0	101000	chrUn_GL456390_0	38	101000	1.79785099696944e-23	75	3.42152173388635e-70	55	1.31656984610916e-43	::B3-18::N3-6::N3-1-2::N3-2-7::N3-1-3::B3-3::N-2-17::N3-2-2::N3-17::N-B09::N-A03::N3-1-15::N3-3::N-B08::N-B04::N-A08::N-A01::N-B10::N3-1-11::B-1-2::N3-2-22::N3-2-36::N3-18::N-B11::N-B02::B-A08::N3-1-5::B3-2-7::B-B02::B3-17::N-A11::B3-6::B-A03::B3-2-22::B-B11::N-2-26::B3-1-2::B-B04::	44
chrUn_GL456392	14600	115600	chrUn_GL456392_14600	17	101000	0.00170299713518089	22	1.43860790736024e-07	13	1.11393752392507	::N-2-17::N3-2-2::N3-17::N-B09::N-A03::N3-1-15::N3-3::N-B08::N-B04::N-A08::N-A01::N-B10::N3-6::N3-1-11::B-1-2::N3-2-22::N3-1-3::	16
chrUn_GL456393	1400	102400	chrUn_GL456393_1400	31	101000	4.58411128497384e-16	47	8.47567898831196e-34	38	1.79785099696944e-23	::N3-2-36::N3-18::N-2-17::N3-1-3::N-B11::N-B02::N3-1-2::N3-2-2::B-A08::N3-1-15::N3-1-5::B-1-2::N3-6::B3-2-7::N-B10::N-B08::B-B02::B3-3::N-A03::B3-17::N-A11::B3-6::N-A01::B-A03::B3-2-22::B-B11::N-2-26::N-B09::B3-1-2::B-B04::N-A08::	24
chrUn_JH584304	2900	103900	chrUn_JH584304_2900	23	101000	1.91205300613724e-08	30	4.64870005468216e-15	27	3.96417526657726e-12	::B3-3::N-A03::B3-17::N-A11::B3-6::N-A01::B-A03::B3-2-22::N3-18::B-B11::N-B08::N-B11::N-2-26::N-B09::B3-1-2::B-A08::B-B04::B-1-2::N3-1-3::N-A08::N3-17::N-2-17::N3-1-2::	14
chrX	13074000	13175000	chrX_13074000	17	101000	0.00170299713518089	19	4.65327214158882e-05	16	0.00947060052372312	::N-A11::N-1-2::B-A08::B-A03::B3-1-15::N3-18::B3-1-2::N3-1-11::B-A01::N-A01::B3-c-10::N-2-9::B-2-9::B-A11::N3-2-36::N-B10::N-B04::	13
