chr10	127127600	127231600	chr10_127127600	4	104000	0.049021886514083	4	0.049021886514083	1	405.797010137633	::B3-4::B3-16::N3-4::N3-16::	4
chr11	23347800	23451800	chr11_23347800	5	104000	0.00139803321260691	5	0.00139803321260691	3	1.37515780639774	::B3-c-14::N3-c-14::B3-c-10::N3-17::B3-17::	3
chr11	79420500	79524500	chr11_79420500	5	104000	0.00139803321260691	5	0.00139803321260691	4	0.049021886514083	::N3-c-9::N3-15::B3-15::B3-c-10::B3-14::	1
chr11	106811900	106915900	chr11_106811900	4	104000	0.049021886514083	5	0.00139803321260691	5	0.00139803321260691	::B3-c-9::N3-c-10::B3-c-10::B3-c-28::	4
chr12	8931700	9035700	chr12_8931700	4	104000	0.049021886514083	4	0.049021886514083	2	28.9318576910548	::B3-14::N3-14::N3-2-7::B3-2-7::	2
chr12	105808700	105912700	chr12_105808700	4	104000	0.049021886514083	4	0.049021886514083	3	1.37515780639774	::N3-2-2::N3-2-7::B3-2-7::B3-c-28::	0
chr12	112822800	112926800	chr12_112822800	4	104000	0.049021886514083	5	0.00139803321260691	3	1.37515780639774	::N3-9::B3-9::B3-c-9::N3-c-9::	1
chr13	17697500	17801500	chr13_17697500	4	104000	0.049021886514083	5	0.00139803321260691	3	1.37515780639774	::B3-12::B3-14::N3-14::N3-c-32::	5
chr13	37884300	37988300	chr13_37884300	4	104000	0.049021886514083	4	0.049021886514083	2	28.9318576910548	::N3-12::B3-4::N3-16::N3-4::	3
chr13	85207300	85311300	chr13_85207300	4	104000	0.049021886514083	4	0.049021886514083	3	1.37515780639774	::N3-c-10::B3-15::N3-15::N3-14::	3
chr13	94600200	94704200	chr13_94600200	4	104000	0.049021886514083	4	0.049021886514083	1	405.797010137633	::N3-18::N3-2-2::N3-4::N3-16::	4
chr14	31025800	31129800	chr14_31025800	5	104000	0.00139803321260691	7	6.76804354989368e-07	6	3.32249022245487e-05	::B3-c-10::N3-c-10::B3-12::N3-c-28::B3-c-28::	3
chr14	46771400	46875400	chr14_46771400	4	104000	0.049021886514083	4	0.049021886514083	3	1.37515780639774	::B3-14::B3-c-10::B3-18::N3-18::	2
chr14	70931800	71035800	chr14_70931800	5	104000	0.00139803321260691	5	0.00139803321260691	2	28.9318576910548	::B3-4::B3-16::N3-16::N3-4::N3-c-9::	5
chr14	73253900	73357900	chr14_73253900	4	104000	0.049021886514083	4	0.049021886514083	3	1.37515780639774	::B3-12::B3-c-14::B3-c-10::N3-c-10::	3
chr15	81580000	81684000	chr15_81580000	4	104000	0.049021886514083	4	0.049021886514083	3	1.37515780639774	::N3-9::B3-9::N3-c-9::B3-c-9::	0
chr15	96407000	96511000	chr15_96407000	4	104000	0.049021886514083	4	0.049021886514083	3	1.37515780639774	::B3-c-14::B3-c-32::B3-9::N3-9::	3
chr15	103190500	103294500	chr15_103190500	5	104000	0.00139803321260691	5	0.00139803321260691	3	1.37515780639774	::B3-9::N3-9::N3-2-2::B3-2-2::N3-c-9::	2
chr16	4585900	4689900	chr16_4585900	4	104000	0.049021886514083	4	0.049021886514083	1	405.797010137633	::N3-16::N3-4::B3-16::B3-4::	0
chr16	33398700	33502700	chr16_33398700	4	104000	0.049021886514083	4	0.049021886514083	2	28.9318576910548	::N3-16::B3-16::N3-4::B3-4::	0
chr16	90091200	90195200	chr16_90091200	4	104000	0.049021886514083	4	0.049021886514083	1	405.797010137633	::N3-16::N3-4::B3-16::B3-4::	0
chr17	10241100	10345100	chr17_10241100	5	104000	0.00139803321260691	5	0.00139803321260691	4	0.049021886514083	::B3-14::N3-c-9::N3-17::B3-17::N3-14::	1
chr17	32210800	32314800	chr17_32210800	4	104000	0.049021886514083	4	0.049021886514083	3	1.37515780639774	::B3-9::N3-9::N3-c-10::N3-12::	2
chr18	12148600	12252600	chr18_12148600	4	104000	0.049021886514083	4	0.049021886514083	3	1.37515780639774	::B3-c-28::B3-c-9::N3-c-9::N3-12::	4
chr18	49920500	50024500	chr18_49920500	4	104000	0.049021886514083	4	0.049021886514083	3	1.37515780639774	::N3-2-7::B3-2-7::N3-c-28::N3-2-2::	1
chr19	3460500	3564500	chr19_3460500	4	104000	0.049021886514083	4	0.049021886514083	4	0.049021886514083	::N3-c-9::N3-12::B3-c-9::N3-16::	1
chr19	57561200	57665200	chr19_57561200	4	104000	0.049021886514083	5	0.00139803321260691	3	1.37515780639774	::N3-2-7::B3-2-7::B3-c-28::N3-c-28::	3
chr2	98662300	98766300	chr2_98662300	11	104000	3.53287161222895e-14	22	6.21711905381473e-37	10	2.72535491503276e-12	::N3-14::N3-18::N3-17::N3-c-14::N3-4::N3-2-2::N3-12::N3-c-9::N3-15::N3-c-10::B3-14::	10
chr2	154812000	154916000	chr2_154812000	5	104000	0.00139803321260691	5	0.00139803321260691	5	0.00139803321260691	::B3-9::B3-14::B3-12::B3-c-10::B3-c-14::	2
chr2	156162500	156266500	chr2_156162500	4	104000	0.049021886514083	4	0.049021886514083	3	1.37515780639774	::N3-c-14::B3-c-14::N3-18::B3-18::	2
chr2	160678100	160782100	chr2_160678100	5	104000	0.00139803321260691	7	6.76804354989368e-07	5	0.00139803321260691	::B3-12::B3-14::N3-14::B3-2-2::N3-2-2::	6
chr2	163233600	163337600	chr2_163233600	4	104000	0.049021886514083	4	0.049021886514083	1	405.797010137633	::N3-16::N3-4::B3-16::B3-4::	0
chr4	83455400	83559400	chr4_83455400	4	104000	0.049021886514083	5	0.00139803321260691	2	28.9318576910548	::N3-16::N3-4::B3-4::B3-16::	1
chr4	106326900	106430900	chr4_106326900	4	104000	0.049021886514083	4	0.049021886514083	2	28.9318576910548	::B3-17::N3-17::B3-2-2::N3-2-2::	4
chr4	131806200	131910200	chr4_131806200	5	104000	0.00139803321260691	5	0.00139803321260691	2	28.9318576910548	::N3-c-9::N3-4::N3-16::B3-16::B3-4::	1
chr4	133386700	133490700	chr4_133386700	4	104000	0.049021886514083	4	0.049021886514083	1	405.797010137633	::B3-4::B3-16::N3-16::N3-4::	4
chr4	139113500	139217500	chr4_139113500	5	104000	0.00139803321260691	5	0.00139803321260691	2	28.9318576910548	::N3-16::N3-4::B3-16::B3-4::N3-c-14::	1
chr5	25329400	25433400	chr5_25329400	7	104000	6.76804354989368e-07	11	3.53287161222895e-14	7	6.76804354989368e-07	::N3-12::B3-12::B3-2-7::N3-2-7::N3-9::B3-2-2::N3-2-2::	8
chr5	28146800	28250800	chr5_28146800	6	104000	3.32249022245487e-05	8	1.20634250586255e-08	4	0.049021886514083	::N3-14::B3-14::B3-16::B3-12::B3-c-9::B3-c-10::	3
chr5	32490200	32594200	chr5_32490200	4	104000	0.049021886514083	4	0.049021886514083	3	1.37515780639774	::B3-16::N3-9::B3-9::B3-c-10::	1
chr5	106813500	106917500	chr5_106813500	4	104000	0.049021886514083	4	0.049021886514083	1	405.797010137633	::N3-16::N3-4::B3-16::B3-4::	0
chr5	113106400	113210400	chr5_113106400	5	104000	0.00139803321260691	5	0.00139803321260691	2	28.9318576910548	::N3-17::N3-16::N3-4::B3-4::B3-16::	1
chr5	119652800	119756800	chr5_119652800	5	104000	0.00139803321260691	5	0.00139803321260691	2	28.9318576910548	::B3-c-10::N3-16::N3-4::B3-4::B3-16::	1
chr6	17645400	17749400	chr6_17645400	4	104000	0.049021886514083	4	0.049021886514083	2	28.9318576910548	::B3-c-14::N3-c-14::B3-18::N3-18::	4
chr6	51458200	51562200	chr6_51458200	5	104000	0.00139803321260691	5	0.00139803321260691	2	28.9318576910548	::N3-9::B3-16::B3-4::N3-16::N3-4::	4
chr7	28926100	29030100	chr7_28926100	5	104000	0.00139803321260691	5	0.00139803321260691	2	28.9318576910548	::N3-16::N3-4::B3-4::B3-16::N3-9::	1
chr7	59231200	59335200	chr7_59231200	5	104000	0.00139803321260691	5	0.00139803321260691	4	0.049021886514083	::N3-16::B3-c-10::N3-2-7::B3-2-7::N3-12::	1
chr7	121827000	121931000	chr7_121827000	6	104000	3.32249022245487e-05	6	3.32249022245487e-05	2	28.9318576910548	::N3-9::B3-9::N3-4::N3-16::N3-c-10::N3-14::	4
chr7	136389300	136493300	chr7_136389300	15	104000	4.45834686446251e-22	15	4.45834686446251e-22	1	405.797010137633	::N3-c-10::N3-4::N3-17::N3-9::N3-2-7::N3-2-2::N3-16::N3-c-32::N3-c-28::N3-c-9::N3-18::N3-12::N3-c-14::N3-15::N3-14::	15
chr8	107313000	107417000	chr8_107313000	5	104000	0.00139803321260691	5	0.00139803321260691	2	28.9318576910548	::N3-15::B3-4::B3-16::N3-16::N3-4::	4
chr8	111559600	111663600	chr8_111559600	4	104000	0.049021886514083	4	0.049021886514083	1	405.797010137633	::N3-16::N3-4::B3-16::B3-4::	0
chr8	117285600	117389600	chr8_117285600	4	104000	0.049021886514083	4	0.049021886514083	1	405.797010137633	::N3-16::N3-4::B3-16::B3-4::	0
chr8	122381400	122485400	chr8_122381400	4	104000	0.049021886514083	4	0.049021886514083	1	405.797010137633	::N3-16::N3-4::B3-16::B3-4::	0
chr9	66544500	66648500	chr9_66544500	5	104000	0.00139803321260691	5	0.00139803321260691	3	1.37515780639774	::B3-15::N3-15::B3-9::N3-9::N3-c-10::	5
chr9	121353600	121457600	chr9_121353600	4	104000	0.049021886514083	5	0.00139803321260691	3	1.37515780639774	::B3-c-9::N3-c-9::B3-14::B3-12::	2
chrX	18214900	18318900	chrX_18214900	7	104000	6.76804354989368e-07	7	6.76804354989368e-07	5	0.00139803321260691	::N3-c-9::B3-c-9::N3-c-14::B3-12::N3-17::B3-17::N3-12::	1
chrX	142722900	142826900	chrX_142722900	5	104000	0.00139803321260691	5	0.00139803321260691	2	28.9318576910548	::N3-c-14::B3-4::B3-16::N3-4::N3-16::	5
chrX	143483000	143587000	chrX_143483000	4	104000	0.049021886514083	4	0.049021886514083	2	28.9318576910548	::N3-c-10::N3-12::N3-14::N3-2-7::	4
