chr11	3100400	3254400	chr11_3100400	14	154000	0.0484561956584583	21	1.03460235483623e-07	16	0.00154916611505126	::N3-9::N3-8::N3-1-2::N3-10::N3-1-3::N3-18::B3-10::B3-21::N3-2-2::B3-8::B3-14::B3-2-36::B3-1-13::B3-1-3::	5
chr11	54530300	54684300	chr11_54530300	14	154000	0.0484561956584583	17	0.000252423059301354	14	0.0484561956584583	::B3-2-22::N3-1-15::B3-1-15::B3-9::N3-9::B3-10::B3-1-3::N3-1-11::B3-2-21::N3-21::N3-18::B3-1-13::B3-8::B3-2-2::	9
chr11	69570500	69724500	chr11_69570500	14	154000	0.0484561956584583	17	0.000252423059301354	16	0.00154916611505126	::B3-1-2::B3-1-15::N3-2-21::N3-1-11::N3-10::B3-2-21::N3-1-2::B3-1-13::B3-2-2::N3-1::B3-2-36::B3-2-22::N3-2-2::B3-1-11::	11
chr11	72610200	72764200	chr11_72610200	15	154000	0.00894824802984375	21	1.03460235483623e-07	18	3.88451210484543e-05	::B3-2-22::B3-1-15::B3-18::N3-18::B3-1-2::N3-1-15::N3-21::B3-1::B3-21::N3-9::B3-9::B3-10::N3-10::B3-14::N3-8::	7
chr11	79411100	79565100	chr11_79411100	17	154000	0.000252423059301354	25	2.0062799286928e-11	22	1.30265898699361e-08	::B3-2-21::B3-2-7::N3-1-13::B3-21::N3-4::B3-1::N3-1-11::B3-1-11::B3-1-3::N3-21::B3-18::B3-2-36::B3-1-13::N3-2-21::B3-14::B3-2-2::N3-2-2::	10
chr11	86208200	86362200	chr11_86208200	17	154000	0.000252423059301354	22	1.30265898699361e-08	17	0.000252423059301354	::B3-18::B3-2-2::B3-2-7::N3-2-7::N3-2-36::B3-2-21::B3-4::B3-10::N3-4::B3-1-5::B3-9::N3-9::N3-10::N3-1-11::B3-1-11::N3-1-3::B3-1-3::	9
chr11	105606300	105760300	chr11_105606300	14	154000	0.0484561956584583	20	7.84355234169009e-07	16	0.00154916611505126	::B3-1-11::B3-1::N3-1-2::N3-8::B3-8::B3-1-3::N3-18::N3-10::B3-2-36::B3-2-2::N3-2-2::N3-1-5::N3-1-11::B3-2-7::	16
chr11	106987400	107141400	chr11_106987400	14	154000	0.0484561956584583	17	0.000252423059301354	14	0.0484561956584583	::N3-1-5::B3-8::N3-8::B3-1-3::B3-2-21::N3-1-3::N3-4::N3-14::B3-1-5::B3-18::B3-1-13::B3-21::N3-10::B3-10::	10
chr11	108160000	108314000	chr11_108160000	15	154000	0.00894824802984375	17	0.000252423059301354	11	4.9792286918273	::N3-1-2::N3-14::B3-2-2::N3-2-21::B3-2-37::N3-1-5::B3-1-2::N3-2-36::N3-10::N3-2-7::N3-9::N3-21::N3-1::N3-4::N3-1-11::	4
chr14	19358400	19512400	chr14_19358400	17	154000	0.000252423059301354	34	1.01202729903314e-20	20	7.84355234169009e-07	::N3-4::N3-1-3::N3-2-36::B3-2-36::N3-1-15::N3-18::N3-1-5::N3-2-22::B3-2-2::N3-1-11::N3-8::N3-10::N3-1::N3-1-13::N3-2-21::N3-9::N3-2-7::	22
chr15	43240500	43394500	chr15_43240500	18	154000	3.88451210484543e-05	20	7.84355234169009e-07	17	0.000252423059301354	::N3-2-21::N3-10::B3-2-37::B3-21::N3-21::B3-1::N3-9::B3-9::B3-18::B3-2-22::N3-2-36::B3-8::N3-2-22::B3-2-21::N3-1-5::N3-1-15::N3-8::B3-2-2::	9
chr15	77089100	77243100	chr15_77089100	15	154000	0.00894824802984375	18	3.88451210484543e-05	14	0.0484561956584583	::B3-2-2::B3-1-5::B3-2-7::N3-2-7::N3-2-21::B3-2-21::N3-1-2::B3-1-2::N3-1-15::N3-8::B3-14::B3-2-36::B3-1-15::B3-21::B3-1-13::	7
chr15	96301700	96455700	chr15_96301700	14	154000	0.0484561956584583	24	1.81072116847424e-10	21	1.03460235483623e-07	::N3-1-5::N3-18::B3-18::N3-2-22::B3-2-36::N3-2-36::B3-1::B3-10::B3-21::N3-9::B3-9::B3-2-21::B3-1-11::N3-1::	15
chr17	3104200	3258200	chr17_3104200	14	154000	0.0484561956584583	18	3.88451210484543e-05	16	0.00154916611505126	::N3-1-15::B3-2-2::N3-4::B3-8::N3-2-21::B3-1-3::N3-1-3::N3-1-5::B3-1-11::B3-18::N3-1::N3-9::B3-1::B3-9::	13
chr17	32159100	32313100	chr17_32159100	14	154000	0.0484561956584583	19	5.66321221999669e-06	14	0.0484561956584583	::N3-1-15::B3-1::N3-1-11::B3-9::N3-9::B3-1-13::B3-1-2::N3-1-2::N3-4::N3-1-5::B3-10::B3-2-37::N3-10::N3-2-2::	13
chr18	31764100	31918100	chr18_31764100	15	154000	0.00894824802984375	17	0.000252423059301354	15	0.00894824802984375	::N3-1::B3-1-3::B3-1-13::B3-2-36::N3-8::B3-8::N3-18::B3-18::N3-2-2::N3-1-5::B3-1-2::N3-9::N3-2-21::B3-2-7::B3-14::	6
chr18	34257200	34411200	chr18_34257200	14	154000	0.0484561956584583	18	3.88451210484543e-05	16	0.00154916611505126	::B3-2-22::N3-1-13::N3-8::B3-8::N3-1-5::B3-2-36::N3-1-11::B3-1-13::N3-21::N3-4::B3-1::B3-21::N3-18::N3-10::	8
chr18	80759000	80913000	chr18_80759000	15	154000	0.00894824802984375	16	0.00154916611505126	15	0.00894824802984375	::N3-21::B3-2-21::B3-2-2::B3-2-36::N3-10::B3-14::N3-8::B3-1-3::B3-18::N3-1-3::N3-4::N3-1::B3-1-2::N3-2-7::N3-2-2::	7
chr19	7203200	7357200	chr19_7203200	15	154000	0.00894824802984375	20	7.84355234169009e-07	18	3.88451210484543e-05	::N3-2-22::B3-8::N3-2-7::N3-10::B3-10::N3-4::N3-1-5::B3-1-3::B3-2-37::N3-2-36::B3-1-5::N3-1-13::B3-2-22::N3-14::B3-1::	10
chr19	16176700	16330700	chr19_16176700	16	154000	0.00154916611505126	18	3.88451210484543e-05	18	3.88451210484543e-05	::N3-1-2::N3-10::N3-21::N3-18::N3-2-7::B3-10::B3-14::B3-2-22::N3-1-15::B3-1::B3-18::N3-4::B3-1-2::N3-1::B3-2-36::N3-1-5::	6
chr2	37595700	37749700	chr2_37595700	14	154000	0.0484561956584583	19	5.66321221999669e-06	15	0.00894824802984375	::N3-8::B3-8::B3-2-37::B3-10::N3-10::N3-2-7::N3-1-11::N3-1-5::N3-9::B3-9::B3-2-36::N3-2-36::B3-1-2::N3-1-2::	9
chr2	98519800	98673800	chr2_98519800	34	154000	1.01202729903314e-20	203	0	26	2.13746070135568e-12	::B3-2-36::N3-8::N3-2-36::N3-2-2::N3-14::N3-9::N3-10::N3-1-13::N3-2-7::N3-1-11::N3-18::N3-1::N3-1-15::N3-4::N3-2-21::N3-1-3::N3-21::N3-1-5::N3-2-22::N3-1-2::B3-1-11::B3-1-13::B3-1::B3-2-7::B3-2-2::B3-1-2::B3-10::B3-8::B3-1-3::B3-2-22::B3-1-5::B3-9::B3-1-15::B3-14::	97
chr2	160950300	161104300	chr2_160950300	14	154000	0.0484561956584583	18	3.88451210484543e-05	15	0.00894824802984375	::N3-10::B3-1-11::B3-1-15::B3-2-7::N3-2-7::B3-14::N3-18::B3-10::B3-9::N3-9::N3-1-11::N3-1-5::B3-1-13::B3-8::	13
chr3	90211900	90365900	chr3_90211900	14	154000	0.0484561956584583	15	0.00894824802984375	14	0.0484561956584583	::N3-1-2::B3-2-21::B3-2-36::B3-8::N3-1-13::N3-8::B3-1-2::B3-1::B3-4::N3-2-36::B3-14::B3-21::N3-21::N3-1::	12
chr3	135441100	135595100	chr3_135441100	14	154000	0.0484561956584583	18	3.88451210484543e-05	12	1.14937245708041	::N3-4::N3-1-15::B3-1-15::N3-10::B3-10::B3-4::N3-8::B3-8::N3-2-36::B3-18::N3-18::N3-1-2::N3-1-5::B3-1-13::	7
chr3	138957000	139111000	chr3_138957000	14	154000	0.0484561956584583	20	7.84355234169009e-07	16	0.00154916611505126	::N3-8::B3-10::N3-10::B3-14::N3-4::B3-1-13::N3-1-13::B3-2-22::B3-2-21::N3-2-21::N3-18::N3-2-7::B3-2-7::N3-1::	12
chr5	25275800	25429800	chr5_25275800	25	154000	2.0062799286928e-11	82	1.08985377895192e-83	56	2.28058978752335e-47	::N3-2-22::B3-2-7::N3-2-7::B3-1-2::N3-2-2::B3-2-2::N3-21::N3-9::N3-10::B3-1::N3-1-3::N3-1-15::B3-14::B3-1-15::B3-10::B3-2-36::N3-1::B3-18::B3-1-11::N3-1-11::B3-9::N3-1-2::B3-1-3::N3-2-21::B3-2-22::	54
chr5	28146800	28300800	chr5_28146800	26	154000	2.13746070135568e-12	44	2.98921440785028e-32	8	231.930248508694	::N3-14::N3-4::N3-1-5::N3-2-2::B3-14::B3-1-2::B3-1-3::N3-1-11::B3-4::B3-2-21::B3-2-36::B3-2-2::B3-1-11::B3-18::B3-1-5::B3-2-22::B3-10::B3-1-13::B3-2-37::N3-10::N3-18::B3-1-15::N3-21::N3-1-2::B3-2-7::N3-2-21::	27
chr5	65539200	65693200	chr5_65539200	15	154000	0.00894824802984375	34	1.01202729903314e-20	28	2.16938313558357e-14	::N3-2-36::B3-2-21::N3-2-21::B3-2-36::B3-14::N3-1-3::N3-1-11::N3-1-5::B3-1-13::B3-1-3::B3-1-11::B3-18::N3-18::N3-14::N3-2-22::	21
chr7	121691400	121845400	chr7_121691400	16	154000	0.00154916611505126	21	1.03460235483623e-07	6	1692.72147429591	::B3-2-36::N3-2-36::N3-4::N3-9::B3-9::N3-1-15::N3-2-22::N3-1-2::N3-1-11::N3-21::N3-2-7::N3-2-21::N3-1-3::N3-1-5::N3-14::N3-18::	18
chr7	136329000	136483000	chr7_136329000	21	154000	1.03460235483623e-07	23	1.56885520258038e-09	4	6618.30598384882	::B3-18::N3-1::N3-2-36::N3-4::N3-9::N3-1-11::N3-8::N3-1-5::N3-1-13::N3-1-3::N3-1-15::N3-2-21::N3-10::N3-2-7::N3-2-2::N3-2-37::N3-21::N3-1-2::N3-2-22::N3-18::N3-14::	21
chr8	80698200	80852200	chr8_80698200	14	154000	0.0484561956584583	16	0.00154916611505126	12	1.14937245708041	::B3-2-2::N3-2-2::N3-4::B3-2-21::N3-10::B3-1-3::N3-1-2::B3-2-36::N3-9::N3-1-5::B3-2-37::N3-1::B3-10::B3-1::	9
chr8	109753300	109907300	chr8_109753300	17	154000	0.000252423059301354	24	1.81072116847424e-10	20	7.84355234169009e-07	::B3-1-2::B3-2-37::N3-1-11::N3-8::B3-8::N3-1-5::B3-2-36::N3-1-2::N3-14::N3-2-36::B3-2-7::B3-18::B3-2-2::B3-2-22::B3-14::N3-2-21::N3-4::	11
chr9	3001100	3155100	chr9_3001100	21	154000	1.03460235483623e-07	33	1.24219903166396e-19	11	4.9792286918273	::N3-2-21::N3-18::B3-2-21::N3-9::N3-2-22::N3-2-7::N3-1-3::N3-8::N3-1::N3-1-15::N3-2-2::N3-1-5::B3-10::B3-2-22::B3-1::N3-21::N3-2-36::N3-1-2::N3-1-13::N3-10::N3-1-11::	15
chr9	35160900	35314900	chr9_35160900	14	154000	0.0484561956584583	18	3.88451210484543e-05	9	71.3830075830159	::B3-2-22::N3-1-2::B3-1-15::N3-1-11::N3-1-3::N3-18::B3-1::N3-1-15::N3-10::N3-8::N3-1::N3-4::N3-1-5::N3-2-21::	10
chr9	44813400	44967400	chr9_44813400	14	154000	0.0484561956584583	16	0.00154916611505126	14	0.0484561956584583	::N3-4::B3-2-2::B3-1-2::N3-10::N3-1-15::N3-8::B3-2-7::N3-2-7::N3-1-5::N3-2-21::N3-1-13::N3-14::B3-1-13::N3-9::	9
chrUn_GL456390	0	154000	chrUn_GL456390_0	26	154000	2.13746070135568e-12	50	1.18021543828646e-39	36	6.16285002259046e-23	::B3-18::N3-1-2::N3-9::N3-2-7::N3-1-3::N3-1::N3-4::N3-2-2::N3-10::N3-1-15::N3-1-11::N3-2-22::N3-2-36::N3-18::N3-8::N3-21::N3-1-13::N3-14::N3-2-21::B3-14::N3-1-5::B3-2-7::B3-2-22::B3-21::B3-1::B3-1-2::	28
chrUn_GL456394	1000	155000	chrUn_GL456394_1000	14	154000	0.0484561956584583	20	7.84355234169009e-07	19	5.66321221999669e-06	::B3-14::N3-1-5::B3-2-7::N3-4::N3-1::N3-2-21::B3-2-22::B3-21::B3-1::N3-18::B3-1-2::N3-8::N3-1-3::N3-1-2::	10
chrUn_GL456396	5600	159600	chrUn_GL456396_5600	14	154000	0.0484561956584583	18	3.88451210484543e-05	17	0.000252423059301354	::B3-14::N3-1-5::B3-2-7::N3-4::N3-1::N3-2-21::B3-2-22::B3-21::B3-1::N3-18::B3-1-2::N3-8::N3-1-3::N3-1-2::	8
chrX	143444500	143598500	chrX_143444500	20	154000	7.84355234169009e-07	32	1.47987545800556e-18	5	3666.54311235889	::N3-2-7::N3-4::N3-10::N3-1::N3-2-36::N3-18::N3-2-2::B3-2-36::N3-8::N3-1-5::N3-1-2::N3-21::N3-2-22::N3-1-15::B3-1::N3-1-13::N3-14::N3-1-3::B3-2-21::B3-2-7::	27
