chr10	7649300	7817300	chr10_7649300	25	168000	0.00353211078201218	36	1.83870691209497e-10	29	1.25866812521678e-05	::N-A07::B3-16::B3-2::N3-2-21::B-2-27::B-2-15::B-A12::N-A12::N-3-1::B3-1::N-B03::B3-2-21::B-2-25::N-1-7::N3-7::N-2-15::B3-13::N-A04::N3-10::N-2-21::B3-7::B3-4::N3-9::B3-9::B-2-14::	22
chr10	39702700	39870700	chr10_39702700	23	168000	0.0470219393809577	26	0.00091201815413832	24	0.0131532117069132	::B-A07::B-2-23::B-B05::B3-2::B3-12::N-2-23::B3-15::B3-c-9::B-3-4::B-2-27::B3-11::N3-8::N3-11::B3-8::B3-13::N-3-4::B3-2-21::N3-10::N-A02::B3-1::N3-16::B-1-6::B3-1-13::	5
chr10	42753000	42921000	chr10_42753000	23	168000	0.0470219393809577	33	2.60336119159473e-08	29	1.25866812521678e-05	::B-2-25::N-2-25::N3-4::B3-13::B-2-23::N-2-21::B-1-7::N-1-6::N3-13::B3-12::B-2-21::B-1-6::B3-15::B-A02::N-3-4::B-3-4::B3-4::N-A07::B-A07::N3-7::N3-10::B3-1::N-3-1::	16
chr10	67076100	67244100	chr10_67076100	26	168000	0.00091201815413832	34	5.14041313031265e-09	29	1.25866812521678e-05	::B-A10::B3-4::B3-15::N3-1-13::B-1-6::N3-11::N-2-15::N3-15::B-3-1::N-3-1::B-B03::B3-19::N-1-10::N3-13::N-A07::N3-10::B3-7::B3-14::B3-8::B-2-25::B-2-15::B3-12::N3-8::B3-11::N-A02::B-A02::	11
chr10	108186800	108354800	chr10_108186800	24	168000	0.0131532117069132	28	5.43709244587582e-05	24	0.0131532117069132	::B3-7::B3-1::B-2-25::B-3-4::B-A07::N3-5::B-A10::N-1-6::B-1-6::N-2-14::N-B05::B3-c-28::B-2-15::N-2-15::B3-13::N-A05::N3-11::B3-16::N3-8::N-B03::N-3-1::B-3-1::B3-9::N3-9::	15
chr10	116455000	116623000	chr10_116455000	29	168000	1.25866812521678e-05	48	4.61794809267588e-20	40	1.70283531631926e-13	::N-1-9::N-A12::B-3-4::N-B03::B-A10::B-1-6::N-B05::B-B05::B3-1::N-A02::B-A02::B-A05::B3-7::N3-7::N-2-15::N3-16::B-1-7::N3-4::B3-1-13::N-1-6::N3-2-21::B-A12::N-2-21::N-3-1::B3-16::B3-4::B3-11::B-2-21::B3-13::	32
chr11	3100400	3268400	chr11_3100400	35	168000	9.8598996450162e-10	58	4.53535613645319e-29	39	1.01458894354593e-12	::N3-9::N-2-23::N3-8::N3-10::N-B05::N-A10::N-2-25::B-A02::N3-13::B3-10::B3-21::B-2-14::N-2-15::N3-19::B3-19::N-A02::B3-c-9::B3-5::B3-8::B3-12::N-3-1::B-2-15::N-A12::N-A05::B3-14::B3-2::B-2-27::B-A10::B-2-23::B3-1-13::B3-13::B-1-6::B-1-7::N3-1::B-A04::	20
chr11	4517700	4685700	chr11_4517700	25	168000	0.00353211078201218	34	5.14041313031265e-09	29	1.25866812521678e-05	::B-2-15::N-A02::B3-7::B-1-4::B-2-12::N3-4::N3-8::B-A04::B3-1-13::B-1-7::N-1-7::B-B05::N-1-6::B-2-23::N-2-23::B3-2-21::B-A10::N3-19::N-B05::B3-19::N-A04::N-1-10::B-3-4::N3-2::B3-2::	17
chr11	20066100	20234100	chr11_20066100	25	168000	0.00353211078201218	28	5.43709244587582e-05	27	0.000226768242320851	::B3-19::B3-7::N3-13::B3-2::B-3-4::B-2-14::B-B05::B-1-6::B3-5::B-1-7::B-2-15::B-2-21::N-1-6::B3-2-21::N-B05::B-A05::B3-c-9::N-1-4::N3-2::N3-16::B3-c-28::N-2-14::B-1-4::B3-8::N-1-7::	17
chr11	20983100	21151100	chr11_20983100	24	168000	0.0131532117069132	30	2.81664746927461e-06	25	0.00353211078201218	::B3-1-13::B3-21::N3-19::B-A07::N-B03::B-2-15::B3-c-9::N-A02::B-A02::N3-2-21::B3-2-21::B-1-10::B3-11::B3-5::N3-9::B3-9::B3-12::N-2-23::B3-2-37::N3-11::N-3-4::N-A05::B-2-25::N-2-27::	13
chr11	23279100	23447100	chr11_23279100	27	168000	0.000226768242320851	34	5.14041313031265e-09	27	0.000226768242320851	::B-2-14::N-A12::N-3-1::B3-1-13::N3-19::B3-19::B-3-1::N-1-7::N3-10::N3-16::B3-c-14::N3-c-14::B3-2-21::N3-c-9::B-1-6::N-2-23::N3-15::B-2-15::B3-8::B3-12::B3-1::N-1-6::N-B05::B-2-23::B-A07::B3-c-9::B-1-7::	22
chr11	30107000	30275000	chr11_30107000	27	168000	0.000226768242320851	31	6.09976797047047e-07	27	0.000226768242320851	::B-2-27::N-B05::B-2-15::N3-1-13::B3-1-13::B-A07::N3-21::B-A05::N-A05::B-3-1::B3-11::B3-5::N3-16::B3-16::N-B03::B-B05::N3-1::B-1-10::B3-c-28::B3-2-21::B-2-14::B3-19::N3-19::N-1-6::N3-2-21::B-2-25::N-3-1::	14
chr11	32556700	32724700	chr11_32556700	23	168000	0.0470219393809577	28	5.43709244587582e-05	26	0.00091201815413832	::B-2-14::N3-10::B-A10::B-B03::B3-2::N3-2::N3-4::B-B05::N-3-4::N-B05::B-2-15::N-A05::B-A05::N-1-6::B3-2-21::B-A02::N-2-15::B3-8::N-2-14::N-3-1::B3-21::B3-7::N3-19::	17
chr11	53264800	53432800	chr11_53264800	25	168000	0.00353211078201218	31	6.09976797047047e-07	28	5.43709244587582e-05	::N-A12::B-A10::B3-10::N3-16::B-1-10::B3-7::B-2-23::B-B05::N-2-15::N-2-23::N-2-14::B-B03::B3-5::B-A04::B-2-14::B3-11::B3-19::N3-4::B3-13::B-2-15::B3-4::B-3-4::B3-9::N3-9::N3-13::	15
chr11	54424200	54592200	chr11_54424200	25	168000	0.00353211078201218	29	1.25866812521678e-05	28	5.43709244587582e-05	::N3-11::B3-11::N-B05::B-B05::N3-19::B-2-23::B3-10::B-A10::B3-19::B3-1::B3-14::N3-16::N-2-15::N-2-14::B3-1-13::N-2-27::B-3-1::B-A05::B-2-15::B3-c-28::N-A02::B-A12::B3-9::N3-9::B-B03::	16
chr11	59622200	59790200	chr11_59622200	28	168000	5.43709244587582e-05	33	2.60336119159473e-08	30	2.81664746927461e-06	::N3-13::B3-10::B-A07::B-A04::B-2-15::B-2-14::N3-4::B3-c-14::N3-c-14::N3-16::B3-2-21::N3-12::N-B05::B-2-21::B-A12::B3-19::N-2-15::B-3-4::B-1-6::B-2-23::B-2-27::B3-1-13::B-B03::N-2-21::B-1-10::B-2-25::N-2-25::N3-c-9::	23
chr11	60116500	60284500	chr11_60116500	23	168000	0.0470219393809577	26	0.00091201815413832	22	0.161096408572845	::N3-1::N-2-15::B-2-15::N-A12::B-2-25::B3-5::B3-12::B-2-27::N-A02::B-A02::N3-21::B-A10::B3-2::B-A07::B-B03::N3-13::N-A10::N3-19::N-2-21::B3-4::N3-4::N-B03::N3-2::	17
chr11	70841200	71009200	chr11_70841200	28	168000	5.43709244587582e-05	32	1.27969316878821e-07	31	6.09976797047047e-07	::B3-1-13::B3-7::N3-5::B3-8::N-2-15::B-3-4::N-3-4::B-A02::B3-12::N3-19::B-B03::N3-4::B-2-25::B3-5::N3-14::B-2-23::B3-21::B3-11::N-2-12::B-2-21::N-2-27::B3-c-28::N3-12::N-3-1::N-A12::B3-10::B-2-14::N3-7::	16
chr11	72563800	72731800	chr11_72563800	36	168000	1.83870691209497e-10	50	8.4950901540412e-22	44	1.06166726976011e-16	::N-A12::B-2-21::B3-21::N-3-1::N3-16::N-2-15::B-3-4::N-3-4::B3-c-28::B3-13::N3-19::N-A04::B-A04::B-2-15::N3-21::B-A05::B-1-6::B-A10::B-1-7::B-A02::N3-11::B3-11::N-A02::B3-1::N3-9::B3-9::B-2-12::N-2-12::B3-10::N-B05::N3-10::B-2-23::B3-14::B3-5::N-2-27::B-2-27::	19
chr11	76693000	76861000	chr11_76693000	28	168000	5.43709244587582e-05	35	9.8598996450162e-10	15	225.296910565515	::B3-1-13::N3-4::B-B03::B-2-21::B-A04::N-2-27::B-2-27::B3-2-37::B-1-10::B3-7::B-1-9::B3-c-14::B3-2::B-3-4::B3-5::B3-14::B-1-6::B3-21::B-1-4::B-1-7::B3-c-28::B3-c-9::N3-21::N-3-4::B-3-1::B-A12::B-B05::B3-11::	24
chr11	77558900	77726900	chr11_77558900	26	168000	0.00091201815413832	38	5.89402831053527e-12	31	6.09976797047047e-07	::N-2-15::B3-c-28::N-B03::B-2-23::N-A05::N-2-12::B-2-12::B3-2-21::N-A02::B-2-14::N3-10::N-1-7::B-2-25::N3-13::N-1-6::B3-11::B-3-4::N-3-4::N-A04::N-2-14::B3-5::B-B03::B-A02::N3-19::B-3-1::N-3-1::	25
chr11	78522800	78690800	chr11_78522800	23	168000	0.0470219393809577	25	0.00353211078201218	24	0.0131532117069132	::B3-10::N3-c-9::N-A12::B-2-15::B-A12::N3-21::B-A04::B-3-1::B-2-25::B-2-21::B-A02::B-A07::N3-4::B3-21::B3-19::B-2-23::B3-c-9::N3-8::B3-2-21::B3-13::B-B05::B3-15::B3-1-13::	13
chr11	79355000	79523000	chr11_79355000	34	168000	5.14041313031265e-09	99	9.17112122196258e-73	79	2.76654703123434e-50	::N-2-23::N-A02::B-A02::N3-19::B3-21::N3-2-21::B-2-23::N-1-7::B-1-7::N-2-25::B3-19::N3-c-28::N-A05::N3-13::B3-2-21::N-2-15::B-3-4::N3-c-9::B-1-6::B-A10::B3-13::B-A05::N3-1-13::B-2-27::N3-4::B3-1::B3-15::B-B05::N3-15::N3-21::B3-1-13::N-B05::B3-14::B-2-25::	37
chr11	80384900	80552900	chr11_80384900	25	168000	0.00353211078201218	31	6.09976797047047e-07	29	1.25866812521678e-05	::B3-14::B3-1::B3-2-21::B-2-21::N-A02::B-A02::B-2-14::N-2-15::N-B03::B3-19::B-2-25::N-3-4::B3-2-37::B-3-4::B3-7::N-1-6::N3-16::B-B03::N-1-10::B-A05::N-2-12::N-3-1::N-B05::N3-10::B3-8::	12
chr11	86188900	86356900	chr11_86188900	26	168000	0.00091201815413832	35	9.8598996450162e-10	29	1.25866812521678e-05	::B3-19::B-2-12::B-1-7::N-1-7::B-3-4::N-3-1::N-2-21::B-A04::N-A02::N3-16::B3-15::N3-15::B-A07::B3-13::B3-2-21::B3-4::B-B05::B-2-15::B3-10::N3-4::B3-9::N3-9::B-A10::N3-10::B3-c-28::N3-13::	19
chr11	86589000	86757000	chr11_86589000	29	168000	1.25866812521678e-05	39	1.01458894354593e-12	33	2.60336119159473e-08	::B-1-6::B3-15::B-A10::B-2-23::B-3-4::B-2-14::B3-7::B-2-15::N3-13::N3-10::N-2-15::B-B03::B-2-25::B-2-12::B-2-21::N3-16::N-B03::N-1-7::N-3-4::N-1-6::B-1-7::N-A02::B-A04::N-A04::N-2-23::B-B05::N3-4::B3-4::B3-c-9::	18
chr11	93875700	94043700	chr11_93875700	23	168000	0.0470219393809577	40	1.70283531631926e-13	36	1.83870691209497e-10	::N-A02::N3-19::B-A05::N-2-15::N-A12::N3-5::N-2-25::B-A12::N3-16::B-B03::B-A02::N-B05::N3-11::N-2-21::B3-8::B3-19::B3-2-21::N-1-10::B-2-21::B-A07::N3-c-28::N3-1-13::B3-1-13::	19
chr11	97154900	97322900	chr11_97154900	23	168000	0.0470219393809577	31	6.09976797047047e-07	29	1.25866812521678e-05	::B3-2-21::N-A05::B-A05::N3-13::B3-10::B3-1-13::B3-2::B3-13::N3-10::B3-12::N3-2-21::N-1-10::B-A07::B-B03::N-2-21::B3-11::B-2-15::N3-14::B-1-6::N-A12::B-A12::N-2-15::B-1-7::	13
chr11	104384100	104552100	chr11_104384100	37	168000	3.33620938239331e-11	59	5.16062020736182e-30	45	1.58386597635575e-17	::B-3-4::N-2-15::B-1-6::B-2-12::N-2-12::N-1-6::B3-7::N3-c-14::N-B05::N3-7::B-2-25::B3-12::B-A12::N-2-25::B-2-15::N-1-7::B3-10::N3-13::B3-13::N-2-14::B-B03::B3-c-14::N3-21::B3-21::B-B05::N-3-4::B-1-4::N-A02::B3-15::B-2-14::B3-19::N-A05::B3-2-21::B3-11::N-2-27::B-2-27::N3-2-21::	26
chr11	105186400	105354400	chr11_105186400	23	168000	0.0470219393809577	34	5.14041313031265e-09	30	2.81664746927461e-06	::B3-19::B-1-6::B3-c-14::B-B03::N-B03::N-A12::N3-16::N-3-1::B-A10::B-B05::N-2-27::B-2-27::N-1-6::N3-1::B3-2-21::B3-15::N3-19::N-A02::B-1-7::N3-2-21::N-2-14::B3-13::N3-13::	16
chr11	105592200	105760200	chr11_105592200	24	168000	0.0131532117069132	37	3.33620938239331e-11	32	1.27969316878821e-07	::N-3-4::N-1-6::N-A04::B-A04::B3-1::B3-19::B3-12::N3-8::B3-8::N-A02::N3-13::B3-7::B-2-23::N3-19::B-A07::B3-11::N-2-15::N3-10::B-2-25::B-A05::N3-2::N3-16::N3-11::N-2-25::	13
chr11	106087000	106255000	chr11_106087000	26	168000	0.00091201815413832	33	2.60336119159473e-08	27	0.000226768242320851	::B3-7::N3-8::N3-9::B3-9::B-1-7::B-3-4::B3-19::B3-1::B-A04::N-3-1::B3-8::B3-11::N3-11::B-2-15::N-A05::B3-2::N3-13::B3-c-28::N3-16::N-2-23::N-1-10::B-1-6::B-2-12::N3-10::N-3-4::B-2-21::	16
chr11	106444600	106612600	chr11_106444600	26	168000	0.00091201815413832	27	0.000226768242320851	24	0.0131532117069132	::N-A10::N-1-7::B-B05::N3-11::B3-2::N3-2::N-3-1::N3-4::B-2-25::B-2-15::B3-14::B-2-21::B3-19::B3-1-13::B-2-27::N3-19::B-A04::B-A02::B3-9::N3-9::B3-12::B3-5::N-A05::B-A05::N-2-15::N-A12::	14
chr11	106772200	106940200	chr11_106772200	24	168000	0.0131532117069132	30	2.81664746927461e-06	29	1.25866812521678e-05	::B3-c-28::N3-2::N-A05::B-2-27::N-2-25::N-3-4::B3-c-9::B-2-21::B-A05::B-B03::N-3-1::B3-2-21::B-A12::B-1-6::B-2-14::B-2-23::N-B05::N3-19::N3-13::N-A10::B3-1::N-B03::N3-2-21::N-1-6::	19
chr11	106968000	107136000	chr11_106968000	28	168000	5.43709244587582e-05	33	2.60336119159473e-08	25	0.00353211078201218	::N3-19::B3-7::N-A05::B-A05::B3-11::B3-8::N3-8::N3-11::N-3-1::B-3-4::B3-2-21::N-2-27::N3-4::N3-14::B-B03::B3-13::N3-13::N-B05::B-B05::B3-16::N-1-6::N3-2::B3-2::B-1-6::B3-1-13::B3-21::N3-10::B3-10::	16
chr11	108230900	108398900	chr11_108230900	26	168000	0.00091201815413832	29	1.25866812521678e-05	17	37.3311494140769	::N3-2-21::B3-2-37::N-2-21::B3-19::N3-5::N-A12::B-2-21::B3-5::N-2-12::N3-12::N-B05::N3-10::N3-9::N3-21::N3-13::N-2-23::N3-1::N-2-15::N-3-4::N3-4::N-3-1::N3-19::B-1-4::B-2-27::N-A02::N3-1-13::	6
chr12	17350000	17518000	chr12_17350000	23	168000	0.0470219393809577	23	0.0470219393809577	10	5953.59435338811	::B-A12::N-2-25::B-1-7::N3-1-13::B3-1-13::B3-c-28::N3-4::N3-2-21::N-3-4::N3-16::N3-14::N3-2-37::N-1-6::N-1-4::N3-5::N-1-7::N3-2::N-2-21::N3-c-14::N3-7::N-2-15::N-1-10::N-1-9::	16
chr12	51622300	51790300	chr12_51622300	28	168000	5.43709244587582e-05	40	1.70283531631926e-13	34	5.14041313031265e-09	::B-2-15::B-A12::B-2-14::B-1-6::B3-12::N-2-15::N3-12::B3-19::B3-15::B-A07::B3-1-13::B-2-21::B3-16::B-A02::N-2-14::B3-11::N-3-1::N-1-7::B3-10::N3-10::B-3-4::B3-1::N3-14::B3-14::B-1-10::N-1-10::B-2-25::N3-16::	20
chr12	75453600	75621600	chr12_75453600	26	168000	0.00091201815413832	33	2.60336119159473e-08	30	2.81664746927461e-06	::N3-19::B-2-14::B-A12::B-2-23::B-1-6::N-A12::B-A07::N3-16::B3-10::B-1-7::B-2-15::B3-1::N-A04::B3-1-13::B3-11::B3-7::B3-13::N-2-21::N-3-1::N-2-23::N-1-7::N-A07::N3-11::B3-2::N-2-12::N-2-15::	14
chr13	9041700	9209700	chr13_9041700	25	168000	0.00353211078201218	30	2.81664746927461e-06	26	0.00091201815413832	::B-A02::B-B05::B-2-15::B-1-6::B-2-23::N3-19::B3-19::N-2-15::N3-16::B3-16::B-A10::N-2-21::B-2-21::N-2-25::B3-2-21::N-2-27::N-1-6::N-1-10::N-2-12::N3-8::B3-8::N-3-4::B3-21::B3-7::N-2-14::	14
chr13	14011700	14179700	chr13_14011700	23	168000	0.0470219393809577	34	5.14041313031265e-09	32	1.27969316878821e-07	::B-1-6::N-A12::B-A07::B3-7::B3-c-9::B3-2::B-2-25::B-2-15::N3-12::B3-12::N-2-15::B3-1-13::B-A12::B-2-23::N3-8::B-A10::B3-13::B3-1::B3-5::B-2-14::B-A02::B-3-4::N3-13::	9
chr13	17750000	17918000	chr13_17750000	27	168000	0.000226768242320851	34	5.14041313031265e-09	28	5.43709244587582e-05	::B3-21::B3-9::B3-2::B-3-4::N-3-4::B-2-15::B-A07::B3-7::N-1-7::N3-10::N3-19::B-A10::B3-19::B-2-21::B-A02::B-1-7::N-A05::B-A05::B-3-1::N-3-1::B3-1::B3-2-21::B-B05::B3-11::B-2-27::N-2-27::N-2-15::	20
chr13	37833500	38001500	chr13_37833500	23	168000	0.0470219393809577	27	0.000226768242320851	21	0.527917458482974	::N-B03::B3-11::N-1-10::N-2-15::N3-19::B3-c-28::B-2-27::B3-21::N3-12::B-2-14::N-1-7::B-2-25::B3-4::B3-16::N3-16::N3-4::B-A07::N-B05::B-B05::N-A05::N-2-23::B-2-23::N3-1-13::	14
chr13	43315100	43483100	chr13_43315100	26	168000	0.00091201815413832	38	5.89402831053527e-12	26	0.00091201815413832	::N-A02::N3-19::B-2-14::N-2-14::B3-c-9::B3-7::B-A10::B3-19::B-1-6::B-2-27::N-2-27::B-A12::N-A12::N3-2-21::B-B03::N3-13::B3-11::B3-8::N3-8::N3-11::B-A04::B-3-1::N3-16::B3-4::N3-4::B-1-10::	25
chr13	85118600	85286600	chr13_85118600	24	168000	0.0131532117069132	40	1.70283531631926e-13	34	5.14041313031265e-09	::B-2-15::N3-7::B3-19::N-B03::B3-2-21::B3-10::B-A12::N-1-6::N3-2::B3-2::B-B03::B-2-27::N-1-10::B-B05::B3-15::N3-15::N-A05::B-A05::N3-14::N3-4::B-A10::B3-21::B3-c-28::B-2-14::	21
chr13	94438100	94606100	chr13_94438100	33	168000	2.60336119159473e-08	36	1.83870691209497e-10	14	503.389300812393	::B-1-7::B3-2-21::B3-c-28::N3-19::B-A07::B-A02::B3-12::B3-13::B-1-6::B-B05::N3-11::B3-2::N-B05::N-2-14::N3-8::N-A02::N-2-15::N-2-12::N-2-27::N-B03::N-1-6::N-2-25::N-A12::N-A04::N-3-4::N3-21::N-2-23::N3-4::N-2-21::N3-16::N3-1::N3-13::N3-2::	28
chr13	98750400	98918400	chr13_98750400	27	168000	0.000226768242320851	41	2.78824740576532e-14	36	1.83870691209497e-10	::B3-14::B3-2::N-2-25::B3-7::B-2-23::B3-2-21::N-B03::B-B03::B-A07::B-1-6::N3-4::N-2-15::B-2-15::N-A07::B-2-21::B-B05::N-1-6::B-A10::N-2-14::B-3-4::N3-15::B3-12::N3-16::B3-19::N-2-23::N3-2::B-2-25::	12
chr13	111723500	111891500	chr13_111723500	29	168000	1.25866812521678e-05	46	2.31154904654763e-18	27	0.000226768242320851	::B3-7::N-A04::B-B05::N3-16::B-1-4::N3-4::N-A02::N-2-15::B-2-15::B-A02::N-2-21::B-3-1::N-3-1::N-3-4::N3-21::B-1-6::B-A12::B-A10::B-1-7::B-1-10::B3-4::B3-19::B-3-4::B3-2::B-2-23::B-2-21::N-A05::N-A12::B3-11::	16
chr14	19282800	19450800	chr14_19282800	32	168000	1.27969316878821e-07	57	3.91829269286044e-28	25	0.00353211078201218	::N3-19::B3-12::N-2-21::N3-4::B-2-14::N-B05::N-2-27::N-A02::B-1-6::N-1-10::N-A05::N3-11::B-3-4::N-1-7::N3-16::N3-8::B3-11::N3-10::B-2-23::N3-12::N3-1::N-3-4::N-2-23::N-2-25::B-2-15::B3-2::N3-15::N3-1-13::N-A10::N3-2-21::N-1-6::N3-9::	26
chr14	20932300	21100300	chr14_20932300	25	168000	0.00353211078201218	39	1.01458894354593e-12	35	9.8598996450162e-10	::B3-7::B3-12::B-3-4::N3-7::B3-c-28::B-A10::N-1-6::B-1-6::B-2-23::B-A04::N-2-25::N-A07::B-B05::N-A05::B-A05::N-3-1::B-2-14::B3-15::B-1-10::B3-19::B3-14::B3-c-9::B-2-25::B-A07::B-3-1::	19
chr14	34395800	34563800	chr14_34395800	27	168000	0.000226768242320851	34	5.14041313031265e-09	32	1.27969316878821e-07	::B-1-6::N-1-10::B-2-23::B3-11::B-2-15::B3-2::B-B05::B-2-21::N-2-25::B3-c-28::B-A07::N-1-6::B3-12::N-A05::B3-7::B-2-14::N-2-14::B-2-12::N3-21::B3-19::N-A02::B-A02::B-1-4::B-3-4::B3-14::N-B05::N-3-1::	17
chr14	52078100	52246100	chr14_52078100	27	168000	0.000226768242320851	39	1.01458894354593e-12	34	5.14041313031265e-09	::B-2-15::B-1-7::B-2-14::B-2-25::B3-16::B3-4::N-1-7::N3-1-13::B-2-21::B-2-12::B-2-27::N3-21::N3-19::N-2-21::B-A10::B3-1-13::B-A07::N-A07::N-2-27::B3-12::N-2-15::B-1-10::N-1-10::N3-c-28::B3-c-28::N3-2-21::B3-11::	18
chr14	66967100	67135100	chr14_66967100	26	168000	0.00091201815413832	30	2.81664746927461e-06	22	0.161096408572845	::B-B05::N-2-15::N3-9::B3-9::B3-7::N3-1-13::N3-7::B3-12::N-2-21::B-2-14::N3-8::N3-11::B3-8::B3-11::B3-2-21::B-2-12::N3-21::B-3-4::B-2-25::B-1-10::B-A12::N-A12::N3-19::B-1-7::B3-c-9::B-B03::	14
chr14	79473700	79641700	chr14_79473700	27	168000	0.000226768242320851	36	1.83870691209497e-10	31	6.09976797047047e-07	::N-1-7::N-1-6::B3-12::B3-2-21::N-A12::B-1-6::B-3-4::N-A02::N3-19::N-3-4::N-3-1::N-2-23::B3-2::B-2-12::N-2-12::B-2-25::B3-5::B-1-7::B-2-15::N-2-15::B-1-10::N3-9::B3-10::B-B03::B-2-23::B-B05::N3-c-9::	19
chr15	8290400	8458400	chr15_8290400	37	168000	3.33620938239331e-11	59	5.16062020736182e-30	53	1.82871550515665e-24	::N-2-15::B-B03::B3-12::B3-19::B3-1-13::N-2-21::B-3-1::B3-1::B-1-4::B3-c-28::B-3-4::N-A12::B-2-14::B-2-15::N-B05::B-2-12::B-1-10::N-1-6::B3-2-21::N-2-23::N3-2-21::N3-1-13::N3-1::B3-11::N-2-14::B-A07::B-1-7::N3-13::N-A07::B-2-23::N3-10::B-B05::B3-7::B-2-25::N-2-25::N3-7::N-2-12::	33
chr15	12110500	12278500	chr15_12110500	23	168000	0.0470219393809577	27	0.000226768242320851	27	0.000226768242320851	::B-2-12::N3-14::B-A10::B3-12::B3-1::B3-1-13::N-2-27::N-2-21::B-2-21::B3-19::N3-19::N-A10::B3-7::B-A12::B-2-14::N3-2-21::B-1-6::B-2-15::N-A12::N-1-6::N3-13::N-2-23::B-B03::	18
chr15	37906800	38074800	chr15_37906800	24	168000	0.0131532117069132	41	2.78824740576532e-14	36	1.83870691209497e-10	::B-B05::N-3-1::B-3-1::N3-16::B-3-4::B3-c-9::N3-10::B3-21::B-2-15::N3-5::B3-13::B-B03::N-3-4::B3-14::N3-4::B3-19::B3-10::B-2-14::N3-19::N-B03::B-A10::B3-15::B3-12::B-1-6::	20
chr15	50673600	50841600	chr15_50673600	30	168000	2.81664746927461e-06	33	2.60336119159473e-08	30	2.81664746927461e-06	::N-2-15::N-A05::B-B05::B-3-4::N-A12::B3-21::N-2-23::N3-15::B3-15::B-2-12::N-A07::B-2-25::N3-c-14::B3-14::B3-19::N-2-12::B-2-21::N-2-25::N-B05::B-2-15::B-3-1::N-3-1::B3-2-21::N3-7::B-2-14::N-2-14::B3-5::N3-19::B-1-6::N-A02::	19
chr15	51825100	51993100	chr15_51825100	26	168000	0.00091201815413832	30	2.81664746927461e-06	25	0.00353211078201218	::B-A10::N-3-1::N-2-21::B-2-21::B-3-1::B-1-6::B3-8::N-B05::B-B05::N-A10::B3-19::B-A02::B-3-4::N3-16::N3-19::N-2-25::B-2-15::B-1-10::B3-5::B3-11::B3-2::B-1-7::N-B03::B-B03::B3-9::N3-9::	14
chr15	53178600	53346600	chr15_53178600	23	168000	0.0470219393809577	31	6.09976797047047e-07	28	5.43709244587582e-05	::B-2-14::N-2-14::N-1-6::B3-14::B-2-15::N-2-15::N3-19::B-B05::N3-16::B-1-6::B-2-21::B3-1::B-3-4::B3-19::B-2-23::N3-c-14::B-A02::N-A10::B-B03::B3-c-28::B-2-25::N-2-25::N-3-4::	17
chr15	73057500	73225500	chr15_73057500	25	168000	0.00353211078201218	33	2.60336119159473e-08	24	0.0131532117069132	::B3-9::N3-11::B3-11::B3-19::B-2-12::N3-16::B-2-14::N3-1::N3-13::N3-10::B3-10::B3-1::B3-13::B3-2-37::B-1-6::N-1-6::B-1-7::N-B05::N3-21::N3-19::N3-2-21::N3-c-14::B-2-15::B3-c-28::B-2-27::	9
chr15	77084000	77252000	chr15_77084000	28	168000	5.43709244587582e-05	32	1.27969316878821e-07	29	1.25866812521678e-05	::N3-19::B3-12::N-A02::N-2-12::B-2-12::N-A10::B-A10::N3-13::B3-19::N3-2-21::B3-2-21::B-2-14::B-A04::B-2-25::N3-8::B-B05::B-2-23::B-A07::N-B05::B3-14::N3-7::B-1-6::N-2-21::B-A05::B3-21::B3-1-13::N3-16::B-3-4::	13
chr15	80781900	80949900	chr15_80781900	28	168000	5.43709244587582e-05	40	1.70283531631926e-13	36	1.83870691209497e-10	::B-2-21::B3-21::B3-c-28::N-2-15::B-3-4::N3-10::B-2-23::N-2-12::B-2-12::B-2-15::B-1-6::B-A04::B3-1::N3-1::B-1-7::N3-21::B3-2-21::N-1-6::B-2-14::N3-13::B3-13::B3-10::N3-2-21::N3-c-28::B-A07::N-2-14::B3-1-13::N-A05::	16
chr15	81030600	81198600	chr15_81030600	29	168000	1.25866812521678e-05	47	3.30177724067324e-19	42	4.45681422053501e-15	::B3-19::N-2-27::B-B03::N3-8::N3-13::B-2-12::B-2-25::B-A07::N-2-15::N-1-6::B3-2-21::N3-1-13::B-A10::B-2-14::B-2-21::N3-2-21::N3-1::B-1-7::N3-19::N-2-12::B3-c-28::B3-7::B-1-6::B3-13::B-B05::B-2-27::B-2-23::N-2-23::N-2-25::	22
chr15	96276700	96444700	chr15_96276700	28	168000	5.43709244587582e-05	43	6.95822696199808e-16	36	1.83870691209497e-10	::B-A10::B3-2-21::B3-19::B-1-6::N-2-21::B-2-14::B-A12::N-1-6::B3-1::N3-16::B3-10::B-2-15::B-2-27::N3-7::B3-7::B3-21::N3-9::B3-9::B3-c-14::N3-c-14::N3-19::N-2-14::N-3-4::B-B05::N-2-25::B-3-4::N-1-7::B-A05::	24
chr15	99714200	99882200	chr15_99714200	24	168000	0.0131532117069132	30	2.81664746927461e-06	27	0.000226768242320851	::B-A12::N-A02::B-A02::N-1-7::B-2-23::B3-19::B-2-14::B-3-4::N-A05::B-A05::N-3-1::N-3-4::N3-16::B-A10::N-2-21::B-1-4::N-1-6::B-1-6::N-1-4::B-2-15::B3-13::N-2-15::B-1-7::B-A04::	14
chr16	11082800	11250800	chr16_11082800	27	168000	0.000226768242320851	39	1.01458894354593e-12	36	1.83870691209497e-10	::B3-15::B3-14::N3-13::B3-11::B-2-15::B-2-14::B-1-10::B-2-21::B3-1::B3-7::B3-5::N3-16::N-2-25::B-A07::N-2-27::N-A05::N-A02::N-2-15::N-B03::N3-11::B-A04::N3-1::B-A12::B-B03::B-3-1::N3-2-21::N3-4::	17
chr16	16994400	17162400	chr16_16994400	25	168000	0.00353211078201218	29	1.25866812521678e-05	27	0.000226768242320851	::N-2-21::B3-19::B-2-15::B-A12::B3-c-28::N-B03::N-2-23::B-B03::N-2-14::B-2-14::B-3-1::N-3-1::B-2-21::N3-13::N-A07::N3-1::N3-2-21::N3-21::N3-16::B3-2-21::B3-5::B3-1::N-1-7::N3-8::B-3-4::	12
chr16	24463400	24631400	chr16_24463400	30	168000	2.81664746927461e-06	36	1.83870691209497e-10	34	5.14041313031265e-09	::N-A02::N-2-15::N-B03::B-1-6::B3-c-28::B-2-14::B3-11::B-3-4::N3-8::B-B05::N3-c-14::N3-7::N3-19::N3-10::B3-1-13::B-A07::B-2-21::B3-2-21::N-1-7::B-A10::B3-12::N-2-21::B-3-1::N-3-1::B-2-15::N-3-4::B-2-23::N-2-14::N-A10::N-2-23::	17
chr16	31657900	31825900	chr16_31657900	28	168000	5.43709244587582e-05	45	1.58386597635575e-17	38	5.89402831053527e-12	::N-A05::B-B03::B-2-15::N3-c-14::B3-19::B-A07::B-B05::B-1-6::B3-21::N-A07::N3-1-13::N-3-1::N3-19::B-3-4::N-3-4::N-B05::N-B03::B-2-12::B-A02::N-2-15::N-2-21::B3-11::B-2-21::B-A05::B-2-14::B3-2-21::N-A02::B-2-23::	18
chr16	31949600	32117600	chr16_31949600	23	168000	0.0470219393809577	27	0.000226768242320851	24	0.0131532117069132	::N3-11::N3-2-21::N-2-15::N-A12::N3-7::B3-10::B3-19::B-A04::B-2-14::B-A12::B-B05::B3-c-28::B-2-15::N-B05::B-2-23::N-3-4::B-3-4::B3-11::N-A10::B3-7::B-1-7::B3-2-21::B3-5::	20
chr16	33274800	33442800	chr16_33274800	24	168000	0.0131532117069132	37	3.33620938239331e-11	29	1.25866812521678e-05	::B-1-6::N-B03::N-B05::B3-21::B3-2-21::N3-2-21::B-2-15::B-A07::N-A12::N3-1-13::B3-1-13::B-B05::N3-16::B3-16::B-A12::N-A05::B3-c-28::B3-14::N3-4::B-A02::N-A02::B-A10::B3-4::B-2-25::	16
chr16	38090900	38258900	chr16_38090900	28	168000	5.43709244587582e-05	47	3.30177724067324e-19	41	2.78824740576532e-14	::B3-7::B-2-25::N-1-6::B-1-6::B-B05::N-2-25::B3-11::B3-13::B-2-15::N3-9::N-A07::B-1-7::B-A10::N-A02::N-2-15::B3-c-9::B-3-1::B3-19::B-A05::B-A12::B-A07::N3-12::N3-16::N-B05::N-A05::N-2-21::B-2-14::B-2-23::	13
chr16	43321700	43489700	chr16_43321700	24	168000	0.0131532117069132	33	2.60336119159473e-08	27	0.000226768242320851	::N-3-4::B3-1-13::B3-7::N-A12::B-3-4::N-1-7::N-1-6::N-2-15::B-A12::N-B03::B-B03::B-2-15::B-1-6::N-B05::B3-1::B-2-23::B3-10::B3-13::N3-1::N3-10::N3-13::B-B05::N3-1-13::N3-c-14::	19
chr16	94561000	94729000	chr16_94561000	24	168000	0.0131532117069132	35	9.8598996450162e-10	32	1.27969316878821e-07	::N-A12::N3-4::N-3-1::B-1-6::N-2-15::B3-7::B3-5::N3-1::B-3-1::B-2-15::B-1-4::B-A04::N3-9::B3-9::N3-2-21::B-1-10::B3-2-21::N-B05::N-1-6::N-3-4::N-2-25::B3-19::B3-11::N3-19::	15
chr17	3095400	3263400	chr17_3095400	36	168000	1.83870691209497e-10	47	3.30177724067324e-19	41	2.78824740576532e-14	::B3-2::B-A12::B3-19::N3-4::N-2-21::B3-8::N-3-1::N3-2-21::N-A05::N-1-6::B-1-6::N-2-15::B-2-12::N-3-4::N3-15::B3-15::N-B03::B-B03::B-2-21::B3-12::B-2-14::B-A10::B-3-4::N3-5::N3-16::B-B05::N-B05::B-A05::N-1-7::N3-19::N3-1::N-A12::N3-9::B-A02::B3-1::B3-9::	21
chr17	5063900	5231900	chr17_5063900	31	168000	6.09976797047047e-07	43	6.95822696199808e-16	38	5.89402831053527e-12	::N-3-4::N3-16::N-1-6::N-2-15::B-1-6::N3-4::B-B03::B3-7::B3-1::N3-1::N-2-25::B-3-1::B-2-21::B3-12::N-2-23::N-A02::N-1-4::B-A02::N-A05::N-3-1::B-2-15::B-A10::N-A04::B-A04::B-1-4::B-A05::B3-c-14::B3-14::B3-5::B-2-25::N3-13::	22
chr17	10198000	10366000	chr17_10198000	31	168000	6.09976797047047e-07	41	2.78824740576532e-14	37	3.33620938239331e-11	::B-A04::B-B05::N3-2-21::N3-16::N-A04::N-2-15::N3-13::B3-19::B3-14::N3-c-9::N-3-4::N-A10::B3-2-21::B-A07::N-3-1::N-2-23::N3-14::B-1-6::N-1-10::B-2-25::B-1-10::B-2-21::N-2-21::B-2-23::B-1-7::B3-9::B-A10::N-A02::B-A02::N3-c-28::B-A05::	14
chr17	15359000	15527000	chr17_15359000	23	168000	0.0470219393809577	25	0.00353211078201218	21	0.527917458482974	::N3-21::B-A04::N-2-25::B-2-25::B-3-4::N-2-27::B3-14::B-1-7::B-B05::B3-8::B3-12::B3-7::B3-11::B-3-1::N-1-6::N-1-10::B-2-21::B-A12::N3-1::B-B03::N-2-21::B-1-6::N-B05::	12
chr17	15708400	15876400	chr17_15708400	23	168000	0.0470219393809577	26	0.00091201815413832	22	0.161096408572845	::B-1-7::N-1-7::B-1-6::B3-21::N3-21::N-2-12::B-2-12::B3-14::B-2-25::B-1-10::B-3-1::N3-4::B3-2::B3-13::B-2-14::B3-2-21::B-2-15::B-A04::N-3-1::N-2-27::N-2-14::N-2-15::B3-c-28::	13
chr17	30016100	30184100	chr17_30016100	29	168000	1.25866812521678e-05	43	6.95822696199808e-16	39	1.01458894354593e-12	::N-B03::B-B03::N-2-25::N3-11::B3-19::B-1-7::N3-9::B3-9::B-2-27::B-B05::N3-16::N3-19::B-3-4::N-B05::N3-1::B3-12::B3-c-28::B-2-15::B-1-6::B-A02::N3-13::B3-1::N-1-6::B-2-14::B-A10::B-2-12::N-2-12::N-A05::B-A07::	17
chr17	32160500	32328500	chr17_32160500	26	168000	0.00091201815413832	34	5.14041313031265e-09	27	0.000226768242320851	::B3-1::B-A12::B-B05::B3-11::B-2-25::B-2-21::B3-9::N3-9::N-3-4::B3-c-28::N-2-23::B-2-12::B3-7::B-A10::B3-1-13::B3-15::N3-16::N3-12::N3-4::B3-13::B3-10::B3-2-37::N3-10::N3-13::B-2-15::B3-16::	20
chr17	56550300	56718300	chr17_56550300	23	168000	0.0470219393809577	26	0.00091201815413832	21	0.527917458482974	::N3-16::B3-1::B-A04::N3-13::B3-13::B3-7::N-A07::N3-1-13::B-A07::B3-1-13::B-A05::B3-14::N-2-25::N-2-15::N3-4::B-2-23::B3-2::B-2-14::B3-c-28::N3-c-28::B3-c-14::N-2-27::N-2-12::	12
chr17	74227000	74395000	chr17_74227000	25	168000	0.00353211078201218	31	6.09976797047047e-07	30	2.81664746927461e-06	::N3-8::B-2-27::N-B05::N3-7::B-3-4::B-A10::B3-2-21::B3-7::B-2-23::N3-14::N-2-23::N-2-25::B-2-25::N3-19::B-2-15::B3-11::N3-11::B-B05::N-A05::B-A05::N3-4::B-A04::B-B03::B3-c-28::N-2-15::	16
chr17	74533800	74701800	chr17_74533800	34	168000	5.14041313031265e-09	50	8.4950901540412e-22	44	1.06166726976011e-16	::B3-7::N-2-15::B-A10::N3-2-21::B-A02::B-2-14::N-2-23::B-2-23::B3-5::B3-2-21::N-B05::N-2-14::B3-15::N-B03::B-1-7::N3-11::B3-11::B3-1::N3-1::B-3-4::N3-4::B3-13::N-1-6::B-B05::N-3-4::B3-c-28::N3-9::B3-9::N3-16::B-2-25::N-2-25::B3-21::N3-21::B-1-6::	32
chr18	4930400	5098400	chr18_4930400	25	168000	0.00353211078201218	28	5.43709244587582e-05	22	0.161096408572845	::N3-16::N-2-15::B3-7::B-A05::N-A05::B-1-6::N-1-10::B3-1::N-3-1::B-3-1::B-A02::N3-c-28::B-2-21::B-3-4::B-A10::B3-c-9::B3-5::N3-19::N3-14::B3-14::B3-15::B3-2::B3-c-28::B3-9::B-1-7::	12
chr18	7806700	7974700	chr18_7806700	26	168000	0.00091201815413832	43	6.95822696199808e-16	33	2.60336119159473e-08	::B-A07::N3-16::B3-7::N3-7::B-A10::N-A10::N-2-15::N-2-23::B-2-25::N-1-6::N-3-1::B-2-21::N-2-14::B-3-1::B3-12::B-2-15::B-2-27::B-1-7::B-2-23::N-A02::B3-11::N3-15::B3-15::B3-4::N3-4::B3-1::	22
chr18	9293100	9461100	chr18_9293100	25	168000	0.00353211078201218	32	1.27969316878821e-07	29	1.25866812521678e-05	::B-3-1::B3-1::B3-c-9::B-B05::B-2-15::B3-c-28::N-2-12::B-2-12::N-2-23::N-2-21::N-3-1::B-2-25::B3-21::B3-12::B3-10::N3-10::B-2-23::B3-8::N-2-25::N3-c-9::N-A02::B-A02::B3-2::N3-1::B-A12::	15
chr18	10004400	10172400	chr18_10004400	36	168000	1.83870691209497e-10	48	4.61794809267588e-20	45	1.58386597635575e-17	::N-1-6::B3-c-9::B-1-6::N3-8::B-3-4::N3-9::B3-5::N3-13::N-2-21::N-2-23::B-1-7::N-2-27::B-B05::N3-19::B-2-25::N-B05::N3-16::N-2-15::N3-10::B-2-14::N-2-14::B-2-15::B3-16::B-2-23::B3-c-28::N3-2-21::B-3-1::N-3-1::B3-10::N3-4::N-A05::N-B03::N-A02::B3-1-13::B-A02::N-1-7::	29
chr18	31764100	31932100	chr18_31764100	30	168000	2.81664746927461e-06	35	9.8598996450162e-10	31	6.09976797047047e-07	::N3-1::B3-1-13::N-1-7::N-1-10::N-3-4::B-A02::N-1-6::B-B05::N-2-27::N3-8::N3-11::B3-8::B3-11::N3-19::B-2-21::N-2-21::N-2-23::N3-13::B3-19::B-A05::B3-7::B-3-4::N-B05::B-A10::N-2-15::N3-9::B3-5::N3-2-21::B3-14::B-2-15::	14
chr18	34222800	34390800	chr18_34222800	27	168000	0.000226768242320851	38	5.89402831053527e-12	31	6.09976797047047e-07	::N3-13::N-2-23::B3-12::B-2-21::B-A10::B-B03::N-B03::N-2-15::B3-2::B-B05::N3-1-13::N3-8::B-A07::N-1-7::B3-8::B3-11::N-A07::B3-1-13::N3-21::B3-19::B-A05::N-A05::B-2-14::N3-4::B3-1::B3-21::N-A02::	18
chr18	35556000	35724000	chr18_35556000	24	168000	0.0131532117069132	30	2.81664746927461e-06	26	0.00091201815413832	::N3-c-28::B-A10::B-2-23::N-2-23::B3-7::B-2-14::B-1-7::N-A10::B-1-6::B-2-15::B-3-4::B-2-25::B-3-1::B3-16::N3-16::N-1-4::N-B05::B-A07::N-B03::N-1-9::B3-19::B-B05::N-1-6::N3-13::	17
chr18	35763900	35931900	chr18_35763900	23	168000	0.0470219393809577	26	0.00091201815413832	25	0.00353211078201218	::B-2-14::N3-c-28::B-2-25::B-3-4::B-1-7::B3-8::B-A04::B-B05::B3-12::B3-1::B3-5::B-2-21::N3-16::B3-16::B-A05::N-A02::B3-4::N3-8::B-A12::B-3-1::N3-11::B3-2-37::B3-11::	14
chr18	42185400	42353400	chr18_42185400	28	168000	5.43709244587582e-05	35	9.8598996450162e-10	30	2.81664746927461e-06	::N-A10::B3-7::N-2-23::B-A02::N3-15::B3-15::N-A12::B-1-6::B-B05::N-A02::B3-8::B3-21::B-A07::N3-2::B3-1::B-2-21::N-2-21::B3-c-9::N-1-7::N-2-15::B-A05::B3-2::B-2-25::N-B05::B-3-4::B-1-7::N3-13::B-A12::	20
chr18	73585800	73753800	chr18_73585800	23	168000	0.0470219393809577	34	5.14041313031265e-09	25	0.00353211078201218	::N3-13::B-2-12::B-2-14::N-2-12::N-2-27::B-2-21::N-1-6::B-1-7::N-1-7::B-A12::N-A12::B-3-1::B-A05::B-2-15::B-A02::N-A02::N-3-1::N-A07::B-3-4::B-B05::N3-4::B3-7::N3-7::	26
chr18	80739700	80907700	chr18_80739700	25	168000	0.00353211078201218	32	1.27969316878821e-07	29	1.25866812521678e-05	::N-1-6::B-A10::N3-21::B3-2-21::B3-5::B-1-7::N-2-27::B-2-27::B3-c-28::N3-c-9::B3-12::B-2-15::N-2-15::N3-12::N-2-23::B3-2::B3-11::N3-10::B3-14::N3-8::B-2-21::N3-4::N3-1::N3-2::N-2-25::	21
chr19	3453200	3621200	chr19_3453200	28	168000	5.43709244587582e-05	47	3.30177724067324e-19	41	2.78824740576532e-14	::B3-5::N3-c-9::N3-4::B3-19::B-B05::N-B05::N3-12::B-1-6::N-A10::N-2-15::B-A05::B-2-15::B-A10::N-B03::B-B03::N3-8::B3-c-9::N3-16::B-1-10::N-2-21::B-1-4::B3-21::B-2-14::B-2-21::N-2-14::B-2-23::B-A07::B-2-25::	31
chr19	16135900	16303900	chr19_16135900	23	168000	0.0470219393809577	29	1.25866812521678e-05	27	0.000226768242320851	::N3-7::B3-11::B3-10::N-2-15::B3-13::N-B03::N3-4::N-A07::B-3-1::N3-10::N3-21::B3-14::B-2-25::B-3-4::B3-1::N-2-23::N-2-27::B-2-27::N3-1::B3-19::B-A10::B3-5::N-A12::	14
chr19	30022800	30190800	chr19_30022800	28	168000	5.43709244587582e-05	36	1.83870691209497e-10	25	0.00353211078201218	::B-2-25::B3-2-21::B-2-15::N3-10::B-1-6::N-A10::N-B05::N-2-25::N3-11::B-B05::B3-c-9::B3-19::B3-21::B3-13::B3-11::B-1-7::N-2-12::B-2-12::B-A02::B-A10::B3-10::N3-1::N3-13::B3-1::N-A02::N3-1-13::B-A05::N-A05::	15
chr2	37366000	37534000	chr2_37366000	27	168000	0.000226768242320851	32	1.27969316878821e-07	31	6.09976797047047e-07	::N-A10::B3-14::N-2-15::B3-c-9::B3-1::B3-8::B-3-1::N3-19::N-2-21::N3-10::N3-13::N-A05::B3-7::N3-14::B-2-15::N-A04::N-3-4::N3-11::B3-11::B-2-14::B-A07::N3-16::N-1-6::N-2-12::N-3-1::B-2-23::B-2-27::	19
chr2	59192600	59360600	chr2_59192600	23	168000	0.0470219393809577	28	5.43709244587582e-05	23	0.0470219393809577	::B3-8::N-A07::B-1-10::N3-7::B-B05::B3-12::B-2-15::B3-11::N3-8::N3-11::N3-16::B-A04::B-A02::B3-1::B3-7::N-A05::B-A05::N-2-14::B3-2-21::N3-15::B3-15::N-B05::B3-c-14::	14
chr2	59622100	59790100	chr2_59622100	23	168000	0.0470219393809577	30	2.81664746927461e-06	29	1.25866812521678e-05	::B3-2::B-2-21::B-A05::N3-19::B3-19::N-A12::N3-4::B3-16::B3-14::N-2-15::B-3-1::B-2-23::B-2-15::B-A10::B3-11::N-A04::N-B03::N-3-4::N3-8::B3-7::B3-1::N-2-21::B3-1-13::	17
chr2	60764300	60932300	chr2_60764300	25	168000	0.00353211078201218	31	6.09976797047047e-07	26	0.00091201815413832	::N-2-15::B-2-23::B-B03::N-A12::N-2-23::N-3-4::B-A05::N-A05::B-2-27::B-2-15::N-2-27::B-A10::B3-1::N3-c-14::B3-c-14::B-2-14::N-A02::B-B05::N3-5::N-B05::B-2-25::N-2-25::N3-7::N-3-1::B-A07::	20
chr2	69860400	70028400	chr2_69860400	23	168000	0.0470219393809577	27	0.000226768242320851	24	0.0131532117069132	::B3-14::B-1-10::B-A10::B-A12::B-B05::B3-19::B-3-1::N-3-1::B-2-25::N3-8::N-A02::B-3-4::B3-5::B3-8::N3-2-21::B-2-27::B3-9::N3-9::B-2-15::N-2-15::B-2-14::B3-21::B-A02::	18
chr2	90855800	91023800	chr2_90855800	28	168000	5.43709244587582e-05	31	6.09976797047047e-07	27	0.000226768242320851	::N3-16::B-A04::B3-1::B3-1-13::B-1-6::N-A12::B-A12::N3-4::N-B05::N-3-4::B-2-14::N-2-14::N-2-15::N-2-21::B-A02::N-A05::B-B03::N-B03::N3-13::B3-14::N3-2::B-2-21::B3-19::B3-12::B3-c-9::N-3-1::B-3-4::B-2-27::	20
chr2	98662200	98830200	chr2_98662200	66	168000	8.08069865764342e-37	357	0	32	1.27969316878821e-07	::N-A05::N3-16::N3-14::N-1-7::N-B05::N-2-14::N3-9::N-A02::N-2-12::N3-10::N3-7::N3-1-13::N-1-6::N3-13::N3-8::N3-19::N-A10::N-A12::N3-1::N3-4::N3-c-14::N3-2-21::N-2-15::N3-15::N3-21::N-3-1::N-2-25::B-2-21::B3-12::N-1-10::N3-11::N3-12::N-2-27::N-2-21::N3-5::N-3-4::N-B03::N-2-23::N3-c-9::B3-1-13::B3-1::B-2-23::B-3-1::N-A07::B3-c-28::N-A04::B3-13::B3-10::B-A02::B3-8::B-1-10::N-1-4::B-A07::B-2-15::B3-11::B-1-7::B-1-6::B3-9::B-A05::B-2-27::B-B03::B3-19::B-2-12::B3-14::B-3-4::B-A12::	172
chr2	117048700	117216700	chr2_117048700	26	168000	0.00091201815413832	35	9.8598996450162e-10	32	1.27969316878821e-07	::B3-11::B3-2-37::N3-16::N3-12::B-A05::B-1-7::B3-19::N3-15::N-A02::B-3-4::N-3-4::N-2-23::B-2-23::N3-8::B-1-6::N3-1::B3-1::B-A04::B-2-21::B-A02::B-B05::B-2-25::N-2-27::N-3-1::B-3-1::B-2-12::	11
chr2	152182400	152350400	chr2_152182400	28	168000	5.43709244587582e-05	33	2.60336119159473e-08	32	1.27969316878821e-07	::N-A12::N3-8::B3-5::B-2-27::N-2-27::N-A05::B-A10::B-2-14::N-2-21::B-2-25::B-2-23::B-1-6::B3-7::N3-7::N-1-6::B-2-12::N3-16::N3-13::B3-13::N3-c-14::B-2-15::N-A02::B3-1::B3-2-21::N-3-4::B-3-4::B3-21::N3-11::	13
chr2	153319900	153487900	chr2_153319900	23	168000	0.0470219393809577	27	0.000226768242320851	23	0.0470219393809577	::N-B03::N3-7::N-2-27::B-2-27::B-2-23::B3-9::B-B05::N3-14::B-A04::B-A12::N-A12::N3-1::B-3-4::N-2-15::N3-11::N-3-4::N3-12::N-A04::B3-2-21::B-A05::N3-13::B3-16::N3-2-21::	14
chr2	154686000	154854000	chr2_154686000	25	168000	0.00353211078201218	31	6.09976797047047e-07	26	0.00091201815413832	::N-A07::N-2-21::B3-8::B3-11::N3-8::N3-11::N-3-1::B-A02::B-B05::B-2-15::B-A07::B3-c-9::B-1-6::B3-21::N-2-27::N-2-15::B3-9::N-B05::B3-2-21::B3-14::B-3-4::B-3-1::N-A05::B-A05::B3-12::	22
chr2	156085800	156253800	chr2_156085800	24	168000	0.0131532117069132	27	0.000226768242320851	21	0.527917458482974	::B3-12::B-B03::B-1-6::N3-16::N-A02::B-1-7::N-1-7::N3-10::N-3-1::B-2-14::N-2-14::B3-7::B-3-4::N3-c-14::B3-c-14::B3-19::B-B05::N-B03::N3-11::B3-8::B3-11::B3-2::B-A07::B-A12::	12
chr2	160648400	160816400	chr2_160648400	24	168000	0.0131532117069132	30	2.81664746927461e-06	28	5.43709244587582e-05	::B3-c-28::B-B05::B-2-27::B-3-4::B-A02::N3-19::N3-21::N-2-15::B3-12::B-2-14::B3-2::B3-14::B3-19::N3-14::B-2-15::B3-5::B-A04::N-A04::N3-11::B3-21::N-B03::B3-11::B-3-1::B3-1::	21
chr3	19129800	19297800	chr3_19129800	27	168000	0.000226768242320851	33	2.60336119159473e-08	30	2.81664746927461e-06	::B-3-4::B-A07::B-1-7::B3-11::B3-1::N-A02::B-2-14::N-3-1::B-B05::B-2-27::N-B05::B3-c-28::B-2-15::N-1-10::N-2-15::N3-4::N3-13::B3-1-13::N-A12::B-A12::B-1-6::B3-14::N-3-4::B3-2::B3-13::N-A10::B-2-21::	16
chr3	27537200	27705200	chr3_27537200	29	168000	1.25866812521678e-05	43	6.95822696199808e-16	38	5.89402831053527e-12	::N3-19::B-2-25::N-A02::B-A02::B3-19::N-A05::B-A07::N3-11::N-3-4::B3-1-13::B-2-15::B-2-21::N-2-21::B-1-7::N-2-15::N3-21::B3-c-14::N3-8::B-2-14::B-B05::N-B05::B3-5::N-2-25::N-2-14::B3-2-21::B3-7::B3-13::B-A10::B-2-23::	16
chr3	33957200	34125200	chr3_33957200	25	168000	0.00353211078201218	26	0.00091201815413832	22	0.161096408572845	::N3-15::B-1-4::B-1-6::N3-2-21::B-B05::B-3-1::B-A07::N-A07::B3-7::B3-12::B-1-7::N-2-23::B-2-21::N3-10::N3-1::N3-1-13::B3-16::B3-1-13::N3-19::N-B05::B3-13::B-2-12::B-B03::B-2-23::N-3-1::	22
chr3	51392300	51560300	chr3_51392300	27	168000	0.000226768242320851	38	5.89402831053527e-12	32	1.27969316878821e-07	::B3-11::N-2-25::B3-8::N3-8::B3-19::B-2-14::B-A12::N3-19::B3-21::N3-13::B-2-25::B-1-6::N-1-6::B-B05::B-2-15::N3-11::B-2-21::N-3-1::N3-4::B-3-1::N-B03::B3-7::N3-7::B3-c-14::B-A02::N-2-14::B-A07::	20
chr3	60460700	60628700	chr3_60460700	31	168000	6.09976797047047e-07	46	2.31154904654763e-18	33	2.60336119159473e-08	::B-1-6::B-2-14::N-2-14::N-1-6::N-2-21::B-2-27::B-2-23::B-1-7::N-B03::B-B03::B3-11::B3-19::N-1-7::B3-21::N-2-12::B-2-12::B-A02::N-2-15::N3-2-21::B3-2-21::N3-21::N-3-4::B-3-4::N-A02::N-2-23::B-A07::N3-10::N3-19::N3-4::B-A05::N-A07::	19
chr3	63853900	64021900	chr3_63853900	23	168000	0.0470219393809577	25	0.00353211078201218	21	0.527917458482974	::B3-5::N3-8::B-1-10::N-A12::B-A12::N-2-27::N3-2-21::B-2-15::B-3-1::B-1-6::B3-19::B3-12::N-B05::B-B03::N-B03::N-2-15::B3-1::N3-11::B-1-7::B3-7::N3-1-13::B-2-14::B3-1-13::	12
chr3	69014600	69182600	chr3_69014600	28	168000	5.43709244587582e-05	37	3.33620938239331e-11	31	6.09976797047047e-07	::N-1-6::B3-c-28::N3-19::B-2-12::N-2-12::N3-1-13::N3-7::N-2-23::B-2-25::B-2-14::N-2-14::B-A10::N-A10::B-A02::B-B03::N-B03::N-2-21::N3-4::N3-10::B-2-15::B3-1::N3-15::B3-15::B3-21::N3-21::B3-19::N-2-25::N-3-1::	22
chr3	84471400	84639400	chr3_84471400	26	168000	0.00091201815413832	27	0.000226768242320851	23	0.0470219393809577	::N-A02::N3-8::B3-19::B3-2-21::N3-2-21::B-A10::B-2-21::B3-13::N3-10::B-2-12::N-2-15::N3-21::B3-1-13::B-3-4::B3-5::B3-21::B-1-6::N3-9::B3-9::B-2-23::B-2-15::N-B05::B3-1::N3-16::B3-16::B3-2::	9
chr3	84824700	84992700	chr3_84824700	23	168000	0.0470219393809577	29	1.25866812521678e-05	27	0.000226768242320851	::B-B05::N-2-23::B3-8::N-A05::B-2-15::B3-21::N3-4::B-1-6::N-2-27::B3-19::N-A02::B-A02::B3-9::B-2-23::N-3-1::N3-10::N-1-7::N-A10::B-A12::B3-10::B3-7::N3-19::B-2-14::	13
chr3	89880700	90048700	chr3_89880700	23	168000	0.0470219393809577	25	0.00353211078201218	21	0.527917458482974	::N3-16::N-1-7::B3-1::B-A04::B3-21::B-2-27::N-2-27::B3-2::B3-c-28::B-1-10::N-A04::N-1-6::B-2-14::B-1-6::N3-12::B3-12::N3-19::B-A10::N-3-4::N-2-25::N-2-23::B-2-21::N-2-21::	12
chr3	90205800	90373800	chr3_90205800	33	168000	2.60336119159473e-08	44	1.06166726976011e-16	37	3.33620938239331e-11	::B-A02::B-A07::B3-11::B3-2-21::B-A10::B-A12::B-2-23::B3-8::B-2-27::B-2-14::N3-19::B-2-25::N-B05::B-B05::N3-1-13::B3-5::B3-7::N3-8::B-3-4::N-1-6::N-2-27::N3-16::B3-16::B3-1::B3-2::B3-4::B3-14::B-2-15::B-1-7::N-1-7::B3-21::N3-21::N3-1::	27
chr3	96083100	96251100	chr3_96083100	26	168000	0.00091201815413832	32	1.27969316878821e-07	28	5.43709244587582e-05	::B-2-27::N-A02::N3-12::B-2-25::B3-4::N-B05::N-A05::N-2-15::B3-1::B-3-4::B3-2-21::N3-4::B-A10::B3-14::N-1-6::B3-15::B-1-6::N-A12::B-A02::N-1-7::B3-19::B-A04::N3-10::B3-1-13::B-2-15::N3-11::	14
chr3	103288500	103456500	chr3_103288500	27	168000	0.000226768242320851	32	1.27969316878821e-07	29	1.25866812521678e-05	::N-2-23::B3-c-28::B-A10::N3-11::B-A07::B3-1::N-2-25::B3-12::B-2-23::B-2-15::B-1-6::B-B03::N-B03::N-B05::N-2-15::B-2-21::B3-7::B3-13::B-2-25::B-2-14::B3-10::N-A12::B3-2-21::N-2-27::B-2-27::B-A05::N3-19::	15
chr3	119617000	119785000	chr3_119617000	23	168000	0.0470219393809577	26	0.00091201815413832	21	0.527917458482974	::B3-2-21::B-A07::B3-15::N3-1::B3-1::N3-16::B3-1-13::N-A07::B-2-14::N3-11::B3-8::B3-11::B3-c-28::B-2-27::B-1-6::B3-13::N-2-27::N-2-12::B-2-15::B3-10::N-3-4::B-3-4::B-2-23::	11
chr3	126599300	126767300	chr3_126599300	23	168000	0.0470219393809577	28	5.43709244587582e-05	26	0.00091201815413832	::N-A10::N3-21::B3-2-21::B-A10::B3-12::B-2-21::N-1-6::N-2-14::B-2-14::N3-1-13::N-2-12::B-2-12::N-2-23::B3-11::B-A02::B-2-25::B3-8::N3-c-14::B-2-15::B3-19::N-3-4::N-2-27::B-1-7::	12
chr3	135429800	135597800	chr3_135429800	27	168000	0.000226768242320851	33	2.60336119159473e-08	26	0.00091201815413832	::B-A10::B-B05::N3-13::N3-4::B-A05::B-1-10::N3-10::B3-10::N-2-23::B3-16::B3-4::N3-8::N3-11::B3-7::B3-8::B3-11::B-2-21::B-2-14::N3-16::B3-19::B-2-25::N-1-6::N-2-15::B3-c-28::B3-c-9::B3-1-13::B-2-15::	13
chr3	144462700	144630700	chr3_144462700	24	168000	0.0131532117069132	31	6.09976797047047e-07	27	0.000226768242320851	::B-1-6::B-A10::B-2-21::B3-12::N-A02::N-2-14::B-A02::N-1-7::B3-10::N-2-15::N3-15::B3-15::B3-19::N-2-25::N3-19::B-2-14::B-2-15::N3-8::B3-21::N-B03::B-B03::N3-10::B3-7::N-2-23::	17
chr4	8515000	8683000	chr4_8515000	23	168000	0.0470219393809577	28	5.43709244587582e-05	26	0.00091201815413832	::N3-19::N-2-15::B-2-15::B3-16::B-1-6::B-2-14::B-1-10::B3-1-13::B-A02::B-2-23::N-2-23::B3-10::B-3-4::N3-16::B3-5::N-2-21::B-2-27::N-2-14::B-B05::N-A10::B3-7::B3-8::B3-14::	12
chr4	41110800	41278800	chr4_41110800	29	168000	1.25866812521678e-05	37	3.33620938239331e-11	35	9.8598996450162e-10	::N-2-25::N3-8::N-A05::B3-13::N-3-1::B-3-1::N3-11::B3-2-21::B-1-7::B-2-21::B-A12::B3-19::N3-7::B-2-12::B-2-23::N-2-27::B3-1-13::B-2-14::N3-13::B-B05::N-2-21::N-2-15::B-2-27::B3-11::N3-16::N3-14::B-2-15::N-B03::B3-14::	14
chr4	44765600	44933600	chr4_44765600	26	168000	0.00091201815413832	37	3.33620938239331e-11	34	5.14041313031265e-09	::B3-2-21::B-1-6::B-2-15::B3-1::B3-16::N3-16::B-A05::B-1-4::N3-13::B3-13::B-B05::B-2-27::B-1-7::B3-11::N3-14::B-3-1::N-3-1::B3-19::B-2-14::B-A07::N-2-15::N3-7::N-2-23::B-2-23::B3-7::N-3-4::	19
chr4	82318000	82486000	chr4_82318000	32	168000	1.27969316878821e-07	45	1.58386597635575e-17	39	1.01458894354593e-12	::B3-2-21::B-3-4::B-2-21::N-A07::B-2-15::B3-c-9::B3-19::N-3-1::B3-1-13::B-A07::B3-15::N-2-21::B3-12::N-2-25::B-2-25::N-B03::N-1-7::B-1-10::B-B03::B-1-7::N3-c-9::N-A12::N3-1-13::N-2-27::B-2-27::N3-16::B3-16::N-2-14::B-A05::N-A02::N-2-23::B3-4::	17
chr4	119515700	119683700	chr4_119515700	23	168000	0.0470219393809577	31	6.09976797047047e-07	26	0.00091201815413832	::N-1-7::B-1-7::N3-13::N-2-23::B-3-1::N-3-1::B-3-4::N3-19::B-B05::N3-11::N3-2-21::B3-11::N-1-6::B3-5::N3-21::B3-19::N-2-14::B-2-23::N-2-15::B3-c-9::B3-12::B3-10::N-2-27::	17
chr4	120412000	120580000	chr4_120412000	27	168000	0.000226768242320851	29	1.25866812521678e-05	23	0.0470219393809577	::B3-11::N-1-7::N3-16::N-A05::N-A04::B-2-15::N3-14::N-3-1::N3-2-21::N3-10::N-A02::B-B05::N3-1::B-3-1::B-A10::B-2-12::N3-13::B3-13::B3-1::B3-14::B3-10::B3-2-37::B3-c-9::N-B05::B-2-14::N3-11::B-1-7::	11
chr4	130669700	130837700	chr4_130669700	28	168000	5.43709244587582e-05	44	1.06166726976011e-16	38	5.89402831053527e-12	::N-2-21::N-3-1::B-3-1::B3-c-28::B-A10::N-1-6::N3-8::B3-12::N-2-15::B-2-15::N3-13::B3-11::N3-11::B-1-4::B3-2::N3-16::B-A05::B3-13::B-1-6::B3-5::B-A07::B3-7::N3-7::N-1-10::B-B05::B3-2-37::N3-1-13::N3-21::	22
chr4	135199300	135367300	chr4_135199300	27	168000	0.000226768242320851	35	9.8598996450162e-10	27	0.000226768242320851	::B3-14::B-2-27::B-3-4::B3-5::B3-4::B3-c-28::N3-13::B3-13::B3-1::N3-1::N-3-1::B-A04::N-A04::B-2-12::N-2-12::B3-7::B-1-7::N3-19::B-A10::N-A10::N-B05::B-B05::B-1-6::B-A05::N-A05::B-A07::B-2-25::	24
chr4	136449400	136617400	chr4_136449400	31	168000	6.09976797047047e-07	52	1.44370846194001e-23	44	1.06166726976011e-16	::B-1-7::N-2-15::B3-c-9::N-1-7::N-3-4::B-3-4::N3-12::N3-19::B3-1::N3-16::B-2-15::B-2-27::B3-12::N3-8::N3-13::B3-7::B-A10::N3-c-9::N-3-1::N3-4::B-A12::N3-2-21::N3-c-14::B3-13::B-2-23::N-A07::N3-2::B3-2::N-2-12::B-2-25::B3-10::	25
chr4	137248100	137416100	chr4_137248100	25	168000	0.00353211078201218	30	2.81664746927461e-06	26	0.00091201815413832	::B3-11::N3-c-28::B3-12::B-2-15::B3-5::N3-2-21::N3-7::N-1-6::N-2-25::B3-7::B-1-6::B3-c-28::B3-1::B-3-4::B3-21::N-2-15::N3-c-9::B-A12::B3-4::N-A10::B-A10::N3-13::B3-13::N3-4::N-3-1::	11
chr4	155494000	155662000	chr4_155494000	31	168000	6.09976797047047e-07	43	6.95822696199808e-16	34	5.14041313031265e-09	::B-A10::B-2-27::B-A07::N3-13::B-2-15::N-2-14::B-2-23::B3-19::N3-19::N3-8::B3-10::N-2-15::B-2-25::N-2-25::N3-10::N3-1::B3-13::B3-1::B-2-14::B3-2-21::B-1-6::B3-11::B-B05::N3-11::B-A12::N-A02::B3-14::N-3-1::N-2-27::B-A02::N3-4::	18
chr5	20873400	21041400	chr5_20873400	28	168000	5.43709244587582e-05	34	5.14041313031265e-09	31	6.09976797047047e-07	::N-2-27::N-1-6::B-2-15::B3-10::B3-7::N3-10::N3-4::N-1-10::B-1-10::B-A10::B-B03::B3-19::N3-19::B-B05::N-3-4::B-2-27::B3-2-21::B3-4::N-A05::N-A12::B-3-1::B-3-4::N3-11::N-2-14::B-A02::B-2-25::B-1-6::B3-12::	22
chr5	23421800	23589800	chr5_23421800	25	168000	0.00353211078201218	36	1.83870691209497e-10	34	5.14041313031265e-09	::B-1-7::B-A10::B3-7::B3-12::N-2-15::B-2-15::B3-14::B3-1::B3-2-21::N3-11::B3-11::B3-2::N-2-21::B-2-14::B-A05::N-A07::B-3-4::B3-19::B-B05::B-2-25::B3-c-28::B-A07::N-A05::B-A12::N3-10::	17
chr5	25329200	25497200	chr5_25329200	33	168000	2.60336119159473e-08	71	7.0529741242258e-42	54	2.27349970462522e-25	::B3-12::N3-12::B3-14::B-1-6::N3-10::N3-13::B3-13::B3-10::B3-1::B3-7::B-2-15::N3-1::N-2-25::N-2-15::B-2-27::N-3-1::B-A02::B-1-10::B3-c-9::N3-9::B-2-25::B3-9::N3-2-21::N-A07::B-A10::B-3-1::B3-5::N-2-23::B-B05::B-B03::B-2-21::B-2-23::N-B05::	33
chr5	28143100	28311100	chr5_28143100	69	168000	7.7775650062015e-40	156	1.56591086132992e-145	11	3633.53267833376	::N-2-23::N3-14::B3-7::N-2-15::N3-4::N-2-25::N3-16::N3-11::N-3-4::N-2-21::B3-c-28::B-2-21::B-2-12::B-2-15::B3-12::B3-c-9::B3-5::N3-15::B3-14::B3-16::B-2-25::B-A10::N-2-14::N-1-7::N-B03::N-B05::N-1-6::N-1-4::N3-c-14::B-A04::B-2-14::B3-15::B-B03::B3-11::B-B05::B-1-7::B-1-10::B-1-6::B-1-4::B-2-23::B-A02::B3-4::B3-13::B-3-4::B3-2-21::B-3-1::B3-2::B3-19::B-A05::B-2-27::B-A07::N-3-1::N3-5::B3-10::B3-1-13::B3-2-37::N-2-12::N3-12::N3-10::N3-7::N-2-27::N-1-10::N-A02::N-A10::B-A12::N3-13::N-A12::N3-21::N3-2-21::	96
chr5	32343500	32511500	chr5_32343500	25	168000	0.00353211078201218	31	6.09976797047047e-07	26	0.00091201815413832	::N3-11::N-2-25::B-1-10::B-2-21::B-A12::N-A12::N-3-1::N-1-6::B-3-1::N-A05::B-A05::B-2-25::B-A07::B3-1-13::B-3-4::N-2-23::B-2-15::N3-16::B3-16::B-A10::N3-9::B3-9::B3-14::N3-19::N-2-15::	12
chr5	34339200	34507200	chr5_34339200	23	168000	0.0470219393809577	49	6.32696572454406e-21	45	1.58386597635575e-17	::B3-12::B-2-21::N-A12::N-B05::N3-16::B-1-7::B3-1-13::B-1-6::N-1-6::B-B05::B-2-15::B-2-14::B-A05::N-B03::N-A02::B-3-1::B3-c-9::N-2-12::N3-13::B3-16::B3-13::B-A12::B3-11::	27
chr5	65525400	65693400	chr5_65525400	33	168000	2.60336119159473e-08	64	7.69167940385517e-35	59	5.16062020736182e-30	::N-1-7::N-3-1::N-2-21::B3-7::B-A10::B3-2-21::B-2-15::N-2-15::B-A02::B-3-1::B-B05::N3-c-14::B3-13::B-A07::B-2-21::N3-2-21::B3-14::B-2-25::N-A12::N-1-6::B-1-10::B3-c-14::B-1-6::B3-c-28::B3-12::B3-1-13::B-1-7::N3-13::N-1-10::N3-14::B-2-23::N-B05::B-A05::	35
chr5	90201600	90369600	chr5_90201600	25	168000	0.00353211078201218	43	6.95822696199808e-16	40	1.70283531631926e-13	::B-A02::N-1-6::B-A04::B-B05::N-B05::B3-c-9::B3-1::B-A10::N3-13::B-A12::B3-19::N-A10::N-2-23::B-2-25::B3-12::N-2-21::B-2-15::N-1-7::B3-7::B-1-6::N3-19::B-1-7::N3-c-14::N-A02::N-2-25::	20
chr5	99950600	100118600	chr5_99950600	25	168000	0.00353211078201218	32	1.27969316878821e-07	25	0.00353211078201218	::B-2-25::B-2-15::N-A04::N-A02::B-A02::N-2-15::N3-13::B-B05::N-B05::B3-1-13::B3-14::B3-1::B3-13::B3-10::N3-1::N3-10::B3-5::N-A05::N3-4::B-2-21::B-1-6::B3-7::B3-2-21::B-A05::N-2-25::	20
chr5	103698500	103866500	chr5_103698500	26	168000	0.00091201815413832	35	9.8598996450162e-10	29	1.25866812521678e-05	::B-2-12::B3-c-9::N3-13::N-B03::B-2-15::B-2-23::B3-7::N-3-4::N-2-15::B3-2-21::B3-c-28::B-2-21::B3-12::B3-5::B-A07::N-A07::B-1-6::N-2-23::N-B05::B-1-7::N-1-7::N-1-6::B-A04::B3-19::N3-19::N-3-1::	20
chr6	17508200	17676200	chr6_17508200	24	168000	0.0131532117069132	41	2.78824740576532e-14	38	5.89402831053527e-12	::N3-9::B-2-25::B-A12::B3-12::N3-19::B3-10::N-2-15::N3-2-21::B3-2-21::N3-11::B-2-27::B3-c-14::N3-c-14::B3-13::B-A02::B3-8::B-1-6::N-B03::B-1-10::B-3-4::B-2-21::N-A10::B-A10::B-A04::	19
chr6	28559300	28727300	chr6_28559300	24	168000	0.0131532117069132	32	1.27969316878821e-07	31	6.09976797047047e-07	::B3-19::B3-c-28::B-1-7::N-A02::B-B05::N3-8::N3-19::B-2-21::B3-2-21::B3-7::N3-12::N3-14::B-A04::B-A10::B-2-23::N-2-14::B-3-4::B3-1-13::B-A07::N-B05::N-2-21::B3-5::B3-1::N-2-15::	11
chr6	31396100	31564100	chr6_31396100	27	168000	0.000226768242320851	41	2.78824740576532e-14	39	1.01458894354593e-12	::N3-10::N-B03::B-B03::B-B05::B3-14::B3-1-13::B-A10::N-2-15::B3-11::B3-19::B3-1::B-A02::B3-2::B3-2-21::B3-7::N3-12::B-2-27::N3-1::B-2-21::N-1-6::B-2-15::B-1-6::N-3-4::N-2-23::B3-5::N-3-1::N3-4::	11
chr6	38482800	38650800	chr6_38482800	27	168000	0.000226768242320851	35	9.8598996450162e-10	28	5.43709244587582e-05	::B-B05::N-3-1::N3-4::B3-14::B-1-6::B3-7::N-2-27::N-2-25::N-B03::B-1-7::B-2-25::B3-19::B3-2-21::N3-16::N-3-4::N3-2-21::B-2-14::N-A12::N3-1::B3-1::N3-11::B3-13::N3-13::N-A04::N3-15::B-B03::N3-12::	16
chr6	38711400	38879400	chr6_38711400	25	168000	0.00353211078201218	33	2.60336119159473e-08	32	1.27969316878821e-07	::N-1-7::B-2-15::B-A10::N3-21::B3-21::B3-19::N-B05::B3-13::N3-8::N3-16::N-2-15::N3-11::N3-13::N-A05::N-A07::N3-19::N-2-25::N-2-23::B-2-23::B-2-14::B-2-25::B-B03::N-2-21::N3-1::B-1-6::	18
chr6	47455900	47623900	chr6_47455900	32	168000	1.27969316878821e-07	40	1.70283531631926e-13	34	5.14041313031265e-09	::N3-19::B-2-23::B-2-21::B3-c-28::B-1-10::N-A02::B3-2::B-2-15::B3-15::B3-1::B3-12::B3-14::B3-7::N-3-4::B-2-12::N3-2-21::N-1-7::B-B03::N-B03::N3-13::B-A02::N-B05::N-A10::N-1-6::B-A07::B-2-25::N-2-15::N3-c-9::B3-c-14::B3-c-9::B-B05::N3-16::	17
chr6	49096200	49264200	chr6_49096200	24	168000	0.0131532117069132	28	5.43709244587582e-05	24	0.0131532117069132	::N-1-7::B3-14::B-2-12::B-2-14::B3-1-13::N-B05::N3-11::B3-2-21::N-A02::N-A04::B-2-23::B3-19::B3-7::B-2-25::N-3-4::N-1-6::N3-8::B-1-7::N3-1::B-A12::N-A12::B-2-15::B3-11::B-1-6::	11
chr6	71836800	72004800	chr6_71836800	23	168000	0.0470219393809577	27	0.000226768242320851	22	0.161096408572845	::N-2-15::N3-8::B3-8::B3-c-28::N-2-23::B-A05::N-3-4::N-1-7::B-1-7::B-2-15::B3-13::B-A12::N-1-6::N3-10::N3-1-13::B-1-4::N-1-4::N3-16::B3-7::B3-2::B3-1::N3-9::B3-11::	12
chr6	103606700	103774700	chr6_103606700	26	168000	0.00091201815413832	31	6.09976797047047e-07	13	1049.758745917	::B-1-7::B3-19::N3-8::B3-c-28::N-2-14::N-3-1::N3-13::N-2-12::N3-10::N3-16::N-A05::N3-1-13::N-2-21::N-B05::N-1-7::N-2-15::N-A12::N3-11::N-A02::B3-1::B3-2-21::N-2-23::N3-19::B-A10::B-A07::B3-11::	19
chr6	113079700	113247700	chr6_113079700	33	168000	2.60336119159473e-08	45	1.58386597635575e-17	39	1.01458894354593e-12	::N-1-6::B3-c-9::N3-c-9::B-2-12::B-1-6::N3-16::B3-1::B3-c-14::N3-c-14::N-2-15::B-2-21::B-2-15::N3-10::B-A12::B-A07::B3-c-28::B-2-23::N-1-4::B-A05::B-2-27::N-2-27::N-2-25::N3-13::N-1-7::B-B05::B3-2::N3-11::B-2-25::N-1-10::B-B03::N-A05::N3-8::N-2-23::	29
chr6	119921600	120089600	chr6_119921600	28	168000	5.43709244587582e-05	40	1.70283531631926e-13	31	6.09976797047047e-07	::B-2-15::B-1-6::B3-4::B-B05::N3-19::B3-19::B-A07::B3-9::B-A12::B3-7::N-2-21::B-2-21::B3-13::N-2-23::N-2-15::N3-4::B-2-12::N-2-12::B-2-14::N-2-14::B3-8::N3-11::N-B05::N3-12::B3-2-21::N3-1-13::B3-1-13::B-2-25::	22
chr6	134462200	134630200	chr6_134462200	24	168000	0.0131532117069132	33	2.60336119159473e-08	30	2.81664746927461e-06	::B3-2-21::N3-13::N-2-21::B-2-15::B-2-23::B-A12::B-2-21::N-2-25::B3-7::N3-7::B-2-12::N-3-1::N-2-12::N-2-23::B3-5::N-A02::B3-12::B-1-7::B3-19::N3-16::B3-1::B-1-6::N3-c-9::B-1-10::	14
chr7	90051100	90219100	chr7_90051100	25	168000	0.00353211078201218	42	4.45681422053501e-15	26	0.00091201815413832	::N-A02::B-2-21::B3-1-13::N3-11::B3-8::B3-11::N-1-4::B-A02::B-2-23::B3-c-9::N-2-25::N3-8::N3-16::N3-10::B3-7::N-3-1::B-3-1::N-2-21::B3-13::B3-10::N3-13::N3-1::B3-2-21::N-1-6::B-1-10::	20
chr7	97586100	97754100	chr7_97586100	24	168000	0.0131532117069132	30	2.81664746927461e-06	28	5.43709244587582e-05	::B-3-1::N3-1-13::B-B05::B3-14::N3-9::B-A04::B-2-12::N-2-27::B3-8::N3-8::N3-11::N3-7::B3-7::B-A05::N-1-10::B-A10::B3-19::B-2-15::B3-1-13::B3-2::B-2-23::N3-4::B3-4::N-2-21::	13
chr7	102046200	102214200	chr7_102046200	24	168000	0.0131532117069132	34	5.14041313031265e-09	30	2.81664746927461e-06	::B-1-7::B3-c-28::N3-13::B3-7::B-A05::N-2-25::B3-1-13::N-2-15::N3-10::B-1-10::B-2-21::N-A02::B-3-1::B-A07::B-B05::N-B05::N3-c-9::B3-c-9::B-2-15::N-1-6::N-2-27::N3-21::B-2-27::B3-2-21::	14
chr7	111942600	112110600	chr7_111942600	25	168000	0.00353211078201218	30	2.81664746927461e-06	28	5.43709244587582e-05	::B3-19::N3-13::N3-19::N-A02::B-A02::B-B05::N3-21::B-1-7::B3-13::N-B03::B-B03::B3-1-13::N-2-25::B-A04::B3-8::B-2-14::B3-1::B-1-6::B-1-10::B-2-27::N3-7::N3-4::B3-12::N-2-21::N-2-27::	15
chr7	113443100	113611100	chr7_113443100	23	168000	0.0470219393809577	24	0.0131532117069132	20	1.65136396901089	::N-2-27::N3-12::B-3-1::N-2-25::B3-1::N-2-15::N3-1::B-2-15::B3-c-9::B-2-25::B-2-12::B3-13::B3-c-28::B-2-23::B3-5::N-3-4::N3-21::B-3-4::B3-21::N-2-21::B-A02::B3-1-13::B-A05::	9
chr7	118102100	118270100	chr7_118102100	29	168000	1.25866812521678e-05	37	3.33620938239331e-11	33	2.60336119159473e-08	::N-2-25::B-2-14::B-2-23::B-B05::B3-16::N3-16::N3-19::N3-1::B-3-1::N-A05::B-A05::B-3-4::N-1-6::B3-11::B3-1::N-2-23::B-B03::N-2-14::B3-7::N3-11::B-1-10::N3-5::N3-13::N-3-1::N-3-4::B-2-27::N-2-27::B3-1-13::N-A12::	13
chr7	121671400	121839400	chr7_121671400	34	168000	5.14041313031265e-09	39	1.01458894354593e-12	10	5953.59435338811	::B3-1-13::N-2-15::B3-12::N3-4::B-2-25::B-3-1::N-3-1::N3-9::B3-9::N-2-12::N-2-21::N-A10::N-2-25::N-1-6::N3-16::N-2-14::N-B05::N-2-27::N-A02::N-1-9::N3-11::N3-21::N-A12::N-1-7::N-A07::N3-2-21::N-A05::N3-2::N-A04::N-3-4::N3-19::N3-5::N-2-23::N3-14::	31
chr7	136303300	136471300	chr7_136303300	45	168000	1.58386597635575e-17	46	2.31154904654763e-18	4	9832.7714188546	::B-2-15::N-A05::N3-1::N-A02::N-2-12::N3-4::N-2-14::N3-13::N-2-27::N-2-25::N3-9::N-B05::N3-5::N-2-23::N3-8::N-B03::N-A10::N3-1-13::N-3-4::N3-19::N-A07::N-3-1::N3-11::N3-2-21::N3-10::N-2-15::N3-16::N-1-6::N3-2-37::N-2-21::N-A12::N-A04::N-1-10::N3-c-28::N-1-4::N3-21::N3-2::N-1-7::N3-7::N3-c-9::N3-12::N3-c-14::N3-15::N3-14::B-A10::	45
chr8	80703900	80871900	chr8_80703900	28	168000	5.43709244587582e-05	38	5.89402831053527e-12	30	2.81664746927461e-06	::N3-4::B3-11::B3-2-21::N3-10::N3-12::N-2-15::N-B03::N3-13::B-3-1::B3-7::B3-15::B3-19::B-2-23::B-A05::B-1-6::B-1-7::B-2-15::B-B05::N-2-12::N3-9::N-B05::N3-15::B3-2-37::N3-1::B3-13::B3-10::B3-1::N-2-23::	13
chr8	90878100	91046100	chr8_90878100	24	168000	0.0131532117069132	30	2.81664746927461e-06	26	0.00091201815413832	::B3-7::N-1-6::N-3-4::N-A12::B-2-27::N-2-27::B3-11::N-3-1::B3-8::B-3-1::B-2-15::B-3-4::B-A12::N-2-15::B3-5::B-2-23::B-2-14::B-2-25::B3-c-28::N3-1::B3-19::N3-11::B-A04::N3-10::	15
chr8	95718000	95886000	chr8_95718000	24	168000	0.0131532117069132	45	1.58386597635575e-17	37	3.33620938239331e-11	::B-A07::B3-2::N3-16::B3-16::N-2-23::B-B05::N-A05::B-2-23::N-A02::B-2-14::B3-2-21::N3-7::B-1-6::N-B05::B3-19::B3-4::N3-4::N-A07::N-2-15::N-2-25::B3-1-13::N-A12::B-2-25::N3-13::	23
chr8	106889200	107057200	chr8_106889200	24	168000	0.0131532117069132	27	0.000226768242320851	23	0.0470219393809577	::B-1-6::B-1-7::N3-2-21::B-2-14::B3-1::N3-1::N-1-4::N3-5::N-2-23::N3-9::B3-9::B-A12::B-2-15::N-2-25::B-2-12::N-2-12::N3-10::B3-2-21::N3-4::N3-16::N-2-21::B-2-25::B3-1-13::N-2-15::	15
chr8	107172400	107340400	chr8_107172400	25	168000	0.00353211078201218	31	6.09976797047047e-07	21	0.527917458482974	::B-3-1::B3-7::N3-2-21::N-1-6::N-2-15::N3-12::N3-16::N-2-21::B3-1-13::B3-14::B-2-15::B3-2-21::B-2-21::N3-13::N3-15::B-A05::N-A05::N-A12::N-B05::B-B05::B-A10::B-2-14::B3-4::B3-16::N3-4::	23
chr8	109775100	109943100	chr8_109775100	36	168000	1.83870691209497e-10	54	2.27349970462522e-25	39	1.01458894354593e-12	::B3-2-37::B-2-25::B-1-6::N3-19::B-2-21::B-2-14::N-2-14::N-1-6::B3-19::B-A02::N3-8::N3-11::B3-8::B3-11::B-2-15::N-2-25::B3-12::B-1-4::B-1-7::N-1-7::B-A12::N-3-1::B-3-1::N3-14::B-B05::N-2-15::N-2-21::N-1-4::N-1-9::B3-c-14::N3-c-14::N-A04::B-A07::B3-14::N3-2-21::N3-4::	22
chr8	111130900	111298900	chr8_111130900	24	168000	0.0131532117069132	32	1.27969316878821e-07	26	0.00091201815413832	::B3-7::N3-8::B3-21::B-2-15::B3-4::B3-16::B-A10::N3-4::N3-1-13::B-1-6::B3-2-21::B-2-25::N-2-25::N3-13::N-2-21::B-B05::B-2-21::B-A12::B-2-23::N-A05::B-A05::N3-1::N-2-15::N-1-6::	18
chr8	122903100	123071100	chr8_122903100	26	168000	0.00091201815413832	32	1.27969316878821e-07	29	1.25866812521678e-05	::N-3-1::B-3-1::B3-2-21::N3-19::B3-19::B3-14::B-2-15::B3-7::B-B05::N-2-14::B3-15::N-A05::B-B03::N-A02::B-A02::B3-1::B3-5::B-A07::N3-1::B-2-25::N3-4::N3-13::B3-13::B-A10::B-2-14::B-2-23::	13
chr9	3001100	3169100	chr9_3001100	48	168000	4.61794809267588e-20	89	2.7880955951589e-61	28	5.43709244587582e-05	::N3-2-21::N-3-4::N-A05::N-A04::N-A02::N-2-23::N-2-15::N3-16::N-B05::N3-11::B-A02::B-A10::B3-2-21::N3-9::B3-7::N-2-21::N3-19::N-2-12::N3-8::N-2-14::N3-1::N3-5::N-A07::N3-13::N3-2::N-1-10::N-2-27::B3-5::B3-11::B-2-15::B-1-10::B3-10::B3-c-28::B-2-23::B3-1::N-A12::N3-21::N-2-25::N-1-6::N-1-4::N-B03::N3-1-13::N3-15::B-B05::N3-10::B-2-25::N3-c-28::N-1-7::	43
chr9	59333600	59501600	chr9_59333600	30	168000	2.81664746927461e-06	37	3.33620938239331e-11	35	9.8598996450162e-10	::N3-19::N3-11::N-2-23::N-1-7::B-2-23::B-2-12::N-2-12::B3-12::N-A02::B3-14::N3-14::B-3-1::N3-13::B-2-14::N-A07::N-2-14::N-1-4::B3-15::N-2-15::B3-10::B-2-27::N3-16::B-2-15::B3-2::B-B03::B3-5::B-A10::B3-16::B-B05::B-2-21::	19
chr9	65675300	65843300	chr9_65675300	26	168000	0.00091201815413832	29	1.25866812521678e-05	24	0.0131532117069132	::N3-13::B-2-23::B3-10::N3-10::N-B03::N-1-10::B-A04::B-3-4::B3-12::B-B05::B3-15::N-2-25::N-A10::B-2-14::B3-7::B-2-27::N-2-27::B3-c-28::B-2-15::N3-2-21::B3-13::B-A07::B3-1-13::N3-1-13::N-A07::B-1-7::	17
chr9	66425900	66593900	chr9_66425900	27	168000	0.000226768242320851	33	2.60336119159473e-08	28	5.43709244587582e-05	::N-1-6::B3-1::B-2-15::N3-4::B3-19::N3-16::N-2-27::B3-7::B3-15::N3-15::B-1-7::B-2-14::B3-1-13::N3-13::B-1-6::B3-9::N3-9::N-2-23::B3-8::N3-8::B-A07::N3-19::N-2-15::B3-14::B-A02::B-2-21::N3-1::	21
chr9	70430700	70598700	chr9_70430700	26	168000	0.00091201815413832	39	1.01458894354593e-12	31	6.09976797047047e-07	::N-1-6::N3-1::N3-4::B3-13::B-A07::N-2-15::B-A05::B3-1-13::N3-1-13::N-A07::B-B05::N-A05::B3-7::N3-2-21::N3-c-9::B3-c-9::N-3-4::B-1-7::N-B05::B-3-1::N-3-1::B-2-23::N-2-21::B-2-15::B-A10::B3-c-28::	18
chr9	71932700	72100700	chr9_71932700	29	168000	1.25866812521678e-05	49	6.32696572454406e-21	41	2.78824740576532e-14	::B-3-1::N-A05::N-A07::B-A05::B-A12::N-A12::N-1-7::B3-2::N3-13::B3-5::N-2-15::B3-11::B-2-14::B-1-6::N-1-4::B-2-25::N-B03::N-2-14::B3-12::B-2-21::B3-2-21::N-2-25::B3-1-13::N3-1-13::N-1-6::B-2-15::B3-1::N-B05::B-3-4::	28
chr9	100706900	100874900	chr9_100706900	24	168000	0.0131532117069132	27	0.000226768242320851	24	0.0131532117069132	::B-3-1::B-B03::B-1-7::B-A02::B3-c-28::B3-c-9::B-A07::B3-5::N3-10::B-2-14::B-1-6::N-A07::B3-1-13::N3-9::B3-9::N-3-4::N3-8::N-2-15::N-A04::B-A04::B3-11::N-1-7::B-A10::B-2-25::	8
chr9	107714200	107882200	chr9_107714200	34	168000	5.14041313031265e-09	53	1.82871550515665e-24	43	6.95822696199808e-16	::B3-13::B-A04::N-2-25::B-2-25::B-2-23::N-2-21::N3-11::B3-11::N3-4::B-A05::B-B03::N-A07::B-1-7::B3-5::B-1-4::N-1-7::B-A12::B3-16::B-2-15::N3-7::B3-4::N-A12::N-2-15::B-2-21::N3-1::B3-1::B-1-6::B-3-4::N-1-6::N-A02::B-A02::N3-13::B-A07::N3-16::	26
chr9	108508500	108676500	chr9_108508500	26	168000	0.00091201815413832	31	6.09976797047047e-07	26	0.00091201815413832	::N-A07::B3-13::N-2-25::N-1-6::B3-1::N3-1::N-2-23::B3-10::B-3-1::B-A10::N-2-21::B-2-21::B-2-23::B3-16::N-2-15::B3-c-9::N3-4::B3-4::N3-10::B3-21::B-A07::N-B03::B-1-7::N-1-7::N3-c-9::B3-5::	14
chr9	110536700	110704700	chr9_110536700	31	168000	6.09976797047047e-07	47	3.30177724067324e-19	41	2.78824740576532e-14	::N-A12::N3-12::B3-14::B-3-4::B-1-7::B3-4::B-2-12::N-2-12::N-B05::B3-12::B-B05::N3-1::N-2-14::B-2-14::B-1-6::B-2-15::N-2-23::B-2-23::B3-19::B3-7::B-1-4::B-2-25::N-3-1::B3-15::B-A10::B-2-21::B3-1-13::B3-5::N-2-21::N-1-10::N3-4::	20
chrUn_GL456393	200	168200	chrUn_GL456393_200	42	168000	4.45681422053501e-15	63	7.33261078687965e-34	52	1.44370846194001e-23	::B3-11::N-2-23::N-B03::N3-1::N3-8::N-A05::N-2-25::N3-10::N-A04::N3-21::N3-1-13::N3-19::N-3-4::N3-14::N3-2-21::N-2-15::B3-14::B-1-10::B-1-7::B3-7::N3-4::N-2-21::N-B05::N3-16::B3-15::N3-13::B-1-6::B-B05::B-2-21::B-3-1::N-1-7::B-A07::N3-c-28::B-A12::B3-21::B3-1::B-A04::N-1-6::B-2-15::N3-11::B3-19::N3-c-14::	33
chrUn_GL456394	1000	169000	chrUn_GL456394_1000	33	168000	2.60336119159473e-08	46	2.31154904654763e-18	44	1.06166726976011e-16	::B3-14::B-1-10::B-1-7::B3-7::N3-4::N-2-21::N3-19::N-B05::N3-16::B3-15::N3-13::N-2-23::B-1-6::B-B05::B-2-21::N3-1::N-2-15::B-3-1::N-1-7::B-A07::N3-c-28::B-A12::N3-2-21::B3-21::B3-1::B-A04::N-1-6::B-2-15::N3-8::N3-11::B3-19::N-3-4::N3-c-14::	20
chrUn_GL456396	5600	173600	chrUn_GL456396_5600	33	168000	2.60336119159473e-08	44	1.06166726976011e-16	42	4.45681422053501e-15	::B3-14::B-1-10::B-1-7::B3-7::N3-4::N-2-21::N3-19::N-B05::N3-16::B3-15::N3-13::N-2-23::B-1-6::B-B05::B-2-21::N3-1::N-2-15::B-3-1::N-1-7::B-A07::N3-c-28::B-A12::N3-2-21::B3-21::B3-1::B-A04::N-1-6::B-2-15::N3-8::N3-11::B3-19::N-3-4::N3-c-14::	18
chrUn_JH584304	6500	174500	chrUn_JH584304_6500	25	168000	0.00353211078201218	35	9.8598996450162e-10	33	2.60336119159473e-08	::B3-15::N3-13::N-2-23::B-1-6::B-B05::B-2-21::N3-1::N3-16::N-2-15::B-3-1::N-1-7::B-A07::N3-c-28::B-A12::N3-2-21::B3-21::B3-1::B-A04::N-1-6::B-2-15::N3-8::N3-11::B3-19::N-3-4::N3-c-14::	16
chrX	18168500	18336500	chrX_18168500	36	168000	1.83870691209497e-10	60	5.77421782427741e-31	45	1.58386597635575e-17	::N-2-21::N-A04::N-1-6::N3-8::B3-8::B-1-6::N-B03::B3-1::B3-15::N-A02::B-2-14::B3-19::B3-12::B-A05::B-A10::B3-7::N3-7::B3-5::N3-c-9::B3-c-9::B3-1-13::B3-2::B-A02::N-2-15::B-2-23::N3-c-14::B-2-15::N-3-1::N3-12::B-A07::B-3-1::N-A05::B-1-7::N-2-23::N3-1::N-1-7::	24
chrX	77490500	77658500	chrX_77490500	29	168000	1.25866812521678e-05	33	2.60336119159473e-08	30	2.81664746927461e-06	::B-B05::B3-2::N-B05::N-A10::N3-4::B-3-4::N3-13::B3-13::B-A02::B-2-21::N3-12::B3-7::B-1-10::B3-12::B3-2-21::N-A05::B-2-14::N-2-14::B-A05::B-A10::N3-1-13::N-2-21::B-A07::B3-4::N3-19::N-A02::B-3-1::B-2-15::B-1-9::	17
