chr11	23264700	23416700	chr11_23264700	13	152000	7.92214571022024e-05	24	3.61899788887636e-17	20	2.30249217080899e-12	::B3-c-32::B3-18::B3-c-28::N3-17::B3-17::N3-16::B3-c-14::N3-c-14::B3-c-10::B3-2-2::N3-c-9::N3-2-2::N3-15::	14
chr11	62301200	62453200	chr11_62301200	12	152000	0.000727852491718536	14	8.00677446700676e-06	12	0.000727852491718536	::N3-c-28::N3-c-14::B3-c-14::B3-c-28::B3-17::B3-c-9::N3-9::B3-9::B3-12::B3-14::B3-18::N3-17::	5
chr11	79368500	79520500	chr11_79368500	10	152000	0.0479878943286189	14	8.00677446700676e-06	12	0.000727852491718536	::N3-2-2::N3-c-28::N3-c-9::B3-2-7::N3-4::B3-15::N3-15::B3-18::B3-c-10::B3-14::	4
chr11	86208200	86360200	chr11_86208200	13	152000	7.92214571022024e-05	17	5.55937344346263e-09	12	0.000727852491718536	::B3-18::B3-2-2::B3-2-7::N3-2-7::N3-16::B3-15::N3-15::N3-c-10::B3-4::N3-4::B3-9::N3-9::B3-c-28::	10
chr12	51633600	51785600	chr12_51633600	10	152000	0.0479878943286189	13	7.92214571022024e-05	11	0.00617279442769887	::B3-12::N3-12::B3-15::B3-16::B3-c-10::N3-14::B3-2-2::B3-18::B3-14::N3-16::	4
chr13	85175900	85327900	chr13_85175900	11	152000	0.00617279442769887	13	7.92214571022024e-05	11	0.00617279442769887	::N3-17::N3-c-10::B3-2-7::N3-2-7::B3-17::B3-c-10::B3-15::N3-15::N3-14::N3-4::B3-c-28::	8
chr14	19288600	19440600	chr14_19288600	11	152000	0.00617279442769887	16	6.67931559695469e-08	14	8.00677446700676e-06	::B3-12::N3-4::N3-18::B3-2-2::N3-17::N3-16::N3-12::B3-17::N3-15::N3-9::N3-2-7::	10
chr17	3116300	3268300	chr17_3116300	11	152000	0.00617279442769887	15	7.5528201234613e-07	13	7.92214571022024e-05	::B3-2-2::N3-4::N3-17::N3-15::B3-15::B3-12::B3-18::N3-16::B3-17::N3-9::B3-9::	6
chr18	4930400	5082400	chr18_4930400	11	152000	0.00617279442769887	12	0.000727852491718536	10	0.0479878943286189	::N3-16::N3-17::N3-c-28::B3-c-9::N3-2-7::B3-17::N3-14::B3-14::B3-15::B3-c-28::B3-9::	4
chr18	80778100	80930100	chr18_80778100	10	152000	0.0479878943286189	12	0.000727852491718536	12	0.000727852491718536	::B3-c-28::N3-c-9::B3-12::N3-12::B3-2-2::B3-14::B3-18::N3-4::N3-2-7::N3-2-2::	8
chr19	24391800	24543800	chr19_24391800	10	152000	0.0479878943286189	11	0.00617279442769887	8	2.15719096585464	::B3-2-2::N3-4::N3-16::B3-16::B3-4::N3-9::B3-c-10::B3-2-7::B3-17::B3-18::	6
chr2	18069900	18221900	chr2_18069900	10	152000	0.0479878943286189	12	0.000727852491718536	12	0.000727852491718536	::B3-12::B3-16::B3-2-2::B3-15::B3-c-9::N3-9::B3-17::N3-16::N3-18::N3-c-14::	6
chr2	98662200	98814200	chr2_98662200	20	152000	2.30249217080899e-12	100	6.88245756895009e-140	22	9.97796088327392e-15	::N3-2-2::N3-16::N3-14::N3-9::N3-2-7::N3-18::N3-17::N3-4::N3-c-14::N3-15::B3-12::N3-12::N3-c-9::B3-2-7::B3-17::B3-2-2::B3-c-28::N3-c-10::B3-9::B3-14::	48
chr2	160975600	161127600	chr2_160975600	11	152000	0.00617279442769887	13	7.92214571022024e-05	10	0.0479878943286189	::N3-16::B3-16::B3-2-7::N3-2-7::B3-14::B3-17::N3-18::B3-c-28::B3-9::N3-9::N3-12::	6
chr4	136471600	136623600	chr4_136471600	10	152000	0.0479878943286189	13	7.92214571022024e-05	11	0.00617279442769887	::B3-c-9::N3-12::N3-18::N3-16::B3-12::N3-c-9::N3-4::N3-c-14::B3-17::B3-2-2::	3
chr5	25329200	25481200	chr5_25329200	12	152000	0.000727852491718536	42	8.26011851905634e-42	31	3.10078652283099e-26	::B3-12::N3-12::B3-14::N3-2-7::B3-2-7::B3-2-2::N3-2-2::B3-c-9::B3-18::N3-9::B3-9::B3-17::	28
chr5	28146800	28298800	chr5_28146800	20	152000	2.30249217080899e-12	42	8.26011851905634e-42	7	12.1965155715088	::N3-14::N3-4::N3-2-2::N3-16::B3-c-28::B3-12::B3-c-9::N3-15::B3-14::B3-16::N3-c-14::B3-15::B3-4::B3-2-2::B3-17::B3-18::N3-12::N3-18::B3-c-10::B3-2-7::	28
chr5	32432200	32584200	chr5_32432200	10	152000	0.0479878943286189	11	0.00617279442769887	9	0.339147709734079	::B3-2-2::B3-17::N3-16::B3-16::N3-9::B3-9::B3-18::B3-14::N3-17::B3-c-10::	5
chr5	147434300	147586300	chr5_147434300	10	152000	0.0479878943286189	10	0.0479878943286189	9	0.339147709734079	::B3-c-9::N3-4::N3-c-14::B3-17::N3-2-2::B3-c-28::N3-17::N3-9::B3-9::B3-14::	4
chr6	113050900	113202900	chr6_113050900	10	152000	0.0479878943286189	18	4.37014803221148e-10	16	6.67931559695469e-08	::N3-2-2::B3-c-9::N3-c-9::N3-16::B3-c-14::N3-c-14::B3-c-28::N3-2-7::N3-18::B3-18::	13
chr7	121691500	121843500	chr7_121691500	11	152000	0.00617279442769887	13	7.92214571022024e-05	5	255.858267335996	::B3-c-32::B3-12::N3-4::N3-9::B3-9::N3-16::N3-2-7::N3-c-10::N3-17::N3-14::N3-18::	10
chr7	136329000	136481000	chr7_136329000	16	152000	6.67931559695469e-08	16	6.67931559695469e-08	2	5419.03915789877	::B3-18::N3-c-10::N3-4::N3-17::N3-9::N3-2-7::N3-2-2::N3-16::N3-c-32::N3-c-28::N3-c-9::N3-18::N3-12::N3-c-14::N3-15::N3-14::	15
chr8	109805700	109957700	chr8_109805700	12	152000	0.000727852491718536	12	0.000727852491718536	10	0.0479878943286189	::B3-12::B3-c-10::N3-14::B3-c-32::B3-2-7::B3-c-14::N3-c-14::B3-18::B3-17::B3-2-2::B3-14::N3-4::	5
chr9	3002200	3154200	chr9_3002200	10	152000	0.0479878943286189	17	5.55937344346263e-09	8	2.15719096585464	::N3-18::N3-16::N3-9::N3-2-7::N3-17::N3-2-2::B3-c-28::B3-17::N3-15::N3-c-28::	7
chr9	32019000	32171000	chr9_32019000	10	152000	0.0479878943286189	16	6.67931559695469e-08	15	7.5528201234613e-07	::N3-16::N3-4::B3-c-28::N3-18::B3-18::B3-2-2::B3-16::N3-17::B3-4::N3-9::	10
chr9	66439600	66591600	chr9_66439600	11	152000	0.00617279442769887	14	8.00677446700676e-06	10	0.0479878943286189	::B3-18::N3-18::N3-4::N3-17::N3-16::B3-15::N3-15::B3-9::N3-9::N3-c-10::B3-14::	11
chr9	107751700	107903700	chr9_107751700	11	152000	0.00617279442769887	17	5.55937344346263e-09	13	7.92214571022024e-05	::N3-4::B3-17::N3-17::N3-c-10::B3-16::B3-4::B3-2-2::N3-16::B3-18::N3-18::N3-c-14::	12
chrUn_GL456366	5100	157100	chrUn_GL456366_5100	11	152000	0.00617279442769887	12	0.000727852491718536	8	2.15719096585464	::B3-12::B3-18::B3-c-14::N3-9::B3-2-2::N3-16::N3-18::N3-2-2::N3-17::N3-4::N3-2-7::	4
chrUn_GL456390	0	152000	chrUn_GL456390_0	16	152000	6.67931559695469e-08	29	1.44035387672953e-23	25	2.04828849828371e-18	::B3-18::N3-9::N3-2-7::N3-4::N3-2-2::N3-16::N3-17::B3-12::N3-18::N3-14::B3-14::B3-2-7::B3-15::B3-17::N3-c-28::N3-c-14::	17
chrUn_GL456394	1000	153000	chrUn_GL456394_1000	10	152000	0.0479878943286189	14	8.00677446700676e-06	14	8.00677446700676e-06	::B3-14::B3-2-7::N3-4::N3-16::B3-15::B3-17::N3-c-28::N3-18::N3-17::N3-c-14::	9
chrUn_GL456396	5600	157600	chrUn_GL456396_5600	10	152000	0.0479878943286189	12	0.000727852491718536	12	0.000727852491718536	::B3-14::B3-2-7::N3-4::N3-16::B3-15::B3-17::N3-c-28::N3-18::N3-17::N3-c-14::	7
chrX	18201400	18353400	chrX_18201400	10	152000	0.0479878943286189	18	4.37014803221148e-10	13	7.92214571022024e-05	::B3-15::N3-2-7::B3-2-7::B3-12::B3-17::N3-c-9::B3-c-9::N3-c-14::N3-17::N3-12::	5
