chr10	67131100	67316100	chr10_67131100	9	185000	0.000305962562758925	9	0.000305962562758925	6	0.526652518172498	::N3-15::B3-15::B-3-1::N-1-10::N3-8::B3-8::N-A02::B-A02::B3-c-14::	2
chr10	93008000	93193000	chr10_93008000	9	185000	0.000305962562758925	9	0.000305962562758925	3	215.839412318943	::N3-1::N3-10::N3-13::B3-10::B3-13::B3-1::B3-12::N-2-21::B-2-21::	1
chr10	116455000	116640000	chr10_116455000	9	185000	0.000305962562758925	9	0.000305962562758925	5	4.75865107615324	::N-1-9::B-B05::N-B05::B-A12::N3-7::N-A12::B3-16::B3-4::B-2-21::	9
chr10	121461000	121646000	chr10_121461000	7	185000	0.0499594534775442	7	0.0499594534775442	3	215.839412318943	::B3-c-14::N-A12::B-A12::N3-21::N-3-4::B3-21::B-3-4::	1
chr10	123011300	123196300	chr10_123011300	9	185000	0.000305962562758925	9	0.000305962562758925	7	0.0499594534775442	::B-1-4::N-B03::B-A05::N3-c-28::N3-4::N3-16::B3-5::B3-11::N3-11::	5
chr11	3100500	3285500	chr11_3100500	7	185000	0.0499594534775442	7	0.0499594534775442	4	35.8312791375744	::N-A10::B3-14::B3-12::N3-13::N3-10::B3-10::B3-13::	1
chr11	29174600	29359600	chr11_29174600	10	185000	2.03170123085078e-05	10	2.03170123085078e-05	8	0.00414685877774103	::N3-19::B3-19::N-2-12::B-2-21::B-1-4::B3-7::B3-2::N3-2::B3-c-28::N3-14::	5
chr11	32322200	32507200	chr11_32322200	7	185000	0.0499594534775442	7	0.0499594534775442	4	35.8312791375744	::N3-2::N-2-25::N3-4::B3-4::N3-19::B3-2::B3-19::	1
chr11	59674100	59859100	chr11_59674100	7	185000	0.0499594534775442	7	0.0499594534775442	5	4.75865107615324	::B3-c-14::N3-c-14::N3-12::B-2-21::B-1-10::B-2-25::N-2-25::	7
chr11	60123100	60308100	chr11_60123100	7	185000	0.0499594534775442	7	0.0499594534775442	5	4.75865107615324	::N-A12::B-2-27::N-A02::B-A02::N-A10::B3-2::N3-2::	5
chr11	76785800	76970800	chr11_76785800	7	185000	0.0499594534775442	8	0.00414685877774103	5	4.75865107615324	::B3-2-37::B-1-10::B-1-9::B-1-4::B3-c-9::N3-21::N-2-27::	6
chr11	79376200	79561200	chr11_79376200	14	185000	1.64429879895834e-10	18	4.35325679352199e-16	13	3.46670767120647e-09	::B-2-23::B-1-7::N-1-7::N-2-23::N3-c-28::N3-c-9::B-A05::N-A05::B3-19::N3-15::B3-15::B3-14::N3-1-13::N-A07::	7
chr11	86693000	86878000	chr11_86693000	7	185000	0.0499594534775442	7	0.0499594534775442	5	4.75865107615324	::B-2-25::N-1-7::B-A04::N-A04::N3-4::B3-4::B3-c-9::	4
chr11	104372000	104557000	chr11_104372000	15	185000	7.27915612421372e-12	17	1.18003594839812e-14	13	3.46670767120647e-09	::B-3-1::B-2-12::N-2-12::N3-c-14::N3-7::N-2-25::N-2-14::B3-c-14::B-1-6::B-3-4::B3-21::N-3-4::N3-21::B-1-4::N3-2-21::	9
chr11	105188000	105373000	chr11_105188000	7	185000	0.0499594534775442	7	0.0499594534775442	5	4.75865107615324	::B3-c-14::B-B03::N-B03::B-2-27::N-2-27::N3-2-21::N3-13::	6
chr11	106038300	106223300	chr11_106038300	7	185000	0.0499594534775442	7	0.0499594534775442	4	35.8312791375744	::N-A02::B-A02::B3-7::N3-9::B3-9::B3-8::N3-8::	2
chr11	106423600	106608600	chr11_106423600	8	185000	0.00414685877774103	8	0.00414685877774103	5	4.75865107615324	::N3-15::B3-2::N3-2::B3-9::N3-9::B3-5::N-A05::B-A05::	4
chr11	106993200	107178200	chr11_106993200	8	185000	0.00414685877774103	8	0.00414685877774103	7	0.0499594534775442	::B-A05::B3-11::B3-8::N3-14::B3-13::N3-2::B3-7::N3-c-28::	4
chr11	115530000	115715000	chr11_115530000	9	185000	0.000305962562758925	9	0.000305962562758925	4	35.8312791375744	::B3-21::B-3-4::N3-21::N-3-4::N-B03::B-B03::B3-16::N-A02::B-A02::	4
chr11	118224600	118409600	chr11_118224600	7	185000	0.0499594534775442	7	0.0499594534775442	5	4.75865107615324	::N3-5::B3-7::N3-7::N3-9::B3-9::B3-5::N-A07::	3
chr12	17379000	17564000	chr12_17379000	9	185000	0.000305962562758925	9	0.000305962562758925	2	975.125359005125	::N3-1-13::B3-1-13::N3-14::N3-2-37::N-1-4::N3-5::N3-7::N-1-10::N-1-9::	7
chr12	83638000	83823000	chr12_83638000	9	185000	0.000305962562758925	9	0.000305962562758925	6	0.526652518172498	::N-B05::B-B05::B-A12::N-A12::N-A07::B-A07::B-1-10::B-2-21::N-1-4::	3
chr13	17697500	17882500	chr13_17697500	11	185000	1.22647503437239e-06	12	6.78686202235772e-08	6	0.526652518172498	::B3-12::B3-14::N3-14::B3-8::N3-8::B-3-4::N-3-4::B3-19::N3-19::N-A05::B-A05::	10
chr13	34882800	35067800	chr13_34882800	7	185000	0.0499594534775442	7	0.0499594534775442	4	35.8312791375744	::N3-21::N-3-4::B3-21::B-3-4::N-1-6::B-1-4::N3-2::	0
chr13	37875400	38060400	chr13_37875400	7	185000	0.0499594534775442	7	0.0499594534775442	5	4.75865107615324	::B3-21::N3-12::B3-4::N3-16::N3-4::N-2-23::N-A04::	3
chr13	43302300	43487300	chr13_43302300	11	185000	1.22647503437239e-06	12	6.78686202235772e-08	6	0.526652518172498	::B-A05::B-2-14::N-2-14::B3-19::N3-19::N-A12::B-A12::B3-11::B3-8::N3-8::N3-11::	9
chr13	85130700	85315700	chr13_85130700	11	185000	1.22647503437239e-06	13	3.46670767120647e-09	10	2.03170123085078e-05	::N3-7::N3-2::N-B03::B-B03::N-1-10::B3-15::N3-15::N-A05::B-A05::N3-14::B3-2::	10
chr13	94600200	94785200	chr13_94600200	8	185000	0.00414685877774103	8	0.00414685877774103	1	2936.96582275031	::N-2-14::N-B03::N-A04::N-3-4::N-2-23::N3-4::N3-16::N3-2::	8
chr13	111691200	111876200	chr13_111691200	7	185000	0.0499594534775442	8	0.00414685877774103	5	4.75865107615324	::N3-5::N-A04::B-3-1::N-3-4::N3-21::B-1-10::B3-7::	2
chr14	31104300	31289300	chr14_31104300	10	185000	2.03170123085078e-05	10	2.03170123085078e-05	5	4.75865107615324	::B3-12::N3-1-13::B3-1-13::N3-c-28::B3-c-28::N3-21::N-3-4::B3-21::B-3-4::N3-12::	1
chr14	52087100	52272100	chr14_52087100	9	185000	0.000305962562758925	9	0.000305962562758925	6	0.526652518172498	::B-2-14::B3-16::B3-4::N3-21::B3-1-13::B-A07::N-A07::N-1-10::B3-c-28::	5
chr14	67004500	67189500	chr14_67004500	9	185000	0.000305962562758925	9	0.000305962562758925	5	4.75865107615324	::N3-9::B3-9::N3-1-13::N3-7::N3-8::N3-11::B3-8::B3-11::B-1-10::	2
chr15	51837400	52022400	chr15_51837400	10	185000	2.03170123085078e-05	10	2.03170123085078e-05	6	0.526652518172498	::N-2-21::N-3-1::B-3-1::N-B05::B-B05::B-1-10::B-B03::N-B03::B3-9::N3-9::	5
chr15	73155500	73340500	chr15_73155500	10	185000	2.03170123085078e-05	11	1.22647503437239e-06	4	35.8312791375744	::N3-1::N3-13::N3-10::B3-10::B3-1::B3-13::B-1-6::N-1-6::B3-19::N3-19::	2
chr15	102396300	102581300	chr15_102396300	8	185000	0.00414685877774103	8	0.00414685877774103	6	0.526652518172498	::B-A04::B3-c-14::B-2-25::N-2-25::N3-19::B3-19::B3-c-9::B3-5::	4
chr16	4489900	4674900	chr16_4489900	10	185000	2.03170123085078e-05	10	2.03170123085078e-05	2	975.125359005125	::B3-10::B3-1::B3-13::N3-13::N3-1::N3-10::N3-16::N3-4::B3-16::B3-4::	6
chr16	33392500	33577500	chr16_33392500	9	185000	0.000305962562758925	9	0.000305962562758925	6	0.526652518172498	::B3-1-13::N3-16::B3-16::N-A12::B-A12::N-A05::N3-4::B3-4::N3-21::	2
chr16	38098300	38283300	chr16_38098300	8	185000	0.00414685877774103	9	0.000305962562758925	7	0.0499594534775442	::N-1-6::B-1-6::N-A07::B-2-25::B-A05::N3-12::N-B05::N-A05::	1
chr16	43366400	43551400	chr16_43366400	9	185000	0.000305962562758925	9	0.000305962562758925	6	0.526652518172498	::B-A12::N-B03::B3-10::B3-13::N3-10::N3-13::N3-c-14::B3-2::B-1-4::	7
chr16	94491700	94676700	chr16_94491700	8	185000	0.00414685877774103	8	0.00414685877774103	7	0.0499594534775442	::N-A10::N-A07::B3-5::B-A04::N3-9::B3-9::B-1-10::N-3-1::	3
chr17	3162800	3347800	chr17_3162800	9	185000	0.000305962562758925	10	2.03170123085078e-05	8	0.00414685877774103	::N3-15::B3-15::B-3-4::N-3-4::N-B05::B-A05::N-A12::B3-9::N-1-9::	6
chr17	5075000	5260000	chr17_5075000	8	185000	0.00414685877774103	8	0.00414685877774103	7	0.0499594534775442	::N-2-15::B3-1::N-A02::B-A02::N-3-1::N-A04::B-1-4::B3-5::	3
chr17	10232100	10417100	chr17_10232100	9	185000	0.000305962562758925	10	2.03170123085078e-05	7	0.0499594534775442	::N-A04::B-A04::B3-14::N3-c-9::N-A10::N3-14::N-A02::B-A02::B-A10::	1
chr17	25884000	26069000	chr17_25884000	10	185000	2.03170123085078e-05	10	2.03170123085078e-05	5	4.75865107615324	::B3-7::N3-10::N3-13::B3-10::B3-13::B3-9::N3-9::N-2-14::B-3-4::N-3-4::	5
chr17	30006600	30191600	chr17_30006600	7	185000	0.0499594534775442	8	0.00414685877774103	4	35.8312791375744	::B-3-4::B3-21::N3-21::N-3-4::N3-9::B3-9::N-2-12::	4
chr17	32163500	32348500	chr17_32163500	10	185000	2.03170123085078e-05	10	2.03170123085078e-05	6	0.526652518172498	::B-A12::B-2-21::B3-9::N3-9::B-A10::N3-12::B3-13::B3-10::N3-10::N3-13::	6
chr17	33669200	33854200	chr17_33669200	9	185000	0.000305962562758925	9	0.000305962562758925	5	4.75865107615324	::B-2-23::N-2-23::N3-21::N-3-4::B-3-4::B3-21::B-B05::N-B05::N-A07::	2
chr17	56581000	56766000	chr17_56581000	7	185000	0.0499594534775442	7	0.0499594534775442	4	35.8312791375744	::N-A07::N3-1-13::B-A07::B3-1-13::N3-13::N3-c-28::B3-c-14::	1
chr17	83271300	83456300	chr17_83271300	7	185000	0.0499594534775442	7	0.0499594534775442	5	4.75865107615324	::B3-c-14::N-1-10::B3-9::N3-9::B3-5::B-B03::N-B03::	4
chr18	7737500	7922500	chr18_7737500	9	185000	0.000305962562758925	10	2.03170123085078e-05	8	0.00414685877774103	::N-3-4::N3-7::B-A10::N-A10::N-3-1::B-1-7::N3-15::B3-15::B3-1::	3
chr18	31767200	31952200	chr18_31767200	7	185000	0.0499594534775442	7	0.0499594534775442	4	35.8312791375744	::B3-1-13::N-1-7::N3-8::N3-11::B3-8::B3-11::B3-5::	1
chr18	34265300	34450300	chr18_34265300	7	185000	0.0499594534775442	8	0.00414685877774103	6	0.526652518172498	::N3-1-13::B3-11::N-A07::N-A05::B-A02::N-A02::B3-14::	6
chr18	73586900	73771900	chr18_73586900	11	185000	1.22647503437239e-06	12	6.78686202235772e-08	8	0.00414685877774103	::B-2-12::N-2-12::B-1-7::N-A12::B-A12::B-A05::B-A02::N-A02::B-3-1::N-3-1::N3-7::	8
chr19	3460500	3645500	chr19_3460500	13	185000	3.46670767120647e-09	13	3.46670767120647e-09	12	6.78686202235772e-08	::N3-c-9::B3-5::N-B05::N3-12::N-A10::B-A10::B-B03::B3-c-9::N3-16::B-1-10::N-2-21::B-1-4::B-2-23::	7
chr2	26405400	26590400	chr2_26405400	11	185000	1.22647503437239e-06	13	3.46670767120647e-09	7	0.0499594534775442	::N3-1-13::B-A07::N-3-4::N3-21::B-3-4::B3-21::B-3-1::N-3-1::B3-5::N-A04::B-1-10::	7
chr2	49411700	49596700	chr2_49411700	8	185000	0.00414685877774103	8	0.00414685877774103	8	0.00414685877774103	::B3-c-9::B3-7::N3-8::N3-c-9::N-3-4::B-B05::B-2-23::B3-5::	4
chr2	59245300	59430300	chr2_59245300	8	185000	0.00414685877774103	8	0.00414685877774103	4	35.8312791375744	::B3-11::B3-8::N3-8::N3-11::N-A05::B-A05::B3-c-14::B3-7::	5
chr2	65120400	65305400	chr2_65120400	7	185000	0.0499594534775442	7	0.0499594534775442	4	35.8312791375744	::B3-7::N3-13::N3-10::B3-10::B-A05::N-A04::B-A04::	1
chr2	75614800	75799800	chr2_75614800	8	185000	0.00414685877774103	8	0.00414685877774103	3	215.839412318943	::B-2-25::B3-10::B3-1::B3-13::N3-13::N3-1::N3-10::N-2-14::	8
chr2	98529200	98714200	chr2_98529200	30	185000	7.72313945639032e-35	61	1.24133052245385e-91	19	1.52143092379728e-17	::N3-8::N3-14::N-B05::N3-7::N3-1-13::N-A10::N3-c-14::N3-4::N-1-10::N-2-15::N3-11::N3-12::N3-5::N3-10::N-B03::N3-21::N3-c-9::N3-1::N3-13::N3-19::N-1-7::N3-15::N-2-23::N-3-1::N-2-21::B-1-10::N-1-4::N-A04::B3-11::B3-14::	27
chr2	153328000	153513000	chr2_153328000	9	185000	0.000305962562758925	9	0.000305962562758925	6	0.526652518172498	::N3-7::N-2-27::B-2-27::N3-14::B-A12::N-A12::N3-12::B-A04::N-A04::	4
chr2	154691000	154876000	chr2_154691000	13	185000	3.46670767120647e-09	13	3.46670767120647e-09	8	0.00414685877774103	::B3-8::B3-11::N3-8::N3-11::B3-c-9::B3-9::B3-14::N-A05::B3-12::N-A07::B-A07::B3-2-21::N3-2-21::	8
chr2	155352800	155537800	chr2_155352800	7	185000	0.0499594534775442	7	0.0499594534775442	4	35.8312791375744	::N-3-4::N-3-1::N-2-27::B-2-27::N3-21::B3-21::B-3-4::	0
chr3	69059600	69244600	chr3_69059600	8	185000	0.00414685877774103	8	0.00414685877774103	6	0.526652518172498	::N3-7::B-2-14::N-A10::B-A10::B-B03::N-B03::N3-15::B3-15::	4
chr3	88604000	88789000	chr3_88604000	7	185000	0.0499594534775442	7	0.0499594534775442	5	4.75865107615324	::N3-14::B-B05::N-B05::N3-c-9::B3-7::B-2-12::N-2-12::	4
chr3	135440200	135625200	chr3_135440200	13	185000	3.46670767120647e-09	15	7.27915612421372e-12	10	2.03170123085078e-05	::B-B05::B-1-10::N3-10::N3-4::B3-4::N3-8::N3-11::B3-7::B3-8::B3-11::B-2-14::B3-c-9::N3-9::	6
chr3	152227000	152412000	chr3_152227000	7	185000	0.0499594534775442	7	0.0499594534775442	6	0.526652518172498	::N-1-10::N3-12::N-B03::B-B03::N3-c-28::B3-5::B-1-10::	0
chr4	62687800	62872800	chr4_62687800	8	185000	0.00414685877774103	8	0.00414685877774103	4	35.8312791375744	::B-1-10::B3-10::B3-13::N3-10::N3-13::N-A10::B3-9::N3-9::	7
chr4	82337000	82522000	chr4_82337000	8	185000	0.00414685877774103	8	0.00414685877774103	6	0.526652518172498	::B3-c-9::N-A07::B-A07::B3-12::B3-1-13::N3-1-13::B-2-27::N-A02::	5
chr4	83455100	83640100	chr4_83455100	8	185000	0.00414685877774103	9	0.000305962562758925	4	35.8312791375744	::N-2-27::B-2-27::N3-16::N3-4::B3-4::B3-16::N3-15::B3-15::	1
chr4	106923000	107108000	chr4_106923000	10	185000	2.03170123085078e-05	10	2.03170123085078e-05	4	35.8312791375744	::B3-10::B3-1::B3-13::N3-1::N3-10::N3-13::B3-21::B-A05::B-A12::N-A12::	8
chr4	131806200	131991200	chr4_131806200	8	185000	0.00414685877774103	8	0.00414685877774103	5	4.75865107615324	::N3-c-9::N3-7::N3-4::N3-16::B3-16::B3-4::B-1-6::N3-2-21::	2
chr4	135226100	135411100	chr4_135226100	10	185000	2.03170123085078e-05	10	2.03170123085078e-05	7	0.0499594534775442	::B3-c-28::B3-1::N3-1::N3-13::N-A04::N-2-12::N-A10::B-A05::N-A05::B-A07::	9
chr4	139113500	139298500	chr4_139113500	8	185000	0.00414685877774103	8	0.00414685877774103	4	35.8312791375744	::N3-16::N3-4::B3-16::B3-4::B3-7::N3-c-14::N3-11::N3-8::	4
chr4	152293900	152478900	chr4_152293900	8	185000	0.00414685877774103	8	0.00414685877774103	2	975.125359005125	::N3-16::N3-4::B3-13::B3-1::B3-10::N3-1::N3-10::N3-13::	8
chr4	154349000	154534000	chr4_154349000	7	185000	0.0499594534775442	7	0.0499594534775442	2	975.125359005125	::N-1-7::N3-1::N3-10::N3-13::B3-1::B3-13::B3-10::	0
chr4	155496500	155681500	chr4_155496500	7	185000	0.0499594534775442	7	0.0499594534775442	3	215.839412318943	::B-2-27::B-2-25::N-2-25::N3-10::N3-1::N3-13::B3-1::	2
chr5	25301700	25486700	chr5_25301700	11	185000	1.22647503437239e-06	18	4.35325679352199e-16	11	1.22647503437239e-06	::N3-21::N-A05::N3-12::B3-12::N3-10::N3-13::B3-13::B3-10::B-2-27::N3-9::N-3-1::	6
chr5	28146800	28331800	chr5_28146800	22	185000	4.821197573628e-22	31	1.6543360622705e-36	5	4.75865107615324	::N3-14::N-3-4::B3-5::B3-14::B3-16::N-1-7::B-2-15::B-2-14::B-1-10::B3-12::B-1-4::B3-7::B-2-21::B3-2::B3-19::B3-c-9::N3-5::N3-7::N-B05::N-2-15::N-1-10::N-A02::	18
chr5	65540500	65725500	chr5_65540500	11	185000	1.22647503437239e-06	12	6.78686202235772e-08	10	2.03170123085078e-05	::N-2-21::B3-7::B3-2-21::B3-13::N-A12::B-1-10::B3-c-14::N3-2-21::N-1-10::B3-14::N3-14::	7
chr5	99921600	100106600	chr5_99921600	10	185000	2.03170123085078e-05	10	2.03170123085078e-05	7	0.0499594534775442	::N-3-1::N-A02::B-B05::B3-14::B3-1::B3-13::B3-10::N3-1::B3-5::B-1-6::	8
chr5	115333900	115518900	chr5_115333900	7	185000	0.0499594534775442	7	0.0499594534775442	3	215.839412318943	::B-2-21::N-3-4::N3-21::B3-21::B-3-4::B3-c-9::B3-c-14::	3
chr6	17523000	17708000	chr6_17523000	7	185000	0.0499594534775442	7	0.0499594534775442	5	4.75865107615324	::B3-12::B3-c-14::N3-c-14::B-1-10::B-2-21::N-A10::B-A10::	3
chr6	47457200	47642200	chr6_47457200	10	185000	2.03170123085078e-05	10	2.03170123085078e-05	8	0.00414685877774103	::B3-c-28::B-1-10::N-A02::B3-14::B-2-21::B-B03::N-B03::N3-c-9::B3-c-14::B-2-15::	4
chr6	51366900	51551900	chr6_51366900	7	185000	0.0499594534775442	7	0.0499594534775442	4	35.8312791375744	::N-A04::N3-9::B3-16::B3-4::N3-16::N3-4::B3-1-13::	5
chr6	52619900	52804900	chr6_52619900	7	185000	0.0499594534775442	7	0.0499594534775442	5	4.75865107615324	::B3-5::B3-1-13::N3-1-13::N-1-7::B-2-21::N3-c-28::B3-c-28::	4
chr6	115542500	115727500	chr6_115542500	7	185000	0.0499594534775442	7	0.0499594534775442	5	4.75865107615324	::N3-7::B3-c-9::N3-c-9::N-B05::B-B05::N-A10::N-A12::	4
chr6	134086900	134271900	chr6_134086900	7	185000	0.0499594534775442	7	0.0499594534775442	7	0.0499594534775442	::N-2-25::B-1-10::N-A05::B-3-1::N3-9::N-3-1::B-1-4::	3
chr6	136533600	136718600	chr6_136533600	8	185000	0.00414685877774103	8	0.00414685877774103	4	35.8312791375744	::N3-1-13::B-2-12::N-2-12::B3-21::N3-21::N-3-4::B3-1::N3-1::	8
chr7	28780800	28965800	chr7_28780800	7	185000	0.0499594534775442	7	0.0499594534775442	3	215.839412318943	::N-2-21::N-A04::B-A04::N3-16::N3-4::B3-4::B3-16::	1
chr7	65305900	65490900	chr7_65305900	7	185000	0.0499594534775442	7	0.0499594534775442	6	0.526652518172498	::N3-2-21::N3-12::B3-2::B-2-12::B-1-7::N-1-7::N3-1-13::	5
chr7	90132300	90317300	chr7_90132300	15	185000	7.27915612421372e-12	17	1.18003594839812e-14	11	1.22647503437239e-06	::N3-11::B3-11::B-2-23::B3-c-9::N3-8::B3-7::B-A02::N-2-21::B-2-21::B3-13::B3-10::N3-13::N3-10::B3-2-21::B-1-10::	10
chr7	121827000	122012000	chr7_121827000	20	185000	5.05142369814851e-19	20	5.05142369814851e-19	3	215.839412318943	::N3-9::B3-9::N-2-21::N3-4::N-A10::N-3-1::N-2-15::N3-16::N-2-14::N-B05::N-A02::N-A12::N-1-7::N-A07::N-A04::N3-19::N3-5::N-2-23::N3-14::N3-2::	18
chr7	136389300	136574300	chr7_136389300	42	185000	1.07170284045095e-55	42	1.07170284045095e-55	1	2936.96582275031	::N3-1::N-A02::N-2-12::N-A05::N3-4::N-2-14::N3-13::N-2-27::N-2-25::N3-9::N-B05::N3-5::N-2-23::N3-8::N-B03::N-A10::N3-1-13::N-3-4::N3-19::N-A07::N-3-1::N3-11::N3-2-21::N3-10::N-2-15::N3-16::N-1-6::N-2-21::N-A12::N-A04::N-1-10::N3-c-28::N-1-4::N3-21::N3-2::N-1-7::N3-7::N3-c-9::N3-12::N3-c-14::N3-15::N3-14::	42
chr8	80714200	80899200	chr8_80714200	11	185000	1.22647503437239e-06	11	1.22647503437239e-06	5	4.75865107615324	::N3-12::B3-7::B-A05::N3-15::B3-15::N3-1::N3-13::N3-10::B3-13::B3-10::B3-1::	1
chr8	85260100	85445100	chr8_85260100	7	185000	0.0499594534775442	7	0.0499594534775442	6	0.526652518172498	::B3-2-21::N3-2-21::B-2-23::B-A05::N-A05::B-3-4::N-A10::	4
chr8	107157100	107342100	chr8_107157100	7	185000	0.0499594534775442	7	0.0499594534775442	3	215.839412318943	::B3-7::N3-15::N-A05::B3-4::B3-16::N3-16::N3-4::	6
chr8	109676000	109861000	chr8_109676000	16	185000	3.02101307831668e-13	17	1.18003594839812e-14	11	1.22647503437239e-06	::B-A10::B-1-4::B3-1-13::N3-1-13::B3-8::B-1-6::N-1-6::B3-19::N3-19::N3-8::N3-11::B-1-7::N-1-7::N3-14::N-1-9::B3-c-14::	12
chr8	111540800	111725800	chr8_111540800	9	185000	0.000305962562758925	9	0.000305962562758925	6	0.526652518172498	::N-1-10::B3-13::N3-16::N3-4::B3-16::B3-4::B-B03::B-A07::B3-5::	4
chr8	117180700	117365700	chr8_117180700	8	185000	0.00414685877774103	8	0.00414685877774103	5	4.75865107615324	::N3-12::N-A05::B-A05::N-A10::N3-16::N3-4::B3-16::B3-4::	1
chr9	3017500	3202500	chr9_3017500	7	185000	0.0499594534775442	8	0.00414685877774103	3	215.839412318943	::N-B05::N3-5::N-A07::N-1-10::N-A12::N-2-21::N-1-4::	5
chr9	7838700	8023700	chr9_7838700	7	185000	0.0499594534775442	10	2.03170123085078e-05	9	0.000305962562758925	::N-1-6::N-3-4::N3-10::N-1-10::N-2-15::B-2-15::B-3-4::	6
chr9	56126200	56311200	chr9_56126200	7	185000	0.0499594534775442	7	0.0499594534775442	3	215.839412318943	::N-A02::B-A02::N3-11::N3-8::B3-8::B3-11::B-A10::	0
chr9	70455800	70640800	chr9_70455800	11	185000	1.22647503437239e-06	13	3.46670767120647e-09	8	0.00414685877774103	::B-A07::B3-1-13::N3-1-13::N-A07::N3-2-21::N3-c-9::B3-c-9::N-3-1::B3-7::N-2-21::B3-5::	8
chr9	71946600	72131600	chr9_71946600	10	185000	2.03170123085078e-05	11	1.22647503437239e-06	8	0.00414685877774103	::B-A05::B-A12::N-A12::B3-5::N-A07::N-1-4::B-2-25::N-A05::B3-1-13::N-1-6::	7
chr9	107740700	107925700	chr9_107740700	7	185000	0.0499594534775442	7	0.0499594534775442	6	0.526652518172498	::N-2-25::B-1-4::N3-7::N-A12::B-A12::B3-1::N3-c-14::	3
chr9	108217900	108402900	chr9_108217900	9	185000	0.000305962562758925	9	0.000305962562758925	6	0.526652518172498	::B-A04::B3-5::N3-13::N3-10::B3-10::B3-13::N3-5::N3-c-14::N-2-21::	5
chrX	18184100	18369100	chrX_18184100	13	185000	3.46670767120647e-09	13	3.46670767120647e-09	11	1.22647503437239e-06	::N-1-6::B-1-6::B3-7::N3-7::N3-c-9::B3-c-9::B-A02::N-2-15::N3-c-14::B3-12::N3-12::N-A02::N3-1::	5
chrX	77544000	77729000	chrX_77544000	7	185000	0.0499594534775442	7	0.0499594534775442	6	0.526652518172498	::B-2-21::B3-7::B-1-10::B-A07::N3-4::B3-4::B-1-9::	3
chrX	142722900	142907900	chrX_142722900	7	185000	0.0499594534775442	7	0.0499594534775442	4	35.8312791375744	::N3-c-14::N3-7::B3-4::B3-16::N3-4::N3-16::N-2-14::	6
chrX	143483000	143668000	chrX_143483000	8	185000	0.00414685877774103	9	0.000305962562758925	2	975.125359005125	::N-3-1::N-2-15::N3-1::N3-11::N3-12::N-2-23::N-A10::N3-14::	7
chrX	151774300	151959300	chrX_151774300	7	185000	0.0499594534775442	7	0.0499594534775442	6	0.526652518172498	::B-2-21::B3-9::N3-7::N-A12::B-A02::N-A02::B-B03::	4
