chr10	4390900	4405900	chr10_4390900	7	15000	0.0362931802815856	7	0.0362931802815856	6	0.559587313754548	::B-B09::N3-3::N-A08::B-A08::N-B10::B3-17::N-B11::	4
chr10	7764100	7779100	chr10_7764100	8	15000	0.00205963491264609	8	0.00205963491264609	6	0.559587313754548	::B3-3::N3-17::B3-2-22::B-B07::B-2-17::B3-1-15::B-A03::B-A08::	3
chr10	18063700	18078700	chr10_18063700	9	15000	0.000103896984146646	9	0.000103896984146646	3	717.601749112988	::N-A08::N3-1-15::N-A03::B-A08::B-A03::B3-1-15::N-A01::N-B09::B-B09::	0
chr10	18435000	18450000	chr10_18435000	7	15000	0.0362931802815856	7	0.0362931802815856	5	7.39543807133638	::B3-1-3::N-B04::B-B04::B3-1-11::N-B09::N-B08::B-B08::	1
chr10	20333600	20348600	chr10_20333600	7	15000	0.0362931802815856	7	0.0362931802815856	7	0.0362931802815856	::B-B02::N-B02::N-2-26::N-B10::N-A01::B3-1-15::N-2-17::	3
chr10	63322500	63337500	chr10_63322500	8	15000	0.00205963491264609	12	7.36537100363508e-09	7	0.0362931802815856	::N-2-17::B3-1-2::B3-1-15::N3-1-15::N-A03::B-A08::B-A03::B-A01::	9
chr10	108167700	108182700	chr10_108167700	10	15000	4.71691605324861e-06	11	1.94679699810679e-07	5	7.39543807133638	::N-A01::N-B04::N-B09::N3-1-5::B3-1-15::B-A03::N-A08::N3-1-15::N-A03::N-1-2::	11
chr10	108184800	108199800	chr10_108184800	8	15000	0.00205963491264609	10	4.71691605324861e-06	9	0.000103896984146646	::B3-3::B-B11::B3-1-2::B3-2-22::B3-6::B-B10::N-B10::B3-1-3::	2
chr10	117337400	117352400	chr10_117337400	7	15000	0.0362931802815856	7	0.0362931802815856	6	0.559587313754548	::N3-1-5::N-2-17::N-B04::B-B10::B3-6::N-B09::B-B09::	2
chr10	117357400	117372400	chr10_117357400	7	15000	0.0362931802815856	7	0.0362931802815856	6	0.559587313754548	::N3-6::B-A11::N-B02::N-B10::B-B10::B3-6::B-B02::	2
chr10	121833100	121848100	chr10_121833100	7	15000	0.0362931802815856	8	0.00205963491264609	3	717.601749112988	::B-B11::N3-1-5::N-2-26::N-2-9::N-A03::N-B11::N-A11::	0
chr10	123186000	123201000	chr10_123186000	8	15000	0.00205963491264609	8	0.00205963491264609	5	7.39543807133638	::B-B09::N-B09::N3-1-3::N3-1-15::B3-1-15::N3-1-5::N-B04::B-A08::	6
chr11	20057500	20072500	chr11_20057500	7	15000	0.0362931802815856	7	0.0362931802815856	4	81.4476771879328	::B-B10::B-A08::B3-1-11::B-B02::N3-1-11::N-B02::B-2-17::	5
chr11	23260100	23275100	chr11_23260100	7	15000	0.0362931802815856	7	0.0362931802815856	6	0.559587313754548	::B-A01::N-A01::B3-c-32::B3-18::N-B08::N3-17::B-B09::	5
chr11	51595400	51610400	chr11_51595400	7	15000	0.0362931802815856	7	0.0362931802815856	6	0.559587313754548	::B3-1-15::B-B02::B3-17::B-B09::N-B09::B-A01::B3-6::	6
chr11	51723000	51738000	chr11_51723000	7	15000	0.0362931802815856	7	0.0362931802815856	5	7.39543807133638	::N3-1-2::B3-18::B3-6::N-B08::N3-2-36::B3-c-32::B3-2-36::	2
chr11	51991400	52006400	chr11_51991400	7	15000	0.0362931802815856	8	0.00205963491264609	5	7.39543807133638	::N-A03::N3-1-15::N3-3::B-A08::N3-2-2::B3-2-2::B3-2-36::	2
chr11	54530300	54545300	chr11_54530300	8	15000	0.00205963491264609	12	7.36537100363508e-09	4	81.4476771879328	::B3-2-22::B-1-2::N3-1-15::N-A03::N-A08::B3-1-15::B-A03::B-A08::	6
chr11	60122000	60137000	chr11_60122000	7	15000	0.0362931802815856	7	0.0362931802815856	7	0.0362931802815856	::B3-1-15::N-B08::N-1-2::N3-1-3::B3-3::B-2-9::B3-17::	3
chr11	77588300	77603300	chr11_77588300	10	15000	4.71691605324861e-06	14	8.34129827782997e-12	10	4.71691605324861e-06	::B-A01::N-A11::B-A11::B3-3::N3-3::B-B02::B-B10::B-B11::B3-2-2::N-2-17::	7
chr11	77703400	77718400	chr11_77703400	8	15000	0.00205963491264609	9	0.000103896984146646	6	0.559587313754548	::N3-1-15::B3-18::N-2-17::B-B02::B3-6::B3-1-11::B3-c-10::N3-c-10::	7
chr11	79486300	79501300	chr11_79486300	9	15000	0.000103896984146646	10	4.71691605324861e-06	9	0.000103896984146646	::B3-1-11::N-A11::B-A11::B3-1-3::N-B10::B3-18::B-B09::B3-2-36::B3-c-10::	2
chr11	84850500	84865500	chr11_84850500	9	15000	0.000103896984146646	11	1.94679699810679e-07	9	0.000103896984146646	::B-B02::N-B09::B3-1-5::N-2-17::B3-3::B3-2-36::N-A08::B-A08::N-B02::	4
chr11	86343400	86358400	chr11_86343400	9	15000	0.000103896984146646	11	1.94679699810679e-07	7	0.0362931802815856	::N-B02::N-B08::N3-1-11::B-B02::B3-1-11::B-A08::N3-1-3::B3-1-3::B-B08::	3
chr11	86707800	86722800	chr11_86707800	7	15000	0.0362931802815856	8	0.00205963491264609	6	0.559587313754548	::B3-6::B3-2-7::N3-2-7::B3-2-2::B3-3::N-2-17::B3-1-3::	5
chr11	88571800	88586800	chr11_88571800	7	15000	0.0362931802815856	7	0.0362931802815856	2	4741.86884245161	::B-A03::B-A08::B3-1-15::N-A03::N3-1-15::N-A08::N3-2-36::	6
chr11	95430500	95445500	chr11_95430500	7	15000	0.0362931802815856	8	0.00205963491264609	5	7.39543807133638	::N-B09::N3-2-36::B-1-2::B3-1-11::B-B02::N3-1-11::N-B02::	7
chr11	97175900	97190900	chr11_97175900	9	15000	0.000103896984146646	10	4.71691605324861e-06	7	0.0362931802815856	::N3-18::B3-18::B-B11::N3-3::B3-3::B-1-2::N3-2-36::B3-2-36::B-A03::	1
chr11	104390000	104405000	chr11_104390000	7	15000	0.0362931802815856	7	0.0362931802815856	7	0.0362931802815856	::N-B07::B-B09::N3-2-36::B3-3::B-B04::B3-1-3::B-B11::	3
chr11	105212400	105227400	chr11_105212400	7	15000	0.0362931802815856	7	0.0362931802815856	7	0.0362931802815856	::N-A01::N-A08::B-A08::N3-1-5::B3-2-2::B3-1-11::B-1-2::	4
chr11	107639700	107654700	chr11_107639700	8	15000	0.00205963491264609	9	0.000103896984146646	8	0.00205963491264609	::B-B02::B3-18::N3-18::N3-1-5::N3-17::N-A01::B3-2-36::N-B09::	5
chr11	121273400	121288400	chr11_121273400	8	15000	0.00205963491264609	8	0.00205963491264609	4	81.4476771879328	::B-B11::B3-1-2::B-B07::N-B07::N3-1-2::N3-1-3::B3-1-3::N3-1-11::	5
chr12	4923000	4938000	chr12_4923000	7	15000	0.0362931802815856	8	0.00205963491264609	6	0.559587313754548	::B-B11::N-B10::B3-1-11::N-A11::N-B02::N3-1-11::B-B02::	6
chr12	6297800	6312800	chr12_6297800	7	15000	0.0362931802815856	7	0.0362931802815856	1	20889.3211745995	::B3-1-2::B-B09::B-B04::B-A08::B-A11::B3-2-2::N-B07::	1
chr12	8676400	8691400	chr12_8676400	8	15000	0.00205963491264609	9	0.000103896984146646	8	0.00205963491264609	::B-B02::N-B02::N3-1-5::B-2-9::B-B08::N-B08::B3-3::B3-1-5::	7
chr12	16927900	16942900	chr12_16927900	8	15000	0.00205963491264609	8	0.00205963491264609	6	0.559587313754548	::N-A01::B-A01::B-B02::B-B04::N-B04::N3-2-7::B-B11::N3-1-15::	3
chr12	40199600	40214600	chr12_40199600	8	15000	0.00205963491264609	9	0.000103896984146646	7	0.0362931802815856	::B-B10::N3-1-2::B-A11::N-A11::B-B09::N-B09::B-B04::B3-1-11::	4
chr12	50952300	50967300	chr12_50952300	7	15000	0.0362931802815856	7	0.0362931802815856	2	4741.86884245161	::N-A11::B-A11::B-B10::N3-1-11::B3-3::B-A03::B-A01::	2
chr12	83661000	83676000	chr12_83661000	8	15000	0.00205963491264609	8	0.00205963491264609	6	0.559587313754548	::N3-2-36::B3-1-2::B3-1-11::N3-1-11::N3-1-15::N-2-17::B3-2-36::N-2-26::	7
chr12	87368400	87383400	chr12_87368400	7	15000	0.0362931802815856	7	0.0362931802815856	7	0.0362931802815856	::B3-2-36::N3-1-2::N-A11::N3-2-2::N3-2-36::N-B04::N-A01::	4
chr12	105802800	105817800	chr12_105802800	8	15000	0.00205963491264609	8	0.00205963491264609	6	0.559587313754548	::N3-1-2::N3-2-36::N3-2-2::N-B08::B-A01::N3-1-3::N3-2-7::B3-2-7::	2
chr12	111355800	111370800	chr12_111355800	7	15000	0.0362931802815856	7	0.0362931802815856	5	7.39543807133638	::N3-1-2::N-B07::B-B07::B-2-9::B-A03::B-B04::B3-1-2::	0
chr12	111588900	111603900	chr12_111588900	7	15000	0.0362931802815856	7	0.0362931802815856	6	0.559587313754548	::N3-18::B3-18::N3-6::B-A01::B3-1-11::N-B04::B3-3::	2
chr13	24040300	24055300	chr13_24040300	7	15000	0.0362931802815856	10	4.71691605324861e-06	4	81.4476771879328	::N3-1-2::B-A03::B3-1-15::B-A08::N3-1-15::N-A08::N-A03::	7
chr13	43425300	43440300	chr13_43425300	7	15000	0.0362931802815856	8	0.00205963491264609	6	0.559587313754548	::B-B04::B-2-17::N-A11::B3-1-5::N3-1-5::B3-17::B-B02::	6
chr13	43453500	43468500	chr13_43453500	7	15000	0.0362931802815856	7	0.0362931802815856	5	7.39543807133638	::N3-1-2::N3-1-15::N-B07::N-A03::N-A08::B-A03::B3-1-3::	4
chr13	44877600	44892600	chr13_44877600	8	15000	0.00205963491264609	8	0.00205963491264609	6	0.559587313754548	::B3-6::B-1-2::B3-2-2::B-B04::N-B07::B-B07::B3-1-2::N3-18::	1
chr13	47089400	47104400	chr13_47089400	7	15000	0.0362931802815856	7	0.0362931802815856	4	81.4476771879328	::N3-1-15::N-A11::B-B09::N-A03::N-A08::B-A03::B-A08::	1
chr13	94600200	94615200	chr13_94600200	14	15000	8.34129827782997e-12	14	8.34129827782997e-12	2	4741.86884245161	::N-2-26::N-B04::N3-18::N-2-17::N-B07::N-A11::N-B10::N-1-2::N3-1-5::N3-2-36::N3-3::N3-2-2::N3-6::B-A11::	14
chr13	103854700	103869700	chr13_103854700	7	15000	0.0362931802815856	13	2.57221034932814e-10	7	0.0362931802815856	::N3-1-15::B3-1-15::N-A03::B-A08::B-A03::N3-6::B-2-9::	1
chr13	103879700	103894700	chr13_103879700	7	15000	0.0362931802815856	8	0.00205963491264609	5	7.39543807133638	::B3-17::B-B11::N-B08::B-B08::B3-3::N-B09::B-B09::	3
chr13	111836500	111851500	chr13_111836500	10	15000	4.71691605324861e-06	11	1.94679699810679e-07	2	4741.86884245161	::B-B04::B-B08::B-A11::B-B11::B3-18::B-B02::B3-17::B3-2-22::B3-1-15::B3-1-5::	1
chr14	19415800	19430800	chr14_19415800	29	15000	5.9010768617e-37	44	1.40831184571076e-65	21	5.65828128073398e-23	::N-A03::N-A01::N3-6::N3-1-3::N3-3::N3-2-36::B3-2-36::N3-1-15::N3-18::N3-1-5::N-B11::N3-2-22::B3-2-2::N3-17::N3-1-11::B-B04::N-2-17::N-B02::N-2-9::B-B11::N-B10::B3-3::N-1-2::B3-17::N-B04::N-B08::N-B07::N-A08::N3-2-7::	34
chr14	31030400	31045400	chr14_31030400	8	15000	0.00205963491264609	10	4.71691605324861e-06	7	0.0362931802815856	::N3-1-5::B3-c-10::N-2-17::N3-1-3::B3-1-3::N-B11::B-B11::B3-1-2::	4
chr14	31046000	31061000	chr14_31046000	7	15000	0.0362931802815856	8	0.00205963491264609	6	0.559587313754548	::N-B02::B-B11::B-B07::N-B07::B3-c-10::N-B10::N3-c-10::	5
chr14	34472400	34487400	chr14_34472400	8	15000	0.00205963491264609	9	0.000103896984146646	8	0.00205963491264609	::N3-18::B3-2-36::B-A01::B3-1-3::B-A08::B-A11::N-A11::N-B10::	5
chr14	73220300	73235300	chr14_73220300	9	15000	0.000103896984146646	9	0.000103896984146646	3	717.601749112988	::N-B02::B-B11::B-A08::N-B11::B3-1-15::B-A03::N-A03::N3-1-15::N-A08::	8
chr14	73267600	73282600	chr14_73267600	8	15000	0.00205963491264609	13	2.57221034932814e-10	10	4.71691605324861e-06	::N3-2-7::B3-2-22::B-A01::N-A01::B3-c-10::N3-c-10::B-B04::N-B04::	10
chr14	115317100	115332100	chr14_115317100	8	15000	0.00205963491264609	8	0.00205963491264609	1	20889.3211745995	::N-A11::N-A01::N3-18::N-2-9::N-A08::N3-1-5::N3-1-3::N3-1-11::	0
chr15	12153400	12168400	chr15_12153400	8	15000	0.00205963491264609	9	0.000103896984146646	8	0.00205963491264609	::N3-1-3::N3-1-11::N-A11::B3-2-36::B-B02::B-A08::B-B07::N-B07::	5
chr15	34107200	34122200	chr15_34107200	8	15000	0.00205963491264609	8	0.00205963491264609	6	0.559587313754548	::N-B07::N3-2-2::N-B08::B-B10::B-B04::N3-1-2::B3-1-2::B-B07::	3
chr15	38026900	38041900	chr15_38026900	9	15000	0.000103896984146646	10	4.71691605324861e-06	8	0.00205963491264609	::N3-1-5::N-2-26::N-A01::B-A01::B-B04::B3-1-5::N-B04::N3-17::N-B02::	7
chr15	68343000	68358000	chr15_68343000	7	15000	0.0362931802815856	10	4.71691605324861e-06	5	7.39543807133638	::N-A01::B-A01::B3-2-2::N3-1-5::B-B10::N3-2-7::N-B10::	4
chr15	77148500	77163500	chr15_77148500	7	15000	0.0362931802815856	7	0.0362931802815856	4	81.4476771879328	::B-B08::N-B07::N3-1-2::B-B07::B3-1-2::B-A03::N-B02::	3
chr15	77293700	77308700	chr15_77293700	7	15000	0.0362931802815856	7	0.0362931802815856	2	4741.86884245161	::B-A08::B3-1-15::B-A03::N-A08::N3-1-15::N-A03::B-B02::	6
chr15	80912500	80927500	chr15_80912500	10	15000	4.71691605324861e-06	13	2.57221034932814e-10	12	7.36537100363508e-09	::N3-6::N-B04::B-1-2::N3-1-5::B-B04::N3-2-22::B-B08::N3-1-2::N-A01::B-B10::	6
chr15	93949900	93964900	chr15_93949900	8	15000	0.00205963491264609	8	0.00205963491264609	1	20889.3211745995	::N-B11::N3-1-2::N-2-9::N-A01::N-B07::N-B02::N-A03::N3-c-10::	8
chr15	99974300	99989300	chr15_99974300	8	15000	0.00205963491264609	9	0.000103896984146646	7	0.0362931802815856	::N-A08::B3-1-15::N3-1-15::N-2-17::N-B10::N-1-2::B3-2-2::B-2-17::	4
chr15	101181900	101196900	chr15_101181900	9	15000	0.000103896984146646	9	0.000103896984146646	3	717.601749112988	::B-B09::B3-17::N-A01::B3-1-15::B-A03::B-A08::N3-1-15::N-A08::N-A03::	8
chr15	102079000	102094000	chr15_102079000	11	15000	1.94679699810679e-07	11	1.94679699810679e-07	8	0.00205963491264609	::N3-17::N-B08::N-1-2::B-2-9::B-B10::N3-3::B3-3::N3-1-5::B-2-26::N-2-26::N-B11::	4
chr15	103241900	103256900	chr15_103241900	7	15000	0.0362931802815856	7	0.0362931802815856	5	7.39543807133638	::B-B08::N-B08::N-A11::B3-6::N-1-2::B-B11::N-B11::	6
chr16	4133800	4148800	chr16_4133800	8	15000	0.00205963491264609	8	0.00205963491264609	8	0.00205963491264609	::B3-17::B3-c-10::B-B09::N-A01::N-1-2::B3-1-11::B-B10::B3-2-22::	3
chr16	8728600	8743600	chr16_8728600	7	15000	0.0362931802815856	7	0.0362931802815856	5	7.39543807133638	::B3-2-36::B3-2-22::N3-2-22::N3-18::B3-2-2::B-2-17::N-2-17::	7
chr16	8840500	8855500	chr16_8840500	7	15000	0.0362931802815856	7	0.0362931802815856	3	717.601749112988	::N3-1-3::B3-2-22::B3-1-3::B-B11::B-A08::N-A08::N-B11::	3
chr16	23111600	23126600	chr16_23111600	7	15000	0.0362931802815856	8	0.00205963491264609	5	7.39543807133638	::B-B02::N-B02::N3-1-5::N-B09::B3-18::N3-18::N3-1-11::	3
chr16	38152800	38167800	chr16_38152800	7	15000	0.0362931802815856	8	0.00205963491264609	7	0.0362931802815856	::B-B10::B-A08::B-B09::B-B02::B-1-2::N-1-2::B-B07::	4
chr16	55806100	55821100	chr16_55806100	7	15000	0.0362931802815856	7	0.0362931802815856	4	81.4476771879328	::B-1-2::N3-1-3::N-B11::B-B09::B3-1-3::N3-1-5::B3-2-22::	2
chr16	94611300	94626300	chr16_94611300	8	15000	0.00205963491264609	8	0.00205963491264609	6	0.559587313754548	::N3-2-22::N3-1-5::B-B07::B-1-2::N-1-2::N-B08::B3-2-2::N3-2-2::	6
chr16	96028800	96043800	chr16_96028800	7	15000	0.0362931802815856	7	0.0362931802815856	4	81.4476771879328	::N-1-2::B3-1-3::B-B11::N3-1-3::N-B09::B3-2-36::N3-1-15::	6
chr17	3214400	3229400	chr17_3214400	7	15000	0.0362931802815856	8	0.00205963491264609	7	0.0362931802815856	::B-A08::B3-1-3::B-B10::B3-2-2::B-B02::N3-17::B3-17::	4
chr17	31334600	31349600	chr17_31334600	7	15000	0.0362931802815856	7	0.0362931802815856	5	7.39543807133638	::B3-1-11::N3-1-3::B3-2-2::N-B07::N3-1-2::N-B08::B-B08::	3
chr17	32255200	32270200	chr17_32255200	7	15000	0.0362931802815856	7	0.0362931802815856	5	7.39543807133638	::B-B02::B3-1-2::N3-1-2::N-B08::B-2-17::N-2-17::B-A08::	7
chr17	32271400	32286400	chr17_32271400	7	15000	0.0362931802815856	7	0.0362931802815856	5	7.39543807133638	::B3-1-2::N-2-17::B-2-17::N-B09::N3-1-5::B3-6::N3-6::	3
chr17	33664700	33679700	chr17_33664700	11	15000	1.94679699810679e-07	11	1.94679699810679e-07	8	0.00205963491264609	::B-2-17::N3-2-7::B3-1-2::N3-6::B3-1-3::B3-17::B-B10::N-B10::B-B02::N-1-2::B-1-2::	5
chr17	53483400	53498400	chr17_53483400	7	15000	0.0362931802815856	7	0.0362931802815856	7	0.0362931802815856	::N-B08::B-2-9::N-A08::N-B10::B3-2-2::B3-6::B-B02::	3
chr17	80459600	80474600	chr17_80459600	7	15000	0.0362931802815856	7	0.0362931802815856	5	7.39543807133638	::B-2-26::N-2-26::B3-2-22::N3-2-36::N3-1-11::N3-2-7::B3-2-7::	3
chr18	3005100	3020100	chr18_3005100	11	15000	1.94679699810679e-07	11	1.94679699810679e-07	6	0.559587313754548	::B3-2-2::B3-2-36::N-B10::B3-1-3::B3-2-22::N3-2-36::N-2-17::B3-17::N-B04::B-A08::B3-1-15::	6
chr18	6451900	6466900	chr18_6451900	8	15000	0.00205963491264609	10	4.71691605324861e-06	8	0.00205963491264609	::B3-6::B-1-2::N-1-2::N-B10::B-B10::N-B07::B-B04::N-B08::	5
chr18	9435100	9450100	chr18_9435100	8	15000	0.00205963491264609	8	0.00205963491264609	6	0.559587313754548	::B-B04::B-B07::B3-3::N3-3::B-A01::N-A01::N-2-17::B-B11::	6
chr18	12143000	12158000	chr18_12143000	7	15000	0.0362931802815856	9	0.000103896984146646	8	0.00205963491264609	::B3-1-2::N3-1-2::N-B09::B-B09::B-B10::N-A11::B-2-9::	6
chr18	34263200	34278200	chr18_34263200	7	15000	0.0362931802815856	7	0.0362931802815856	7	0.0362931802815856	::B-B02::B3-2-22::B-2-9::N3-1-5::B3-c-32::B3-2-36::N3-1-11::	2
chr18	35151700	35166700	chr18_35151700	9	15000	0.000103896984146646	10	4.71691605324861e-06	7	0.0362931802815856	::B3-6::B-A01::N-A01::B-B09::N-A11::N3-1-5::N-A08::B-A08::B-1-2::	5
chr18	35576200	35591200	chr18_35576200	7	15000	0.0362931802815856	9	0.000103896984146646	8	0.00205963491264609	::B-A01::N-A01::B3-c-10::B3-6::B3-2-22::B-B02::N-B11::	5
chr18	35787400	35802400	chr18_35787400	11	15000	1.94679699810679e-07	12	7.36537100363508e-09	9	0.000103896984146646	::B3-6::N-A01::N3-2-7::B3-2-7::B-A11::N3-3::N-A08::N-B11::B-B11::N-B09::N-A11::	1
chr18	38421800	38436800	chr18_38421800	8	15000	0.00205963491264609	11	1.94679699810679e-07	9	0.000103896984146646	::B-A01::N3-6::N-A01::N-1-2::B3-2-36::N-B08::B-B08::B3-3::	3
chr18	53939100	53954100	chr18_53939100	8	15000	0.00205963491264609	9	0.000103896984146646	7	0.0362931802815856	::B-B02::N-1-2::B-1-2::N-B10::N-B04::N3-1-5::B3-1-3::N3-6::	3
chr18	70610300	70625300	chr18_70610300	7	15000	0.0362931802815856	8	0.00205963491264609	6	0.559587313754548	::B3-6::N3-6::B-A01::N-B02::B-A08::N3-1-11::B3-2-36::	3
chr18	73571800	73586800	chr18_73571800	9	15000	0.000103896984146646	10	4.71691605324861e-06	7	0.0362931802815856	::B-A11::B3-6::B3-18::B3-2-22::N3-2-22::B-B07::N-2-9::B-1-2::N-1-2::	8
chr19	3886700	3901700	chr19_3886700	7	15000	0.0362931802815856	7	0.0362931802815856	5	7.39543807133638	::N-B08::N3-2-7::B3-2-7::B-B11::N3-17::B3-17::N-A08::	3
chr19	4341000	4356000	chr19_4341000	7	15000	0.0362931802815856	7	0.0362931802815856	4	81.4476771879328	::N3-1-2::B-B11::B3-1-3::B-B09::N3-1-3::N-B09::B3-6::	6
chr19	5822400	5837400	chr19_5822400	7	15000	0.0362931802815856	7	0.0362931802815856	6	0.559587313754548	::B-A08::N-1-2::N-B04::B3-6::N-2-17::N3-1-3::B3-1-3::	2
chr19	12761200	12776200	chr19_12761200	9	15000	0.000103896984146646	9	0.000103896984146646	6	0.559587313754548	::B-B10::B-2-26::B-A08::N-B04::N3-1-5::B3-1-5::B-B04::N-B09::N-B10::	5
chr19	23177400	23192400	chr19_23177400	7	15000	0.0362931802815856	7	0.0362931802815856	3	717.601749112988	::N3-1-3::N3-2-7::N3-1-15::N-A03::B-A03::B-A08::B3-1-15::	0
chr19	32791900	32806900	chr19_32791900	8	15000	0.00205963491264609	8	0.00205963491264609	6	0.559587313754548	::B-A08::B-2-17::N3-1-2::B3-1-2::B-B10::N-2-17::N3-1-3::B3-1-3::	3
chr19	47456200	47471200	chr19_47456200	7	15000	0.0362931802815856	7	0.0362931802815856	2	4741.86884245161	::B3-1-2::B-B07::B3-1-3::N3-1-2::N-B07::B3-1-15::N3-1-15::	7
chr19	53960000	53975000	chr19_53960000	7	15000	0.0362931802815856	7	0.0362931802815856	6	0.559587313754548	::B-A08::N3-1-2::N-B10::N-1-2::B3-17::N-A11::B-A11::	2
chr2	18170000	18185000	chr2_18170000	9	15000	0.000103896984146646	9	0.000103896984146646	6	0.559587313754548	::B-A01::B3-6::N-B04::N3-18::B3-1-11::B-B07::B3-1-2::N-B07::N3-1-2::	6
chr2	22968700	22983700	chr2_22968700	8	15000	0.00205963491264609	10	4.71691605324861e-06	9	0.000103896984146646	::B-B09::B-1-2::B3-1-2::N-B02::N3-1-3::B-B08::N-B08::N3-2-7::	7
chr2	35176700	35191700	chr2_35176700	9	15000	0.000103896984146646	9	0.000103896984146646	8	0.00205963491264609	::B-B02::B3-18::B3-3::N3-2-36::N3-1-3::B3-2-36::B3-2-22::B-A11::N-A11::	6
chr2	48816400	48831400	chr2_48816400	9	15000	0.000103896984146646	11	1.94679699810679e-07	9	0.000103896984146646	::B3-c-10::B-B11::N3-1-5::N3-2-36::N-2-17::B-2-17::B-A11::N-A11::B3-2-22::	8
chr2	49527200	49542200	chr2_49527200	7	15000	0.0362931802815856	7	0.0362931802815856	7	0.0362931802815856	::B-B11::B-B10::N3-1-15::N3-1-2::B3-2-22::N-A01::N-B10::	4
chr2	60240400	60255400	chr2_60240400	8	15000	0.00205963491264609	9	0.000103896984146646	8	0.00205963491264609	::N3-2-7::N-A11::B-A11::B3-2-36::B-A01::B-B07::B3-1-11::B3-2-22::	3
chr2	69900100	69915100	chr2_69900100	7	15000	0.0362931802815856	8	0.00205963491264609	7	0.0362931802815856	::B3-3::N3-3::B3-2-36::B-B10::N-1-2::B3-18::B-1-2::	4
chr2	72964800	72979800	chr2_72964800	7	15000	0.0362931802815856	8	0.00205963491264609	6	0.559587313754548	::B3-2-36::N3-2-36::N-A01::B-A01::B-B10::N3-17::B-A08::	2
chr2	84696900	84711900	chr2_84696900	7	15000	0.0362931802815856	7	0.0362931802815856	6	0.559587313754548	::N3-18::B3-3::N-1-2::B3-1-11::B-B02::B-A08::N-A08::	4
chr2	91005600	91020600	chr2_91005600	7	15000	0.0362931802815856	9	0.000103896984146646	6	0.559587313754548	::B-B02::B-A03::N-B02::N3-2-36::B3-c-32::B3-2-36::B-B09::	3
chr2	98653800	98668800	chr2_98653800	50	15000	1.07784060948752e-77	325	0	26	1.38256464587757e-31	::B-A08::N3-2-36::N3-2-2::N-1-2::N-A01::N-B07::N3-6::N-B10::N-2-26::N-A11::N-B04::N-B09::N-A08::N-B08::N-B11::N3-2-7::N-A03::N3-1-11::N3-18::N3-1-15::N3-17::N3-1-3::N-2-17::N3-1-5::N-2-9::N-B02::B-B02::N3-2-22::N3-1-2::B3-1-11::B3-2-7::B3-17::B3-6::B3-2-2::B3-1-2::B-1-2::N3-3::B-B07::B-B11::B-B10::B3-1-3::B3-2-22::B-A01::B-B08::B3-1-5::B-B04::N3-c-10::B3-1-15::B-A11::B3-2-36::	155
chr2	120386300	120401300	chr2_120386300	8	15000	0.00205963491264609	8	0.00205963491264609	7	0.0362931802815856	::B3-2-2::B-A08::B3-3::B3-6::B3-1-2::B-B02::N-B10::B3-17::	6
chr2	121966200	121981200	chr2_121966200	10	15000	4.71691605324861e-06	10	4.71691605324861e-06	8	0.00205963491264609	::N-B04::B3-18::N3-18::B3-1-2::N3-1-2::B3-2-22::B-B04::B-A03::B-A08::B3-c-10::	3
chr2	136752300	136767300	chr2_136752300	9	15000	0.000103896984146646	10	4.71691605324861e-06	6	0.559587313754548	::B-B04::B-B07::N-B07::N-2-17::B3-18::N3-6::N3-1-5::N-B04::B3-1-5::	3
chr2	154849300	154864300	chr2_154849300	8	15000	0.00205963491264609	8	0.00205963491264609	7	0.0362931802815856	::B-B04::N-B02::B-B02::N3-2-22::N-B08::N3-1-5::B-B10::N-2-9::	4
chr2	160645200	160660200	chr2_160645200	7	15000	0.0362931802815856	7	0.0362931802815856	5	7.39543807133638	::N-B09::B3-2-2::B-B02::N-A01::N-2-17::N-B04::N-B08::	3
chr2	160693100	160708100	chr2_160693100	7	15000	0.0362931802815856	7	0.0362931802815856	7	0.0362931802815856	::B-B10::B3-1-11::B3-2-36::B3-2-2::B3-1-5::N-A08::N-1-2::	4
chr2	163628800	163643800	chr2_163628800	17	15000	1.91310631816158e-16	21	5.65828128073398e-23	6	0.559587313754548	::B3-6::N-B09::B-B02::B3-2-7::B-B04::B-B09::B-B07::B3-1-2::B-B10::B-B08::B-A08::B-1-2::B3-2-2::B-B11::B3-3::B-A11::B3-1-3::	5
chr2	165014300	165029300	chr2_165014300	7	15000	0.0362931802815856	7	0.0362931802815856	7	0.0362931802815856	::B3-1-5::B3-6::N-2-26::B-B11::N-B10::N-B04::N3-1-5::	3
chr2	179941300	179956300	chr2_179941300	8	15000	0.00205963491264609	8	0.00205963491264609	7	0.0362931802815856	::B-B02::N-B11::N3-2-36::B3-2-2::N-2-26::N3-17::N3-18::B3-18::	0
chr2	180684700	180699700	chr2_180684700	8	15000	0.00205963491264609	8	0.00205963491264609	7	0.0362931802815856	::B-B04::B-A08::B3-6::N-A11::B-A11::B3-2-36::B-B02::N-B02::	4
chr2	181917300	181932300	chr2_181917300	8	15000	0.00205963491264609	8	0.00205963491264609	6	0.559587313754548	::N3-2-36::B3-2-36::N3-1-2::B-B10::N-1-2::B-A01::B3-2-22::B3-1-11::	5
chr3	16185000	16200000	chr3_16185000	8	15000	0.00205963491264609	8	0.00205963491264609	7	0.0362931802815856	::N3-3::B-B02::N-A11::N3-6::B3-6::B-B08::N3-1-11::B-1-2::	3
chr3	31101900	31116900	chr3_31101900	7	15000	0.0362931802815856	8	0.00205963491264609	8	0.00205963491264609	::B3-3::N-B09::N-A08::B3-6::B3-1-2::N-A11::B-B10::	5
chr3	33039900	33054900	chr3_33039900	11	15000	1.94679699810679e-07	12	7.36537100363508e-09	5	7.39543807133638	::B-B07::N-B07::N3-1-3::B3-1-3::B-B10::N-B04::N-B11::N3-1-5::N-A01::B3-1-5::B-B04::	3
chr3	51259000	51274000	chr3_51259000	8	15000	0.00205963491264609	11	1.94679699810679e-07	8	0.00205963491264609	::B3-17::B-B10::N3-1-2::N3-1-15::N3-18::B-B07::B3-1-2::N-B07::	6
chr3	69113300	69128300	chr3_69113300	9	15000	0.000103896984146646	10	4.71691605324861e-06	8	0.00205963491264609	::N3-2-2::B3-6::B-B09::N-B09::N-B08::B-A01::N3-18::B-B08::B-B04::	6
chr3	88954600	88969600	chr3_88954600	8	15000	0.00205963491264609	8	0.00205963491264609	7	0.0362931802815856	::B-B10::N3-18::N3-1-2::B3-1-2::N-B08::B-B02::B-B09::B3-2-36::	2
chr3	90326400	90341400	chr3_90326400	8	15000	0.00205963491264609	8	0.00205963491264609	7	0.0362931802815856	::N-B07::B3-1-2::N-A01::N-1-2::B-1-2::B-B10::N-2-17::N3-2-36::	3
chr3	96626900	96641900	chr3_96626900	7	15000	0.0362931802815856	7	0.0362931802815856	3	717.601749112988	::N3-1-2::N3-1-15::N-A03::B3-1-15::B-A03::B-A08::B3-1-2::	2
chr3	103024800	103039800	chr3_103024800	8	15000	0.00205963491264609	8	0.00205963491264609	6	0.559587313754548	::B-A11::N-A11::B3-18::B3-2-22::N-A01::B3-1-11::N-B09::B-B10::	4
chr3	103284200	103299200	chr3_103284200	9	15000	0.000103896984146646	9	0.000103896984146646	9	0.000103896984146646	::N3-18::B3-2-2::B-B09::N3-3::B-B10::B3-3::B-1-2::B3-6::B3-1-5::	4
chr3	103337700	103352700	chr3_103337700	8	15000	0.00205963491264609	11	1.94679699810679e-07	8	0.00205963491264609	::B-B07::B-A11::N-A11::B-A08::B-2-9::N-B07::B-B09::N-A08::	7
chr3	105943000	105958000	chr3_105943000	7	15000	0.0362931802815856	10	4.71691605324861e-06	7	0.0362931802815856	::N-B11::B3-18::N-2-17::N-B02::B-2-17::B-B08::B3-6::	5
chr3	107311000	107326000	chr3_107311000	8	15000	0.00205963491264609	9	0.000103896984146646	7	0.0362931802815856	::N3-17::B-A03::N3-2-7::B3-2-2::N3-2-2::N-B08::B-B08::B3-1-11::	4
chr3	116640500	116655500	chr3_116640500	8	15000	0.00205963491264609	8	0.00205963491264609	7	0.0362931802815856	::N-B04::N-B11::B3-2-2::N-B10::B-B10::B3-17::N3-1-2::N-A11::	1
chr3	135455700	135470700	chr3_135455700	17	15000	1.91310631816158e-16	18	4.82527208070871e-18	11	1.94679699810679e-07	::B3-6::B-A01::B3-3::N-B09::N-2-17::N-B02::B-B02::B3-1-15::B-A08::B-A03::N-A08::N3-1-15::N-A03::N3-2-36::N3-17::B3-18::N3-18::	12
chr3	142812800	142827800	chr3_142812800	7	15000	0.0362931802815856	7	0.0362931802815856	4	81.4476771879328	::N3-2-7::B-B09::B3-1-2::B-B07::N3-1-2::N-B07::N-B04::	5
chr3	152223200	152238200	chr3_152223200	7	15000	0.0362931802815856	7	0.0362931802815856	6	0.559587313754548	::B3-2-36::N-A01::B-1-2::N3-1-15::N-B10::B-A01::B-A08::	4
chr4	13756000	13771000	chr4_13756000	7	15000	0.0362931802815856	7	0.0362931802815856	3	717.601749112988	::B-A08::N-A03::N3-1-15::N-A08::B-A03::B3-1-15::B3-1-5::	0
chr4	47355200	47370200	chr4_47355200	9	15000	0.000103896984146646	16	7.16362463865309e-15	10	4.71691605324861e-06	::B3-18::N-A11::B-A11::B3-1-3::N-A08::B-A08::N-B08::B-B08::B3-6::	3
chr4	91294200	91309200	chr4_91294200	7	15000	0.0362931802815856	7	0.0362931802815856	4	81.4476771879328	::B-B04::N-A01::N3-1-5::N-B04::B3-1-5::B3-18::N3-18::	2
chr4	91351900	91366900	chr4_91351900	7	15000	0.0362931802815856	7	0.0362931802815856	6	0.559587313754548	::B3-2-36::N-2-17::B-2-26::N-2-26::B3-1-2::N-A03::N3-1-5::	4
chr4	103121100	103136100	chr4_103121100	12	15000	7.36537100363508e-09	12	7.36537100363508e-09	6	0.559587313754548	::N3-17::B-B02::B3-2-22::N3-1-5::B3-1-15::B-A03::B-A08::N-A03::N3-1-15::N-A08::N-A01::B3-1-3::	10
chr4	114968900	114983900	chr4_114968900	7	15000	0.0362931802815856	8	0.00205963491264609	5	7.39543807133638	::B3-1-11::N3-1-15::B3-1-15::B-2-9::N-2-9::B3-2-7::B3-6::	5
chr4	116599100	116614100	chr4_116599100	8	15000	0.00205963491264609	8	0.00205963491264609	5	7.39543807133638	::N3-2-7::B-A08::N3-1-5::N-B04::B-B04::B3-1-5::N3-3::N-A03::	2
chr4	127027300	127042300	chr4_127027300	8	15000	0.00205963491264609	9	0.000103896984146646	9	0.000103896984146646	::N-B08::N-B09::B-B02::B3-2-2::B3-1-5::B-B04::B3-1-11::N3-1-3::	5
chr4	129723900	129738900	chr4_129723900	11	15000	1.94679699810679e-07	11	1.94679699810679e-07	9	0.000103896984146646	::N-A01::N3-18::B-A08::N-2-9::B-2-9::N-B08::B-B08::B-B04::B-A11::N3-6::N-B02::	5
chr4	130758000	130773000	chr4_130758000	9	15000	0.000103896984146646	9	0.000103896984146646	7	0.0362931802815856	::N-B07::B-B10::B-B07::N-A11::N-B09::B-B09::B-B02::B3-2-22::N3-2-22::	3
chr4	132172500	132187500	chr4_132172500	8	15000	0.00205963491264609	8	0.00205963491264609	7	0.0362931802815856	::B3-17::B-B08::N-B08::B-A01::B-A11::B-A08::N3-1-3::B-B07::	6
chr4	136333200	136348200	chr4_136333200	8	15000	0.00205963491264609	9	0.000103896984146646	8	0.00205963491264609	::B-B11::N-B04::B-B04::B-B08::B-A01::N-B07::B3-c-32::N-A01::	4
chr4	136545400	136560400	chr4_136545400	7	15000	0.0362931802815856	7	0.0362931802815856	2	4741.86884245161	::B3-2-36::B3-1-15::B-A08::B-A03::N3-1-15::N-A08::N-A03::	6
chr4	136571200	136586200	chr4_136571200	8	15000	0.00205963491264609	9	0.000103896984146646	7	0.0362931802815856	::B3-6::N-B08::B-B08::B-A08::N3-1-5::B-A01::B3-2-2::N-A01::	6
chr4	138220500	138235500	chr4_138220500	7	15000	0.0362931802815856	7	0.0362931802815856	6	0.559587313754548	::B-B09::N3-1-3::B-B08::B-1-2::B3-18::N3-18::B-A08::	7
chr4	141693700	141708700	chr4_141693700	7	15000	0.0362931802815856	7	0.0362931802815856	6	0.559587313754548	::B-B02::B3-2-7::N3-2-7::B-A11::N-A01::N-A08::N3-1-15::	4
chr4	154343100	154358100	chr4_154343100	7	15000	0.0362931802815856	7	0.0362931802815856	3	717.601749112988	::N-B11::N-B07::N3-1-2::N-B08::B3-1-2::B3-2-36::B3-c-32::	0
chr4	155494000	155509000	chr4_155494000	7	15000	0.0362931802815856	7	0.0362931802815856	4	81.4476771879328	::B-2-9::N-2-9::B-B11::B3-17::B3-2-36::B3-c-32::N3-2-36::	5
chr5	24110600	24125600	chr5_24110600	7	15000	0.0362931802815856	7	0.0362931802815856	3	717.601749112988	::B3-1-15::B-A08::B-A03::N3-1-15::N-A03::N-2-17::N-B08::	7
chr5	25278800	25293800	chr5_25278800	11	15000	1.94679699810679e-07	16	7.16362463865309e-15	10	4.71691605324861e-06	::B-A11::B3-2-7::B-B09::N3-2-7::N-2-17::N-2-9::B-2-9::B3-1-2::B-1-2::N3-2-2::B3-2-2::	8
chr5	25326000	25341000	chr5_25326000	9	15000	0.000103896984146646	12	7.36537100363508e-09	10	4.71691605324861e-06	::B-2-9::N3-1-3::B-2-17::B3-1-2::N-2-17::N3-1-15::N3-2-7::B3-1-15::B3-2-36::	7
chr5	25347600	25362600	chr5_25347600	8	15000	0.00205963491264609	13	2.57221034932814e-10	10	4.71691605324861e-06	::B-2-9::B3-2-2::N-2-9::N3-1-15::N-A03::B-B10::B-B07::B3-2-7::	7
chr5	25377100	25392100	chr5_25377100	13	15000	2.57221034932814e-10	15	2.52462918436573e-13	8	0.00205963491264609	::N3-2-2::B3-1-2::B-A08::B3-1-15::B-A03::N-A08::N3-1-15::N-A03::N3-2-7::B-B08::B3-18::B-2-9::N-2-9::	13
chr5	25404700	25419700	chr5_25404700	17	15000	1.91310631816158e-16	24	4.36001910280857e-28	14	8.34129827782997e-12	::B-A11::B-B10::N3-1-2::N-2-9::B3-1-2::B-B07::B3-2-2::N-B07::N3-2-2::B-2-9::B-A08::N-B10::B3-1-3::B3-1-15::N3-1-15::B3-2-22::N3-2-22::	18
chr5	25466900	25481900	chr5_25466900	7	15000	0.0362931802815856	10	4.71691605324861e-06	7	0.0362931802815856	::B-1-2::B3-6::B3-1-3::N3-1-3::B-2-9::B3-2-7::N3-2-7::	7
chr5	25484800	25499800	chr5_25484800	11	15000	1.94679699810679e-07	13	2.57221034932814e-10	11	1.94679699810679e-07	::B3-2-36::B-2-9::B3-17::B3-1-2::B-B08::N-2-9::B-2-17::N-2-17::N3-1-3::N-B07::N3-2-36::	8
chr5	28169800	28184800	chr5_28169800	43	15000	1.36488576045131e-63	89	8.37701249335052e-163	5	7.39543807133638	::N-A08::N-B09::N3-1-5::N3-2-2::N-1-2::B-B10::B3-6::B-A08::B-1-2::B-B04::B3-1-2::N-A11::B3-1-3::B-2-9::N-B04::N3-1-11::N3-3::B-B11::B-2-17::B-B08::B-B09::B-B07::B-A01::B3-2-36::B3-2-2::B-A11::B3-3::B3-17::B3-1-11::B3-18::B-B02::B3-1-5::B3-2-22::N-B02::N-A01::N-B10::N-B08::N3-18::N-A03::B3-1-15::B3-c-10::N3-1-2::B3-2-7::	57
chr5	31887500	31902500	chr5_31887500	8	15000	0.00205963491264609	8	0.00205963491264609	6	0.559587313754548	::B3-1-11::B3-c-10::N-B04::B-A11::N-A11::N3-3::B-1-2::N-1-2::	5
chr5	36675200	36690200	chr5_36675200	8	15000	0.00205963491264609	9	0.000103896984146646	6	0.559587313754548	::B3-1-2::B3-1-3::N3-1-3::B-B10::B3-18::N3-18::N-2-17::B-2-17::	6
chr5	43258100	43273100	chr5_43258100	7	15000	0.0362931802815856	7	0.0362931802815856	5	7.39543807133638	::N-A01::B-A01::N-1-2::B3-c-10::N3-1-5::N-B04::B3-6::	4
chr5	52161700	52176700	chr5_52161700	8	15000	0.00205963491264609	8	0.00205963491264609	7	0.0362931802815856	::B-B11::B-B10::N3-3::B-A11::N-A11::N-B08::B-A08::B-B02::	5
chr5	65632200	65647200	chr5_65632200	7	15000	0.0362931802815856	7	0.0362931802815856	5	7.39543807133638	::B3-1-11::B3-6::N3-6::B-1-2::B3-18::N3-18::N-B02::	6
chr5	86825800	86840800	chr5_86825800	8	15000	0.00205963491264609	10	4.71691605324861e-06	7	0.0362931802815856	::N-1-2::B-B09::N-B09::B3-2-2::N3-2-2::B3-2-36::N3-2-36::B-B10::	7
chr5	93180100	93195100	chr5_93180100	7	15000	0.0362931802815856	12	7.36537100363508e-09	10	4.71691605324861e-06	::B-B09::B3-17::B-B10::B3-18::B-2-9::B3-3::N3-18::	5
chr5	99958000	99973000	chr5_99958000	7	15000	0.0362931802815856	8	0.00205963491264609	7	0.0362931802815856	::N-B09::N-A11::B3-6::N3-1-11::B3-2-36::N-B10::B-B10::	6
chr5	103845900	103860900	chr5_103845900	7	15000	0.0362931802815856	10	4.71691605324861e-06	5	7.39543807133638	::N3-2-2::B-B02::N3-1-5::N3-1-11::N-B02::B3-1-11::B3-6::	2
chr5	115256200	115271200	chr5_115256200	8	15000	0.00205963491264609	8	0.00205963491264609	6	0.559587313754548	::B-B02::N3-2-7::B3-6::B3-1-11::N-B02::N3-1-11::B3-17::B-B09::	6
chr5	121717000	121732000	chr5_121717000	8	15000	0.00205963491264609	8	0.00205963491264609	6	0.559587313754548	::N-B02::N-2-26::B3-c-10::N-1-2::B-1-2::B3-2-22::B3-6::B-B09::	3
chr5	121756400	121771400	chr5_121756400	8	15000	0.00205963491264609	8	0.00205963491264609	6	0.559587313754548	::N-B08::B-B09::N3-c-32::N3-2-36::B3-2-36::B3-3::N-1-2::B-B10::	2
chr5	122469000	122484000	chr5_122469000	8	15000	0.00205963491264609	9	0.000103896984146646	7	0.0362931802815856	::B3-1-3::B-A01::N-A01::B-B02::N-1-2::N-B08::N-B02::B3-3::	6
chr5	125149900	125164900	chr5_125149900	7	15000	0.0362931802815856	7	0.0362931802815856	7	0.0362931802815856	::B3-2-36::B-B10::N3-2-7::N3-1-15::N-A11::N3-2-36::B3-6::	4
chr5	134257600	134272600	chr5_134257600	7	15000	0.0362931802815856	7	0.0362931802815856	5	7.39543807133638	::N-B04::N-B07::N3-18::B3-6::B-2-17::B-A08::N-A11::	2
chr5	135193600	135208600	chr5_135193600	7	15000	0.0362931802815856	9	0.000103896984146646	8	0.00205963491264609	::N3-1-3::B3-1-3::B-A08::N-B08::N3-2-22::N3-2-7::B3-1-5::	6
chr5	137505300	137520300	chr5_137505300	7	15000	0.0362931802815856	8	0.00205963491264609	6	0.559587313754548	::N3-1-5::N-1-2::N3-2-2::B-1-2::B-2-9::N-2-9::B3-17::	5
chr5	137669800	137684800	chr5_137669800	9	15000	0.000103896984146646	9	0.000103896984146646	4	81.4476771879328	::B-A03::B3-1-15::B-A08::N3-1-15::N-A03::N-A08::B3-2-36::N-2-17::N-A11::	8
chr5	144267500	144282500	chr5_144267500	10	15000	4.71691605324861e-06	11	1.94679699810679e-07	8	0.00205963491264609	::N3-2-36::N3-1-5::B3-1-3::N3-1-3::N3-1-2::B3-1-2::B3-3::N3-2-2::B3-2-2::B-A08::	2
chr6	17639400	17654400	chr6_17639400	8	15000	0.00205963491264609	8	0.00205963491264609	5	7.39543807133638	::N3-1-2::B3-3::B-B10::N-B10::N-1-2::B-1-2::B-A11::N-A11::	4
chr6	17831100	17846100	chr6_17831100	7	15000	0.0362931802815856	7	0.0362931802815856	4	81.4476771879328	::N3-1-3::B3-1-3::N-B10::N3-2-2::N-B04::B-B10::B3-18::	1
chr6	42265900	42280900	chr6_42265900	7	15000	0.0362931802815856	8	0.00205963491264609	7	0.0362931802815856	::N3-1-15::N-A03::B3-17::N3-17::N-B07::B3-1-5::N-B02::	1
chr6	47480400	47495400	chr6_47480400	10	15000	4.71691605324861e-06	11	1.94679699810679e-07	7	0.0362931802815856	::N-2-17::B-B10::B-A08::N3-1-5::N-B07::N-B04::B-B04::B3-1-5::N-A03::N3-1-3::	2
chr6	67275100	67290100	chr6_67275100	7	15000	0.0362931802815856	9	0.000103896984146646	7	0.0362931802815856	::B-A08::B-1-2::N-B10::B3-1-3::N3-1-3::B-2-26::N3-2-36::	4
chr6	83932900	83947900	chr6_83932900	7	15000	0.0362931802815856	7	0.0362931802815856	7	0.0362931802815856	::N-2-17::N-2-26::N3-1-15::B3-1-11::B-A08::N3-2-7::B-A01::	4
chr6	83979900	83994900	chr6_83979900	7	15000	0.0362931802815856	7	0.0362931802815856	7	0.0362931802815856	::N-A01::B-B09::B3-1-2::B-B10::N3-2-36::B3-c-10::B-1-2::	4
chr6	85589200	85604200	chr6_85589200	7	15000	0.0362931802815856	9	0.000103896984146646	7	0.0362931802815856	::B3-2-22::N3-2-2::N-A08::B-A08::B3-17::N3-2-7::B3-2-7::	6
chr6	103636500	103651500	chr6_103636500	12	15000	7.36537100363508e-09	14	8.34129827782997e-12	3	717.601749112988	::B3-2-36::N3-18::N-B11::N-A01::B-B11::N-B10::N3-1-11::N-B04::N3-1-15::N-B08::N3-3::B3-1-2::	7
chr6	113135800	113150800	chr6_113135800	10	15000	4.71691605324861e-06	10	4.71691605324861e-06	7	0.0362931802815856	::B-B11::N-A03::N-2-17::B-A08::N3-2-7::B-B07::N3-18::N-B08::B-B08::B-A03::	4
chr7	16550600	16565600	chr7_16550600	7	15000	0.0362931802815856	9	0.000103896984146646	6	0.559587313754548	::N3-1-5::B3-1-5::B-B04::N-B04::N-2-17::B-2-17::B-A01::	7
chr7	19645100	19660100	chr7_19645100	9	15000	0.000103896984146646	9	0.000103896984146646	4	81.4476771879328	::B3-2-2::B-A03::B3-1-15::B-A08::N-A03::N3-1-15::N-A08::B3-c-10::B-B04::	8
chr7	65328200	65343200	chr7_65328200	7	15000	0.0362931802815856	8	0.00205963491264609	7	0.0362931802815856	::B3-2-2::N-A01::N3-2-2::N3-6::B3-6::B-B11::B3-2-7::	5
chr7	67316400	67331400	chr7_67316400	9	15000	0.000103896984146646	10	4.71691605324861e-06	5	7.39543807133638	::B-2-26::B3-6::B3-17::B-A03::B3-1-15::B-A08::N-A03::N3-1-15::N-A08::	9
chr7	90138800	90153800	chr7_90138800	7	15000	0.0362931802815856	7	0.0362931802815856	6	0.559587313754548	::B-A08::N-1-2::N-B02::B-B07::B-B09::N-B09::N3-c-32::	5
chr7	90167600	90182600	chr7_90167600	8	15000	0.00205963491264609	8	0.00205963491264609	7	0.0362931802815856	::B-B02::B-A08::B-B10::B-1-2::N-A01::B-A01::B-A11::B-B07::	2
chr7	92639100	92654100	chr7_92639100	8	15000	0.00205963491264609	9	0.000103896984146646	7	0.0362931802815856	::N-2-17::B-2-17::B-B09::B-2-9::B3-6::B-B08::N-B08::B-B02::	5
chr7	112080400	112095400	chr7_112080400	8	15000	0.00205963491264609	10	4.71691605324861e-06	8	0.00205963491264609	::N-B07::B-B09::B-B07::B3-1-2::N-2-17::B-2-17::N-B04::B-B02::	6
chr7	121836500	121851500	chr7_121836500	25	15000	7.91778289521108e-30	25	7.91778289521108e-30	1	20889.3211745995	::N3-1-15::N3-2-22::N-B04::N-1-2::N3-1-2::N-A11::N3-6::N-B07::N-B08::N-2-9::N-2-26::N3-1-11::N-B11::N-B09::N3-2-7::N-B02::N3-2-36::N-B10::N3-c-10::N-2-17::N3-3::N3-1-3::N3-1-5::N3-17::N3-18::	25
chr7	136383800	136398800	chr7_136383800	32	15000	1.85551283200603e-42	33	2.5527320326241e-44	4	81.4476771879328	::B-B09::B3-6::N3-c-10::N-B11::N3-2-36::N-A08::N-2-9::N-2-26::N-B07::N-2-17::N-B04::N3-17::N-B09::N3-6::N-A11::N-B02::N3-1-11::N3-1-5::N-A01::N3-1-3::N3-1-15::N-1-2::N3-2-7::N3-2-2::N3-c-32::N-A03::N-B10::N3-3::N-B08::N3-1-2::N3-2-22::N3-18::	30
chr7	141565600	141580600	chr7_141565600	7	15000	0.0362931802815856	7	0.0362931802815856	6	0.559587313754548	::N-B02::B3-18::B-B02::N-2-26::B-2-26::N3-1-5::B-A08::	3
chr8	22855300	22870300	chr8_22855300	7	15000	0.0362931802815856	8	0.00205963491264609	5	7.39543807133638	::N-B08::B-1-2::B-B04::B3-1-5::N-B04::N-A01::B-A01::	3
chr8	57540500	57555500	chr8_57540500	7	15000	0.0362931802815856	7	0.0362931802815856	3	717.601749112988	::N-B04::N3-1-5::N-B11::B3-1-5::B-B04::B-A03::B3-3::	2
chr8	95785900	95800900	chr8_95785900	7	15000	0.0362931802815856	7	0.0362931802815856	7	0.0362931802815856	::B3-6::B3-2-22::B-B10::B3-18::B-A01::B-1-2::B3-c-10::	3
chr8	105176000	105191000	chr8_105176000	10	15000	4.71691605324861e-06	11	1.94679699810679e-07	7	0.0362931802815856	::N-A11::B-A11::B-1-2::B3-1-3::B3-3::B-A01::N-A01::B3-6::N3-1-2::B3-1-2::	6
chr8	109828700	109843700	chr8_109828700	7	15000	0.0362931802815856	12	7.36537100363508e-09	9	0.000103896984146646	::B3-c-10::B-B02::B3-2-36::N3-2-36::B3-c-32::B3-2-7::B-B10::	3
chr8	117329800	117344800	chr8_117329800	7	15000	0.0362931802815856	8	0.00205963491264609	7	0.0362931802815856	::B3-1-11::B-1-2::B-2-17::N-2-17::N-B09::N-A11::N-1-2::	3
chr9	3000100	3015100	chr9_3000100	8	15000	0.00205963491264609	9	0.000103896984146646	6	0.559587313754548	::N-A08::N-B08::B-B02::N-B07::N-2-17::N3-18::N3-6::B-B11::	6
chr9	21620300	21635300	chr9_21620300	7	15000	0.0362931802815856	10	4.71691605324861e-06	8	0.00205963491264609	::B3-1-15::N-2-17::B3-1-2::B3-18::N3-18::B-A08::B-B04::	5
chr9	35305200	35320200	chr9_35305200	10	15000	4.71691605324861e-06	12	7.36537100363508e-09	5	7.39543807133638	::N3-1-11::N3-1-3::N3-18::N3-1-2::N3-1-15::N-B04::N-B11::N-B07::N3-1-5::N-A11::	5
chr9	43067800	43082800	chr9_43067800	7	15000	0.0362931802815856	8	0.00205963491264609	6	0.559587313754548	::B-B10::B3-1-11::N-1-2::B-1-2::N3-1-5::B3-2-22::B-B07::	3
chr9	47682800	47697800	chr9_47682800	7	15000	0.0362931802815856	8	0.00205963491264609	7	0.0362931802815856	::B3-c-10::N-1-2::B-B04::B3-2-22::B3-1-2::N-B04::B3-2-2::	5
chr9	54588600	54603600	chr9_54588600	8	15000	0.00205963491264609	8	0.00205963491264609	4	81.4476771879328	::B3-1-2::B-B07::N-B07::N3-1-2::B3-18::N3-18::N3-2-36::N3-3::	7
chr9	58653500	58668500	chr9_58653500	7	15000	0.0362931802815856	7	0.0362931802815856	7	0.0362931802815856	::N3-1-3::B-B10::B-1-2::N-B10::N-B08::B-B04::B-A08::	4
chr9	59394800	59409800	chr9_59394800	7	15000	0.0362931802815856	9	0.000103896984146646	9	0.000103896984146646	::N-A08::N-B10::B-B09::B-B02::B-A08::N-A01::B3-6::	3
chr9	70430000	70445000	chr9_70430000	9	15000	0.000103896984146646	9	0.000103896984146646	7	0.0362931802815856	::B-B02::N-B02::B3-2-2::N3-2-2::B3-2-36::B-1-2::N3-1-3::N3-1-11::N-A11::	6
chr9	71881400	71896400	chr9_71881400	7	15000	0.0362931802815856	8	0.00205963491264609	7	0.0362931802815856	::N-B11::B3-1-2::N3-1-2::B-B10::B-A11::N-B08::B-A01::	6
chr9	72070200	72085200	chr9_72070200	10	15000	4.71691605324861e-06	10	4.71691605324861e-06	9	0.000103896984146646	::B3-c-10::N3-17::B-B02::B-B11::B3-18::N3-1-3::B3-1-3::B-1-2::B3-6::B3-2-36::	6
chr9	72541100	72556100	chr9_72541100	7	15000	0.0362931802815856	7	0.0362931802815856	7	0.0362931802815856	::B-B10::B-B02::N-B08::N-1-2::B3-6::B-2-9::N3-2-2::	4
chr9	80071700	80086700	chr9_80071700	7	15000	0.0362931802815856	10	4.71691605324861e-06	6	0.559587313754548	::N3-3::B-B02::B3-3::N-2-17::B-1-2::B-B10::N-B10::	7
chr9	90087900	90102900	chr9_90087900	8	15000	0.00205963491264609	8	0.00205963491264609	7	0.0362931802815856	::B3-6::N-B09::B-B02::N-B02::N-B08::B-B07::N-2-26::B-2-26::	2
chr9	106815600	106830600	chr9_106815600	7	15000	0.0362931802815856	7	0.0362931802815856	6	0.559587313754548	::B-1-2::N-B07::B-A11::N-A11::B-B02::B3-2-22::B3-6::	6
chr9	107754100	107769100	chr9_107754100	9	15000	0.000103896984146646	9	0.000103896984146646	7	0.0362931802815856	::B-1-2::N-B02::B-B02::B3-17::N3-17::B-B10::B3-3::B3-1-5::N3-c-10::	5
chr9	108311500	108326500	chr9_108311500	8	15000	0.00205963491264609	11	1.94679699810679e-07	9	0.000103896984146646	::N-B04::N-A01::N-B09::B-B02::N3-3::B3-3::N-A03::N-B10::	4
chr9	108523700	108538700	chr9_108523700	7	15000	0.0362931802815856	7	0.0362931802815856	7	0.0362931802815856	::N-A08::B-A08::B-B04::N3-6::N3-1-5::B3-1-11::B3-6::	4
chr9	108622600	108637600	chr9_108622600	7	15000	0.0362931802815856	9	0.000103896984146646	5	7.39543807133638	::N3-1-5::N-B04::B3-1-5::B-B04::N-B10::B3-17::N-A11::	7
chr9	108788700	108803700	chr9_108788700	9	15000	0.000103896984146646	9	0.000103896984146646	6	0.559587313754548	::B3-6::B3-2-22::N3-2-22::B-B07::B-B04::B-B10::N-A08::B-A08::N-B08::	5
chr9	110566500	110581500	chr9_110566500	7	15000	0.0362931802815856	7	0.0362931802815856	6	0.559587313754548	::N-B11::B-B10::N3-1-11::N-1-2::N-B08::B-A08::B-B11::	3
chr9	110687500	110702500	chr9_110687500	7	15000	0.0362931802815856	7	0.0362931802815856	5	7.39543807133638	::B3-2-2::B-1-2::B3-1-11::N3-18::N-A03::B-A03::B-A08::	2
chr9	113686900	113701900	chr9_113686900	9	15000	0.000103896984146646	9	0.000103896984146646	7	0.0362931802815856	::B3-2-36::N3-17::N3-2-22::N-B04::B3-1-5::N3-1-5::B3-6::B-B10::N-B08::	6
chr9	113960400	113975400	chr9_113960400	7	15000	0.0362931802815856	8	0.00205963491264609	6	0.559587313754548	::B-A11::N-A11::N3-2-2::B3-2-36::N-2-17::B-B08::N-B08::	5
chrUn_GL456389	10700	25700	chrUn_GL456389_10700	8	15000	0.00205963491264609	8	0.00205963491264609	1	20889.3211745995	::N3-18::N-A01::N-2-17::N-A11::N3-1-3::N3-2-2::N3-17::N3-2-7::	0
chrUn_GL456390	14500	29500	chrUn_GL456390_14500	20	15000	2.61727057076899e-21	26	1.38256464587757e-31	16	7.16362463865309e-15	::N3-1-2::N3-2-7::N3-1-3::B3-3::N-2-17::N3-2-2::N3-17::N-B09::N-A03::N3-1-15::N3-3::N-B08::N-B04::N-A08::N-A01::N-B10::N3-6::N3-1-11::B-1-2::N3-2-22::	18
chrUn_GL456390	14500	29500	chrUn_GL456390_14500	20	15000	2.61727057076899e-21	26	1.38256464587757e-31	16	7.16362463865309e-15	::N3-1-2::N3-2-7::N3-1-3::B3-3::N-2-17::N3-2-2::N3-17::N-B09::N-A03::N3-1-15::N3-3::N-B08::N-B04::N-A08::N-A01::N-B10::N3-6::N3-1-11::B-1-2::N3-2-22::	18
chrUn_GL456392	14600	29600	chrUn_GL456392_14600	17	15000	1.91310631816158e-16	22	1.16766176114054e-24	13	2.57221034932814e-10	::N-2-17::N3-2-2::N3-17::N-B09::N-A03::N3-1-15::N3-3::N-B08::N-B04::N-A08::N-A01::N-B10::N3-6::N3-1-11::B-1-2::N3-2-22::N3-1-3::	16
chrUn_GL456393	1400	16400	chrUn_GL456393_1400	16	15000	7.16362463865309e-15	19	1.15298434794654e-19	12	7.36537100363508e-09	::N3-2-36::N3-18::N-2-17::N3-1-3::N-B11::N-B02::N3-1-2::N3-2-2::B-A08::N3-1-15::N3-1-5::B-1-2::N3-6::B3-2-7::N-B10::N-B08::	12
chrUn_JH584304	53100	68100	chrUn_JH584304_53100	8	15000	0.00205963491264609	9	0.000103896984146646	8	0.00205963491264609	::N-B08::N-B11::N-2-26::N-B09::B3-1-2::B-A08::B-B04::B-1-2::	6
chrX	13136500	13151500	chrX_13136500	7	15000	0.0362931802815856	7	0.0362931802815856	6	0.559587313754548	::N-A01::B3-c-10::N-2-9::B-2-9::N3-1-11::B-A11::N3-2-36::	3
chrX	18195300	18210300	chrX_18195300	11	15000	1.94679699810679e-07	17	1.91310631816158e-16	13	2.57221034932814e-10	::B-A08::N-B09::B-B09::B-1-2::N3-2-7::B3-2-7::B-B10::N-B10::B-B04::B3-17::N-1-2::	6
chrX	18229500	18244500	chrX_18229500	14	15000	8.34129827782997e-12	20	2.61727057076899e-21	13	2.57221034932814e-10	::B-A08::N3-1-2::B-A11::N-A11::N-2-17::B-2-17::N3-17::B3-17::N-1-2::N-B08::B-1-2::B3-3::N-B09::N3-1-5::	10
chrX	18260800	18275800	chrX_18260800	7	15000	0.0362931802815856	7	0.0362931802815856	6	0.559587313754548	::B-A11::N-B04::N-2-17::N3-17::B3-17::B3-1-2::N-1-2::	2
chrX	74064200	74079200	chrX_74064200	7	15000	0.0362931802815856	8	0.00205963491264609	8	0.00205963491264609	::N3-2-36::B-B02::N3-2-22::B-1-2::B-B10::B-A08::B3-1-11::	3
chrX	105809800	105824800	chrX_105809800	9	15000	0.000103896984146646	11	1.94679699810679e-07	7	0.0362931802815856	::B-B07::N3-17::B-B04::N-B04::N3-1-5::B3-1-5::N-1-2::B-A11::N-A11::	4
