chr10	21347100	21481100	chr10_21347100	5	134000	0.0495066237228025	5	0.0495066237228025	4	0.898200148035021	::N3-2-22::B3-2-22::B-B09::N3-6::N3-3::	1
chr10	42773800	42907800	chr10_42773800	6	134000	0.00227390465049555	6	0.00227390465049555	4	0.898200148035021	::B-A11::N-A11::N-B02::N3-6::N3-18::B3-18::	4
chr10	43649000	43783000	chr10_43649000	6	134000	0.00227390465049555	6	0.00227390465049555	4	0.898200148035021	::N3-6::B-B07::N-B02::B3-1-15::B-A03::B-A08::	0
chr10	108173700	108307700	chr10_108173700	10	134000	2.60245050151341e-09	11	6.52003585460735e-11	7	8.95229533352967e-05	::N-B04::N3-1-5::N3-1-15::N-A03::B3-2-22::B-B10::N-A08::B-A03::B-B09::N-B02::	5
chr10	128074500	128208500	chr10_128074500	8	134000	3.08393066332453e-06	8	3.08393066332453e-06	4	0.898200148035021	::N-1-2::B-B07::B3-1-2::N3-1-2::N-B07::N3-1-11::N-B08::B-B08::	4
chr11	20064300	20198300	chr11_20064300	6	134000	0.00227390465049555	6	0.00227390465049555	3	13.0368576204649	::B3-1-11::B-B02::N3-1-11::N3-2-2::N-A01::B-A01::	4
chr11	54538100	54672100	chr11_54538100	5	134000	0.0495066237228025	6	0.00227390465049555	2	141.916857552372	::N-A03::N-A08::B3-1-15::B-A03::N3-1-11::	2
chr11	59614500	59748500	chr11_59614500	5	134000	0.0495066237228025	5	0.0495066237228025	3	13.0368576204649	::N3-1-11::N3-2-22::B3-2-22::B3-1-15::N3-1-15::	3
chr11	69597100	69731100	chr11_69597100	5	134000	0.0495066237228025	7	8.95229533352967e-05	3	13.0368576204649	::N3-3::N3-1-2::N-B07::B3-1-2::B-B07::	0
chr11	75619500	75753500	chr11_75619500	6	134000	0.00227390465049555	7	8.95229533352967e-05	6	0.00227390465049555	::N3-3::N-B10::B3-2-22::N3-2-22::B3-c-32::N-A08::	4
chr11	77589500	77723500	chr11_77589500	5	134000	0.0495066237228025	6	0.00227390465049555	4	0.898200148035021	::N-A11::B3-3::N3-3::B3-c-10::N3-c-10::	5
chr11	86295700	86429700	chr11_86295700	6	134000	0.00227390465049555	6	0.00227390465049555	3	13.0368576204649	::N3-c-10::N3-1-11::N-B02::B-B02::B3-1-11::B3-1-3::	0
chr11	88528300	88662300	chr11_88528300	9	134000	9.44326738499241e-08	9	9.44326738499241e-08	5	0.0495066237228025	::N-B10::B-1-2::B-A03::B-A08::B3-1-15::N-A03::N3-1-15::N-1-2::B3-c-10::	7
chr11	100914400	101048400	chr11_100914400	5	134000	0.0495066237228025	5	0.0495066237228025	4	0.898200148035021	::B3-2-22::N3-3::B-B07::B-A11::N-A11::	4
chr11	106802000	106936000	chr11_106802000	8	134000	3.08393066332453e-06	9	9.44326738499241e-08	7	8.95229533352967e-05	::N3-6::B3-6::B-2-26::B-B04::B3-1-5::N3-c-10::B3-c-10::N3-2-22::	5
chr12	8921200	9055200	chr12_8921200	7	134000	8.95229533352967e-05	7	8.95229533352967e-05	5	0.0495066237228025	::N-1-2::B-1-2::N3-1-2::N-B09::B-A01::N3-2-7::B3-2-7::	1
chr12	21287400	21421400	chr12_21287400	7	134000	8.95229533352967e-05	7	8.95229533352967e-05	2	141.916857552372	::B3-1-15::B-A08::B-A03::N3-1-15::N-A03::N-A08::B-B02::	7
chr12	57503500	57637500	chr12_57503500	6	134000	0.00227390465049555	6	0.00227390465049555	2	141.916857552372	::N3-1-11::N-B02::B-B02::B3-1-11::N-A11::B-A11::	0
chr12	87193600	87327600	chr12_87193600	5	134000	0.0495066237228025	5	0.0495066237228025	1	1029.92070859798	::N3-1-15::N-A03::N-A08::B3-1-15::B-A03::	0
chr12	105758800	105892800	chr12_105758800	5	134000	0.0495066237228025	5	0.0495066237228025	4	0.898200148035021	::B-B07::N3-2-2::N3-2-7::B3-2-7::B-A01::	0
chr13	9103900	9237900	chr13_9103900	5	134000	0.0495066237228025	5	0.0495066237228025	1	1029.92070859798	::N3-1-15::N-A03::B-A03::B3-1-15::B-A08::	0
chr13	24047800	24181800	chr13_24047800	5	134000	0.0495066237228025	5	0.0495066237228025	2	141.916857552372	::B-A03::B3-1-15::B-A08::N-A03::B3-2-22::	4
chr13	44780300	44914300	chr13_44780300	5	134000	0.0495066237228025	6	0.00227390465049555	6	0.00227390465049555	::N-B02::N3-2-22::N3-6::N-B07::N3-18::	2
chr13	46685100	46819100	chr13_46685100	5	134000	0.0495066237228025	5	0.0495066237228025	4	0.898200148035021	::B3-2-22::B-B10::N-B10::N3-2-2::B-A08::	4
chr13	103742500	103876500	chr13_103742500	5	134000	0.0495066237228025	6	0.00227390465049555	4	0.898200148035021	::B-A03::N3-c-10::N-B02::N3-1-15::B3-1-15::	2
chr14	56769600	56903600	chr14_56769600	5	134000	0.0495066237228025	5	0.0495066237228025	2	141.916857552372	::B-B07::B3-1-2::N-B07::N3-1-2::N-A08::	5
chr14	73216200	73350200	chr14_73216200	15	134000	1.14801313076575e-17	19	7.11856754058387e-25	11	6.52003585460735e-11	::B3-1-15::N3-1-15::N-B02::B-B11::N-B11::N-A03::N-A08::B-B02::B3-c-10::N3-c-10::N-A01::N3-1-5::N-B04::B3-1-5::B-B04::	13
chr15	12122600	12256600	chr15_12122600	5	134000	0.0495066237228025	5	0.0495066237228025	4	0.898200148035021	::B3-c-32::B3-2-36::B-B08::N-B02::N-2-26::	3
chr15	77116200	77250200	chr15_77116200	5	134000	0.0495066237228025	5	0.0495066237228025	3	13.0368576204649	::B3-2-7::N3-2-7::N-B07::B-B07::B3-1-15::	2
chr15	94630900	94764900	chr15_94630900	5	134000	0.0495066237228025	5	0.0495066237228025	2	141.916857552372	::N3-c-32::N3-2-36::B3-2-36::B3-c-32::N-B10::	1
chr15	100143000	100277000	chr15_100143000	5	134000	0.0495066237228025	5	0.0495066237228025	3	13.0368576204649	::N-B11::B-B09::N-B09::B-2-26::N-2-26::	5
chr15	101194000	101328000	chr15_101194000	5	134000	0.0495066237228025	5	0.0495066237228025	2	141.916857552372	::B3-1-15::B-A03::N3-1-15::N-A03::B-A08::	4
chr15	103216400	103350400	chr15_103216400	5	134000	0.0495066237228025	5	0.0495066237228025	4	0.898200148035021	::N3-2-2::B3-2-2::N-B09::B-B11::N-B10::	1
chr16	4674600	4808600	chr16_4674600	7	134000	8.95229533352967e-05	7	8.95229533352967e-05	4	0.898200148035021	::N-2-9::N3-1-11::B3-1-11::B3-2-2::N3-2-2::B-A08::N-A08::	5
chr16	8700500	8834500	chr16_8700500	7	134000	8.95229533352967e-05	7	8.95229533352967e-05	4	0.898200148035021	::N-1-2::B-1-2::B-A01::B3-2-22::N3-2-22::B-2-17::N-2-17::	5
chr17	13777600	13911600	chr17_13777600	5	134000	0.0495066237228025	6	0.00227390465049555	4	0.898200148035021	::B3-17::B3-1-3::N3-1-3::B-2-9::N-2-9::	2
chr17	26689900	26823900	chr17_26689900	6	134000	0.00227390465049555	7	8.95229533352967e-05	4	0.898200148035021	::N-B07::N-B11::B-B11::B-B07::B3-1-2::N3-1-2::	3
chr17	30055100	30189100	chr17_30055100	5	134000	0.0495066237228025	5	0.0495066237228025	2	141.916857552372	::B3-1-3::N3-1-3::B3-1-5::N-B04::N3-1-5::	5
chr17	32218000	32352000	chr17_32218000	6	134000	0.00227390465049555	6	0.00227390465049555	4	0.898200148035021	::N3-c-10::B-2-17::N-2-17::B3-6::N3-6::B3-1-11::	5
chr18	35156600	35290600	chr18_35156600	5	134000	0.0495066237228025	5	0.0495066237228025	4	0.898200148035021	::N-A08::B-A08::N-B10::N3-2-22::B3-18::	1
chr19	3813400	3947400	chr19_3813400	6	134000	0.00227390465049555	6	0.00227390465049555	4	0.898200148035021	::N-B02::B3-2-36::N-A11::N3-2-7::B3-2-7::B-2-26::	1
chr19	7284500	7418500	chr19_7284500	6	134000	0.00227390465049555	6	0.00227390465049555	5	0.0495066237228025	::N-A08::N3-1-5::B3-1-5::N3-2-22::B3-2-22::N3-3::	3
chr19	11932900	12066900	chr19_11932900	6	134000	0.00227390465049555	6	0.00227390465049555	3	13.0368576204649	::B-B04::B3-1-5::B-2-9::N-2-9::B-B02::N-B02::	4
chr19	21660000	21794000	chr19_21660000	6	134000	0.00227390465049555	6	0.00227390465049555	4	0.898200148035021	::N3-1-11::B3-1-11::B3-1-3::N3-1-3::N-B02::N-A08::	3
chr19	47377100	47511100	chr19_47377100	5	134000	0.0495066237228025	5	0.0495066237228025	2	141.916857552372	::B-2-17::B3-1-2::B-B07::N3-1-2::N-B07::	4
chr19	53833000	53967000	chr19_53833000	5	134000	0.0495066237228025	6	0.00227390465049555	5	0.0495066237228025	::N3-1-3::B3-1-3::N-A08::B-A08::N3-3::	3
chr2	18120200	18254200	chr2_18120200	10	134000	2.60245050151341e-09	10	2.60245050151341e-09	6	0.00227390465049555	::B3-2-2::N-2-17::B-2-17::N-A03::N3-6::B-B07::B3-1-2::N-B07::N3-1-2::N-B02::	6
chr2	31762300	31896300	chr2_31762300	5	134000	0.0495066237228025	5	0.0495066237228025	3	13.0368576204649	::B3-2-22::N3-2-22::N-B10::B-B10::N-B02::	3
chr2	48707600	48841600	chr2_48707600	6	134000	0.00227390465049555	8	3.08393066332453e-06	4	0.898200148035021	::N3-1-5::N-B04::N3-2-22::B3-c-10::B-A11::N-A11::	6
chr2	49457900	49591900	chr2_49457900	6	134000	0.00227390465049555	6	0.00227390465049555	5	0.0495066237228025	::B3-c-10::N3-2-22::N-A11::B-A01::B-B08::N-B08::	4
chr2	84603600	84737600	chr2_84603600	5	134000	0.0495066237228025	6	0.00227390465049555	4	0.898200148035021	::N-B09::B-B09::B3-c-10::B-A08::N-A08::	4
chr2	98603100	98737100	chr2_98603100	22	134000	1.61250552802231e-30	48	4.08435973600555e-85	14	6.24853092248951e-16	::N-A08::N-B10::N3-18::N3-1-15::N3-17::N-B09::N-2-17::N-A01::N-B02::N3-2-2::N3-2-22::N-A11::N-B07::N-1-2::N3-1-3::N3-1-11::N3-2-36::N-B08::N3-1-2::N-B11::N-A03::N3-c-10::	20
chr2	121860400	121994400	chr2_121860400	6	134000	0.00227390465049555	8	3.08393066332453e-06	6	0.00227390465049555	::B3-c-32::B3-c-10::N3-c-10::B3-18::N3-18::B-A03::	4
chr2	156093600	156227600	chr2_156093600	5	134000	0.0495066237228025	5	0.0495066237228025	4	0.898200148035021	::N-B02::N-1-2::B-1-2::N3-18::B3-18::	3
chr3	33041500	33175500	chr3_33041500	7	134000	8.95229533352967e-05	7	8.95229533352967e-05	3	13.0368576204649	::N3-1-3::N-B11::N3-1-5::N-B04::B3-1-5::B-B04::B3-c-10::	1
chr3	88954600	89088600	chr3_88954600	9	134000	9.44326738499241e-08	9	9.44326738499241e-08	7	8.95229533352967e-05	::B-B10::B3-1-2::B-B02::N3-1-3::B3-1-11::N3-1-11::N3-6::N3-1-2::N-B07::	4
chr3	89361400	89495400	chr3_89361400	5	134000	0.0495066237228025	5	0.0495066237228025	4	0.898200148035021	::B-A11::B-B02::N-B02::B-A03::B-B11::	3
chr3	108119700	108253700	chr3_108119700	6	134000	0.00227390465049555	6	0.00227390465049555	3	13.0368576204649	::N-B02::B-B02::N-2-26::B-2-26::B-B10::N-B10::	2
chr3	135445300	135579300	chr3_135445300	6	134000	0.00227390465049555	7	8.95229533352967e-05	3	13.0368576204649	::B3-1-15::B-B02::B-A03::N-A08::N3-1-15::N-A03::	5
chr4	13757000	13891000	chr4_13757000	6	134000	0.00227390465049555	8	3.08393066332453e-06	3	13.0368576204649	::N-A03::N3-1-15::N-A08::B-A03::B3-1-15::B3-c-10::	1
chr4	47357200	47491200	chr4_47357200	5	134000	0.0495066237228025	9	9.44326738499241e-08	5	0.0495066237228025	::N-A11::B-A11::N-A08::B-A08::B-B08::	0
chr4	133593000	133727000	chr4_133593000	5	134000	0.0495066237228025	6	0.00227390465049555	4	0.898200148035021	::N-A03::B-A08::N-A08::B-B09::N-B09::	5
chr4	135319800	135453800	chr4_135319800	5	134000	0.0495066237228025	5	0.0495066237228025	3	13.0368576204649	::N-B10::B-B10::B3-c-10::N-B07::B-B07::	1
chr4	136473300	136607300	chr4_136473300	9	134000	9.44326738499241e-08	9	9.44326738499241e-08	3	13.0368576204649	::B-2-26::B3-1-15::B-A08::B-A03::N3-1-15::N-A08::N-A03::B-A01::N-A01::	9
chr4	154349000	154483000	chr4_154349000	5	134000	0.0495066237228025	5	0.0495066237228025	3	13.0368576204649	::N-B07::N3-1-2::B3-2-36::B3-c-32::B-2-9::	0
chr4	155420000	155554000	chr4_155420000	8	134000	3.08393066332453e-06	9	9.44326738499241e-08	6	0.00227390465049555	::N3-1-11::B3-2-36::B3-c-32::N3-2-36::B3-2-22::N3-3::B-A11::N-A11::	8
chr5	25281900	25415900	chr5_25281900	16	134000	1.97736600724488e-19	23	1.9321176476085e-32	11	6.52003585460735e-11	::B3-2-7::N3-2-7::B-2-9::N-2-9::B3-1-15::B-A03::N3-1-15::N-A03::B3-1-11::N3-1-11::B3-1-2::B-B07::N-B07::N3-1-2::B3-2-2::N3-2-2::	22
chr5	28169900	28303900	chr5_28169900	9	134000	9.44326738499241e-08	9	9.44326738499241e-08	3	13.0368576204649	::N-1-2::B-B02::B3-6::B3-2-22::B-B10::N-B04::N-B02::B-B09::B3-c-10::	5
chr5	66024000	66158000	chr5_66024000	5	134000	0.0495066237228025	7	8.95229533352967e-05	5	0.0495066237228025	::N3-1-3::B3-1-3::B-2-26::N3-6::N-B11::	1
chr5	103791300	103925300	chr5_103791300	6	134000	0.00227390465049555	6	0.00227390465049555	3	13.0368576204649	::N-B10::N3-2-2::N3-1-11::N-B02::B-B02::B3-1-11::	1
chr5	105737700	105871700	chr5_105737700	7	134000	8.95229533352967e-05	7	8.95229533352967e-05	5	0.0495066237228025	::N-A11::B-A11::N-B04::N-2-9::B-2-9::N3-2-22::N-B11::	2
chr5	113106400	113240400	chr5_113106400	5	134000	0.0495066237228025	5	0.0495066237228025	3	13.0368576204649	::N3-17::N3-6::B3-6::B-B11::N-B11::	3
chr5	121717000	121851000	chr5_121717000	5	134000	0.0495066237228025	5	0.0495066237228025	4	0.898200148035021	::N-B02::N3-c-32::B-A08::N-A08::B3-1-3::	4
chr5	122310500	122444500	chr5_122310500	7	134000	8.95229533352967e-05	7	8.95229533352967e-05	2	141.916857552372	::B-A11::N-A11::B-A03::B3-1-15::B-A08::N3-1-15::N-A03::	7
chr5	124325700	124459700	chr5_124325700	5	134000	0.0495066237228025	8	3.08393066332453e-06	4	0.898200148035021	::N3-1-11::B-B02::B3-1-11::N3-1-3::B3-1-3::	3
chr5	135196000	135330000	chr5_135196000	5	134000	0.0495066237228025	5	0.0495066237228025	4	0.898200148035021	::B3-1-3::N3-1-3::N3-2-22::B3-17::N3-1-11::	3
chr5	137514000	137648000	chr5_137514000	5	134000	0.0495066237228025	5	0.0495066237228025	4	0.898200148035021	::N-1-2::N3-2-2::B-1-2::B-2-9::N-2-9::	4
chr5	137669800	137803800	chr5_137669800	5	134000	0.0495066237228025	5	0.0495066237228025	1	1029.92070859798	::B-A03::B3-1-15::B-A08::N3-1-15::N-A03::	5
chr6	114893100	115027100	chr6_114893100	6	134000	0.00227390465049555	6	0.00227390465049555	4	0.898200148035021	::N-A08::B3-17::B-A11::N-A11::N-2-26::B-2-26::	3
chr7	19526700	19660700	chr7_19526700	6	134000	0.00227390465049555	11	6.52003585460735e-11	3	13.0368576204649	::B-A03::B-A08::B3-1-15::N-A03::N3-1-15::B3-c-10::	10
chr7	25230200	25364200	chr7_25230200	5	134000	0.0495066237228025	5	0.0495066237228025	2	141.916857552372	::N-B02::B3-1-2::B-B07::N3-1-2::N-B07::	5
chr7	49291200	49425200	chr7_49291200	8	134000	3.08393066332453e-06	8	3.08393066332453e-06	3	13.0368576204649	::B3-1-15::B-A03::B-A08::N-A03::N3-1-15::B-2-26::B3-2-7::N3-2-7::	7
chr7	59266000	59400000	chr7_59266000	8	134000	3.08393066332453e-06	8	3.08393066332453e-06	4	0.898200148035021	::B3-1-2::B-B07::N-B07::N3-1-2::N-B02::B3-c-10::N3-2-7::B3-2-7::	5
chr7	101987400	102121400	chr7_101987400	5	134000	0.0495066237228025	7	8.95229533352967e-05	3	13.0368576204649	::N-B02::B-B07::N-B07::B3-1-2::N3-1-2::	7
chr7	112057500	112191500	chr7_112057500	5	134000	0.0495066237228025	6	0.00227390465049555	3	13.0368576204649	::N-1-2::B-B07::N-B07::N3-1-2::B3-1-2::	2
chr7	121043000	121177000	chr7_121043000	6	134000	0.00227390465049555	6	0.00227390465049555	4	0.898200148035021	::B3-17::N3-17::B3-c-10::N3-6::N3-1-3::B3-1-3::	2
chr7	121836500	121970500	chr7_121836500	8	134000	3.08393066332453e-06	8	3.08393066332453e-06	1	1029.92070859798	::N3-2-22::N-B04::N-A11::N-B07::N3-1-11::N-B09::N-B10::N3-c-10::	8
chr7	132878000	133012000	chr7_132878000	6	134000	0.00227390465049555	6	0.00227390465049555	2	141.916857552372	::N3-1-11::N-A03::N3-1-15::B-A08::B3-1-15::B-A03::	0
chr7	136389300	136523300	chr7_136389300	30	134000	2.27347016258828e-46	30	2.27347016258828e-46	1	1029.92070859798	::N3-c-10::N-B11::N3-2-36::N-A08::N-2-9::N-2-26::N-B07::N-2-17::N-B04::N3-17::N-B09::N3-6::N-A11::N-B02::N3-1-11::N3-1-5::N-A01::N3-1-3::N3-1-15::N-1-2::N3-2-7::N3-2-2::N3-c-32::N-A03::N-B10::N3-3::N-B08::N3-1-2::N3-2-22::N3-18::	30
chr8	22863900	22997900	chr8_22863900	5	134000	0.0495066237228025	5	0.0495066237228025	3	13.0368576204649	::B-1-2::B-A01::B3-1-2::N-B07::N3-1-2::	3
chr8	25525700	25659700	chr8_25525700	5	134000	0.0495066237228025	5	0.0495066237228025	2	141.916857552372	::B3-3::N3-3::B3-1-11::B-B02::N3-1-11::	5
chr8	57540500	57674500	chr8_57540500	5	134000	0.0495066237228025	5	0.0495066237228025	1	1029.92070859798	::N-B04::N3-1-5::N-B11::B3-1-5::B-B04::	0
chr8	69961000	70095000	chr8_69961000	5	134000	0.0495066237228025	5	0.0495066237228025	4	0.898200148035021	::N3-2-22::N-B09::N3-1-5::N-B04::N3-2-7::	2
chr8	109690100	109824100	chr8_109690100	5	134000	0.0495066237228025	5	0.0495066237228025	2	141.916857552372	::N-B10::B3-1-2::B-B07::N-B07::N3-1-2::	4
chr8	117294800	117428800	chr8_117294800	7	134000	8.95229533352967e-05	7	8.95229533352967e-05	3	13.0368576204649	::N-B10::N-1-2::B-1-2::N3-1-5::N-B04::B3-1-5::B-B04::	1
chr9	21407900	21541900	chr9_21407900	7	134000	8.95229533352967e-05	7	8.95229533352967e-05	4	0.898200148035021	::N3-c-10::B-B08::N-B08::B-1-2::N-1-2::N-2-9::B-2-9::	4
chr9	57652800	57786800	chr9_57652800	5	134000	0.0495066237228025	6	0.00227390465049555	3	13.0368576204649	::B3-c-10::N-B07::N3-1-2::B3-1-2::B-B07::	1
chr9	72056900	72190900	chr9_72056900	6	134000	0.00227390465049555	6	0.00227390465049555	3	13.0368576204649	::B-2-17::B3-c-10::B3-1-5::B-B04::N-B04::N3-1-5::	6
chr9	108527800	108661800	chr9_108527800	6	134000	0.00227390465049555	7	8.95229533352967e-05	4	0.898200148035021	::B-B04::B-A01::B3-1-5::N-B04::N3-1-5::N-B10::	5
chrX	18139400	18273400	chrX_18139400	11	134000	6.52003585460735e-11	13	3.17428391134457e-14	10	2.60245050151341e-09	::N3-3::N-B09::N-B10::B-1-2::N-1-2::N-2-17::B-2-17::N3-17::B3-17::B3-3::B-A11::	4
chrX	77574800	77708800	chrX_77574800	6	134000	0.00227390465049555	7	8.95229533352967e-05	3	13.0368576204649	::N-B07::B-B07::B3-1-2::N3-1-2::B3-1-3::N3-1-3::	7
chrX	82911200	83045200	chrX_82911200	6	134000	0.00227390465049555	6	0.00227390465049555	2	141.916857552372	::N-B04::N3-1-5::N-B02::B-B04::B3-1-5::B3-c-10::	0
chrX	105812700	105946700	chrX_105812700	7	134000	8.95229533352967e-05	7	8.95229533352967e-05	3	13.0368576204649	::N-B04::N3-1-5::B3-1-5::B-B04::B-2-26::N-2-26::N-B11::	2
chrX	117077500	117211500	chrX_117077500	7	134000	8.95229533352967e-05	7	8.95229533352967e-05	3	13.0368576204649	::N-B10::N3-1-5::N-B04::B3-1-5::B-B04::B-A03::N-A03::	2
chrX	143483000	143617000	chrX_143483000	7	134000	8.95229533352967e-05	7	8.95229533352967e-05	2	141.916857552372	::N-B02::N3-c-10::N3-2-22::N3-6::N-A08::N3-2-7::N-B11::	6
