chr10	7692500	7811500	chr10_7692500	20	119000	0.0118297883599557	26	8.25208574026114e-07	20	0.0118297883599557	::N-B03::N-A12::B3-2-21::B3-1::B-2-25::N-1-7::N3-7::N-2-15::B3-13::B-2-27::N-A04::N3-10::N-2-21::B3-7::B-2-15::B3-16::B3-4::N3-9::B3-9::B-2-14::	16
chr10	39740000	39859000	chr10_39740000	21	119000	0.00267878510037168	23	0.000119714773100449	21	0.00267878510037168	::B-B05::B3-2::B3-12::N-2-23::B3-15::B3-c-9::B-3-4::B-2-27::B3-11::N3-8::N3-11::B3-8::B3-13::N-3-4::B3-2-21::N3-10::N-A02::B-A07::B3-1::N3-16::B-1-6::	4
chr10	42699500	42818500	chr10_42699500	21	119000	0.00267878510037168	29	4.0474782310774e-09	26	8.25208574026114e-07	::B-2-15::B-1-6::B-2-25::N-2-25::N3-4::B3-13::B-2-23::N-2-21::B-1-7::N-1-6::N3-13::B3-12::B-2-21::B3-15::B-A02::N-3-4::B-3-4::B3-4::N-A07::B-A07::N3-7::	13
chr10	63235400	63354400	chr10_63235400	22	119000	0.000579022430910487	28	2.46832490433883e-08	23	0.000119714773100449	::N-B03::B-A10::N-B05::B3-10::B3-c-9::B3-c-28::B-2-15::N-2-23::B3-5::N3-9::B3-9::B-2-14::B3-15::B-1-6::N-3-4::B-3-4::B3-14::B3-2::N-1-6::N3-2::B3-1::N-2-14::	11
chr10	67124300	67243300	chr10_67124300	22	119000	0.000579022430910487	27	1.45338328771427e-07	22	0.000579022430910487	::N-2-15::N3-15::B3-15::B-3-1::N-3-1::B-B03::B3-19::N-1-10::N3-13::N3-11::N-A07::N3-10::B3-7::B3-14::B3-8::B-2-25::B-2-15::B3-12::N3-8::B3-11::N-A02::B-A02::	10
chr10	89659500	89778500	chr10_89659500	19	119000	0.0497538595892476	20	0.0118297883599557	19	0.0497538595892476	::N-2-12::N3-13::B3-12::B3-8::N-B05::N3-16::B-1-6::B-2-25::B3-2-21::B-2-14::N-A02::B-1-10::B3-c-28::B3-1-13::N3-1-13::N-2-21::N-1-4::B-2-23::B3-14::	12
chr10	98881200	99000200	chr10_98881200	20	119000	0.0118297883599557	24	2.37201100415483e-05	20	0.0118297883599557	::N3-9::B-3-1::B3-13::B3-c-28::B3-14::B-2-14::N-A02::B3-12::N-A07::B3-c-9::B3-1::B-2-15::B-A07::B3-1-13::N3-1-13::B-B05::N-2-25::B-1-6::N-B03::N-2-14::	12
chr10	108171100	108290100	chr10_108171100	21	119000	0.00267878510037168	27	1.45338328771427e-07	25	4.5118731930822e-06	::N-2-15::N-2-14::B3-1::N-B03::N-A04::N3-9::N3-1::B3-7::B-2-25::B-3-4::B-A07::N3-5::B-A10::N-1-6::B-1-6::N-B05::B3-c-28::B-2-15::B3-13::N-A05::N3-11::	16
chr10	116480400	116599400	chr10_116480400	27	119000	1.45338328771427e-07	46	2.11454511034708e-24	38	8.50794398680821e-17	::N-A12::B-3-4::N-B03::B-A10::B-1-6::N-B05::B-B05::B3-1::N-A02::B-A02::B-A05::B3-7::N3-7::N-2-15::N3-16::B-1-7::N3-4::B3-1-13::N-1-6::N3-2-21::B-A12::N-2-21::N-3-1::B3-16::B3-4::B3-11::B-2-21::	31
chr10	117753100	117872100	chr10_117753100	19	119000	0.0497538595892476	22	0.000579022430910487	17	0.752475723789525	::B3-1-13::B-A07::B-2-21::B-A10::B3-c-9::N3-c-9::B3-c-28::N-2-21::B3-12::B-2-15::B-3-1::N3-1::N-A04::B-A04::B-2-12::B-2-14::B-1-6::B3-7::N-3-1::	10
chr11	3100400	3219400	chr11_3100400	32	119000	1.46248755137757e-11	40	1.23327637620398e-18	27	1.45338328771427e-07	::N3-9::N-2-23::N3-8::N3-10::N-B05::N-A10::N-2-25::B-A02::N3-13::B3-10::B3-21::B-2-14::N-2-15::N3-19::B3-19::N-A02::B3-c-9::B3-5::B3-8::B3-12::N-3-1::B-2-15::N-A12::N-A05::B3-14::B3-2::B-2-27::B-A10::B-2-23::B3-1-13::B3-13::B-1-6::	11
chr11	4476800	4595800	chr11_4476800	22	119000	0.000579022430910487	30	6.41569133335755e-10	26	8.25208574026114e-07	::N-1-6::B-2-15::N-A02::B3-7::B-1-4::B-2-12::N3-4::N3-8::B-A04::B3-1-13::B-1-7::N-1-7::B-B05::B-2-23::N-2-23::B3-2-21::B-A10::N3-19::N-B05::B3-19::N-A04::N-1-10::	17
chr11	17162900	17281900	chr11_17162900	19	119000	0.0497538595892476	25	4.5118731930822e-06	23	0.000119714773100449	::B-2-14::B3-1-13::B-A10::N-2-15::N-1-6::B-2-25::N-3-4::B-3-4::B-2-15::N3-2-21::N-2-21::B-1-6::B3-12::B-A05::B3-1::N-2-14::N3-c-14::B-2-21::B3-2-21::	9
chr11	19991900	20110900	chr11_19991900	22	119000	0.000579022430910487	26	8.25208574026114e-07	24	2.37201100415483e-05	::B3-2-21::B-1-7::B-A05::N-A05::N-2-25::B-2-12::B-B03::N-B03::N-3-4::N3-16::B3-12::B3-19::B3-7::N3-13::B3-2::B-3-4::B-2-14::B-B05::B-1-6::B3-5::B-2-15::B-2-21::	14
chr11	21022500	21141500	chr11_21022500	21	119000	0.00267878510037168	26	8.25208574026114e-07	21	0.00267878510037168	::B-A07::N-B03::B-2-15::B3-c-9::N-A02::B-A02::N3-2-21::B3-2-21::B-1-10::B3-11::B3-5::N3-9::B3-9::B3-12::N-2-23::B3-2-37::N3-11::N-3-4::N-A05::B-2-25::N-2-27::	10
chr11	23372600	23491600	chr11_23372600	22	119000	0.000579022430910487	29	4.0474782310774e-09	25	4.5118731930822e-06	::B3-2-21::N3-c-9::B-1-6::N-2-23::N3-15::B-2-15::B3-8::B3-12::B3-1::N-1-6::N-B05::B-2-23::B3-1-13::B-A07::B3-c-9::B-1-7::N3-2-21::N-2-14::N-2-21::B-A05::B-2-14::N3-16::	16
chr11	30147000	30266000	chr11_30147000	21	119000	0.00267878510037168	22	0.000579022430910487	20	0.0118297883599557	::N-A05::B-3-1::B3-11::B3-5::N3-16::B3-16::N-B03::B-B05::B-2-15::N3-1-13::N3-1::B-1-10::B3-c-28::B3-2-21::B-2-14::B3-19::N3-19::N-1-6::N3-2-21::B-2-25::N-3-1::	11
chr11	30709500	30828500	chr11_30709500	20	119000	0.0118297883599557	23	0.000119714773100449	18	0.198792585739381	::B-A04::N-B03::N-2-25::N-1-6::B-2-25::B-2-23::N-1-10::B-A05::N-2-14::B-2-14::N-1-7::B-1-7::B-3-4::N3-19::N-B05::N3-1::B3-14::B-B05::B-1-6::N3-10::	9
chr11	32634900	32753900	chr11_32634900	19	119000	0.0497538595892476	24	2.37201100415483e-05	23	0.000119714773100449	::N3-4::N3-2::B-B05::N-3-4::N-B05::B-2-15::N-A05::B-A05::N-1-6::B3-2-21::B-A02::N-2-15::B3-8::N-2-14::N-3-1::B3-21::B3-7::N3-19::B-A04::	14
chr11	53354100	53473100	chr11_53354100	23	119000	0.000119714773100449	26	8.25208574026114e-07	23	0.000119714773100449	::B-2-23::B-B05::N-2-15::B3-7::N-2-23::N-2-14::B-B03::B3-5::B-A04::B-2-14::B3-11::B3-19::N3-4::B3-13::B-2-15::B-A10::B-1-10::B3-4::B-3-4::B3-9::N3-9::N3-13::B-A07::	12
chr11	54424200	54543200	chr11_54424200	20	119000	0.0118297883599557	23	0.000119714773100449	23	0.000119714773100449	::N3-11::B3-11::N-B05::B-B05::N3-19::B-2-23::B3-10::B-A10::B3-19::B3-1::B3-14::N3-16::N-2-15::N-2-14::B3-1-13::N-2-27::B-3-1::B-A05::B-2-15::B3-c-28::	11
chr11	59664800	59783800	chr11_59664800	24	119000	2.37201100415483e-05	29	4.0474782310774e-09	26	8.25208574026114e-07	::B-2-15::B-2-14::N3-4::B3-c-14::N3-c-14::N3-16::B3-2-21::N3-12::N-B05::B-2-21::B-A12::B3-19::N-2-15::B-3-4::B-1-6::B-2-23::B-2-27::B3-1-13::B-B03::N-2-21::B-1-10::B-2-25::N-2-25::N3-c-9::	21
chr11	60116500	60235500	chr11_60116500	20	119000	0.0118297883599557	22	0.000579022430910487	19	0.0497538595892476	::N3-1::N-2-15::B-2-15::N-A12::B-2-25::B3-5::B3-12::B-2-27::N-A02::B-A02::N3-21::B-A10::B3-2::B-A07::B-B03::N3-13::N-A10::N3-19::N-2-21::B3-4::	13
chr11	62342700	62461700	chr11_62342700	27	119000	1.45338328771427e-07	34	2.94754001750272e-13	31	9.84151507272232e-11	::B3-c-28::B3-10::B-1-7::B-2-14::B3-1::N3-19::B3-7::B3-c-9::B-A05::N-2-23::B-A10::B-2-15::N3-9::B3-9::B-B05::B-2-27::B3-12::N3-8::B3-14::N-2-27::N-3-1::N-1-6::B-2-23::N-A02::B3-19::B-3-4::N-A05::	17
chr11	70841200	70960200	chr11_70841200	23	119000	0.000119714773100449	26	8.25208574026114e-07	25	4.5118731930822e-06	::B3-1-13::B3-7::N3-5::B3-8::N-2-15::B-3-4::N-3-4::B-A02::B3-12::N3-19::B-B03::N3-4::B-2-25::B3-5::N3-14::B-2-23::B3-21::B3-11::N-2-12::B-2-21::N-2-27::B3-c-28::N3-12::	13
chr11	72612000	72731000	chr11_72612000	33	119000	2.10745559509414e-12	46	2.11454511034708e-24	40	1.23327637620398e-18	::N3-16::N-2-15::B-3-4::N-3-4::B3-c-28::B3-13::N3-19::N-A04::B-A04::B-2-15::N3-21::B-A05::B-1-6::B-A10::B-1-7::B-A02::N3-11::B3-11::N-A02::B3-1::B3-21::N3-9::B3-9::B-2-12::N-2-12::B3-10::N-B05::N3-10::B-2-23::B3-14::B3-5::N-2-27::B-2-27::	16
chr11	74662000	74781000	chr11_74662000	20	119000	0.0118297883599557	22	0.000579022430910487	19	0.0497538595892476	::B-B05::B-1-10::B-A04::N-2-23::N-2-15::B3-13::N-B05::B3-8::B-3-4::N-3-1::B-3-1::N3-4::N3-13::B-2-25::N-1-4::N-2-14::B-2-14::B-2-15::N3-8::B-1-4::	11
chr11	76732700	76851700	chr11_76732700	27	119000	1.45338328771427e-07	33	2.10745559509414e-12	13	84.0542958689125	::B-B03::B-2-21::N3-4::B-A04::N-2-27::B-2-27::B3-2-37::B-1-10::B3-7::B-1-9::B3-c-14::B3-2::B-3-4::B3-5::B3-14::B-1-6::B3-21::B-1-4::B-1-7::B3-c-28::B3-c-9::N3-21::N-3-4::B-3-1::B-A12::B-B05::B3-11::	23
chr11	77511200	77630200	chr11_77511200	19	119000	0.0497538595892476	21	0.00267878510037168	19	0.0497538595892476	::B3-c-9::N3-16::N-2-25::B-2-15::N3-19::N3-c-28::N-2-15::B3-c-28::N-B03::B-2-23::N-A05::N-2-12::B-2-12::B3-2-21::N-A02::B-2-14::N3-10::N-1-7::B-2-25::	10
chr11	77673900	77792900	chr11_77673900	20	119000	0.0118297883599557	25	4.5118731930822e-06	20	0.0118297883599557	::B-2-23::B3-2-21::B3-11::B-3-4::N-3-4::N-A04::N-1-6::N-2-15::B-2-14::N-2-14::B3-5::N-A02::B-B03::N-B03::B-A02::N3-19::B-3-1::N-3-1::N-2-25::B3-19::	19
chr11	79407500	79526500	chr11_79407500	31	119000	9.84151507272232e-11	66	7.47336763076414e-46	55	1.13953504571702e-33	::N3-13::B-1-7::B3-2-21::B3-19::N-2-15::N3-19::B-3-4::B-2-23::B-A02::N-2-23::N3-c-9::B-1-6::B-A10::B3-13::N-A05::B-A05::N3-1-13::B-2-27::B3-21::N3-4::B3-1::B3-15::B-B05::N3-15::N3-21::B3-1-13::N-B05::N3-2-21::B3-14::B-2-25::N-2-25::	29
chr11	80384900	80503900	chr11_80384900	21	119000	0.00267878510037168	27	1.45338328771427e-07	25	4.5118731930822e-06	::B3-14::B3-1::B3-2-21::B-2-21::N-A02::B-A02::B-2-14::N-2-15::N-B03::B3-19::B-2-25::N-3-4::B3-2-37::B-3-4::B3-7::N-1-6::N3-16::B-B03::N-1-10::B-A05::N-2-12::	9
chr11	86255200	86374200	chr11_86255200	21	119000	0.00267878510037168	30	6.41569133335755e-10	25	4.5118731930822e-06	::N-2-21::B-A04::N-A02::N3-16::B3-15::N3-15::B-A07::B3-13::B3-2-21::B3-4::B-2-12::B-B05::B-2-15::B3-10::N3-4::B3-9::N3-9::B-A10::N3-10::B3-c-28::N3-13::	15
chr11	86641300	86760300	chr11_86641300	26	119000	8.25208574026114e-07	35	4.00471726528764e-14	29	4.0474782310774e-09	::B-3-4::B-2-14::B3-7::B-2-15::N3-13::N3-10::N-2-15::B-B03::B-2-25::B-2-12::B-2-21::N3-16::N-B03::N-1-7::N-3-4::N-1-6::B-1-7::N-A02::B-1-6::B-A04::N-A04::N-2-23::B-B05::N3-4::B3-4::B3-c-9::	16
chr11	93967100	94086100	chr11_93967100	20	119000	0.0118297883599557	38	8.50794398680821e-17	34	2.94754001750272e-13	::B-A02::N-A12::N-B05::N-2-15::N3-11::N-2-21::B3-8::B-A12::B3-19::N3-19::B3-2-21::N3-16::N-1-10::B-2-21::B-A07::N3-c-28::N3-1-13::B3-1-13::B-3-1::N-A02::	22
chr11	97213900	97332900	chr11_97213900	20	119000	0.0118297883599557	25	4.5118731930822e-06	23	0.000119714773100449	::N3-10::N3-13::B3-12::N3-2-21::N-1-10::B-A07::B-B03::N-2-21::B3-11::B-2-15::B-A05::B3-13::N3-14::B-1-6::N-A12::B-A12::N-2-15::B-1-7::B3-19::B3-2::	12
chr11	98131700	98250700	chr11_98131700	21	119000	0.00267878510037168	25	4.5118731930822e-06	21	0.00267878510037168	::N3-2::N-2-27::N3-13::B-B05::B3-21::N-3-1::B-3-1::B-A05::B-3-4::B-2-25::B-2-21::B3-c-9::N-1-10::B-1-10::B-A07::B-A12::N3-16::B3-c-14::N-1-6::N-B05::B-2-14::	9
chr11	105565600	105684600	chr11_105565600	20	119000	0.0118297883599557	25	4.5118731930822e-06	23	0.000119714773100449	::B-2-23::B-1-7::N-3-4::N-1-6::N-A04::B-A04::B3-1::B3-19::B3-12::N3-8::B3-8::N-A02::N3-13::B3-7::N3-19::B-A07::B3-11::N-2-15::N3-10::B-2-25::	7
chr11	106087000	106206000	chr11_106087000	20	119000	0.0118297883599557	25	4.5118731930822e-06	20	0.0118297883599557	::B3-7::N3-8::N3-9::B3-9::B-1-7::B-3-4::B3-19::B3-1::B-A04::N-3-1::B3-8::B3-11::N3-11::B-2-15::N-A05::B3-2::N3-13::B3-c-28::N3-16::N-2-23::	12
chr11	106459900	106578900	chr11_106459900	19	119000	0.0497538595892476	20	0.0118297883599557	18	0.198792585739381	::B-B05::N3-11::B3-2::N3-2::N-3-1::N3-4::B-2-25::B-2-15::B3-14::B-2-21::B3-19::B3-1-13::B-2-27::N3-19::B-A04::B-A02::B3-9::N3-9::B3-12::	13
chr11	106801000	106920000	chr11_106801000	22	119000	0.000579022430910487	27	1.45338328771427e-07	26	8.25208574026114e-07	::B-2-27::N-2-25::N-3-4::B3-c-9::B-2-21::B-A05::B-B03::N-3-1::B3-2-21::B-A12::B-1-6::B-2-14::B-2-23::N-B05::N3-19::N3-13::N-A10::B3-1::N-B03::N3-2-21::N-1-6::B3-c-28::	17
chr11	107053200	107172200	chr11_107053200	20	119000	0.0118297883599557	22	0.000579022430910487	18	0.198792585739381	::N3-4::N3-14::B-B03::B3-13::N3-13::N-B05::B-B05::B3-16::N-1-6::N3-2::B3-2::B3-11::B-1-6::B3-1-13::B3-21::N3-10::B3-7::B3-10::N3-c-28::B3-2-21::	9
chr11	108182500	108301500	chr11_108182500	27	119000	1.45338328771427e-07	28	2.46832490433883e-08	16	2.69005537644288	::B-A02::N3-14::N3-11::N-2-27::N3-2-21::B3-2-37::N-2-21::B3-19::N3-5::N-A12::B-2-21::B3-5::N-2-12::N3-12::N-B05::N3-10::N3-9::N3-21::N3-13::N-2-23::N3-1::N-2-15::N-3-4::N3-4::N-3-1::N3-19::B-1-4::	5
chr12	8676400	8795400	chr12_8676400	19	119000	0.0497538595892476	21	0.00267878510037168	17	0.752475723789525	::N3-c-28::B-2-15::B3-7::N-3-1::B-3-4::B3-14::B-A12::B3-19::B-B03::N-A02::N3-19::B-A05::N3-14::B-2-23::B-2-25::B-3-1::B-A02::N-2-15::B3-1-13::	8
chr12	51622300	51741300	chr12_51622300	23	119000	0.000119714773100449	31	9.84151507272232e-11	26	8.25208574026114e-07	::B-2-15::B-A12::B-2-14::B-1-6::B3-12::N-2-15::N3-12::B3-19::B3-15::B-A07::B3-1-13::B-2-21::B3-16::B-A02::N-2-14::B3-11::N-3-1::N-1-7::B3-10::N3-10::B-3-4::B3-1::N3-14::	15
chr12	52470000	52589000	chr12_52470000	19	119000	0.0497538595892476	23	0.000119714773100449	23	0.000119714773100449	::B3-c-9::B-1-6::B3-11::N-A05::N-2-12::B-A12::B3-2-21::B-2-15::B-2-21::N3-4::B3-9::N3-21::B-B03::B3-7::N3-5::B-1-7::B-2-12::N3-10::B3-1-13::	8
chr12	75453600	75572600	chr12_75453600	25	119000	4.5118731930822e-06	30	6.41569133335755e-10	27	1.45338328771427e-07	::N3-19::B-2-14::B-A12::B-2-23::B-1-6::N-A12::B-A07::N3-16::B3-10::B-1-7::B-2-15::B3-1::N-A04::B3-1-13::B3-11::B3-7::B3-13::N-2-21::N-3-1::N-2-23::N-1-7::N-A07::N3-11::B3-2::N-2-12::	14
chr12	80759600	80878600	chr12_80759600	20	119000	0.0118297883599557	23	0.000119714773100449	22	0.000579022430910487	::N-A02::B3-5::B3-7::N-2-14::B-2-14::B-3-1::N-A10::B-A10::N3-19::B-2-27::N3-21::B3-11::B-2-12::B-B05::N-1-10::B-2-21::B-1-6::N-A05::N3-4::N-2-27::	11
chr12	111535500	111654500	chr12_111535500	20	119000	0.0118297883599557	25	4.5118731930822e-06	22	0.000579022430910487	::N-2-15::B-2-15::B-A02::B-2-25::N3-4::B-A12::B3-13::N-2-23::B3-12::B3-7::N-B05::B-2-14::N-A02::N3-16::N-3-4::B-1-10::N3-9::N3-13::N-A05::B3-1-13::	18
chr13	3528500	3647500	chr13_3528500	20	119000	0.0118297883599557	22	0.000579022430910487	18	0.198792585739381	::B3-11::N-2-25::B3-1::B3-10::N-2-21::B-2-21::B-3-1::B-A10::N3-2-21::B-1-6::N3-10::N3-2::B-A07::B-2-12::N3-8::B-2-25::N3-11::B3-8::N3-14::B-1-10::	7
chr13	9041700	9160700	chr13_9041700	25	119000	4.5118731930822e-06	29	4.0474782310774e-09	25	4.5118731930822e-06	::B-A02::B-B05::B-2-15::B-1-6::B-2-23::N3-19::B3-19::N-2-15::N3-16::B3-16::B-A10::N-2-21::B-2-21::N-2-25::B3-2-21::N-2-27::N-1-6::N-1-10::N-2-12::N3-8::B3-8::N-3-4::B3-21::B3-7::N-2-14::	14
chr13	14067000	14186000	chr13_14067000	23	119000	0.000119714773100449	32	1.46248755137757e-11	30	6.41569133335755e-10	::B3-7::B3-c-9::B3-2::B-2-25::B-2-15::N3-12::B3-12::N-2-15::B3-1-13::B-A12::N-A12::B-2-23::N3-8::B-A10::B3-13::B3-1::B3-5::B-2-14::B-A02::B-1-6::B-3-4::B-A07::N3-13::	8
chr13	17692400	17811400	chr13_17692400	29	119000	4.0474782310774e-09	41	1.43039752584479e-19	32	1.46248755137757e-11	::B-2-21::B-1-6::B3-12::B3-14::N3-14::B-A10::B-2-12::B3-8::B3-13::N3-8::B3-1::N3-19::B3-19::B3-21::B3-9::B3-2::B-3-4::N-3-4::B-2-15::B-A07::B3-7::N-1-7::N3-10::B-A02::B-1-7::N-A05::B-A05::B-3-1::N-3-1::	24
chr13	37808600	37927600	chr13_37808600	20	119000	0.0118297883599557	21	0.00267878510037168	16	2.69005537644288	::B3-19::N-B03::B3-11::N-1-10::N-2-15::N3-19::B3-c-28::B-2-27::B3-21::N3-12::B-2-14::N-1-7::B-2-25::B3-4::B3-16::N3-16::N3-4::B-A07::N-B05::B-B05::	12
chr13	43376000	43495000	chr13_43376000	25	119000	4.5118731930822e-06	37	6.7987335994691e-16	25	4.5118731930822e-06	::N3-19::B-2-14::N-2-14::B3-c-9::B3-7::B-A10::B3-19::B-1-6::B-2-27::N-2-27::B-A12::N-A12::N3-2-21::B-B03::N3-13::B3-11::B3-8::N3-8::N3-11::B-A04::B-3-1::N3-16::B3-4::N3-4::B-1-10::	25
chr13	44859100	44978100	chr13_44859100	19	119000	0.0497538595892476	22	0.000579022430910487	19	0.0497538595892476	::N-2-15::B-2-25::B3-12::N-2-25::B3-14::B-3-4::B-B03::B3-9::N3-9::B-B05::B-A02::B3-13::N3-13::N3-16::B-3-1::B3-19::B-2-15::B-1-4::B3-c-28::	11
chr13	48845500	48964500	chr13_48845500	20	119000	0.0118297883599557	24	2.37201100415483e-05	20	0.0118297883599557	::B3-12::N-A04::B-A02::B-1-10::N-2-23::B3-2-21::N3-2-21::B-3-4::N-B05::B-B05::N3-1-13::N-2-15::B-2-14::N-2-27::N-1-6::N3-11::N3-8::B3-11::B3-8::N-2-25::	8
chr13	85161800	85280800	chr13_85161800	23	119000	0.000119714773100449	37	6.7987335994691e-16	31	9.84151507272232e-11	::B3-19::N-B03::B3-2-21::B3-10::B-A12::N-1-6::N3-2::B3-2::B-B03::B-2-27::N-1-10::B-B05::B-2-15::B3-15::N3-15::N-A05::B-A05::N3-14::N3-4::B-A10::B3-21::B3-c-28::B-2-14::	19
chr13	94489500	94608500	chr13_94489500	30	119000	6.41569133335755e-10	31	9.84151507272232e-11	10	1341.33301595108	::B-A02::B3-12::B3-13::B-1-6::B-B05::N3-11::B3-2::N-B05::N-2-14::N3-8::N-A02::N-2-15::N-2-12::N-2-27::N-B03::N-1-6::N-2-25::N-A12::N-A04::N3-19::N-3-4::N3-21::N-2-23::N3-4::N-2-21::N3-16::N3-1::N3-13::N3-2::B3-c-28::	26
chr13	98798100	98917100	chr13_98798100	23	119000	0.000119714773100449	28	2.46832490433883e-08	26	8.25208574026114e-07	::N-2-15::B3-2-21::B-A07::B-2-15::B-B03::B-1-6::N-A07::B-2-21::B-B05::B3-14::N-1-6::B-2-23::B-A10::N-2-14::B-3-4::N3-15::B3-12::N3-16::B3-19::N-2-23::N-2-25::N3-2::B-2-25::	9
chr14	19327500	19446500	chr14_19327500	32	119000	1.46248755137757e-11	55	1.13953504571702e-33	23	0.000119714773100449	::B3-12::N-2-21::N3-4::B-2-14::N-B05::N-2-27::N-A02::B-1-6::N-1-10::N-A05::N3-11::B-3-4::N-1-7::N3-16::N3-8::B3-11::N3-10::B-2-23::N3-12::N3-1::N-3-4::N-2-23::N-2-25::N3-19::B-2-15::B3-2::N3-15::N3-1-13::N-A10::N3-2-21::N-1-6::N3-9::	25
chr14	20932300	21051300	chr14_20932300	23	119000	0.000119714773100449	34	2.94754001750272e-13	30	6.41569133335755e-10	::B3-7::B3-12::B-3-4::N3-7::B3-c-28::B-A10::N-1-6::B-1-6::B-2-23::B-A04::N-2-25::N-A07::B-B05::N-A05::B-A05::N-3-1::B-2-14::B3-15::B-1-10::B3-19::B3-14::B3-c-9::B-2-25::	15
chr14	31010100	31129100	chr14_31010100	20	119000	0.0118297883599557	23	0.000119714773100449	20	0.0118297883599557	::N-3-1::N-2-21::B-2-21::N3-7::B3-11::B-3-1::N-2-15::B-A02::B3-2-21::N-A02::N3-13::N-2-12::B3-13::B3-12::N-2-25::N3-1-13::B3-1-13::N-2-23::N3-c-28::B3-c-28::	9
chr14	34395800	34514800	chr14_34395800	26	119000	8.25208574026114e-07	33	2.10745559509414e-12	31	9.84151507272232e-11	::B-1-6::N-1-10::B-2-23::B3-11::B-2-15::B3-2::B-B05::B-2-21::N-2-25::B3-c-28::B-A07::N-1-6::B3-12::N-A05::B3-7::B-2-14::N-2-14::B-2-12::N3-21::B3-19::N-A02::B-A02::B-1-4::B-3-4::B3-14::N-B05::	17
chr14	52157900	52276900	chr14_52157900	21	119000	0.00267878510037168	26	8.25208574026114e-07	22	0.000579022430910487	::B-2-27::B-1-7::N3-21::N3-19::N-2-21::B-A10::B-2-21::B-2-15::B3-1-13::B-A07::N-A07::N-2-27::B3-12::N-2-15::B-1-10::N-1-10::N-1-7::N3-c-28::B3-c-28::N3-2-21::B3-11::	12
chr14	66994800	67113800	chr14_66994800	26	119000	8.25208574026114e-07	29	4.0474782310774e-09	21	0.00267878510037168	::B-B05::N-2-15::N3-9::B3-9::B3-7::N3-1-13::N3-7::B3-12::N-2-21::B-2-14::N3-8::N3-11::B3-8::B3-11::B3-2-21::B-2-12::N3-21::B-3-4::B-2-25::B-1-10::B-A12::N-A12::N3-19::B-1-7::B3-c-9::B-B03::	13
chr14	79501700	79620700	chr14_79501700	25	119000	4.5118731930822e-06	33	2.10745559509414e-12	28	2.46832490433883e-08	::N-1-6::B3-12::B3-2-21::N-A12::B-1-6::B-3-4::N-A02::N3-19::N-3-4::N-3-1::N-2-23::B3-2::B-2-12::N-2-12::B-2-25::B3-5::B-1-7::B-2-15::N-2-15::B-1-10::N3-9::B3-10::B-B03::B-2-23::B-B05::	18
chr15	8304700	8423700	chr15_8304700	29	119000	4.0474782310774e-09	47	2.13943595912667e-25	43	1.7910157011518e-21	::B3-19::B3-1-13::N-2-21::B-3-1::B3-1::B3-12::B-1-4::B-B03::B3-c-28::B-3-4::N-A12::B-2-14::B-2-15::N-B05::B-2-12::B-1-10::N-1-6::B3-2-21::N-2-23::N3-2-21::N3-1-13::N3-1::B3-11::N-2-14::N-2-15::B-A07::B-1-7::N3-13::N-A07::	25
chr15	12110500	12229500	chr15_12110500	21	119000	0.00267878510037168	24	2.37201100415483e-05	24	2.37201100415483e-05	::B-2-12::N3-14::B-A10::B3-12::B3-1::B3-1-13::N-2-27::N-2-21::B-2-21::B3-19::N3-19::N-A10::B3-7::B-A12::B-2-14::N3-2-21::B-1-6::B-2-15::N-A12::N-1-6::N3-13::	16
chr15	12264700	12383700	chr15_12264700	19	119000	0.0497538595892476	20	0.0118297883599557	17	0.752475723789525	::N-2-23::B-B03::N-1-6::N3-21::N-2-15::B-2-25::N-2-25::N-A02::B3-14::B-3-4::B3-c-28::N3-c-28::B-A05::N3-13::B-2-14::B-A12::N-A12::B-A04::B3-2-21::	15
chr15	37933600	38052600	chr15_37933600	20	119000	0.0118297883599557	30	6.41569133335755e-10	25	4.5118731930822e-06	::B-B05::N3-16::B-3-4::B3-c-9::N3-10::B3-21::B-2-15::N3-5::B3-13::B-B03::N-3-4::B3-14::N3-4::B-3-1::N-3-1::B3-19::B3-10::B-2-14::N3-19::N-B03::	16
chr15	43161600	43280600	chr15_43161600	19	119000	0.0497538595892476	20	0.0118297883599557	16	2.69005537644288	::N-2-15::B-A10::B-2-21::N3-2-21::B-3-4::N3-10::B3-2-37::B3-21::N3-21::B3-19::B-1-6::B3-1::N3-9::B3-9::B-2-15::B3-5::B3-8::B3-2-21::N-3-1::	10
chr15	50673600	50792600	chr15_50673600	23	119000	0.000119714773100449	25	4.5118731930822e-06	24	2.37201100415483e-05	::N-2-15::N-A05::B-B05::B-3-4::N-A12::B3-21::N-2-23::N3-15::B3-15::B-2-12::N-A07::B-2-25::N3-c-14::B3-14::B3-19::N-2-12::B-2-21::N-2-25::N-B05::B-2-15::B-3-1::N-3-1::B3-2-21::	12
chr15	53116000	53235000	chr15_53116000	19	119000	0.0497538595892476	20	0.0118297883599557	19	0.0497538595892476	::N-2-27::N-2-21::B3-c-28::N-1-7::N-2-23::B3-12::B-2-14::N-2-14::N-1-6::B3-14::B-2-15::N-2-15::N3-19::B-B05::N3-16::B-1-6::B-2-21::B3-1::B-3-4::	13
chr15	64179800	64298800	chr15_64179800	20	119000	0.0118297883599557	29	4.0474782310774e-09	25	4.5118731930822e-06	::N-A05::B-2-15::N-2-15::N-1-6::B-A02::B-3-4::B-A04::B3-7::B3-12::N-2-21::N3-7::B3-19::N-A04::N3-16::N-2-23::B3-2-21::N3-2-21::B-2-27::B-2-21::N3-19::	17
chr15	73112800	73231800	chr15_73112800	23	119000	0.000119714773100449	29	4.0474782310774e-09	20	0.0118297883599557	::B-2-12::N3-16::B-2-14::N3-1::N3-13::N3-10::B3-10::B3-1::B3-13::B3-2-37::B-1-6::N-1-6::B3-19::B-1-7::N-B05::N3-21::N3-19::N3-2-21::N3-c-14::B3-11::B-2-15::B3-c-28::B-2-27::	9
chr15	73304200	73423200	chr15_73304200	19	119000	0.0497538595892476	23	0.000119714773100449	20	0.0118297883599557	::N3-1::B-2-25::N-2-23::B-2-15::B3-8::B-B05::N-A02::B3-c-14::B3-19::N-2-15::B-2-21::B3-1::B-2-12::N-2-12::B-1-7::N-A07::B-2-14::N3-13::N-1-7::	12
chr15	77070200	77189200	chr15_77070200	22	119000	0.000579022430910487	25	4.5118731930822e-06	22	0.000579022430910487	::B-1-6::N3-19::B3-12::N-A02::N-2-12::B-2-12::N-A10::B-A10::N3-13::B3-19::N3-2-21::B3-2-21::B-2-14::B-A04::B-2-25::N3-8::B-B05::B-2-23::B-A07::N-B05::B3-14::N3-7::	8
chr15	80805800	80924800	chr15_80805800	25	119000	4.5118731930822e-06	31	9.84151507272232e-11	28	2.46832490433883e-08	::B-3-4::N3-10::B-2-23::N-2-12::B-2-12::B-2-15::B-1-6::B-A04::B3-1::N3-1::B-1-7::N3-21::B3-2-21::N-1-6::B-2-14::N3-13::B3-13::B3-10::N3-2-21::B3-c-28::N3-c-28::B-A07::N-2-14::B3-1-13::N-2-15::	10
chr15	81068200	81187200	chr15_81068200	27	119000	1.45338328771427e-07	44	1.93565035309454e-22	39	1.0373855861039e-17	::B-B03::N3-8::N3-13::B-2-12::B-2-25::B-A07::N-2-15::N-1-6::B3-2-21::N3-1-13::B-A10::B-2-14::B-2-21::N3-2-21::N3-1::B3-19::B-1-7::N3-19::N-2-12::B3-c-28::B3-7::B-1-6::B3-13::B-B05::B-2-27::B-2-23::N-2-23::	21
chr15	81538900	81657900	chr15_81538900	21	119000	0.00267878510037168	30	6.41569133335755e-10	24	2.37201100415483e-05	::N3-11::B3-2::N3-9::B3-15::B3-9::N-3-4::N3-2-21::N-2-12::B-2-21::B-A05::B-2-25::N3-c-9::B-A04::B-2-14::N-2-25::B-1-10::B-3-4::B-B03::B3-2-21::N3-13::B3-c-9::	17
chr15	85356600	85475600	chr15_85356600	20	119000	0.0118297883599557	26	8.25208574026114e-07	24	2.37201100415483e-05	::B-2-25::B-A07::B-3-4::N-A05::B3-12::N-2-25::N-1-7::N3-19::N3-4::N-3-1::B-3-1::B3-7::N-2-21::B-2-15::N-B03::B-B03::N3-10::N-2-15::B-A12::B3-11::	11
chr15	96341000	96460000	chr15_96341000	28	119000	2.46832490433883e-08	39	1.0373855861039e-17	34	2.94754001750272e-13	::N-1-6::N-2-21::B3-1::N3-16::B3-10::B-2-15::B-2-27::N3-7::B3-7::B-1-6::B3-21::N3-9::B3-9::B3-c-14::N3-c-14::N3-19::B-2-14::N-2-14::B-A10::N-3-4::B-B05::B3-2-21::N-2-25::B-3-4::N-1-7::B-A05::N3-1::B-1-10::	23
chr15	99730500	99849500	chr15_99730500	23	119000	0.000119714773100449	26	8.25208574026114e-07	23	0.000119714773100449	::N-A02::B-A02::N-1-7::B-2-23::B3-19::B-2-14::B-3-4::N-A05::B-A05::N-3-1::N-3-4::N3-16::B-A10::N-2-21::B-1-4::N-1-6::B-1-6::N-1-4::B-2-15::B3-13::N-2-15::B-A12::B-1-7::	12
chr15	102458300	102577300	chr15_102458300	25	119000	4.5118731930822e-06	32	1.46248755137757e-11	29	4.0474782310774e-09	::B3-19::B3-16::N3-16::N3-19::B-2-25::N-2-25::N-1-7::B3-12::B-2-27::N-A05::B-2-14::B-3-4::N-2-23::B3-c-9::N-1-6::B3-5::N-B05::N3-10::N-B03::B-B03::B3-14::B-2-15::N-2-15::N3-4::B3-11::	17
chr16	4093900	4212900	chr16_4093900	19	119000	0.0497538595892476	25	4.5118731930822e-06	23	0.000119714773100449	::B3-7::N-1-7::B3-13::B-3-1::B3-1::N-2-15::N3-12::B-A10::B-1-7::B-B05::B3-2-37::B-2-15::N3-13::N3-5::B-2-23::B3-c-28::N-2-12::B-2-21::N-2-21::	15
chr16	11109800	11228800	chr16_11109800	23	119000	0.000119714773100449	32	1.46248755137757e-11	29	4.0474782310774e-09	::B3-11::B-2-15::B-2-14::N3-13::B-1-10::B-2-21::B3-1::B3-7::B3-5::N3-16::N-2-25::B-A07::N-2-27::N-A05::N-A02::N-2-15::N-B03::N3-11::B-A04::N3-1::B3-15::B-A12::B-B03::	14
chr16	16984400	17103400	chr16_16984400	21	119000	0.00267878510037168	25	4.5118731930822e-06	22	0.000579022430910487	::B3-c-28::N-2-12::B-2-12::N-2-21::B3-19::B-2-15::B-A12::N-B03::N-2-23::B-B03::N-2-14::B-2-14::B-3-1::N-3-1::B-2-21::N3-13::N-A07::N3-1::N3-2-21::N3-21::N3-16::	10
chr16	17363300	17482300	chr16_17363300	20	119000	0.0118297883599557	30	6.41569133335755e-10	25	4.5118731930822e-06	::N-B05::N3-c-28::N-2-14::B-A10::N3-13::B-2-25::B-3-4::B3-12::B3-19::N3-1::B3-1::B-1-7::N-2-12::B-2-12::N3-8::B3-c-28::N3-2-21::N-3-1::N3-c-14::B3-8::	17
chr16	24446900	24565900	chr16_24446900	27	119000	1.45338328771427e-07	32	1.46248755137757e-11	29	4.0474782310774e-09	::N3-19::N-2-14::B-2-14::N-A02::N-2-15::N-B03::B-1-6::B3-c-28::B3-11::B-3-4::N3-8::B-B05::N3-c-14::N3-7::N3-10::B3-1-13::B-A07::B-2-21::B3-2-21::N-1-7::B-A10::B3-12::N-2-21::B-3-1::N-3-1::B-2-15::N-3-4::	15
chr16	31657900	31776900	chr16_31657900	25	119000	4.5118731930822e-06	39	1.0373855861039e-17	32	1.46248755137757e-11	::N-A05::B-B03::B-2-15::N3-c-14::B3-19::B-A07::B-B05::B-1-6::B3-21::N-A07::N3-1-13::N-3-1::N3-19::B-3-4::N-3-4::N-B05::N-B03::B-2-12::B-A02::N-2-15::N-2-21::B3-11::B-2-21::B-A05::B-2-14::	16
chr16	31973900	32092900	chr16_31973900	20	119000	0.0118297883599557	24	2.37201100415483e-05	21	0.00267878510037168	::N-2-15::N-A12::N3-7::B3-10::B3-19::B-A04::B-2-14::B-A12::B-B05::B3-c-28::B-2-15::N-B05::B-2-23::N-3-4::B-3-4::B3-11::N-A10::B3-7::B-1-7::B3-2-21::	18
chr16	38100000	38219000	chr16_38100000	25	119000	4.5118731930822e-06	35	4.00471726528764e-14	31	9.84151507272232e-11	::B3-11::B3-13::B-2-15::B-1-6::N3-9::N-A07::B-1-7::B-A10::N-A02::N-2-15::B3-c-9::B-3-1::B-2-25::B3-19::B3-7::B-A05::B-A12::B-A07::N-2-25::N3-12::N3-16::B-B05::N-B05::N-A05::N-2-21::	11
chr16	43429200	43548200	chr16_43429200	20	119000	0.0118297883599557	26	8.25208574026114e-07	21	0.00267878510037168	::N-2-15::B3-1-13::B3-1::B-2-23::B3-10::B3-13::N3-1::N3-10::N3-13::B-B05::N3-1-13::N3-c-14::B-1-7::B-2-14::N-B03::B-A10::N-2-12::B-B03::B-1-6::B3-2::	20
chr16	94561000	94680000	chr16_94561000	22	119000	0.000579022430910487	27	1.45338328771427e-07	24	2.37201100415483e-05	::N-A12::N3-4::N-3-1::B-1-6::N-2-15::B3-7::B3-5::N3-1::B-3-1::B-2-15::B-1-4::B-A04::N3-9::B3-9::N3-2-21::B-1-10::B3-2-21::N-B05::N-1-6::N-3-4::N-2-25::B3-19::	12
chr17	3117100	3236100	chr17_3117100	32	119000	1.46248755137757e-11	42	1.61952499201594e-20	36	5.28992547634901e-15	::B-A12::B3-19::N3-4::N-2-21::B3-8::N-3-1::N3-2-21::N-A05::N-1-6::B-1-6::N-2-15::B-2-12::N-3-4::N3-15::B3-15::N-B03::B-B03::B-2-21::B3-12::B-2-14::B-A10::B-3-4::N3-5::N3-16::B-B05::N-B05::B-A05::N-1-7::N3-19::N3-1::N-A12::N3-9::	20
chr17	5009900	5128900	chr17_5009900	23	119000	0.000119714773100449	28	2.46832490433883e-08	24	2.37201100415483e-05	::B-2-15::B-B03::B-3-1::B-A10::N3-16::N-2-21::B3-19::N-3-4::N-1-6::N-2-15::B-1-6::N3-4::B3-7::B3-1::N3-1::N-2-25::B-2-21::B3-12::N-2-23::N-A02::N-1-4::B-A02::N-A05::	14
chr17	10198000	10317000	chr17_10198000	31	119000	9.84151507272232e-11	41	1.43039752584479e-19	37	6.7987335994691e-16	::B-A04::B-B05::N3-2-21::N3-16::N-A04::N-2-15::N3-13::B3-19::B3-14::N3-c-9::N-3-4::N-A10::B3-2-21::B-A07::N-3-1::N-2-23::N3-14::B-1-6::N-1-10::B-2-25::B-1-10::B-2-21::N-2-21::B-2-23::B-1-7::B3-9::B-A10::N-A02::B-A02::N3-c-28::B-A05::	14
chr17	15400100	15519100	chr17_15400100	20	119000	0.0118297883599557	21	0.00267878510037168	18	0.198792585739381	::B-3-4::N-2-27::B3-14::B-1-7::B-B05::B3-8::B3-12::B3-7::B3-11::B-3-1::N-1-6::N-1-10::B-2-21::B-A12::N3-1::B-2-25::B-B03::N-2-21::B-1-6::N-B05::	11
chr17	15708400	15827400	chr17_15708400	23	119000	0.000119714773100449	25	4.5118731930822e-06	21	0.00267878510037168	::B-1-7::N-1-7::B-1-6::B3-21::N3-21::N-2-12::B-2-12::B3-14::B-2-25::B-1-10::B-3-1::N3-4::B3-2::B3-13::B-2-14::B3-2-21::B-2-15::B-A04::N-3-1::N-2-27::N-2-14::N-2-15::B3-c-28::	12
chr17	28950300	29069300	chr17_28950300	20	119000	0.0118297883599557	22	0.000579022430910487	19	0.0497538595892476	::N3-16::B-1-7::B-2-15::B3-c-28::B-A07::B-1-6::B-B03::N-B05::N-2-25::B3-15::B-A12::N-A12::B-A02::N-A02::N3-9::B-A05::B-B05::N-3-4::B3-19::B3-16::	13
chr17	30037600	30156600	chr17_30037600	26	119000	8.25208574026114e-07	36	5.28992547634901e-15	32	1.46248755137757e-11	::B3-19::B-1-7::N3-9::B3-9::B-2-27::B-B05::N3-16::N3-19::B-3-4::N-B05::N3-1::B3-12::B3-c-28::B-2-15::B-1-6::B-A02::N3-13::B3-1::N-1-6::B-2-14::N-B03::B-A10::B-2-12::N-2-12::N-A05::B-A07::	12
chr17	32163500	32282500	chr17_32163500	25	119000	4.5118731930822e-06	31	9.84151507272232e-11	24	2.37201100415483e-05	::B-A12::B3-1::B-B05::B3-11::B-2-25::B-2-21::B3-9::N3-9::N-3-4::B3-c-28::N-2-23::B-2-12::B3-7::B-A10::B3-1-13::B3-15::N3-16::N3-12::N3-4::B3-13::B3-10::B3-2-37::N3-10::N3-13::B-2-15::	17
chr17	42786000	42905000	chr17_42786000	21	119000	0.00267878510037168	25	4.5118731930822e-06	24	2.37201100415483e-05	::B-2-25::N3-1::B-B03::B3-c-9::B-B05::B-2-23::B3-8::N3-8::N-A12::B-2-21::N-2-15::B-2-15::B3-1-13::N-2-21::N-A10::B3-11::B3-5::B-A07::B-2-12::B3-19::N3-13::	14
chr17	74190200	74309200	chr17_74190200	21	119000	0.00267878510037168	25	4.5118731930822e-06	23	0.000119714773100449	::B3-10::B-2-25::B3-c-9::B-A10::B-B05::N-A12::N3-8::B-2-27::N-B05::N3-7::B-3-4::B3-2-21::B3-7::B-2-23::N3-14::N-2-23::N-2-25::N3-19::B-2-15::B3-11::N3-11::	13
chr17	74579100	74698100	chr17_74579100	26	119000	8.25208574026114e-07	36	5.28992547634901e-15	30	6.41569133335755e-10	::N-2-14::B3-15::N-B03::B-2-14::B-1-7::N3-11::B3-11::B3-1::N3-1::B-3-4::N3-4::B3-13::N-1-6::B-B05::N-3-4::B3-c-28::N3-9::B3-9::B3-7::N-B05::N3-16::B-A10::B-2-25::N-2-25::B3-21::N3-21::	22
chr18	4945700	5064700	chr18_4945700	21	119000	0.00267878510037168	22	0.000579022430910487	17	0.752475723789525	::B3-7::B-A05::N-A05::B-1-6::N-2-15::N-1-10::B3-1::N-3-1::B-3-1::B-A02::N3-c-28::B-2-21::B-3-4::B-A10::B3-c-9::B3-5::N3-19::N3-14::B3-14::B3-15::B3-2::	10
chr18	5601900	5720900	chr18_5601900	19	119000	0.0497538595892476	22	0.000579022430910487	21	0.00267878510037168	::B-1-7::N-2-15::B-2-23::N-2-23::B3-15::N-2-27::B-2-12::N-1-6::N-1-7::B3-21::B-A07::N-B03::B-B03::N-A10::N-3-4::B-3-4::B-A05::B3-19::B-1-6::	9
chr18	7866500	7985500	chr18_7866500	26	119000	8.25208574026114e-07	42	1.61952499201594e-20	32	1.46248755137757e-11	::N3-16::B3-7::N3-7::B-A10::N-A10::N-2-15::N-2-23::B-2-25::N-1-6::N-3-1::B-2-21::N-2-14::B-3-1::B3-12::B-2-15::B-2-27::B-1-7::B-2-23::N-A02::B3-11::B-A07::N3-15::B3-15::B3-4::N3-4::B3-1::	21
chr18	9340400	9459400	chr18_9340400	23	119000	0.000119714773100449	29	4.0474782310774e-09	26	8.25208574026114e-07	::B-B05::B-2-15::B3-c-28::N-2-12::B-2-12::N-2-23::N-2-21::N-3-1::B-2-25::B3-21::B3-12::B3-10::N3-10::B-2-23::B3-8::N-2-25::N3-c-9::B-3-1::N-A02::B-A02::B3-2::N3-1::B-A12::	13
chr18	10072500	10191500	chr18_10072500	32	119000	1.46248755137757e-11	46	2.11454511034708e-24	43	1.7910157011518e-21	::B-1-6::N3-13::N-2-21::N-2-23::B-1-7::N-2-27::B-B05::N3-19::B-2-25::N-B05::N3-16::N-2-15::N3-10::B-2-14::N-2-14::B-2-15::B3-16::B-2-23::B3-c-28::N3-2-21::B-3-1::N-3-1::B3-10::N3-4::N-A05::N-B03::N-A02::B3-1-13::B-A02::N-1-7::B-2-27::B3-1::	25
chr18	31767200	31886200	chr18_31767200	27	119000	1.45338328771427e-07	31	9.84151507272232e-11	27	1.45338328771427e-07	::B3-1-13::N-1-7::N-1-10::N-3-4::B-A02::N-1-6::B-B05::N-2-27::N3-8::N3-11::B3-8::B3-11::N3-19::B-2-21::N-2-21::N-2-23::N3-13::B3-19::B-A05::B3-7::B-3-4::N-B05::B-A10::N-2-15::N3-9::B3-5::N3-2-21::	11
chr18	34222800	34341800	chr18_34222800	26	119000	8.25208574026114e-07	35	4.00471726528764e-14	28	2.46832490433883e-08	::N3-13::N-2-23::B3-12::B-2-21::B-A10::B-B03::N-B03::N-2-15::B3-2::B-B05::N3-1-13::N3-8::B-A07::N-1-7::B3-8::B3-11::N-A07::B3-1-13::N3-21::B3-19::B-A05::N-A05::B-2-14::N3-4::B3-1::B3-21::	16
chr18	35102000	35221000	chr18_35102000	22	119000	0.000579022430910487	30	6.41569133335755e-10	28	2.46832490433883e-08	::B3-1-13::N3-13::B3-4::B-2-15::B3-7::B3-c-28::N3-19::B-A02::B-2-23::B-A10::B-3-4::N-2-25::B-2-25::B-B05::N-2-15::B3-1::N-3-1::N-1-6::B3-19::B-B03::B-1-6::N-B05::	21
chr18	35556000	35675000	chr18_35556000	22	119000	0.000579022430910487	28	2.46832490433883e-08	24	2.37201100415483e-05	::N3-c-28::B-A10::B-2-23::N-2-23::B3-7::B-2-14::B-1-7::N-A10::B-1-6::B-2-15::B-3-4::B-2-25::B-3-1::B3-16::N3-16::N-1-4::N-B05::B-A07::N-B03::N-1-9::B3-19::B-B05::	16
chr18	35763900	35882900	chr18_35763900	21	119000	0.00267878510037168	24	2.37201100415483e-05	23	0.000119714773100449	::B-2-14::N3-c-28::B-2-25::B-3-4::B-1-7::B3-8::B-A04::B-B05::B3-12::B3-1::B3-5::B-2-21::N3-16::B3-16::B-A05::N-A02::B3-4::N3-8::B-A12::B-3-1::N3-11::	13
chr18	42217900	42336900	chr18_42217900	24	119000	2.37201100415483e-05	28	2.46832490433883e-08	24	2.37201100415483e-05	::B-A02::N3-15::B3-15::N-A12::B-1-6::B-B05::N-A02::B3-8::B3-21::B-A07::N3-2::B3-1::B-2-21::N-2-21::B3-c-9::N-1-7::N-2-15::B-A05::N-2-23::B3-2::B-2-25::N-B05::B-3-4::B-1-7::	15
chr18	73585800	73704800	chr18_73585800	21	119000	0.00267878510037168	32	1.46248755137757e-11	24	2.37201100415483e-05	::N3-13::B-2-12::B-2-14::N-2-12::N-2-27::B-2-21::N-1-6::B-1-7::N-1-7::B-A12::N-A12::B-3-1::B-A05::B-2-15::B-A02::N-A02::N-3-1::N-A07::B-3-4::B-B05::N3-4::	24
chr18	80739700	80858700	chr18_80739700	21	119000	0.00267878510037168	23	0.000119714773100449	21	0.00267878510037168	::N-1-6::B-A10::N3-21::B3-2-21::B3-5::B-1-7::N-2-27::B-2-27::B3-c-28::N3-c-9::B3-12::B-2-15::N-2-15::N3-12::N-2-23::B3-2::B3-11::N3-10::B3-14::N3-8::B-2-21::	15
chr18	82928600	83047600	chr18_82928600	19	119000	0.0497538595892476	20	0.0118297883599557	18	0.198792585739381	::N3-19::B-2-14::N-A12::B-1-6::N-2-15::B3-c-28::B-3-1::N-3-1::B3-11::B-2-12::B3-1-13::B-A07::B-B03::B-1-4::N-A02::B-B05::N-A07::N3-10::B3-2::	8
chr19	3453200	3572200	chr19_3453200	26	119000	8.25208574026114e-07	43	1.7910157011518e-21	37	6.7987335994691e-16	::B3-5::N3-c-9::N3-4::B3-19::B-B05::N-B05::N3-12::B-1-6::N-A10::N-2-15::B-A05::B-2-15::B-A10::N-B03::B-B03::N3-8::B3-c-9::N3-16::B-1-10::N-2-21::B-1-4::B3-21::B-2-14::B-2-21::N-2-14::B-2-23::	30
chr19	4693400	4812400	chr19_4693400	21	119000	0.00267878510037168	28	2.46832490433883e-08	27	1.45338328771427e-07	::B3-5::B-A02::N-B05::B-2-12::N-1-6::N3-4::N3-11::B3-7::B-2-21::N-B03::B-B03::B-1-6::B3-1::B3-11::N-2-27::N-A10::N-2-15::B3-19::N3-10::B-3-4::B-A05::	15
chr19	30039300	30158300	chr19_30039300	27	119000	1.45338328771427e-07	35	4.00471726528764e-14	24	2.37201100415483e-05	::B3-2-21::B-2-15::N3-10::B-1-6::N-A10::N-B05::N-2-25::N3-11::B-B05::B3-c-9::B3-19::B3-21::B3-13::B3-11::B-1-7::N-2-12::B-2-12::B-A02::B-A10::B3-10::N3-1::N3-13::B3-1::N-A02::N3-1-13::B-A05::N-A05::	15
chr19	41491500	41610500	chr19_41491500	20	119000	0.0118297883599557	27	1.45338328771427e-07	25	4.5118731930822e-06	::B-3-4::B-1-6::B-2-14::B3-13::B3-1::N3-13::B-2-23::N-3-1::N3-1::N-2-15::B3-19::B-2-25::N-2-25::B3-12::N-2-21::N3-4::B-B05::N-1-6::N-2-27::B3-2-21::	14
chr19	55750200	55869200	chr19_55750200	19	119000	0.0497538595892476	20	0.0118297883599557	19	0.0497538595892476	::B-A02::B3-12::N-2-23::B-A07::B3-7::B-2-23::N-B05::B3-c-28::B-B05::B3-2-37::B-A12::B-2-21::B-1-6::N3-9::B3-9::N-2-14::N-2-15::B-2-15::B-A05::	7
chr2	37366000	37485000	chr2_37366000	22	119000	0.000579022430910487	25	4.5118731930822e-06	25	4.5118731930822e-06	::N-A10::B3-14::N-2-15::B3-c-9::B3-1::B3-8::B-3-1::N3-19::N-2-21::N3-10::N3-13::N-A05::B3-7::N3-14::B-2-15::N-A04::N-3-4::N3-11::B3-11::B-2-14::B-A07::N3-16::	18
chr2	37547400	37666400	chr2_37547400	19	119000	0.0497538595892476	27	1.45338328771427e-07	22	0.000579022430910487	::B3-7::B-2-27::B3-11::N3-5::N-B03::B-3-1::N-2-15::N3-8::B-B05::B-2-15::B3-8::B3-2-37::N-1-6::N3-11::B3-10::N3-10::N3-9::B3-9::N-A07::	13
chr2	38523200	38642200	chr2_38523200	21	119000	0.00267878510037168	25	4.5118731930822e-06	19	0.0497538595892476	::B-A02::N-2-15::B-2-15::B-2-27::B3-c-9::B3-1::B3-2-21::B-A04::N3-1-13::N-A07::B-A07::B3-1-13::B-2-25::N-2-25::N-A02::N3-19::B3-19::N-3-4::B3-13::B3-c-28::B-1-6::	8
chr2	49448400	49567400	chr2_49448400	20	119000	0.0118297883599557	29	4.0474782310774e-09	28	2.46832490433883e-08	::B3-7::N3-8::B3-1::N3-13::B3-2-21::B-B05::B3-2::B-1-7::N-A04::N3-c-9::B-1-10::B-2-23::B-2-21::B3-19::N-1-6::N-3-4::N-B05::N-2-15::B3-5::N3-19::	14
chr2	59192600	59311600	chr2_59192600	21	119000	0.00267878510037168	25	4.5118731930822e-06	20	0.0118297883599557	::B3-8::N-A07::B-1-10::N3-7::B-B05::B3-12::B-2-15::B3-11::N3-8::N3-11::N3-16::B-A04::B-A02::B3-1::B3-7::N-A05::B-A05::N-2-14::B3-2-21::N3-15::B3-15::	13
chr2	60791100	60910100	chr2_60791100	21	119000	0.00267878510037168	24	2.37201100415483e-05	20	0.0118297883599557	::N-A12::N-2-23::N-3-4::B-A05::N-A05::B-2-27::B-2-15::N-2-27::B-A10::B3-1::N3-c-14::B3-c-14::B-2-14::N-A02::B-B05::N3-5::B-2-23::N-B05::B-2-25::N-2-25::N3-7::	16
chr2	61719700	61838700	chr2_61719700	20	119000	0.0118297883599557	25	4.5118731930822e-06	24	2.37201100415483e-05	::N3-5::B-A02::B3-7::B-3-1::N-A02::B-3-4::B-A07::B-A04::B3-19::N3-19::N3-10::B3-14::N-2-15::N-B05::N3-8::B-2-15::B-A05::N-A05::N-1-4::B-2-23::	12
chr2	69906600	70025600	chr2_69906600	21	119000	0.00267878510037168	22	0.000579022430910487	19	0.0497538595892476	::B-A10::B3-14::B3-19::B-3-1::N-3-1::B-2-25::B-B05::N3-8::N-A02::B-3-4::B3-5::B3-8::N3-2-21::B-2-27::B3-9::N3-9::B-2-15::N-2-15::B-2-14::B3-21::B-A02::	14
chr2	80542000	80661000	chr2_80542000	19	119000	0.0497538595892476	21	0.00267878510037168	16	2.69005537644288	::N-2-15::N-3-1::B-3-1::B-1-6::N3-9::B3-9::N-1-6::B-A10::B-2-15::N3-c-9::N-2-23::N-B03::B-B03::B-3-4::B-B05::B-2-21::B3-11::N3-11::B3-7::	7
chr2	90712100	90831100	chr2_90712100	21	119000	0.00267878510037168	23	0.000119714773100449	22	0.000579022430910487	::B-A07::B3-2-37::B-A02::N-1-7::B3-1-13::B-3-4::B-A12::N3-11::N-2-23::N-2-27::B-1-6::B3-12::N-2-15::B-2-15::N-A05::B3-10::N-2-21::B-2-12::N-B05::N3-4::B-1-7::	9
chr2	91538400	91657400	chr2_91538400	19	119000	0.0497538595892476	24	2.37201100415483e-05	21	0.00267878510037168	::B3-1::B3-8::B-B03::B-A07::N-A02::B3-14::B3-13::N-2-25::N3-4::N-3-4::N-1-6::B-1-6::B-2-14::N3-13::B-3-1::N-2-21::B3-7::N3-7::N-2-15::	10
chr2	91731000	91850000	chr2_91731000	19	119000	0.0497538595892476	29	4.0474782310774e-09	25	4.5118731930822e-06	::N3-16::N-2-25::B-2-25::B-2-21::N-A10::B-A07::B-1-6::B-1-10::B3-7::B-2-12::N-A02::N-B05::B-1-7::B-A12::B3-13::B3-10::N3-10::N-1-7::B-A10::	15
chr2	98644700	98763700	chr2_98644700	64	119000	1.41779437813815e-43	355	0	30	6.41569133335755e-10	::B-A07::N-A05::N3-16::N3-14::N-1-7::N-B05::N-2-14::N3-9::N-A02::N-2-12::N3-10::N3-7::N3-1-13::N-1-6::N3-13::N3-8::N3-19::N-A10::N-A12::N3-1::N3-4::N3-c-14::N3-2-21::N-2-15::N3-15::N3-21::N-3-1::N-2-25::B-2-21::B3-12::N-1-10::N3-11::N3-12::N-2-27::N-2-21::N3-5::N-3-4::N-B03::N-2-23::N3-c-9::B3-1-13::B3-1::B-2-23::B-3-1::N-A07::B3-c-28::N-A04::B3-13::B3-10::B-A02::B3-8::B-1-10::N-1-4::B-2-15::B3-11::B-1-7::B-1-6::B3-9::B-A05::B-2-27::B-B03::B3-19::B-2-12::B3-14::	172
chr2	117079600	117198600	chr2_117079600	26	119000	8.25208574026114e-07	34	2.94754001750272e-13	31	9.84151507272232e-11	::B3-2-37::N3-16::N3-12::B-A05::B-1-7::B3-19::N3-15::N-A02::B-3-4::N-3-4::N-2-23::B-2-23::N3-8::B-1-6::B3-11::N3-1::B3-1::B-A04::B-2-21::B-A02::B-B05::B-2-25::N-2-27::N-3-1::B-3-1::B-2-12::	11
chr2	152221600	152340600	chr2_152221600	25	119000	4.5118731930822e-06	30	6.41569133335755e-10	29	4.0474782310774e-09	::B3-5::B-2-27::N-2-27::N-A05::B-A10::B-2-14::N-2-21::B-2-25::B-2-23::B-1-6::B3-7::N3-7::N-1-6::B-2-12::N3-16::N3-13::B3-13::N3-c-14::B-2-15::N-A02::B3-1::B3-2-21::N-3-4::B-3-4::B3-21::	13
chr2	153292500	153411500	chr2_153292500	20	119000	0.0118297883599557	24	2.37201100415483e-05	20	0.0118297883599557	::B3-12::B-A12::N-B03::N3-7::N-2-27::B-2-27::B-2-23::B3-9::B-B05::N3-14::B-A04::N-A12::N3-1::B-3-4::N-2-15::N3-11::N-3-4::N3-12::N-A04::B3-2-21::	14
chr2	154785200	154904200	chr2_154785200	22	119000	0.000579022430910487	29	4.0474782310774e-09	24	2.37201100415483e-05	::B3-21::N-2-27::N-2-15::B3-9::N-B05::B3-c-9::B3-2-21::B-B05::B3-14::B-3-4::B-3-1::N-A05::B-A05::B3-12::B-1-6::N-A07::B-A07::N3-2-21::B3-1::N3-1::B-2-23::B3-c-14::	16
chr2	156155700	156274700	chr2_156155700	20	119000	0.0118297883599557	22	0.000579022430910487	17	0.752475723789525	::B-1-7::N3-10::N-3-1::B-2-14::N-2-14::B3-7::B-3-4::N3-c-14::B3-c-14::B3-19::B-B05::N-B03::N3-11::B3-8::B3-11::B3-2::B-A07::B-A12::N-A07::B3-c-9::	8
chr2	160648400	160767400	chr2_160648400	23	119000	0.000119714773100449	28	2.46832490433883e-08	26	8.25208574026114e-07	::B3-c-28::B-B05::B-2-27::B-3-4::B-A02::N3-19::N3-21::N-2-15::B3-12::B-2-14::B3-2::B3-14::B3-19::N3-14::B-2-15::B3-5::B-A04::N-A04::N3-11::B3-21::N-B03::B3-11::B-3-1::	20
chr2	160985600	161104600	chr2_160985600	19	119000	0.0497538595892476	21	0.00267878510037168	19	0.0497538595892476	::B3-14::N3-16::B-A07::B-B03::N-B03::N-A12::B3-11::N-2-27::B3-10::B3-c-28::N3-13::N3-10::B-2-21::B3-9::N3-9::B3-1-13::N3-12::B3-8::B-2-25::	12
chr2	163627800	163746800	chr2_163627800	27	119000	1.45338328771427e-07	34	2.94754001750272e-13	11	579.861298652684	::B-B05::B-A07::N3-12::N3-21::B-A04::N-3-1::B-3-1::B-2-15::B-1-7::B3-16::B3-1::B3-10::B-2-21::B3-13::B-A10::B-2-27::B-A02::B3-7::B-1-6::B-2-25::B3-4::B-A12::B-A05::B-B03::B-3-4::N-2-27::N-3-4::	11
chr2	165753600	165872600	chr2_165753600	20	119000	0.0118297883599557	23	0.000119714773100449	16	2.69005537644288	::N-3-1::N-1-6::B-3-1::N-2-21::N3-9::B-B03::B-2-15::B-B05::B3-9::B3-1-13::B-2-25::B-2-23::B-2-27::B-A07::B3-2-37::N-2-27::N3-1-13::N-A07::B-1-10::B-1-7::	13
chr2	168162500	168281500	chr2_168162500	20	119000	0.0118297883599557	27	1.45338328771427e-07	22	0.000579022430910487	::N-2-23::N-2-25::N-2-27::B3-7::B-2-23::B-B03::B3-12::B3-19::B-2-25::N3-4::B-1-6::N3-1::B3-11::B-1-4::B-2-15::B-A05::N-A05::B-A10::B-A04::B-B05::	14
chr3	19129800	19248800	chr3_19129800	23	119000	0.000119714773100449	27	1.45338328771427e-07	24	2.37201100415483e-05	::B-3-4::B-A07::B-1-7::B3-11::B3-1::N-A02::B-2-14::N-3-1::B-B05::B-2-27::N-B05::B3-c-28::B-2-15::N-1-10::N-2-15::N3-4::N3-13::B3-1-13::N-A12::B-A12::B-1-6::B3-14::N-3-4::	15
chr3	27568300	27687300	chr3_27568300	24	119000	2.37201100415483e-05	36	5.28992547634901e-15	31	9.84151507272232e-11	::B3-19::N3-19::N-A05::B-A07::N3-11::N-3-4::B3-1-13::B-2-15::B-2-21::N-2-21::B-1-7::N-2-15::N3-21::B3-c-14::N3-8::B-2-14::B-B05::N-B05::B3-5::B-2-25::N-2-25::N-2-14::B3-2-21::B3-7::	12
chr3	34027100	34146100	chr3_34027100	24	119000	2.37201100415483e-05	25	4.5118731930822e-06	21	0.00267878510037168	::B-1-6::N3-2-21::B-B05::B-3-1::B-A07::N-A07::B3-7::B3-12::B-1-7::N-2-23::B-2-21::N3-10::N3-1::N3-1-13::B3-16::B3-1-13::N3-19::N-B05::B3-13::B-2-12::B-B03::B-2-23::N-3-1::B3-19::	21
chr3	51423000	51542000	chr3_51423000	23	119000	0.000119714773100449	32	1.46248755137757e-11	27	1.45338328771427e-07	::N-2-25::B3-8::N3-8::B3-19::B-2-14::B-A12::N3-19::B3-21::N3-13::B-2-25::B-1-6::N-1-6::B-B05::B-2-15::N3-11::B-2-21::N-3-1::N3-4::B-3-1::N-B03::B3-7::N3-7::B3-c-14::	19
chr3	69014600	69133600	chr3_69014600	27	119000	1.45338328771427e-07	35	4.00471726528764e-14	29	4.0474782310774e-09	::N-1-6::B3-c-28::N3-19::B-2-12::N-2-12::N3-1-13::N3-7::N-2-23::B-2-25::B-2-14::N-2-14::B-A10::N-A10::B-A02::B-B03::N-B03::N-2-21::N3-4::N3-10::B-2-15::B3-1::N3-15::B3-15::B3-21::N3-21::B3-19::N-2-25::	21
chr3	84471400	84590400	chr3_84471400	25	119000	4.5118731930822e-06	26	8.25208574026114e-07	22	0.000579022430910487	::N-A02::N3-8::B3-19::B3-2-21::N3-2-21::B-A10::B-2-21::B3-13::N3-10::B-2-12::N-2-15::N3-21::B3-1-13::B-3-4::B3-5::B3-21::B-1-6::N3-9::B3-9::B-2-23::B-2-15::N-B05::B3-1::N3-16::B3-16::	8
chr3	84850100	84969100	chr3_84850100	19	119000	0.0497538595892476	22	0.000579022430910487	20	0.0118297883599557	::N-A05::B-2-15::B3-21::N3-4::B-1-6::N-2-27::B3-19::N-A02::B-A02::B3-9::B-2-23::N-3-1::N3-10::N-2-23::N-1-7::N-A10::B-A12::B3-10::B3-7::	12
chr3	88838800	88957800	chr3_88838800	19	119000	0.0497538595892476	21	0.00267878510037168	19	0.0497538595892476	::B-B03::B3-16::B-2-25::N-2-25::B3-12::N-2-27::B-2-27::N3-16::B3-13::B-3-4::B3-2::B-B05::B-2-21::B3-1-13::B-1-7::N-B05::B-2-15::B-3-1::N-1-6::	10
chr3	89943300	90062300	chr3_89943300	20	119000	0.0118297883599557	21	0.00267878510037168	17	0.752475723789525	::B3-21::B-2-27::N-2-27::B3-2::B3-c-28::B-1-10::N-A04::B-A04::N-1-6::B-2-14::B-1-6::N3-12::B3-12::N3-19::B-A10::N-3-4::N-2-25::N-2-23::B-2-21::N-2-21::	11
chr3	90242000	90361000	chr3_90242000	30	119000	6.41569133335755e-10	37	6.7987335994691e-16	30	6.41569133335755e-10	::B-A12::B-2-23::B3-8::B-2-27::B-2-14::N3-19::B-2-25::N-B05::B-B05::N3-1-13::B3-5::B3-2-21::B-A07::B3-7::B-A02::N3-8::B-3-4::N-1-6::N-2-27::N3-16::B3-16::B3-1::B3-2::B3-4::B3-14::B-2-15::B-1-7::N-1-7::B3-21::N3-21::	23
chr3	96083100	96202100	chr3_96083100	21	119000	0.00267878510037168	24	2.37201100415483e-05	23	0.000119714773100449	::B-2-27::N-A02::N3-12::B-2-25::B3-4::N-B05::N-A05::N-2-15::B3-1::B-3-4::B3-2-21::N3-4::B-A10::B3-14::N-1-6::B3-15::B-1-6::N-A12::B-A02::N-1-7::B3-19::	12
chr3	103243500	103362500	chr3_103243500	23	119000	0.000119714773100449	27	1.45338328771427e-07	25	4.5118731930822e-06	::B3-15::B3-1::N-2-23::B3-c-28::B-A10::N3-11::B-A07::N-2-25::B3-12::B-2-23::B-2-15::B-1-6::B-B03::N-B03::N-B05::N-2-15::B-2-21::B3-7::B3-13::B-2-25::B-2-14::B3-10::N-A12::	13
chr3	122500300	122619300	chr3_122500300	20	119000	0.0118297883599557	31	9.84151507272232e-11	26	8.25208574026114e-07	::N3-21::N3-19::B3-19::B-3-1::B-B03::N-B05::B3-4::N3-10::N-2-15::N3-9::B-B05::B-3-4::B-2-25::N-2-25::N-2-21::B-1-10::N-A04::B-A04::N-B03::B3-11::	14
chr3	126604200	126723200	chr3_126604200	19	119000	0.0497538595892476	23	0.000119714773100449	21	0.00267878510037168	::N3-21::B3-2-21::B-A10::B3-12::B-2-21::N-1-6::N-2-14::B-2-14::N3-1-13::N-2-12::B-2-12::N-2-23::B3-11::B-A02::B-2-25::B3-8::N3-c-14::B-2-15::B3-19::	11
chr3	135350400	135469400	chr3_135350400	23	119000	0.000119714773100449	26	8.25208574026114e-07	19	0.0497538595892476	::B3-19::N3-2-21::N-A05::B3-c-28::B-A10::B-B05::N3-13::N3-4::B-A05::B-1-10::N3-10::B3-10::N-2-23::B3-16::B3-4::N3-8::N3-11::B3-7::B3-8::B3-11::B-2-21::B-2-14::N3-16::	9
chr3	138467000	138586000	chr3_138467000	19	119000	0.0497538595892476	27	1.45338328771427e-07	23	0.000119714773100449	::N-3-1::N-1-7::B3-11::B-3-1::B3-7::B-A05::B3-8::N3-8::N-A12::N3-16::B3-2::B-3-4::B3-16::B-2-27::B3-9::B3-12::B-2-25::B3-19::B-A10::	12
chr3	144472600	144591600	chr3_144472600	21	119000	0.00267878510037168	26	8.25208574026114e-07	22	0.000579022430910487	::B3-12::N-A02::N-2-14::B-A02::N-1-7::B3-10::N-2-15::N3-15::B3-15::B3-19::N-2-25::N3-19::B-A10::B-2-14::B-2-15::N3-8::B3-21::N-B03::B-B03::N3-10::B3-7::	12
chr3	152159400	152278400	chr3_152159400	21	119000	0.00267878510037168	22	0.000579022430910487	17	0.752475723789525	::B3-9::B-1-6::N3-19::N-2-12::N3-2-21::N3-1::N3-c-14::B-B05::N3-16::B3-16::B-2-12::N-1-10::B3-19::N-2-23::N3-12::N-2-25::N-B03::N-1-6::N-A05::B-B03::B3-13::	6
chr3	152349200	152468200	chr3_152349200	20	119000	0.0118297883599557	25	4.5118731930822e-06	21	0.00267878510037168	::B-B05::N3-c-28::B3-c-28::B-2-14::N-2-15::B-2-15::B3-19::B3-5::B3-14::B-2-21::B-1-10::B3-13::N3-13::B-A10::B-A04::N-A04::N-2-27::B-A12::N-A05::B-1-7::	13
chr3	159832800	159951800	chr3_159832800	20	119000	0.0118297883599557	27	1.45338328771427e-07	22	0.000579022430910487	::N-2-27::B3-2-21::B-1-6::B3-14::B-3-4::B-A12::B3-1-13::N-2-14::N-A10::B3-c-28::B-A07::N-A07::N-A02::B-2-21::B-1-7::B-3-1::N-3-1::N3-19::B-2-15::N-A05::	17
chr4	41155000	41274000	chr4_41155000	24	119000	2.37201100415483e-05	30	6.41569133335755e-10	29	4.0474782310774e-09	::B3-2-21::B-1-7::B-2-21::B-A12::B3-19::N3-7::B-2-12::B-2-23::N-2-27::N-3-1::B3-1-13::B-2-14::N3-13::B-B05::N-2-21::N-2-15::B-2-27::B3-11::N3-16::N3-14::B-2-15::B3-13::N-B03::B3-14::	12
chr4	44801600	44920600	chr4_44801600	26	119000	8.25208574026114e-07	34	2.94754001750272e-13	31	9.84151507272232e-11	::B-2-15::B3-1::B3-16::N3-16::B-A05::B-1-4::N3-13::B3-13::B-B05::B-2-27::B-1-7::B3-11::N3-14::B-3-1::N-3-1::B-1-6::B3-19::B-2-14::B3-2-21::B-A07::N-2-15::N3-7::N-2-23::B-2-23::B3-7::N-3-4::	17
chr4	82359300	82478300	chr4_82359300	27	119000	1.45338328771427e-07	34	2.94754001750272e-13	28	2.46832490433883e-08	::N-3-1::B3-1-13::B-A07::N-A07::B3-15::N-2-21::B3-12::N-2-25::B-2-25::N-B03::N-1-7::B-1-10::B-2-15::B-B03::B-1-7::N3-c-9::N-A12::N3-1-13::N-2-27::B-2-27::N3-16::B3-16::N-2-14::B-A05::N-A02::N-2-23::B3-4::	12
chr4	119515700	119634700	chr4_119515700	21	119000	0.00267878510037168	28	2.46832490433883e-08	23	0.000119714773100449	::N-1-7::B-1-7::N3-13::N-2-23::B-3-1::N-3-1::B-3-4::N3-19::B-B05::N3-11::N3-2-21::B3-11::N-1-6::B3-5::N3-21::B3-19::N-2-14::B-2-23::N-2-15::B3-c-9::B3-12::	15
chr4	120412000	120531000	chr4_120412000	22	119000	0.000579022430910487	23	0.000119714773100449	17	0.752475723789525	::B3-11::N-1-7::N3-16::N-A05::N-A04::B-2-15::N3-14::N-3-1::N3-2-21::N3-10::N-A02::B-B05::N3-1::B-3-1::B-A10::B-2-12::N3-13::B3-13::B3-1::B3-14::B3-10::B3-2-37::	9
chr4	130669700	130788700	chr4_130669700	26	119000	8.25208574026114e-07	41	1.43039752584479e-19	35	4.00471726528764e-14	::N-2-21::N-3-1::B-3-1::B3-c-28::B-A10::N-1-6::N3-8::B3-12::N-2-15::B-2-15::N3-13::B3-11::N3-11::B-1-4::B3-2::N3-16::B-A05::B3-13::B-1-6::B3-5::B-A07::B3-7::N3-7::N-1-10::B-B05::B3-2-37::	21
chr4	135210400	135329400	chr4_135210400	20	119000	0.0118297883599557	27	1.45338328771427e-07	20	0.0118297883599557	::B-3-4::B3-5::B3-4::B3-c-28::N3-13::B3-13::B3-1::N3-1::N-3-1::B-A04::N-A04::B-2-12::N-2-12::B3-7::B-1-7::N3-19::B-A10::N-A10::N-B05::B-B05::	19
chr4	136464200	136583200	chr4_136464200	29	119000	4.0474782310774e-09	48	2.11952355849804e-26	40	1.23327637620398e-18	::N-2-15::B3-c-9::N-1-7::N-3-4::B-3-4::B-1-7::N3-12::N3-19::B3-1::N3-16::B-2-15::B-2-27::B3-12::N3-8::N3-13::B3-7::B-A10::N3-c-9::N-3-1::N3-4::B-A12::N3-2-21::N3-c-14::B3-13::B-2-23::N-A07::N3-2::B3-2::N-2-12::	21
chr4	137248100	137367100	chr4_137248100	24	119000	2.37201100415483e-05	29	4.0474782310774e-09	25	4.5118731930822e-06	::B3-11::N3-c-28::B3-12::B-2-15::B3-5::N3-2-21::N3-7::N-1-6::N-2-25::B3-7::B-1-6::B3-c-28::B3-1::B-3-4::B3-21::N-2-15::N3-c-9::B-A12::B3-4::N-A10::B-A10::N3-13::B3-13::N3-4::	11
chr4	150288700	150407700	chr4_150288700	21	119000	0.00267878510037168	22	0.000579022430910487	20	0.0118297883599557	::B3-2-21::N3-16::B-A05::N-A05::N3-15::B3-7::B3-16::B3-10::B-2-14::N-A10::B3-2-37::N-B05::B-2-23::B-2-25::B-2-15::N-2-15::B-A04::N3-1::B3-c-28::B-1-10::B-B05::	15
chr4	150492500	150611500	chr4_150492500	21	119000	0.00267878510037168	27	1.45338328771427e-07	27	1.45338328771427e-07	::N-1-7::N-2-23::B-A10::B-2-15::B3-1::N-2-15::B-3-1::B-B03::B-A12::B3-19::B-2-27::B-2-21::N-1-6::N3-10::B3-2::N3-16::B3-c-9::B-A07::B3-7::B-A04::N3-12::	16
chr4	155494000	155613000	chr4_155494000	28	119000	2.46832490433883e-08	39	1.0373855861039e-17	30	6.41569133335755e-10	::B-A10::B-2-27::B-A07::N3-13::B-2-15::N-2-14::B-2-23::B3-19::N3-19::N3-8::B3-10::N-2-15::B-2-25::N-2-25::N3-10::N3-1::B3-13::B3-1::B-2-14::B3-2-21::B-1-6::B3-11::B-B05::N3-11::B-A12::N-A02::B3-14::N-3-1::	16
chr5	20922300	21041300	chr5_20922300	24	119000	2.37201100415483e-05	28	2.46832490433883e-08	25	4.5118731930822e-06	::B-2-15::N3-4::N-1-10::B-1-10::B-A10::B-B03::B3-19::N3-19::B-B05::N-3-4::B-2-27::B3-2-21::B3-4::N-A05::N-A12::B-3-1::B-3-4::N3-11::N-2-14::B-A02::B-2-25::B-1-6::N-1-6::B3-12::	19
chr5	23441700	23560700	chr5_23441700	21	119000	0.00267878510037168	28	2.46832490433883e-08	27	1.45338328771427e-07	::B-2-15::N-2-15::B3-14::B3-1::B3-2-21::N3-11::B3-12::B3-11::B3-2::N-2-21::B-2-14::B-A05::N-A07::B-3-4::B3-19::B-B05::B-2-25::B3-c-28::B3-7::B-A07::N-A05::	12
chr5	25301000	25420000	chr5_25301000	26	119000	8.25208574026114e-07	54	1.31798413103706e-32	41	1.43039752584479e-19	::B-2-15::N3-21::N3-9::B-A10::N-A05::N3-10::B3-13::B3-7::B3-1::B3-12::N3-12::B3-14::B-1-6::N3-13::B3-10::N3-1::N-2-25::N-2-15::B-2-27::N-3-1::B-A02::B-1-10::B3-c-9::B-2-25::B3-9::N3-2-21::	26
chr5	28061800	28180800	chr5_28061800	68	119000	3.70930905851639e-48	154	5.1442438755197e-165	9	2820.69689276765	::B-2-27::N-2-23::N3-14::B3-7::N-2-15::N3-4::N-2-25::N3-16::N3-11::N-3-4::N-2-21::B3-c-28::B-2-21::B-2-12::B-2-15::B3-12::B3-c-9::B3-5::N3-15::B3-14::B3-16::B-2-25::B-A10::N-2-14::N-1-7::N-B03::N-B05::N-1-6::N-1-4::N3-c-14::B-A04::B-2-14::B3-15::B-B03::B3-11::B-B05::B-1-7::B-1-10::B-1-6::B-1-4::B-2-23::B-A02::B3-4::B3-13::B-3-4::B3-2-21::B-3-1::B3-2::B3-19::B-A05::B-A07::N-3-1::N3-5::B3-10::B3-1-13::B3-2-37::N-2-12::N3-12::N3-10::N3-7::N-2-27::N-1-10::N-A02::N-A10::B-A12::N3-13::N-A12::N3-21::	97
chr5	28309700	28428700	chr5_28309700	21	119000	0.00267878510037168	25	4.5118731930822e-06	24	2.37201100415483e-05	::N3-10::B-A02::B3-12::B-A10::N-1-10::B3-c-28::N3-13::B-2-21::N3-9::N3-4::N3-14::N-2-15::N-3-1::B3-21::B-2-15::N3-12::B-3-4::N-A05::B3-7::N3-19::B-2-14::	15
chr5	32406300	32525300	chr5_32406300	21	119000	0.00267878510037168	24	2.37201100415483e-05	20	0.0118297883599557	::N-3-1::N-1-6::B-3-1::N-A05::B-A05::N-2-25::B-2-25::B-A07::B3-1-13::B-3-4::N-2-23::B-2-15::N-A12::N3-16::B3-16::B-A10::N3-9::B3-9::B3-14::N3-19::N-2-15::	9
chr5	34360400	34479400	chr5_34360400	21	119000	0.00267878510037168	40	1.23327637620398e-18	36	5.28992547634901e-15	::B-1-7::B3-1-13::B-1-6::N-1-6::B-B05::B-2-15::B-2-14::B-A05::N-B05::N-B03::B-2-21::N-A12::N-A02::B-3-1::B3-c-9::N-2-12::N3-13::B3-16::B3-13::B-A12::B3-11::	20
chr5	65540500	65659500	chr5_65540500	26	119000	8.25208574026114e-07	49	2.05694349925169e-27	45	2.04547695886408e-23	::N-2-21::B3-7::B-A10::B3-2-21::B-2-15::N-2-15::B-A02::B-3-1::B-B05::N3-c-14::B3-13::B-A07::B-2-21::N3-2-21::B3-14::B-2-25::N-A12::N-1-6::B-1-10::B3-c-14::B-1-6::B3-c-28::B3-12::B3-1-13::B-1-7::N3-13::	28
chr5	90250000	90369000	chr5_90250000	23	119000	0.000119714773100449	37	6.7987335994691e-16	35	4.00471726528764e-14	::N-B05::B3-1::B-A10::B3-c-9::N3-13::B-A12::B3-19::N-A10::N-2-23::B-2-25::B3-12::N-2-21::B-2-15::N-1-7::B3-7::B-A02::B-1-6::N3-19::B-1-7::N3-c-14::N-1-6::N-A02::N-2-25::	17
chr5	96071800	96190800	chr5_96071800	19	119000	0.0497538595892476	20	0.0118297883599557	18	0.198792585739381	::N-2-15::B3-19::B3-c-9::B-3-4::B-2-15::B-A02::N-A02::N3-8::B3-8::N3-16::B-1-6::B3-14::B3-13::N-1-6::N-B05::N3-13::N3-14::B3-21::B-2-25::	11
chr5	99950600	100069600	chr5_99950600	24	119000	2.37201100415483e-05	30	6.41569133335755e-10	23	0.000119714773100449	::B-2-25::B-2-15::N-A04::N-A02::B-A02::N-2-15::N3-13::B-B05::N-B05::B3-1-13::B3-14::B3-1::B3-13::B3-10::N3-1::N3-10::B3-5::N-A05::N3-4::B-2-21::B-1-6::B3-7::B3-2-21::B-A05::	19
chr5	103745300	103864300	chr5_103745300	23	119000	0.000119714773100449	28	2.46832490433883e-08	23	0.000119714773100449	::B3-7::N-3-4::B-2-15::N-2-15::B3-2-21::B-2-23::B3-c-28::B-2-21::B3-12::B3-5::B-A07::N-A07::B-1-6::N-2-23::N-B05::B-1-7::N-1-7::N-1-6::B-A04::B3-19::N3-19::N-3-1::B-2-12::	18
chr5	110670900	110789900	chr5_110670900	23	119000	0.000119714773100449	32	1.46248755137757e-11	29	4.0474782310774e-09	::B3-1::B3-14::B-1-6::B-2-15::B3-12::N-2-21::N-1-6::N-2-15::B-2-27::B-A10::B3-c-28::B-3-1::N3-16::B3-8::N3-8::N3-2::B-2-23::N-2-23::B3-7::N-B05::B3-2-21::B-A07::B-A02::	21
chr5	114943000	115062000	chr5_114943000	19	119000	0.0497538595892476	21	0.00267878510037168	20	0.0118297883599557	::B-2-27::N-1-6::B-A07::B3-10::N3-10::B3-5::B-A05::B3-1::N-A04::N3-13::B3-13::B3-2-21::B3-12::N3-c-9::N3-14::N-A02::B-2-15::B-B05::B3-7::	11
chr5	146202300	146321300	chr5_146202300	21	119000	0.00267878510037168	24	2.37201100415483e-05	22	0.000579022430910487	::N-3-1::B-A10::B3-2::B-2-23::N-B05::B3-5::N3-7::B3-7::B3-14::B-3-4::N-2-15::B3-c-28::B-B03::N-B03::B-1-7::N-2-27::N3-2-21::B-A04::B-2-21::B-A02::B-1-6::	10
chr5	147433600	147552600	chr5_147433600	22	119000	0.000579022430910487	39	1.0373855861039e-17	33	2.10745559509414e-12	::B-A02::B3-c-9::N-2-15::B3-19::N3-19::N3-2::B-A05::N3-4::N3-c-14::B3-5::B-B03::B-1-7::N-2-23::B-2-23::N-1-7::B3-7::B-3-1::B-A12::B-1-6::B3-c-28::N3-1::B-A10::	22
chr6	17578600	17697600	chr6_17578600	22	119000	0.000579022430910487	35	4.00471726528764e-14	31	9.84151507272232e-11	::B-A12::B3-2-21::N3-11::N3-2-21::B-2-27::B3-c-14::N3-c-14::B3-13::B-A02::B3-12::B3-8::B-1-6::B-2-25::N-B03::B-1-10::B-3-4::B-2-21::N-A10::B-A10::N-2-15::B-A04::N-A02::	16
chr6	28593700	28712700	chr6_28593700	21	119000	0.00267878510037168	28	2.46832490433883e-08	27	1.45338328771427e-07	::B-1-7::N-A02::B-B05::N3-8::N3-19::B-2-21::B3-2-21::B3-7::N3-12::N3-14::B-A04::B-A10::B-2-23::N-2-14::B-3-4::B3-1-13::B-A07::N-B05::N-2-21::B3-5::B3-1::	10
chr6	31396100	31515100	chr6_31396100	26	119000	8.25208574026114e-07	39	1.0373855861039e-17	37	6.7987335994691e-16	::N3-10::N-B03::B-B03::B-B05::B3-14::B3-1-13::B-A10::N-2-15::B3-11::B3-19::B3-1::B-A02::B3-2::B3-2-21::B3-7::N3-12::B-2-27::N3-1::B-2-21::N-1-6::B-2-15::B-1-6::N-3-4::N-2-23::B3-5::N-3-1::	11
chr6	38482800	38601800	chr6_38482800	20	119000	0.0118297883599557	23	0.000119714773100449	18	0.198792585739381	::B-B05::N-3-1::N3-4::B3-14::B-1-6::B3-7::N-2-27::N-2-25::N-B03::B-1-7::B-2-25::B3-19::B3-2-21::N3-16::N-3-4::N3-2-21::B-2-14::N-A12::N3-1::B3-1::	10
chr6	38752400	38871400	chr6_38752400	20	119000	0.0118297883599557	26	8.25208574026114e-07	25	4.5118731930822e-06	::B3-19::N-B05::B3-13::N3-8::N3-16::N-2-15::N3-11::N3-13::N-A05::N-A07::N3-19::B-2-15::N-2-25::N-2-23::B-2-23::B-2-14::B-2-25::B-B03::N-2-21::N3-1::	13
chr6	47457200	47576200	chr6_47457200	29	119000	4.0474782310774e-09	31	9.84151507272232e-11	27	1.45338328771427e-07	::B3-c-28::B-1-10::N3-19::N-A02::B3-2::B-2-15::B3-15::B3-1::B3-12::B3-14::B3-7::N-3-4::B-2-12::N3-2-21::B-2-21::N-1-7::B-B03::N-B03::N3-13::B-A02::N-B05::N-A10::N-1-6::B-A07::B-2-25::N-2-15::N3-c-9::B3-c-14::B3-c-9::	10
chr6	49152000	49271000	chr6_49152000	20	119000	0.0118297883599557	23	0.000119714773100449	19	0.0497538595892476	::N-B05::N3-11::B3-2-21::N-A02::N-A04::B-2-23::B3-19::B-2-14::B3-7::B-2-25::N-3-4::N-1-6::N3-8::B-1-7::N3-1::B-A12::N-A12::B-2-15::B3-11::B-1-6::	9
chr6	51456400	51575400	chr6_51456400	20	119000	0.0118297883599557	21	0.00267878510037168	15	9.05109260888521	::B-2-23::N3-9::B3-9::B-1-10::N-2-15::B3-16::B3-4::B-A02::N3-16::N3-4::N3-1-13::B3-1-13::B-A07::B3-7::N-1-6::B-1-6::N-A05::B3-19::B3-15::N3-2-21::	11
chr6	71836800	71955800	chr6_71836800	23	119000	0.000119714773100449	27	1.45338328771427e-07	22	0.000579022430910487	::N-2-15::N3-8::B3-8::B3-c-28::N-2-23::B-A05::N-3-4::N-1-7::B-1-7::B-2-15::B3-13::B-A12::N-1-6::N3-10::N3-1-13::B-1-4::N-1-4::N3-16::B3-7::B3-2::B3-1::N3-9::B3-11::	12
chr6	72857600	72976600	chr6_72857600	19	119000	0.0497538595892476	20	0.0118297883599557	19	0.0497538595892476	::B-2-23::N3-12::B-A10::B-B05::N3-7::B3-14::N3-13::N-A02::B-1-10::B3-19::N-2-23::B-2-21::B3-10::B3-7::B3-13::B-2-14::N3-19::N3-8::B3-1-13::	5
chr6	83871500	83990500	chr6_83871500	19	119000	0.0497538595892476	21	0.00267878510037168	18	0.198792585739381	::N3-4::B3-2::B-2-23::B-A07::B-1-6::B-2-15::B3-4::B-3-4::N3-2-21::B-1-7::B-A12::B-A02::B3-11::B-2-25::N-2-27::N-2-21::N3-16::B3-c-28::N-2-14::	9
chr6	86852500	86971500	chr6_86852500	20	119000	0.0118297883599557	22	0.000579022430910487	21	0.00267878510037168	::N-1-7::N-A05::B-B03::B-A10::B-1-10::B3-9::N3-9::B-A05::N-2-15::N3-13::B3-c-9::B-1-7::B3-5::B3-4::B-2-23::B-A07::B3-c-28::N-A07::B3-2-21::N3-1::	13
chr6	103606700	103725700	chr6_103606700	23	119000	0.000119714773100449	28	2.46832490433883e-08	10	1341.33301595108	::B-1-7::B3-19::N3-8::B3-c-28::N-2-14::N-3-1::N3-13::N-2-12::N3-10::N3-16::N-A05::N3-1-13::N-2-21::N-B05::N-1-7::N-2-15::N-A12::N3-11::N-A02::B3-1::B3-2-21::N-2-23::N3-19::	17
chr6	113036900	113155900	chr6_113036900	30	119000	6.41569133335755e-10	42	1.61952499201594e-20	36	5.28992547634901e-15	::B3-1-13::B-B05::B3-8::N-1-6::B3-c-9::N3-c-9::B-2-12::B-1-6::N3-16::B3-1::B3-c-14::N3-c-14::N-2-15::B-2-21::B-2-15::N3-10::B-A12::B-A07::B3-c-28::B-2-23::N-1-4::B-A05::B-2-27::N-2-27::N-2-25::N3-13::N-1-7::B3-2::N3-11::B-2-25::	26
chr6	115602600	115721600	chr6_115602600	20	119000	0.0118297883599557	23	0.000119714773100449	21	0.00267878510037168	::N3-8::B3-19::B-2-23::B3-c-9::N3-c-9::B-A07::B-A02::B3-21::N3-11::N-A12::B-3-1::N3-13::B3-2-21::N-B05::B-B05::B-1-6::B3-1::N-A10::N-2-14::B-2-15::	9
chr6	119921600	120040600	chr6_119921600	28	119000	2.46832490433883e-08	39	1.0373855861039e-17	30	6.41569133335755e-10	::B-2-15::B-1-6::B3-4::B-B05::N3-19::B3-19::B-A07::B3-9::B-A12::B3-7::N-2-21::B-2-21::B3-13::N-2-23::N-2-15::N3-4::B-2-12::N-2-12::B-2-14::N-2-14::B3-8::N3-11::N-B05::N3-12::B3-2-21::N3-1-13::B3-1-13::B-2-25::	21
chr6	134435400	134554400	chr6_134435400	25	119000	4.5118731930822e-06	31	9.84151507272232e-11	29	4.0474782310774e-09	::N-1-7::B3-c-28::N-A04::B-A04::B3-2-21::N3-13::N-2-21::B-2-15::B-2-23::B-A12::B-2-21::N-2-25::B3-7::N3-7::B-2-12::N-3-1::N-2-12::N-2-23::B3-5::N-A02::B3-12::B-1-7::B3-19::N3-16::B3-1::	13
chr6	134648200	134767200	chr6_134648200	23	119000	0.000119714773100449	24	2.37201100415483e-05	21	0.00267878510037168	::B-3-1::B3-1::N-2-25::N3-c-9::B-2-21::N-A05::B-A05::B-A10::B3-c-28::N-3-1::N3-2-21::N-1-6::B-1-7::B-3-4::N-A10::B-2-14::N3-11::B3-4::N3-4::N-B03::B-B03::N3-9::B3-9::	13
chr7	80679900	80798900	chr7_80679900	19	119000	0.0497538595892476	23	0.000119714773100449	17	0.752475723789525	::B-2-21::N3-19::N-2-15::B-2-15::B3-19::B3-13::N3-16::B-3-4::N3-13::B-A02::N3-1-13::N-A07::B3-1-13::B-A07::N-1-6::N-A02::N-A10::B3-10::B-2-12::	9
chr7	90108400	90227400	chr7_90108400	25	119000	4.5118731930822e-06	41	1.43039752584479e-19	25	4.5118731930822e-06	::B-2-21::B3-1-13::N3-11::B3-8::B3-11::N-1-4::B-A02::B-2-23::B3-c-9::N-2-25::N3-8::N3-16::N3-10::B3-7::N-3-1::B-3-1::N-A02::N-2-21::B3-13::B3-10::N3-13::N3-1::B3-2-21::N-1-6::B-1-10::	19
chr7	97596800	97715800	chr7_97596800	21	119000	0.00267878510037168	25	4.5118731930822e-06	23	0.000119714773100449	::B3-14::N3-9::B-A04::B-2-12::N-2-27::B3-8::N3-8::N3-11::N3-7::B3-7::B-A05::N-1-10::B-A10::B3-19::B-2-15::B3-1-13::B-B05::B3-2::B-2-23::N3-4::B3-4::	12
chr7	102126900	102245900	chr7_102126900	20	119000	0.0118297883599557	27	1.45338328771427e-07	24	2.37201100415483e-05	::N3-10::B-1-10::B-2-21::N-A02::B-3-1::B-A07::B-B05::N-B05::N3-c-9::B3-c-9::B-2-15::N-1-6::B3-1-13::N-2-27::N-2-15::N3-21::B-2-27::B3-2-21::B-3-4::B3-12::	9
chr7	111991400	112110400	chr7_111991400	23	119000	0.000119714773100449	28	2.46832490433883e-08	26	8.25208574026114e-07	::N3-19::N-A02::B-A02::B-B05::N3-21::B-1-7::B3-13::N-B03::B-B03::B3-1-13::N-2-25::B-A04::B3-8::B-2-14::B3-1::B-1-6::B-1-10::B-2-27::N3-7::N3-4::B3-12::N-2-21::N-2-27::	15
chr7	113481700	113600700	chr7_113481700	22	119000	0.000579022430910487	23	0.000119714773100449	19	0.0497538595892476	::N3-12::B-3-1::N-2-25::B3-1::N-2-15::N3-1::B-2-15::B3-c-9::B-2-25::B-2-12::B3-13::B3-c-28::B-2-23::B3-5::N-3-4::N3-21::B-3-4::B3-21::N-2-21::B-A02::B3-1-13::B-A05::	9
chr7	118118200	118237200	chr7_118118200	27	119000	1.45338328771427e-07	33	2.10745559509414e-12	29	4.0474782310774e-09	::B-2-23::B-B05::B3-16::N3-16::N3-19::N3-1::B-3-1::N-A05::B-A05::B-3-4::N-1-6::B3-11::B3-1::N-2-23::B-B03::B-2-14::N-2-14::B3-7::N3-11::B-1-10::N3-5::N3-13::N-3-1::N-3-4::B-2-27::N-2-27::B3-1-13::	12
chr7	121811000	121930000	chr7_121811000	33	119000	2.10745559509414e-12	38	8.50794398680821e-17	9	2820.69689276765	::B-2-25::B-3-1::N-3-1::N3-9::B3-9::N-2-12::N-2-21::N3-4::N-A10::N-2-25::N-1-6::N-2-15::N3-16::N-2-14::N-B05::N-2-27::N-A02::N-1-9::N3-11::N3-21::N-A12::N-1-7::N-A07::N3-2-21::N-A05::N3-2::N-A04::N-3-4::N3-19::N3-5::N-2-23::N3-14::B-2-21::	33
chr7	136303300	136422300	chr7_136303300	45	119000	2.04547695886408e-23	46	2.11454511034708e-24	4	17539.0973682581	::B-2-15::N-A05::N3-1::N-A02::N-2-12::N3-4::N-2-14::N3-13::N-2-27::N-2-25::N3-9::N-B05::N3-5::N-2-23::N3-8::N-B03::N-A10::N3-1-13::N-3-4::N3-19::N-A07::N-3-1::N3-11::N3-2-21::N3-10::N-2-15::N3-16::N-1-6::N3-2-37::N-2-21::N-A12::N-A04::N-1-10::N3-c-28::N-1-4::N3-21::N3-2::N-1-7::N3-7::N3-c-9::N3-12::N3-c-14::N3-15::N3-14::B-A10::	45
chr8	80703900	80822900	chr8_80703900	21	119000	0.00267878510037168	25	4.5118731930822e-06	24	2.37201100415483e-05	::N3-4::B3-11::B3-2-21::N3-10::N3-12::N-2-15::N-B03::N3-13::B-3-1::B3-7::B3-15::B3-19::B-2-23::B-A05::B-1-6::B-1-7::B-2-15::B-B05::N-2-12::N3-9::N-B05::	10
chr8	90878100	90997100	chr8_90878100	21	119000	0.00267878510037168	25	4.5118731930822e-06	22	0.000579022430910487	::B3-7::N-1-6::N-3-4::N-A12::B-2-27::N-2-27::B3-11::N-3-1::B3-8::B-3-1::B-2-15::B-3-4::B-A12::N-2-15::B3-5::B-2-23::B-2-14::B-2-25::B3-c-28::N3-1::B3-19::	12
chr8	95718000	95837000	chr8_95718000	24	119000	2.37201100415483e-05	43	1.7910157011518e-21	35	4.00471726528764e-14	::B-A07::B3-2::N3-16::B3-16::N-2-23::B-B05::N-A05::B-2-23::N-A02::B-2-14::B3-2-21::N3-7::B-1-6::N-B05::B3-19::B3-4::N3-4::N-A07::N-2-15::N-2-25::B3-1-13::N-A12::B-2-25::N3-13::	23
chr8	106941200	107060200	chr8_106941200	20	119000	0.0118297883599557	22	0.000579022430910487	20	0.0118297883599557	::N3-5::B-1-7::N-2-23::N3-9::B3-9::B-A12::B-2-15::N-2-25::B-2-12::N-2-12::N3-10::B3-2-21::N3-4::N3-16::N-2-21::B-2-25::B3-1-13::N-2-15::B-3-1::N3-21::	11
chr8	107268500	107387500	chr8_107268500	26	119000	8.25208574026114e-07	31	9.84151507272232e-11	21	0.00267878510037168	::N3-16::N-2-21::B3-1-13::B3-14::B-2-15::N-2-15::B3-2-21::B-2-21::N3-13::N3-15::B-A05::N-A05::N-A12::N-B05::B-B05::B-A10::B-2-14::B3-4::B3-16::N3-4::B3-7::B-B03::N-B03::N-1-6::B-1-6::B-3-1::	21
chr8	109775100	109894100	chr8_109775100	35	119000	4.00471726528764e-14	52	1.66808978090097e-30	37	6.7987335994691e-16	::B3-2-37::B-2-25::B-1-6::N3-19::B-2-21::B-2-14::N-2-14::N-1-6::B3-19::B-A02::N3-8::N3-11::B3-8::B3-11::B-2-15::N-2-25::B3-12::B-1-4::B-1-7::N-1-7::B-A12::N-3-1::B-3-1::N3-14::B-B05::N-2-15::N-2-21::N-1-4::N-1-9::B3-c-14::N3-c-14::N-A04::B-A07::B3-14::N3-2-21::	21
chr8	111180000	111299000	chr8_111180000	22	119000	0.000579022430910487	29	4.0474782310774e-09	23	0.000119714773100449	::B-2-15::B3-4::B3-16::B-A10::N3-4::N3-1-13::B-1-6::B3-2-21::B-2-25::N-2-25::N3-13::N-2-21::N3-8::B-B05::B-2-21::B-A12::B-2-23::N-A05::B-A05::N3-1::N-2-15::N-1-6::	16
chr8	122910700	123029700	chr8_122910700	23	119000	0.000119714773100449	25	4.5118731930822e-06	23	0.000119714773100449	::B3-2-21::N3-19::B3-19::B3-14::B-2-15::B3-7::B-B05::N-2-14::B3-15::N-A05::B-B03::N-A02::B-A02::B3-1::B-3-1::B3-5::B-A07::N3-1::B-2-25::N3-4::N3-13::B3-13::B-A10::	10
chr9	3001100	3120100	chr9_3001100	48	119000	2.11952355849804e-26	88	1.73400976937745e-72	27	1.45338328771427e-07	::N3-2-21::N-3-4::N-A05::N-A04::N-A02::N-2-23::N-2-15::N3-16::N-B05::N3-11::B-A02::B-A10::B3-2-21::N3-9::B3-7::N-2-21::N3-19::N-2-12::N3-8::N-2-14::N3-1::N3-5::N-A07::N3-13::N3-2::N-1-10::N-2-27::B3-5::B3-11::B-2-15::B-1-10::B3-10::B3-c-28::B-2-23::B3-1::N-A12::N3-21::N-2-25::N-1-6::N-1-4::N-B03::N3-1-13::N3-15::B-B05::N3-10::B-2-25::N3-c-28::N-1-7::	43
chr9	59389300	59508300	chr9_59389300	28	119000	2.46832490433883e-08	34	2.94754001750272e-13	32	1.46248755137757e-11	::N-1-7::B-2-23::B-2-12::N-2-12::B3-12::N-A02::B3-14::N3-14::B-3-1::N3-13::B-2-14::N-A07::N-2-14::N-1-4::B3-15::N-2-15::B3-10::B-2-27::N3-16::B-2-15::N-2-23::B3-2::B-B03::B3-5::B-A10::B3-16::B-B05::B-2-21::	18
chr9	65706900	65825900	chr9_65706900	21	119000	0.00267878510037168	23	0.000119714773100449	19	0.0497538595892476	::B-A04::B-3-4::B3-12::B-B05::B3-15::B-2-23::N-2-25::N-A10::B-2-14::B3-7::B-2-27::N-2-27::B3-c-28::B-2-15::N3-2-21::B3-13::B-A07::B3-1-13::N3-1-13::N-A07::B-1-7::	13
chr9	66480300	66599300	chr9_66480300	25	119000	4.5118731930822e-06	29	4.0474782310774e-09	24	2.37201100415483e-05	::N3-4::B3-19::N3-16::N-2-27::B3-7::B3-15::N3-15::B-1-7::B-2-14::B3-1-13::N3-13::B-1-6::B3-9::N3-9::N-2-23::B3-8::N3-8::B-2-15::B-A07::N3-19::N-2-15::B3-14::B-A02::B-2-21::N3-1::	20
chr9	70430700	70549700	chr9_70430700	22	119000	0.000579022430910487	30	6.41569133335755e-10	22	0.000579022430910487	::N-1-6::N3-1::N3-4::B3-13::B-A07::N-2-15::B-A05::B3-1-13::N3-1-13::N-A07::B-B05::N-A05::B3-7::N3-2-21::N3-c-9::B3-c-9::N-3-4::B-1-7::N-B05::B-3-1::N-3-1::B-2-23::	14
chr9	70614400	70733400	chr9_70614400	20	119000	0.0118297883599557	25	4.5118731930822e-06	23	0.000119714773100449	::B3-5::N-2-15::N3-10::B-A02::N3-16::N-2-27::B-2-27::B-2-25::N-2-25::B-1-10::N3-19::B3-c-28::N3-13::N3-9::B3-2-21::B3-7::N-2-21::N-1-4::B-3-1::B-2-15::	14
chr9	72010700	72129700	chr9_72010700	27	119000	1.45338328771427e-07	37	6.7987335994691e-16	31	9.84151507272232e-11	::N-A07::N-2-15::N-1-4::B3-11::B-2-25::N-B03::B-2-14::N-2-14::B3-12::B-1-6::N-A12::B-2-21::B3-2-21::N3-13::N-2-25::N-A05::B-A05::B3-1-13::N3-1-13::N-1-6::B-2-15::B3-1::B-3-1::N-B05::B-3-4::N3-9::B3-c-28::	20
chr9	72257200	72376200	chr9_72257200	19	119000	0.0497538595892476	23	0.000119714773100449	17	0.752475723789525	::B-2-15::N-1-6::N-B03::B-A07::B-B03::N-A10::B3-10::N-2-25::B-2-25::B-2-23::N-2-23::N3-15::N3-9::B3-9::N3-11::N3-16::N-2-15::B3-11::B3-12::	10
chr9	82864100	82983100	chr9_82864100	19	119000	0.0497538595892476	26	8.25208574026114e-07	24	2.37201100415483e-05	::N3-16::N-2-23::B3-10::N3-10::B3-7::N-1-10::B-2-21::N-2-15::N-B03::B-2-15::B-1-6::B3-14::N3-19::N3-13::N-B05::B-1-7::B-A05::B3-19::N-1-6::	15
chr9	88391600	88510600	chr9_88391600	20	119000	0.0118297883599557	26	8.25208574026114e-07	23	0.000119714773100449	::N-A05::N-2-25::N-1-9::N-2-21::B-B05::B-A05::B3-c-9::B-2-27::B-2-23::N3-2-21::B-2-14::N3-1::N-B05::B3-8::B-A10::B-A02::B-1-10::B-2-12::N-1-6::B-A04::	14
chr9	100465100	100584100	chr9_100465100	21	119000	0.00267878510037168	23	0.000119714773100449	19	0.0497538595892476	::B-A12::N-3-1::N-A05::N-A10::B3-19::N3-13::N-A02::B-A02::N3-8::B3-9::N-2-14::N3-9::N-1-7::B-1-6::B-A10::N-A07::B-A07::N3-5::B3-7::B3-1::B-A04::	12
chr9	100798100	100917100	chr9_100798100	20	119000	0.0118297883599557	25	4.5118731930822e-06	22	0.000579022430910487	::B-2-14::B-1-6::N-A07::B3-1-13::N3-9::B3-9::N-3-4::N3-8::N-2-15::N-A04::B-A04::B3-11::N-1-7::B-A10::B-2-25::B3-12::N3-11::B-A12::B-A05::B-1-7::	9
chr9	107738000	107857000	chr9_107738000	32	119000	1.46248755137757e-11	44	1.93565035309454e-22	35	4.00471726528764e-14	::B3-13::B-A04::N-2-25::B-2-25::B-2-23::N-2-21::N3-11::B3-11::N3-4::B-A05::B-B03::N-A07::B-1-7::B3-5::B-1-4::N-1-7::B-A12::B3-16::B-2-15::N3-7::B3-4::N-A12::N-2-15::B-2-21::N3-1::B3-1::B-1-6::B-3-4::N-1-6::N-A02::B-A02::N3-13::	21
chr9	108526000	108645000	chr9_108526000	19	119000	0.0497538595892476	23	0.000119714773100449	19	0.0497538595892476	::N-2-25::N-1-6::B3-1::N3-1::N-2-23::B3-10::B-3-1::B-A10::N-2-21::B-2-21::B-2-23::B3-16::N-2-15::B3-c-9::N3-4::B3-4::N3-10::B3-21::B-A07::	9
chr9	110118300	110237300	chr9_110118300	19	119000	0.0497538595892476	26	8.25208574026114e-07	25	4.5118731930822e-06	::N3-8::N-2-23::B-2-25::N3-16::N-B05::B-A07::B3-12::N-3-1::B-1-6::N-A05::B-A05::B-B05::N-2-14::B3-19::B3-1-13::B-1-10::B-2-15::B3-4::B-3-4::	16
chr9	110536700	110655700	chr9_110536700	30	119000	6.41569133335755e-10	43	1.7910157011518e-21	38	8.50794398680821e-17	::N-A12::N3-12::B3-14::B-3-4::B-1-7::B3-4::B-2-12::N-2-12::N-B05::B3-12::B-B05::N3-1::N-2-14::B-2-14::B-1-6::B-2-15::N-2-23::B-2-23::B3-19::B3-7::B-1-4::B-2-25::N-3-1::B3-15::B-A10::B-2-21::B3-1-13::B3-5::N-2-21::N-1-10::	18
chr9	111103600	111222600	chr9_111103600	20	119000	0.0118297883599557	21	0.00267878510037168	20	0.0118297883599557	::B3-1::B-2-15::B-2-25::N3-13::B-2-14::N-A12::B3-21::N-2-27::B-A07::B-A05::N-B05::B-A04::N3-8::N3-16::N3-4::B-3-4::B3-5::B-2-21::N3-10::N-B03::	13
chr9	115203900	115322900	chr9_115203900	19	119000	0.0497538595892476	22	0.000579022430910487	19	0.0497538595892476	::N-1-6::B-3-1::N3-10::N-1-7::N3-4::N3-16::N-A10::B-A10::B-B05::N-B05::B3-7::B-2-25::N-B03::B3-19::N-3-1::N-A12::B3-4::N-A07::N3-13::	11
chr9	122121000	122240000	chr9_122121000	20	119000	0.0118297883599557	25	4.5118731930822e-06	22	0.000579022430910487	::B3-7::B-2-25::B-B03::B-1-6::B3-10::N-2-27::B-2-21::B-A04::N3-1-13::B-B05::N-A04::B3-13::N3-8::B-2-27::N-A02::N3-1::N3-21::B3-21::B3-2-21::N3-13::	12
chrUn_GL456389	800	119800	chrUn_GL456389_800	20	119000	0.0118297883599557	24	2.37201100415483e-05	12	229.785739164136	::N-3-1::N-2-21::B-2-14::N3-16::N-1-10::N3-13::N3-10::N3-19::N-2-15::N3-1::N3-4::N3-5::N-2-25::B-1-4::N3-11::B-A10::B-1-7::N-A12::N3-9::B-A04::	9
chrUn_GL456393	200	119200	chrUn_GL456393_200	42	119000	1.61952499201594e-20	63	1.90815227511845e-42	52	1.66808978090097e-30	::B3-11::N-2-23::N-B03::N3-1::N3-8::N-A05::N-2-25::N3-10::N-A04::N3-21::N3-1-13::N3-19::N-3-4::N3-14::N3-2-21::N-2-15::B3-14::B-1-10::B-1-7::B3-7::N3-4::N-2-21::N-B05::N3-16::B3-15::N3-13::B-1-6::B-B05::B-2-21::B-3-1::N-1-7::B-A07::N3-c-28::B-A12::B3-21::B3-1::B-A04::N-1-6::B-2-15::N3-11::B3-19::N3-c-14::	33
chrUn_GL456394	1000	120000	chrUn_GL456394_1000	33	119000	2.10745559509414e-12	46	2.11454511034708e-24	44	1.93565035309454e-22	::B3-14::B-1-10::B-1-7::B3-7::N3-4::N-2-21::N3-19::N-B05::N3-16::B3-15::N3-13::N-2-23::B-1-6::B-B05::B-2-21::N3-1::N-2-15::B-3-1::N-1-7::B-A07::N3-c-28::B-A12::N3-2-21::B3-21::B3-1::B-A04::N-1-6::B-2-15::N3-8::N3-11::B3-19::N-3-4::N3-c-14::	20
chrUn_GL456396	5600	124600	chrUn_GL456396_5600	33	119000	2.10745559509414e-12	44	1.93565035309454e-22	42	1.61952499201594e-20	::B3-14::B-1-10::B-1-7::B3-7::N3-4::N-2-21::N3-19::N-B05::N3-16::B3-15::N3-13::N-2-23::B-1-6::B-B05::B-2-21::N3-1::N-2-15::B-3-1::N-1-7::B-A07::N3-c-28::B-A12::N3-2-21::B3-21::B3-1::B-A04::N-1-6::B-2-15::N3-8::N3-11::B3-19::N-3-4::N3-c-14::	18
chrUn_JH584304	6500	125500	chrUn_JH584304_6500	25	119000	4.5118731930822e-06	35	4.00471726528764e-14	33	2.10745559509414e-12	::B3-15::N3-13::N-2-23::B-1-6::B-B05::B-2-21::N3-1::N3-16::N-2-15::B-3-1::N-1-7::B-A07::N3-c-28::B-A12::N3-2-21::B3-21::B3-1::B-A04::N-1-6::B-2-15::N3-8::N3-11::B3-19::N-3-4::N3-c-14::	16
chrX	18168500	18287500	chrX_18168500	35	119000	4.00471726528764e-14	59	5.33464563833555e-38	44	1.93565035309454e-22	::N-2-21::N-A04::N-1-6::N3-8::B3-8::B-1-6::N-B03::B3-1::B3-15::N-A02::B-2-14::B3-19::B3-12::B-A05::B-A10::B3-7::N3-7::B3-5::N3-c-9::B3-c-9::B3-1-13::B3-2::B-A02::N-2-15::B-2-23::N3-c-14::B-2-15::N-3-1::N3-12::B-A07::B-3-1::N-A05::B-1-7::N-2-23::N3-1::	23
chrX	77531700	77650700	chrX_77531700	24	119000	2.37201100415483e-05	26	8.25208574026114e-07	23	0.000119714773100449	::B-3-4::N3-13::B3-13::B-A02::B-2-21::N3-12::B3-7::B-1-10::B3-12::B3-2-21::N-A05::B-2-14::N-2-14::B-A05::B-A10::N3-1-13::N-2-21::B-A07::N3-4::B3-4::B-B05::N3-19::N-A02::B-3-1::	13
