chr10	42767500	42887500	chr10_42767500	6	120000	0.0495343431405	6	0.0495343431405	4	8.00987097145032	::B-2-25::N-2-25::B3-12::B-2-21::N-A07::B-A07::	2
chr10	67131100	67251100	chr10_67131100	8	120000	0.000164104512805849	8	0.000164104512805849	5	0.69001191051542	::N3-15::B3-15::B-3-1::N-1-10::N3-8::B3-8::N-A02::B-A02::	1
chr10	93008000	93128000	chr10_93008000	6	120000	0.0495343431405	6	0.0495343431405	1	2405.65612621481	::N3-1::N3-10::N3-13::B3-10::B3-13::B3-1::	0
chr10	116455000	116575000	chr10_116455000	8	120000	0.000164104512805849	8	0.000164104512805849	4	8.00987097145032	::N-1-9::B-B05::N-B05::B-A12::N3-7::N-A12::B3-16::B3-4::	8
chr10	121584500	121704500	chr10_121584500	6	120000	0.0495343431405	6	0.0495343431405	2	518.089300567112	::N-A12::B-A12::N3-21::N-3-4::B3-21::B-3-4::	0
chr10	123077200	123197200	chr10_123077200	7	120000	0.00304796123864171	7	0.00304796123864171	5	0.69001191051542	::B-A05::N3-c-28::N3-4::N3-16::B3-5::B3-11::N3-11::	5
chr10	127054400	127174400	chr10_127054400	6	120000	0.0495343431405	6	0.0495343431405	3	74.3848411907651	::B3-8::B-2-25::B3-4::B3-16::N3-4::N3-16::	6
chr11	3190500	3310500	chr11_3190500	6	120000	0.0495343431405	6	0.0495343431405	3	74.3848411907651	::B3-14::B3-12::N3-13::N3-10::B3-10::B3-13::	1
chr11	5025400	5145400	chr11_5025400	6	120000	0.0495343431405	6	0.0495343431405	4	8.00987097145032	::B3-c-28::N-A10::B-A10::N3-c-14::N-B05::B-B05::	1
chr11	21096000	21216000	chr11_21096000	6	120000	0.0495343431405	6	0.0495343431405	4	8.00987097145032	::N3-2-21::B3-2-21::B-1-10::N3-9::B3-9::N3-11::	2
chr11	29174600	29294600	chr11_29174600	10	120000	3.3828298762877e-07	10	3.3828298762877e-07	8	0.000164104512805849	::N3-19::B3-19::N-2-12::B-2-21::B-1-4::B3-7::B3-2::N3-2::B3-c-28::N3-14::	5
chr11	32419300	32539300	chr11_32419300	6	120000	0.0495343431405	6	0.0495343431405	3	74.3848411907651	::N-2-25::N3-4::B3-4::N3-19::B3-2::B3-19::	0
chr11	59674100	59794100	chr11_59674100	7	120000	0.00304796123864171	7	0.00304796123864171	5	0.69001191051542	::B3-c-14::N3-c-14::N3-12::B-2-21::B-1-10::B-2-25::N-2-25::	7
chr11	76785800	76905800	chr11_76785800	7	120000	0.00304796123864171	8	0.000164104512805849	5	0.69001191051542	::B3-2-37::B-1-10::B-1-9::B-1-4::B3-c-9::N3-21::N-2-27::	6
chr11	79376200	79496200	chr11_79376200	11	120000	1.32461156888096e-08	14	4.84662171669181e-13	10	3.3828298762877e-07	::B-2-23::B-1-7::N-1-7::N-2-23::N3-c-28::N3-c-9::B-A05::N-A05::B3-19::N3-15::B3-15::	7
chr11	86693000	86813000	chr11_86693000	7	120000	0.00304796123864171	7	0.00304796123864171	5	0.69001191051542	::B-2-25::N-1-7::B-A04::N-A04::N3-4::B3-4::B3-c-9::	4
chr11	104372000	104492000	chr11_104372000	14	120000	4.84662171669181e-13	16	3.74653699233281e-16	12	4.75453850730012e-10	::B-3-1::B-2-12::N-2-12::N3-c-14::N3-7::N-2-25::N-2-14::B3-c-14::B-1-6::B-3-4::B3-21::N-3-4::N3-21::B-1-4::	9
chr11	106038300	106158300	chr11_106038300	7	120000	0.00304796123864171	7	0.00304796123864171	4	8.00987097145032	::N-A02::B-A02::B3-7::N3-9::B3-9::B3-8::N3-8::	2
chr11	106993200	107113200	chr11_106993200	6	120000	0.0495343431405	6	0.0495343431405	5	0.69001191051542	::B-A05::B3-11::B3-8::N3-14::B3-13::N3-2::	3
chr11	115530000	115650000	chr11_115530000	7	120000	0.00304796123864171	7	0.00304796123864171	3	74.3848411907651	::B3-21::B-3-4::N3-21::N-3-4::N-B03::B-B03::B3-16::	4
chr11	118224600	118344600	chr11_118224600	7	120000	0.00304796123864171	7	0.00304796123864171	5	0.69001191051542	::N3-5::B3-7::N3-7::N3-9::B3-9::B3-5::N-A07::	3
chr12	17517100	17637100	chr12_17517100	7	120000	0.00304796123864171	7	0.00304796123864171	1	2405.65612621481	::N3-14::N3-2-37::N-1-4::N3-5::N3-7::N-1-10::N-1-9::	7
chr12	83638000	83758000	chr12_83638000	7	120000	0.00304796123864171	7	0.00304796123864171	4	8.00987097145032	::N-B05::B-B05::B-A12::N-A12::N-A07::B-A07::B-1-10::	3
chr13	3562500	3682500	chr13_3562500	7	120000	0.00304796123864171	7	0.00304796123864171	5	0.69001191051542	::N-2-21::B-2-21::N3-2::B3-8::B3-11::N3-14::B-1-10::	2
chr13	14025900	14145900	chr13_14025900	6	120000	0.0495343431405	7	0.00304796123864171	6	0.0495343431405	::N-A12::B3-7::B-2-25::N3-12::B3-12::B3-5::	1
chr13	17697500	17817500	chr13_17697500	11	120000	1.32461156888096e-08	12	4.75453850730012e-10	6	0.0495343431405	::B3-12::B3-14::N3-14::B3-8::N3-8::B-3-4::N-3-4::B3-19::N3-19::N-A05::B-A05::	10
chr13	34882800	35002800	chr13_34882800	7	120000	0.00304796123864171	7	0.00304796123864171	4	8.00987097145032	::N3-21::N-3-4::B3-21::B-3-4::N-1-6::B-1-4::N3-2::	0
chr13	37875400	37995400	chr13_37875400	6	120000	0.0495343431405	6	0.0495343431405	4	8.00987097145032	::B3-21::N3-12::B3-4::N3-16::N3-4::N-2-23::	3
chr13	48846100	48966100	chr13_48846100	6	120000	0.0495343431405	6	0.0495343431405	3	74.3848411907651	::N-A04::B3-2-21::N3-2-21::N3-11::B3-11::B3-8::	3
chr13	85219300	85339300	chr13_85219300	10	120000	3.3828298762877e-07	12	4.75453850730012e-10	9	7.85378640991624e-06	::N3-2::N-B03::B-B03::N-1-10::B3-15::N3-15::N-A05::B-A05::N3-14::B3-2::	9
chr13	94600200	94720200	chr13_94600200	8	120000	0.000164104512805849	8	0.000164104512805849	1	2405.65612621481	::N-2-14::N-B03::N-A04::N-3-4::N-2-23::N3-4::N3-16::N3-2::	8
chr13	111739300	111859300	chr13_111739300	6	120000	0.0495343431405	7	0.00304796123864171	4	8.00987097145032	::N-A04::B-3-1::N-3-4::N3-21::B-1-10::B3-7::	1
chr14	31104300	31224300	chr14_31104300	9	120000	7.85378640991624e-06	9	7.85378640991624e-06	4	8.00987097145032	::B3-12::N3-1-13::B3-1-13::N3-c-28::B3-c-28::N3-21::N-3-4::B3-21::B-3-4::	0
chr14	52087100	52207100	chr14_52087100	7	120000	0.00304796123864171	7	0.00304796123864171	4	8.00987097145032	::B-2-14::B3-16::B3-4::N3-21::B3-1-13::B-A07::N-A07::	4
chr14	67004500	67124500	chr14_67004500	9	120000	7.85378640991624e-06	9	7.85378640991624e-06	5	0.69001191051542	::N3-9::B3-9::N3-1-13::N3-7::N3-8::N3-11::B3-8::B3-11::B-1-10::	2
chr14	79521300	79641300	chr14_79521300	8	120000	0.000164104512805849	8	0.000164104512805849	7	0.00304796123864171	::N-3-4::B-3-4::B-2-15::B-1-10::B3-5::B-B03::N3-c-9::B3-12::	4
chr15	25670500	25790500	chr15_25670500	6	120000	0.0495343431405	6	0.0495343431405	4	8.00987097145032	::B-1-10::B3-c-9::N-2-12::B-2-12::B-B05::N-B05::	3
chr15	73155500	73275500	chr15_73155500	10	120000	3.3828298762877e-07	11	1.32461156888096e-08	4	8.00987097145032	::N3-1::N3-13::N3-10::B3-10::B3-1::B3-13::B-1-6::N-1-6::B3-19::N3-19::	2
chr15	81580000	81700000	chr15_81580000	8	120000	0.000164104512805849	8	0.000164104512805849	6	0.0495343431405	::N3-9::B3-9::N-3-4::N3-c-9::B-2-25::N-2-25::B-1-10::B3-c-9::	4
chr15	96407000	96527000	chr15_96407000	6	120000	0.0495343431405	7	0.00304796123864171	5	0.69001191051542	::B3-c-14::B-2-14::N-2-14::B3-9::N3-9::B-1-10::	7
chr15	102396300	102516300	chr15_102396300	8	120000	0.000164104512805849	8	0.000164104512805849	6	0.0495343431405	::B-A04::B3-c-14::B-2-25::N-2-25::N3-19::B3-19::B3-c-9::B3-5::	4
chr16	4489900	4609900	chr16_4489900	10	120000	3.3828298762877e-07	10	3.3828298762877e-07	2	518.089300567112	::B3-10::B3-1::B3-13::N3-13::N3-1::N3-10::N3-16::N3-4::B3-16::B3-4::	6
chr16	33392500	33512500	chr16_33392500	8	120000	0.000164104512805849	8	0.000164104512805849	5	0.69001191051542	::B3-1-13::N3-16::B3-16::N-A12::B-A12::N-A05::N3-4::B3-4::	1
chr16	38098300	38218300	chr16_38098300	7	120000	0.00304796123864171	7	0.00304796123864171	6	0.0495343431405	::N-1-6::B-1-6::N-A07::B-2-25::B-A05::N3-12::N-B05::	1
chr16	43344900	43464900	chr16_43344900	7	120000	0.00304796123864171	7	0.00304796123864171	4	8.00987097145032	::N-1-7::B-A12::N-B03::B3-10::B3-13::N3-10::N3-13::	5
chr16	94596900	94716900	chr16_94596900	6	120000	0.0495343431405	6	0.0495343431405	5	0.69001191051542	::B3-5::B-A04::N3-9::B3-9::B-1-10::N-3-1::	2
chr17	3162800	3282800	chr17_3162800	8	120000	0.000164104512805849	8	0.000164104512805849	6	0.0495343431405	::N3-15::B3-15::B-3-4::N-3-4::N-B05::B-A05::N-A12::B3-9::	4
chr17	5099900	5219900	chr17_5099900	6	120000	0.0495343431405	6	0.0495343431405	5	0.69001191051542	::B3-1::N-A02::B-A02::N-3-1::N-A04::B-1-4::	2
chr17	10232100	10352100	chr17_10232100	9	120000	7.85378640991624e-06	10	3.3828298762877e-07	7	0.00304796123864171	::N-A04::B-A04::B3-14::N3-c-9::N-A10::N3-14::N-A02::B-A02::B-A10::	1
chr17	25842700	25962700	chr17_25842700	7	120000	0.00304796123864171	7	0.00304796123864171	4	8.00987097145032	::N-1-6::N-A04::B3-7::N3-10::N3-13::B3-10::B3-13::	1
chr17	26048900	26168900	chr17_26048900	6	120000	0.0495343431405	6	0.0495343431405	5	0.69001191051542	::N-2-14::B-3-4::N-3-4::B-A04::B-A10::B-2-27::	3
chr17	30006600	30126600	chr17_30006600	6	120000	0.0495343431405	7	0.00304796123864171	3	74.3848411907651	::B-3-4::B3-21::N3-21::N-3-4::N3-9::B3-9::	4
chr17	32163500	32283500	chr17_32163500	10	120000	3.3828298762877e-07	10	3.3828298762877e-07	6	0.0495343431405	::B-A12::B-2-21::B3-9::N3-9::B-A10::N3-12::B3-13::B3-10::N3-10::N3-13::	6
chr17	33669200	33789200	chr17_33669200	8	120000	0.000164104512805849	8	0.000164104512805849	4	8.00987097145032	::B-2-23::N-2-23::N3-21::N-3-4::B-3-4::B3-21::B-B05::N-B05::	2
chr17	56581000	56701000	chr17_56581000	7	120000	0.00304796123864171	7	0.00304796123864171	4	8.00987097145032	::N-A07::N3-1-13::B-A07::B3-1-13::N3-13::N3-c-28::B3-c-14::	1
chr17	83364400	83484400	chr17_83364400	7	120000	0.00304796123864171	7	0.00304796123864171	5	0.69001191051542	::N-1-10::B3-9::N3-9::B3-5::B-B03::N-B03::N3-c-9::	5
chr18	7873900	7993900	chr18_7873900	8	120000	0.000164104512805849	9	7.85378640991624e-06	7	0.00304796123864171	::N3-7::B-A10::N-A10::N-3-1::B-1-7::N3-15::B3-15::B3-1::	2
chr18	31767200	31887200	chr18_31767200	7	120000	0.00304796123864171	7	0.00304796123864171	4	8.00987097145032	::B3-1-13::N-1-7::N3-8::N3-11::B3-8::B3-11::B3-5::	1
chr18	35556000	35676000	chr18_35556000	6	120000	0.0495343431405	6	0.0495343431405	5	0.69001191051542	::N3-c-28::B3-7::B-A10::N-A10::N-1-4::N-B03::	5
chr18	36307100	36427100	chr18_36307100	6	120000	0.0495343431405	6	0.0495343431405	4	8.00987097145032	::N-A12::B-A12::B3-9::N3-9::B3-7::N3-7::	2
chr18	73586900	73706900	chr18_73586900	10	120000	3.3828298762877e-07	11	1.32461156888096e-08	7	0.00304796123864171	::B-2-12::N-2-12::B-1-7::N-A12::B-A12::B-A05::B-A02::N-A02::B-3-1::N-3-1::	7
chr19	3460500	3580500	chr19_3460500	13	120000	1.57531021158128e-11	13	1.57531021158128e-11	12	4.75453850730012e-10	::N3-c-9::B3-5::N-B05::N3-12::N-A10::B-A10::B-B03::B3-c-9::N3-16::B-1-10::N-2-21::B-1-4::B-2-23::	7
chr2	26405400	26525400	chr2_26405400	11	120000	1.32461156888096e-08	13	1.57531021158128e-11	7	0.00304796123864171	::N3-1-13::B-A07::N-3-4::N3-21::B-3-4::B3-21::B-3-1::N-3-1::B3-5::N-A04::B-1-10::	7
chr2	32907300	33027300	chr2_32907300	6	120000	0.0495343431405	6	0.0495343431405	3	74.3848411907651	::N3-2-21::B3-21::N3-21::N3-c-9::N-A10::N3-9::	6
chr2	49448400	49568400	chr2_49448400	7	120000	0.00304796123864171	7	0.00304796123864171	7	0.00304796123864171	::B3-7::N3-8::N3-c-9::N-3-4::B-B05::B-2-23::B3-5::	4
chr2	59245300	59365300	chr2_59245300	7	120000	0.00304796123864171	7	0.00304796123864171	3	74.3848411907651	::B3-11::B3-8::N3-8::N3-11::N-A05::B-A05::B3-c-14::	5
chr2	65120400	65240400	chr2_65120400	7	120000	0.00304796123864171	7	0.00304796123864171	4	8.00987097145032	::B3-7::N3-13::N3-10::B3-10::B-A05::N-A04::B-A04::	1
chr2	75614800	75734800	chr2_75614800	8	120000	0.000164104512805849	8	0.000164104512805849	3	74.3848411907651	::B-2-25::B3-10::B3-1::B3-13::N3-13::N3-1::N3-10::N-2-14::	8
chr2	80547700	80667700	chr2_80547700	6	120000	0.0495343431405	6	0.0495343431405	4	8.00987097145032	::N3-9::B3-9::B-1-6::N3-c-9::N-B03::B-B03::	1
chr2	90912300	91032300	chr2_90912300	7	120000	0.00304796123864171	7	0.00304796123864171	5	0.69001191051542	::N-A12::B-A12::B-2-14::N-2-14::N-2-21::B-B03::B3-c-9::	5
chr2	98662300	98782300	chr2_98662300	30	120000	2.23565375612693e-40	60	7.56696824526425e-101	18	2.27148954069914e-19	::N3-14::N-B05::N3-7::N3-1-13::N3-8::N-A10::N3-c-14::N3-4::N-1-10::N-2-15::N3-11::N3-12::N3-5::N3-10::N-B03::N3-21::N3-c-9::N3-1::N3-13::N3-19::N-1-7::N3-15::N-2-23::N-3-1::N-2-21::B-1-10::N-1-4::N-A04::B3-11::B3-14::	26
chr2	102824800	102944800	chr2_102824800	6	120000	0.0495343431405	6	0.0495343431405	5	0.69001191051542	::B-A02::N-2-14::B-2-14::N-A10::N-2-21::N-2-15::	1
chr2	153328000	153448000	chr2_153328000	9	120000	7.85378640991624e-06	9	7.85378640991624e-06	6	0.0495343431405	::N3-7::N-2-27::B-2-27::N3-14::B-A12::N-A12::N3-12::B-A04::N-A04::	4
chr2	154812000	154932000	chr2_154812000	9	120000	7.85378640991624e-06	9	7.85378640991624e-06	7	0.00304796123864171	::B3-9::B3-14::N-A05::B3-12::N-A07::B-A07::B3-2-21::N3-2-21::B3-c-14::	4
chr2	155352800	155472800	chr2_155352800	7	120000	0.00304796123864171	7	0.00304796123864171	4	8.00987097145032	::N-3-4::N-3-1::N-2-27::B-2-27::N3-21::B3-21::B-3-4::	0
chr2	156157900	156277900	chr2_156157900	6	120000	0.0495343431405	6	0.0495343431405	3	74.3848411907651	::B-2-14::N-2-14::N3-c-14::B3-c-14::B3-8::B3-11::	2
chr2	160678100	160798100	chr2_160678100	6	120000	0.0495343431405	8	0.000164104512805849	6	0.0495343431405	::B3-12::B3-14::N3-14::B-A04::N-A04::N-B03::	6
chr2	165832600	165952600	chr2_165832600	9	120000	7.85378640991624e-06	9	7.85378640991624e-06	4	8.00987097145032	::B3-9::N3-9::B-2-27::B3-1-13::B-A07::N-2-27::N-A07::B-1-10::B-1-7::	9
chr2	166001500	166121500	chr2_166001500	6	120000	0.0495343431405	6	0.0495343431405	4	8.00987097145032	::B-3-1::B-2-21::B-A02::N-A02::B3-9::N3-9::	5
chr2	168084100	168204100	chr2_168084100	9	120000	7.85378640991624e-06	9	7.85378640991624e-06	6	0.0495343431405	::B3-9::N3-9::B3-7::B-2-23::N-2-23::B-2-25::N-2-25::N3-1::B-1-4::	7
chr2	173673800	173793800	chr2_173673800	6	120000	0.0495343431405	6	0.0495343431405	3	74.3848411907651	::B-2-12::N-2-12::N3-9::B3-9::N-B05::B-B05::	2
chr3	31013600	31133600	chr3_31013600	6	120000	0.0495343431405	6	0.0495343431405	5	0.69001191051542	::N-A05::N3-15::B-1-4::N-2-21::B-A04::N-A04::	6
chr3	33986600	34106600	chr3_33986600	6	120000	0.0495343431405	6	0.0495343431405	5	0.69001191051542	::B-1-4::N-A07::B3-7::N3-1-13::B3-1-13::B-B03::	4
chr3	51423100	51543100	chr3_51423100	6	120000	0.0495343431405	6	0.0495343431405	5	0.69001191051542	::B3-8::N3-8::B-2-25::N3-19::N3-7::B3-c-14::	5
chr3	60510900	60630900	chr3_60510900	6	120000	0.0495343431405	7	0.00304796123864171	5	0.69001191051542	::B-2-14::N-2-21::B-2-12::N3-21::B3-21::N-A07::	2
chr3	69059600	69179600	chr3_69059600	8	120000	0.000164104512805849	8	0.000164104512805849	6	0.0495343431405	::N3-7::B-2-14::N-A10::B-A10::B-B03::N-B03::N3-15::B3-15::	4
chr3	88604000	88724000	chr3_88604000	7	120000	0.00304796123864171	7	0.00304796123864171	5	0.69001191051542	::N3-14::B-B05::N-B05::N3-c-9::B3-7::B-2-12::N-2-12::	4
chr3	135440200	135560200	chr3_135440200	11	120000	1.32461156888096e-08	13	1.57531021158128e-11	8	0.000164104512805849	::B-B05::B-1-10::N3-10::N3-4::B3-4::N3-8::N3-11::B3-7::B3-8::B3-11::B-2-14::	4
chr4	62687800	62807800	chr4_62687800	8	120000	0.000164104512805849	8	0.000164104512805849	4	8.00987097145032	::B-1-10::B3-10::B3-13::N3-10::N3-13::N-A10::B3-9::N3-9::	7
chr4	82337000	82457000	chr4_82337000	7	120000	0.00304796123864171	7	0.00304796123864171	5	0.69001191051542	::B3-c-9::N-A07::B-A07::B3-12::B3-1-13::N3-1-13::B-2-27::	4
chr4	83455100	83575100	chr4_83455100	6	120000	0.0495343431405	7	0.00304796123864171	3	74.3848411907651	::N-2-27::B-2-27::N3-16::N3-4::B3-4::B3-16::	1
chr4	106923000	107043000	chr4_106923000	8	120000	0.000164104512805849	8	0.000164104512805849	3	74.3848411907651	::B3-10::B3-1::B3-13::N3-1::N3-10::N3-13::B3-21::B-A05::	6
chr4	120461500	120581500	chr4_120461500	6	120000	0.0495343431405	6	0.0495343431405	2	518.089300567112	::N3-14::N3-13::N3-10::B3-13::B3-14::B3-10::	0
chr4	131806200	131926200	chr4_131806200	7	120000	0.00304796123864171	7	0.00304796123864171	4	8.00987097145032	::N3-c-9::N3-7::N3-4::N3-16::B3-16::B3-4::B-1-6::	2
chr4	135226100	135346100	chr4_135226100	9	120000	7.85378640991624e-06	9	7.85378640991624e-06	6	0.0495343431405	::B3-c-28::B3-1::N3-1::N3-13::N-A04::N-2-12::N-A10::B-A05::N-A05::	9
chr4	136515400	136635400	chr4_136515400	6	120000	0.0495343431405	6	0.0495343431405	4	8.00987097145032	::B3-7::N3-c-9::B3-c-9::B3-13::N-1-7::B-1-7::	1
chr4	139113500	139233500	chr4_139113500	6	120000	0.0495343431405	6	0.0495343431405	3	74.3848411907651	::N3-16::N3-4::B3-16::B3-4::B3-7::N3-c-14::	2
chr4	152293900	152413900	chr4_152293900	8	120000	0.000164104512805849	8	0.000164104512805849	2	518.089300567112	::N3-16::N3-4::B3-13::B3-1::B3-10::N3-1::N3-10::N3-13::	8
chr4	154349000	154469000	chr4_154349000	7	120000	0.00304796123864171	7	0.00304796123864171	2	518.089300567112	::N-1-7::N3-1::N3-10::N3-13::B3-1::B3-13::B3-10::	0
chr4	155496500	155616500	chr4_155496500	7	120000	0.00304796123864171	7	0.00304796123864171	3	74.3848411907651	::B-2-27::B-2-25::N-2-25::N3-10::N3-1::N3-13::B3-1::	2
chr5	25301700	25421700	chr5_25301700	10	120000	3.3828298762877e-07	12	4.75453850730012e-10	8	0.000164104512805849	::N3-21::N-A05::N3-12::B3-12::N3-10::N3-13::B3-13::B3-10::B-2-27::N3-9::	4
chr5	28146800	28266800	chr5_28146800	22	120000	4.45337692864091e-26	31	3.1063037518262e-42	5	0.69001191051542	::N3-14::N-3-4::B3-5::B3-14::B3-16::N-1-7::B-2-15::B-2-14::B-1-10::B3-12::B-1-4::B3-7::B-2-21::B3-2::B3-19::B3-c-9::N3-5::N3-7::N-B05::N-2-15::N-1-10::N-A02::	18
chr5	65579900	65699900	chr5_65579900	9	120000	7.85378640991624e-06	9	7.85378640991624e-06	7	0.00304796123864171	::B3-13::N-A12::B-1-10::B3-c-14::N3-2-21::B3-2-21::N-1-10::B3-14::N3-14::	5
chr5	96118000	96238000	chr5_96118000	6	120000	0.0495343431405	6	0.0495343431405	4	8.00987097145032	::B-A02::N-A02::N3-8::B3-8::N3-14::B-2-25::	2
chr5	99921600	100041600	chr5_99921600	10	120000	3.3828298762877e-07	10	3.3828298762877e-07	7	0.00304796123864171	::N-3-1::N-A02::B-B05::B3-14::B3-1::B3-13::B3-10::N3-1::B3-5::B-1-6::	8
chr5	113085400	113205400	chr5_113085400	6	120000	0.0495343431405	6	0.0495343431405	3	74.3848411907651	::B-A07::N3-16::N3-4::B3-4::B3-16::N-A04::	0
chr5	115333900	115453900	chr5_115333900	7	120000	0.00304796123864171	7	0.00304796123864171	3	74.3848411907651	::B-2-21::N-3-4::N3-21::B3-21::B-3-4::B3-c-9::B3-c-14::	3
chr6	17645400	17765400	chr6_17645400	6	120000	0.0495343431405	6	0.0495343431405	4	8.00987097145032	::B3-c-14::N3-c-14::B-1-10::B-2-21::N-A10::B-A10::	3
chr6	47457200	47577200	chr6_47457200	9	120000	7.85378640991624e-06	9	7.85378640991624e-06	7	0.00304796123864171	::B3-c-28::B-1-10::N-A02::B3-14::B-2-21::B-B03::N-B03::N3-c-9::B3-c-14::	3
chr6	51366900	51486900	chr6_51366900	7	120000	0.00304796123864171	7	0.00304796123864171	4	8.00987097145032	::N-A04::N3-9::B3-16::B3-4::N3-16::N3-4::B3-1-13::	5
chr6	65071600	65191600	chr6_65071600	6	120000	0.0495343431405	8	0.000164104512805849	4	8.00987097145032	::B-1-10::B3-21::N3-21::B-3-4::N-3-4::B3-c-14::	8
chr6	113080100	113200100	chr6_113080100	6	120000	0.0495343431405	7	0.00304796123864171	6	0.0495343431405	::B3-c-9::N3-c-9::N3-c-14::B-2-27::N-2-25::N-1-10::	6
chr6	134086900	134206900	chr6_134086900	6	120000	0.0495343431405	6	0.0495343431405	6	0.0495343431405	::N-2-25::B-1-10::N-A05::B-3-1::N3-9::N-3-1::	2
chr6	136533600	136653600	chr6_136533600	8	120000	0.000164104512805849	8	0.000164104512805849	4	8.00987097145032	::N3-1-13::B-2-12::N-2-12::B3-21::N3-21::N-3-4::B3-1::N3-1::	8
chr7	28901100	29021100	chr7_28901100	7	120000	0.00304796123864171	7	0.00304796123864171	3	74.3848411907651	::N-A04::B-A04::N3-16::N3-4::B3-4::B3-16::N3-9::	1
chr7	65305900	65425900	chr7_65305900	6	120000	0.0495343431405	6	0.0495343431405	5	0.69001191051542	::N3-2-21::N3-12::B3-2::B-2-12::B-1-7::N-1-7::	4
chr7	90132300	90252300	chr7_90132300	15	120000	1.39171060399512e-14	17	9.49253430038189e-18	11	1.32461156888096e-08	::N3-11::B3-11::B-2-23::B3-c-9::N3-8::B3-7::B-A02::N-2-21::B-2-21::B3-13::B3-10::N3-13::N3-10::B3-2-21::B-1-10::	10
chr7	102046200	102166200	chr7_102046200	6	120000	0.0495343431405	6	0.0495343431405	5	0.69001191051542	::B-1-7::B-A05::B-1-10::B-B05::N3-c-9::B3-c-9::	2
chr7	121827000	121947000	chr7_121827000	20	120000	1.10899423266971e-22	20	1.10899423266971e-22	3	74.3848411907651	::N3-9::B3-9::N-2-21::N3-4::N-A10::N-3-1::N-2-15::N3-16::N-2-14::N-B05::N-A02::N-A12::N-1-7::N-A07::N-A04::N3-19::N3-5::N-2-23::N3-14::N3-2::	18
chr7	136389300	136509300	chr7_136389300	42	120000	1.72107287602822e-63	42	1.72107287602822e-63	1	2405.65612621481	::N3-1::N-A02::N-2-12::N-A05::N3-4::N-2-14::N3-13::N-2-27::N-2-25::N3-9::N-B05::N3-5::N-2-23::N3-8::N-B03::N-A10::N3-1-13::N-3-4::N3-19::N-A07::N-3-1::N3-11::N3-2-21::N3-10::N-2-15::N3-16::N-1-6::N-2-21::N-A12::N-A04::N-1-10::N3-c-28::N-1-4::N3-21::N3-2::N-1-7::N3-7::N3-c-9::N3-12::N3-c-14::N3-15::N3-14::	42
chr8	25526700	25646700	chr8_25526700	6	120000	0.0495343431405	6	0.0495343431405	3	74.3848411907651	::N3-c-28::N3-21::N-3-4::B-3-4::B3-21::N-A07::	1
chr8	80727800	80847800	chr8_80727800	9	120000	7.85378640991624e-06	9	7.85378640991624e-06	3	74.3848411907651	::B-A05::N3-15::B3-15::N3-1::N3-13::N3-10::B3-13::B3-10::B3-1::	0
chr8	84703600	84823600	chr8_84703600	7	120000	0.00304796123864171	7	0.00304796123864171	2	518.089300567112	::N3-1::N3-13::N3-10::B3-1::B3-10::B3-13::N3-7::	1
chr8	90878100	90998100	chr8_90878100	6	120000	0.0495343431405	6	0.0495343431405	4	8.00987097145032	::B3-7::B-2-27::N-2-27::N-3-1::B-3-1::B3-5::	2
chr8	95746500	95866500	chr8_95746500	6	120000	0.0495343431405	8	0.000164104512805849	6	0.0495343431405	::N-A05::N3-7::B3-4::B-A07::N-A07::B3-16::	6
chr8	107313000	107433000	chr8_107313000	6	120000	0.0495343431405	6	0.0495343431405	2	518.089300567112	::N3-15::N-A05::B3-4::B3-16::N3-16::N3-4::	5
chr8	109676000	109796000	chr8_109676000	11	120000	1.32461156888096e-08	12	4.75453850730012e-10	7	0.00304796123864171	::B-A10::B-1-4::B3-1-13::N3-1-13::B3-8::B-1-6::N-1-6::B3-19::N3-19::N3-8::N3-11::	9
chr8	111540800	111660800	chr8_111540800	9	120000	7.85378640991624e-06	9	7.85378640991624e-06	6	0.0495343431405	::N-1-10::B3-13::N3-16::N3-4::B3-16::B3-4::B-B03::B-A07::B3-5::	4
chr8	117180700	117300700	chr8_117180700	8	120000	0.000164104512805849	8	0.000164104512805849	5	0.69001191051542	::N3-12::N-A05::B-A05::N-A10::N3-16::N3-4::B3-16::B3-4::	1
chr9	3017500	3137500	chr9_3017500	7	120000	0.00304796123864171	8	0.000164104512805849	3	74.3848411907651	::N-B05::N3-5::N-A07::N-1-10::N-A12::N-2-21::N-1-4::	5
chr9	7911100	8031100	chr9_7911100	6	120000	0.0495343431405	8	0.000164104512805849	7	0.00304796123864171	::N3-10::N-1-10::N-2-15::B-2-15::N-3-4::B-3-4::	4
chr9	44147900	44267900	chr9_44147900	6	120000	0.0495343431405	6	0.0495343431405	5	0.69001191051542	::B-1-10::B-2-23::B3-5::N3-9::B3-9::B-A04::	3
chr9	56126200	56246200	chr9_56126200	6	120000	0.0495343431405	6	0.0495343431405	2	518.089300567112	::N-A02::B-A02::N3-11::N3-8::B3-8::B3-11::	0
chr9	57762200	57882200	chr9_57762200	6	120000	0.0495343431405	6	0.0495343431405	3	74.3848411907651	::B-A07::B3-1-13::N3-1-13::N-A07::N-2-14::N3-2::	6
chr9	62899000	63019000	chr9_62899000	6	120000	0.0495343431405	6	0.0495343431405	5	0.69001191051542	::N3-16::B3-16::B-A05::N-A10::N-1-6::N3-15::	3
chr9	65051200	65171200	chr9_65051200	6	120000	0.0495343431405	7	0.00304796123864171	5	0.69001191051542	::N-1-10::B-1-10::B3-21::N3-21::B3-9::N3-9::	6
chr9	70455800	70575800	chr9_70455800	10	120000	3.3828298762877e-07	12	4.75453850730012e-10	7	0.00304796123864171	::B-A07::B3-1-13::N3-1-13::N-A07::N3-2-21::N3-c-9::B3-c-9::N-3-1::B3-7::N-2-21::	8
chr9	71946600	72066600	chr9_71946600	10	120000	3.3828298762877e-07	11	1.32461156888096e-08	8	0.000164104512805849	::B-A05::B-A12::N-A12::B3-5::N-A07::N-1-4::B-2-25::N-A05::B3-1-13::N-1-6::	7
chr9	72493300	72613300	chr9_72493300	6	120000	0.0495343431405	6	0.0495343431405	5	0.69001191051542	::N3-c-9::N3-1-13::B-A05::N-B03::N3-11::N3-8::	1
chr9	107740700	107860700	chr9_107740700	6	120000	0.0495343431405	6	0.0495343431405	5	0.69001191051542	::N-2-25::B-1-4::N3-7::N-A12::B-A12::B3-1::	2
chr9	108217900	108337900	chr9_108217900	6	120000	0.0495343431405	6	0.0495343431405	3	74.3848411907651	::B-A04::B3-5::N3-13::N3-10::B3-10::B3-13::	2
chr9	110536800	110656800	chr9_110536800	6	120000	0.0495343431405	6	0.0495343431405	6	0.0495343431405	::N3-12::B-2-12::B-2-14::N-2-23::B-1-4::N-1-10::	1
chrUn_GL456393	1400	121400	chrUn_GL456393_1400	6	120000	0.0495343431405	6	0.0495343431405	6	0.0495343431405	::N3-21::N3-14::B-1-10::B3-7::N3-c-28::N3-c-14::	2
chrX	18184100	18304100	chrX_18184100	13	120000	1.57531021158128e-11	13	1.57531021158128e-11	11	1.32461156888096e-08	::N-1-6::B-1-6::B3-7::N3-7::N3-c-9::B3-c-9::B-A02::N-2-15::N3-c-14::B3-12::N3-12::N-A02::N3-1::	5
chrX	77544000	77664000	chrX_77544000	7	120000	0.00304796123864171	7	0.00304796123864171	6	0.0495343431405	::B-2-21::B3-7::B-1-10::B-A07::N3-4::B3-4::B-1-9::	3
chrX	142722900	142842900	chrX_142722900	6	120000	0.0495343431405	6	0.0495343431405	3	74.3848411907651	::N3-c-14::N3-7::B3-4::B3-16::N3-4::N3-16::	5
chrX	143483000	143603000	chrX_143483000	8	120000	0.000164104512805849	9	7.85378640991624e-06	2	518.089300567112	::N-3-1::N-2-15::N3-1::N3-11::N3-12::N-2-23::N-A10::N3-14::	7
chrX	151774300	151894300	chrX_151774300	6	120000	0.0495343431405	6	0.0495343431405	5	0.69001191051542	::B-2-21::B3-9::N3-7::N-A12::B-A02::N-A02::	4
