chr10	20218100	20347100	chr10_20218100	22	129000	1.34213606128012e-05	22	1.34213606128012e-05	21	7.56250315948606e-05	::B3-2-36::B3-17::N3-1-15::N3-6::B-2-26::B3-6::B-1-2::N-1-2::N-A03::B3-18::B3-1-2::B3-1-3::N-B09::B-B09::B-A01::B-B02::N-B02::N-2-26::N-B10::N-A01::B3-1-15::N-2-17::	15
chr10	67134100	67263100	chr10_67134100	20	129000	0.0004067534139424	26	8.69278102053129e-09	24	3.70650663500443e-07	::N-2-17::B-2-17::B3-6::N3-1-5::N3-2-36::N-B11::N-A11::B-1-2::B-A03::N-1-2::N-B07::B-B07::B3-1-2::N3-2-2::B3-3::N-A01::B-B11::B-B09::N3-6::B-B10::	16
chr10	108167700	108296700	chr10_108167700	25	129000	5.78866517864087e-08	35	7.15365566514668e-17	25	5.78866517864087e-08	::N-A01::N-B04::N-B09::N3-1-5::B3-1-15::B-A03::N-A08::N3-1-15::N-A03::N-1-2::B3-3::B-B11::B3-1-2::B3-2-22::B3-6::B-B10::N-B10::B3-1-3::B-2-17::N-B08::B-A08::B3-17::B-B09::N-B02::B-B04::	16
chr10	123077200	123206200	chr10_123077200	17	129000	0.046744049920131	18	0.0101392887010391	15	0.834042011297403	::N3-2-7::B3-1-3::B3-6::B-B02::N-2-17::B3-2-2::B-A11::B3-2-22::N3-2-22::B-B09::N-B09::N3-1-3::N3-1-15::B3-1-15::N3-1-5::N-B04::B-A08::	12
chr10	128324300	128453300	chr10_128324300	17	129000	0.046744049920131	17	0.046744049920131	16	0.203526798603514	::B-B02::B-1-2::N-1-2::B-B10::B-B11::N-B11::B-A08::N3-1-15::N3-6::B3-2-22::B-B07::B-B04::B3-1-3::B3-1-15::N-2-9::B3-1-11::N-B02::	8
chr11	3182100	3311100	chr11_3182100	20	129000	0.0004067534139424	29	2.35993432674442e-11	26	8.69278102053129e-09	::B-B07::N3-2-2::N-A03::B-B09::N3-18::N3-1-3::B-A03::B-2-17::B-B10::B3-2-36::N3-17::B-A08::N-A08::N-B04::B3-1-3::B-2-9::B-1-2::B3-3::B3-2-7::N3-2-7::	17
chr11	23297400	23426400	chr11_23297400	19	129000	0.002083567359399	30	3.07137128621571e-12	26	8.69278102053129e-09	::N3-6::N-B02::B-B07::N-A03::B3-6::B3-17::N3-17::N-2-17::B-1-2::B3-c-10::B3-18::B-B09::B3-2-2::B-B04::N-A08::N-1-2::N3-2-2::N3-3::B-2-26::	17
chr11	54530300	54659300	chr11_54530300	19	129000	0.002083567359399	25	5.78866517864087e-08	16	0.203526798603514	::B3-2-22::B-1-2::N3-1-15::N-A03::N-A08::B3-1-15::B-A03::B-A08::B-A11::N-A11::B-A01::B-2-17::B3-1-3::N3-1-11::B-B10::B3-6::B3-17::B-B04::N3-18::	14
chr11	58012600	58141600	chr11_58012600	18	129000	0.0101392887010391	24	3.70650663500443e-07	22	1.34213606128012e-05	::N3-1-3::B3-2-36::B3-1-3::B-A03::B-1-2::B-B02::N-B02::N-A01::N-B11::B3-2-2::N-B04::N-A11::B-B07::N3-1-2::B3-3::B-B11::N3-2-7::N3-6::	11
chr11	60090700	60219700	chr11_60090700	17	129000	0.046744049920131	24	3.70650663500443e-07	21	7.56250315948606e-05	::B3-1-5::N3-1-5::B-A11::N-B08::B3-1-15::N-1-2::N3-1-3::B3-3::B-2-9::B3-17::B-B02::B-1-2::N-B09::B-B11::N3-2-36::N3-2-7::B3-2-36::	11
chr11	69570500	69699500	chr11_69570500	17	129000	0.046744049920131	23	2.27836010045673e-06	18	0.0101392887010391	::B3-1-2::B3-17::B3-1-15::N-1-2::N3-3::N3-1-11::B-B04::N3-1-2::N-B07::B-B07::B3-2-2::B3-2-36::B3-2-22::N-A08::B3-6::N-B02::N3-2-2::	11
chr11	74607200	74736200	chr11_74607200	19	129000	0.002083567359399	26	8.69278102053129e-09	19	0.002083567359399	::B3-2-2::B-2-26::B-B10::N3-3::B-B02::B3-1-15::B3-1-2::B-A01::B-B04::N-B04::N3-1-5::B3-1-5::N-B07::N3-1-2::B-B07::N-B11::N-B02::B-1-2::N-A01::	9
chr11	75682400	75811400	chr11_75682400	18	129000	0.0101392887010391	24	3.70650663500443e-07	22	1.34213606128012e-05	::N-B10::B-A11::B-A01::B3-2-22::N3-2-22::N3-17::N-B04::B-1-2::N3-1-5::B3-c-32::N-A01::B3-6::N-A08::B3-3::N-B11::B-B11::N-B08::B3-2-36::	11
chr11	77477900	77606900	chr11_77477900	19	129000	0.002083567359399	29	2.35993432674442e-11	22	1.34213606128012e-05	::N-A01::B3-2-2::B3-3::B-B10::B3-1-15::N3-1-15::B-B02::N-B07::B3-2-36::B3-17::N3-17::N-1-2::B-A01::N-A11::B-A11::N3-3::B-B11::N-2-17::N-B08::	16
chr11	79411600	79540600	chr11_79411600	21	129000	7.56250315948606e-05	33	5.58428634031735e-15	28	1.75284800304786e-10	::N-A01::B-A08::B3-2-7::B3-3::N-B07::N-B08::B-A11::N-A11::B-B02::B-1-2::N3-1-11::B3-1-11::B3-1-3::N-B10::B3-18::B-B09::B3-2-36::B3-c-10::B3-2-2::N3-3::B-B10::	16
chr11	86610500	86739500	chr11_86610500	19	129000	0.002083567359399	26	8.69278102053129e-09	21	7.56250315948606e-05	::B3-17::B3-1-2::N-A11::N3-2-36::N-B04::B-B02::N-2-17::B-B11::B-B10::B3-6::B3-2-7::N3-2-7::B3-2-2::B3-3::B3-1-3::N-B11::N3-3::N-2-26::B-2-26::	15
chr11	88024300	88153300	chr11_88024300	17	129000	0.046744049920131	27	1.25703865387042e-09	24	3.70650663500443e-07	::N3-2-36::B3-6::N3-17::B3-3::B-B11::N-1-2::B-B02::N-B08::B-B08::N3-3::B-B07::N3-2-2::N-B04::N3-1-3::N-B11::B3-1-15::B-1-2::	7
chr11	98117100	98246100	chr11_98117100	18	129000	0.0101392887010391	20	0.0004067534139424	18	0.0101392887010391	::N-B08::N3-1-5::N3-6::B3-1-11::B-B11::B-B10::B3-3::B3-2-36::N-A11::N3-18::B-B02::B-B09::N-2-17::N3-17::B3-1-15::N3-2-22::B-A08::N-A03::	12
chr11	105660500	105789500	chr11_105660500	17	129000	0.046744049920131	21	7.56250315948606e-05	19	0.002083567359399	::N-2-17::N3-18::B-B02::B-2-17::N-B04::B3-2-36::B-B10::B-B04::N3-6::B3-2-2::N3-2-2::B3-1-11::B-B09::N3-1-5::N3-1-11::B3-2-7::B3-3::	13
chr11	106790700	106919700	chr11_106790700	22	129000	1.34213606128012e-05	32	4.71984744808716e-14	26	8.69278102053129e-09	::N-B07::N3-6::B3-6::N-B04::B3-1-11::N-2-26::B-2-26::B3-2-36::B-B11::B3-2-2::B-B04::B3-1-5::N3-1-5::B-A01::B-B02::N3-c-10::N3-2-36::B3-c-10::B3-3::B3-17::N3-2-22::N3-17::	16
chr11	107016700	107145700	chr11_107016700	17	129000	0.046744049920131	21	7.56250315948606e-05	19	0.002083567359399	::N3-1-5::N-B07::B3-1-3::N3-1-3::B-1-2::N3-17::B3-1-5::B-B02::B-2-17::N-B02::N-B09::B3-18::B-B09::N3-6::N-B11::B-B10::B-B07::	9
chr12	51629900	51758900	chr12_51629900	18	129000	0.0101392887010391	20	0.0004067534139424	20	0.0004067534139424	::B-B02::B-B09::N3-1-5::B-1-2::B3-2-22::B3-1-5::B3-6::N3-3::N-A11::B3-1-15::B-2-9::B3-c-10::N-B11::B-A03::B3-2-2::B3-18::N-B07::N3-6::	13
chr12	83591400	83720400	chr12_83591400	18	129000	0.0101392887010391	22	1.34213606128012e-05	19	0.002083567359399	::N-2-26::N3-2-7::N-B07::B-A08::N3-1-5::N-B10::B-B11::N-1-2::N3-2-36::B3-1-2::B3-1-11::N3-1-11::N3-1-15::N-2-17::B3-2-36::B-B10::B3-2-2::N3-2-2::	17
chr12	87344500	87473500	chr12_87344500	17	129000	0.046744049920131	18	0.0101392887010391	17	0.046744049920131	::B3-3::N3-1-5::B-B04::B-B02::B3-2-36::N3-1-2::N-A11::N3-2-2::N3-2-36::N-B04::N-A01::N3-2-22::B3-2-22::N3-3::B-A03::B3-6::B-B07::	9
chr13	3480000	3609000	chr13_3480000	17	129000	0.046744049920131	19	0.002083567359399	16	0.203526798603514	::N-A08::N-B08::N-B02::B3-18::N3-1-3::B3-1-3::B-B10::B-B02::B3-1-15::B-A03::B-A08::B-B09::N-2-17::N-B10::B-B07::N3-1-15::B-2-17::	8
chr13	14025200	14154200	chr13_14025200	18	129000	0.0101392887010391	19	0.002083567359399	16	0.203526798603514	::N3-1-15::N3-17::N3-18::B-B02::N-B02::N-B11::B-B09::N3-3::N-B04::N-A01::N3-2-36::B3-2-36::B3-2-22::N-B10::B-2-26::N3-1-2::B-B11::B-B04::	8
chr13	24040300	24169300	chr13_24040300	20	129000	0.0004067534139424	26	8.69278102053129e-09	19	0.002083567359399	::N3-1-2::B-A03::B3-1-15::B-A08::N3-1-15::N-A08::N-A03::N3-17::N-B11::N-2-17::B-2-17::B3-2-22::N3-2-22::B-B02::N3-1-3::B3-1-3::B3-17::B-A11::N-B08::B3-2-7::	16
chr13	43351600	43480600	chr13_43351600	19	129000	0.002083567359399	24	3.70650663500443e-07	20	0.0004067534139424	::B-B04::N3-1-3::B-A03::N3-1-5::N-B10::N-B09::B-2-17::N-A11::B3-1-5::B3-17::B-B02::B3-6::N3-1-2::N3-1-15::N-B07::N-A03::N-A08::B3-1-3::B-B09::	14
chr13	44760700	44889700	chr13_44760700	17	129000	0.046744049920131	25	5.78866517864087e-08	21	7.56250315948606e-05	::N-A01::N3-2-7::N-B02::B3-2-22::N3-2-22::B-B02::B3-6::B-B07::N-B04::B-1-2::N3-1-3::N3-6::B3-2-2::B-B04::N-B07::B3-1-2::N3-18::	5
chr13	46685100	46814100	chr13_46685100	17	129000	0.046744049920131	20	0.0004067534139424	19	0.002083567359399	::B3-2-22::B-B10::N-B10::B-B07::N3-6::N3-2-2::N3-2-36::B3-1-2::B-B11::B-A08::B3-6::N-B08::B3-3::B-B02::N-A11::N-B07::N-B09::	14
chr13	63206900	63335900	chr13_63206900	18	129000	0.0101392887010391	22	1.34213606128012e-05	17	0.046744049920131	::B-A03::N-A11::B-A11::N-B08::B-A01::B3-2-2::B-B02::B-A08::B3-6::B-2-9::N-B02::B-B04::B3-1-5::N3-1-5::B3-1-3::B3-3::N3-3::B-1-2::	11
chr13	94479100	94608100	chr13_94479100	18	129000	0.0101392887010391	20	0.0004067534139424	8	1955.65127209289	::B-B02::N3-1-5::B-B10::B-A08::N-B08::N-2-26::N-B04::N3-18::N-2-17::N-B07::N-A11::N-B10::N-1-2::N3-2-36::N3-3::N3-2-2::N3-6::B-A11::	14
chr14	19293500	19422500	chr14_19293500	33	129000	5.58428634031735e-15	48	2.91775911623955e-30	25	5.78866517864087e-08	::N-B09::B-B02::B-A08::B3-6::N-A03::N-A01::N3-6::N3-1-3::N3-3::N3-2-36::B3-2-36::N3-1-15::N3-18::N3-1-5::N-B11::N3-2-22::B3-2-2::N3-17::N3-1-11::B-B04::N-2-17::N-B02::N-2-9::B-B11::N-B10::B3-3::N-1-2::B3-17::N-B04::N-B08::N-B07::N-A08::N3-2-7::	35
chr14	30973900	31102900	chr14_30973900	21	129000	7.56250315948606e-05	31	3.8683368339009e-13	25	5.78866517864087e-08	::B3-1-11::B3-17::B-B09::N-B04::B3-c-10::N-A01::N3-1-5::N-2-17::N3-1-3::B3-1-3::N-B11::B-B11::B3-1-2::N-B02::B-B07::N-B07::N-B10::N3-c-10::B-B10::B-A08::B3-6::	15
chr14	34408900	34537900	chr14_34408900	17	129000	0.046744049920131	25	5.78866517864087e-08	22	1.34213606128012e-05	::B3-2-36::B-2-9::N3-17::B3-17::B-B02::B-A01::N-B08::B-B08::B3-1-2::N3-18::B3-1-3::B-A08::B-A11::N-A11::N-B10::N3-1-5::B3-1-15::	14
chr14	73203600	73332600	chr14_73203600	24	129000	3.70650663500443e-07	51	1.38986988681277e-33	34	6.41272208994478e-16	::N-A01::N3-1-15::B3-1-15::N-B02::B-B11::B-A08::N-B11::B-A03::N-A03::N-A08::B-B02::N-2-17::B3-3::N3-2-7::B3-2-22::B-A01::B3-c-10::N3-c-10::B-B04::N-B04::B-A11::B-B07::N3-1-5::B3-1-5::	42
chr14	121261300	121390300	chr14_121261300	19	129000	0.002083567359399	22	1.34213606128012e-05	20	0.0004067534139424	::N-B04::B3-2-2::N-1-2::N-2-17::N3-3::N3-17::N3-2-2::N-A11::B-A11::B-B04::B-B02::B3-1-2::B-B11::B-A08::N-B11::N-B02::B3-1-3::B3-17::B-B09::	13
chr15	8321500	8450500	chr15_8321500	24	129000	3.70650663500443e-07	27	1.25703865387042e-09	26	8.69278102053129e-09	::B3-2-2::B-B04::B3-18::B-A08::N3-c-32::B3-2-36::N-B04::N-B08::B-2-17::N-2-17::B-B02::B-B07::B3-1-11::B3-c-10::B-1-2::B-B08::N-A11::B-2-26::N3-6::B3-17::N3-2-36::B-B11::B-A11::B3-6::	20
chr15	12122200	12251200	chr15_12122200	19	129000	0.002083567359399	28	1.75284800304786e-10	23	2.27836010045673e-06	::B3-2-36::N3-2-36::B3-c-32::B-B11::B-B08::B3-6::N-B02::N-B04::N-B08::N-B09::N3-1-3::N3-1-11::N-A11::B-B02::B-A08::B-B07::N-B07::B-1-2::N-2-26::	15
chr15	37967800	38096800	chr15_37967800	17	129000	0.046744049920131	31	3.8683368339009e-13	27	1.25703865387042e-09	::B-A08::B-B11::B3-6::B-B04::B3-1-5::N3-1-15::N-B04::N3-1-5::N-2-26::N-A01::B-A01::N3-17::N-B02::N3-2-7::N3-3::B3-17::N-B08::	15
chr15	77096900	77225900	chr15_77096900	23	129000	2.27836010045673e-06	27	1.25703865387042e-09	22	1.34213606128012e-05	::N3-17::B3-1-5::B3-2-2::B-1-2::B3-2-7::N3-2-7::B-B04::B3-3::B-A11::N-B07::N-B08::B-B08::N3-1-2::B-B07::B3-1-2::B-A03::N-B02::N3-1-15::N-A08::B3-2-36::B3-6::N-B11::B3-1-15::	11
chr15	80806900	80935900	chr15_80806900	25	129000	5.78866517864087e-08	48	2.91775911623955e-30	39	8.4215151043213e-21	::B-B11::B3-1-3::N3-1-3::B3-6::N-B04::N-B08::N3-17::B3-1-11::B-A03::N3-6::B-A11::N-A11::N-1-2::N3-1-5::N3-1-2::B-A08::B3-2-22::B-B04::B3-1-5::B-B07::B-1-2::N3-2-22::B-B08::N-A01::B-B10::	22
chr15	81582200	81711200	chr15_81582200	18	129000	0.0101392887010391	23	2.27836010045673e-06	19	0.002083567359399	::B-A11::N-B08::B-B08::B3-2-7::N3-2-7::B-B02::N3-6::B3-6::N3-3::B3-2-2::N3-1-11::B3-1-2::B-B11::N-A01::B-B07::B-B04::N-B04::B-1-2::	13
chr15	96311700	96440700	chr15_96311700	20	129000	0.0004067534139424	29	2.35993432674442e-11	25	5.78866517864087e-08	::N3-18::N3-6::B3-18::N3-2-22::B3-2-36::B-2-26::B-B02::N3-2-36::N-1-2::N-B04::N3-1-5::B-1-2::B3-3::B-2-17::B-B04::N-A08::B3-c-32::B3-6::B-B11::B3-1-11::	19
chr15	99974300	100103300	chr15_99974300	18	129000	0.0101392887010391	22	1.34213606128012e-05	20	0.0004067534139424	::N-A08::B3-1-15::N3-1-15::N-2-17::N-B10::N-1-2::B3-2-2::B-2-17::N-B07::B-A11::B-B07::B-B09::B3-6::N-B11::B3-2-22::N-A11::B-A01::B-A08::	8
chr15	101983300	102112300	chr15_101983300	17	129000	0.046744049920131	20	0.0004067534139424	16	0.203526798603514	::N-B09::N-1-2::N3-1-5::N-B11::N-A11::B-A11::B3-2-22::B-B02::N3-17::N-B08::B-2-9::B-B10::N3-3::B3-3::B-2-26::N-2-26::B-A08::	8
chr16	4083300	4212300	chr16_4083300	20	129000	0.0004067534139424	28	1.75284800304786e-10	28	1.75284800304786e-10	::N3-6::B3-6::B-1-2::N-B10::N3-1-3::N-B02::B-A08::N-B08::B3-17::B3-c-10::B-B09::N-A01::N-1-2::B3-1-11::B-B10::B3-2-22::B3-1-2::N-2-17::B3-1-3::N-B11::	14
chr16	38102800	38231800	chr16_38102800	19	129000	0.002083567359399	28	1.75284800304786e-10	26	8.69278102053129e-09	::B-A11::B-B10::B-B04::B3-18::N3-2-7::B-B07::N3-2-22::B-A08::B-B09::B-B02::B-1-2::N-1-2::N-A08::N-2-17::N3-1-15::N3-6::N-B07::B-B08::N-B04::	13
chr16	94514500	94643500	chr16_94514500	22	129000	1.34213606128012e-05	23	2.27836010045673e-06	19	0.002083567359399	::N3-6::B-A08::N-B09::B3-1-3::N-B07::B3-6::B3-2-36::B-A01::N-A01::N3-2-22::N3-1-5::B-B07::B-1-2::N-1-2::N-B08::B3-2-2::N3-2-2::N-B04::B-B02::B-A11::N-A11::N-B02::	17
chr17	5102400	5231400	chr17_5102400	21	129000	7.56250315948606e-05	26	8.69278102053129e-09	22	1.34213606128012e-05	::B-B02::B3-2-36::B-A11::N-A11::N-B09::B-B09::N3-6::N-B08::B3-6::B3-17::N3-1-3::B3-18::B-1-2::N-2-17::B-A08::N3-1-15::N-A01::B-B07::N-B07::B3-3::N3-3::	12
chr17	10195800	10324800	chr17_10195800	18	129000	0.0101392887010391	24	3.70650663500443e-07	22	1.34213606128012e-05	::B3-1-3::N-A03::N-B10::B3-6::B3-1-11::N-A01::B-B10::B3-17::N-A08::B-B04::N3-17::B-B08::N3-6::B-2-26::B-A03::N-1-2::B3-2-22::B-B09::	13
chr17	13767500	13896500	chr17_13767500	24	129000	3.70650663500443e-07	30	3.07137128621571e-12	25	5.78866517864087e-08	::B-A08::N-B02::N3-1-3::B3-17::B3-1-3::B3-1-2::B3-2-36::B-2-17::N-2-17::B-2-9::N-2-9::N3-2-2::B3-6::B-1-2::B-B07::B3-2-2::N3-1-11::B-B09::B-B11::N-B11::B-B08::N-1-2::N-B04::B-B02::	15
chr17	30033900	30162900	chr17_30033900	21	129000	7.56250315948606e-05	29	2.35993432674442e-11	23	2.27836010045673e-06	::N-A11::N-2-17::B-B11::B3-1-3::N3-1-3::B3-17::N-B07::B-B02::N-A01::N-B04::N3-18::B3-3::B3-1-11::B-B10::B-2-17::B3-2-2::B3-2-7::B-B04::B-2-26::B3-1-5::N3-1-5::	19
chr17	32204800	32333800	chr17_32204800	22	129000	1.34213606128012e-05	30	3.07137128621571e-12	26	8.69278102053129e-09	::B-A08::B-1-2::N3-c-10::N-B10::N-A01::B3-17::B-B07::B-A03::B-B02::B3-1-2::N3-1-2::N-B08::B-2-17::N-2-17::N-B09::N3-1-5::B3-6::N3-6::N3-3::N3-2-2::B3-1-11::B3-3::	18
chr17	33567700	33696700	chr17_33567700	17	129000	0.046744049920131	21	7.56250315948606e-05	18	0.0101392887010391	::B-A03::B3-c-10::N3-2-7::B-B07::N-B07::N-B09::B3-6::B3-17::B-2-17::B3-1-2::N3-6::B3-1-3::B-B10::N-B10::B-B02::N-1-2::B-1-2::	12
chr18	4940400	5069400	chr18_4940400	18	129000	0.0101392887010391	21	7.56250315948606e-05	19	0.002083567359399	::B-B11::B-A08::B-B10::B-1-2::N-A03::N3-17::N-A01::N-B08::B-B02::N-B10::B3-3::N3-1-5::N3-2-22::N-2-9::B-B04::B-A03::N3-2-7::B3-17::	13
chr18	6433400	6562400	chr18_6433400	17	129000	0.046744049920131	22	1.34213606128012e-05	18	0.0101392887010391	::N3-1-5::B-B08::B3-6::B-1-2::N-1-2::N-B10::B-B10::N-B07::B-B04::N-B08::B-2-17::N-2-17::B-B07::B3-3::N3-3::N-B04::N3-17::	12
chr18	9344900	9473900	chr18_9344900	20	129000	0.0004067534139424	23	2.27836010045673e-06	16	0.203526798603514	::N-B08::N-B07::N3-1-2::B3-1-2::B-B07::B3-2-22::N-1-2::N-A03::N-A01::B-A08::B-1-2::B3-c-10::B3-17::B-B09::B-B04::B3-3::N3-3::B-A01::N-2-17::B-B11::	13
chr18	9981100	10110100	chr18_9981100	19	129000	0.002083567359399	22	1.34213606128012e-05	17	0.046744049920131	::N-B02::B-A03::N-A01::B3-2-7::N3-2-7::N-A11::B-B04::B-A08::B3-2-22::N3-3::B3-3::B-B02::N-B11::B-B11::N3-2-2::B-B10::N3-1-5::N3-2-22::N-B08::	9
chr18	31795200	31924200	chr18_31795200	18	129000	0.0101392887010391	21	7.56250315948606e-05	19	0.002083567359399	::B3-2-36::B3-6::N3-18::B3-18::N3-6::B-B10::B-1-2::N3-2-2::B-B09::B3-1-3::N-B08::N-A11::B-A08::N3-1-5::B3-1-2::B-2-17::B3-2-7::B-B11::	11
chr18	35681500	35810500	chr18_35681500	18	129000	0.0101392887010391	22	1.34213606128012e-05	18	0.0101392887010391	::N-2-9::B3-1-2::N-A11::N-B07::B-B07::B-1-2::B3-2-22::B-A08::B3-6::N-A01::N3-2-7::B3-2-7::B-A11::N3-3::N-A08::N-B11::B-B11::N-B09::	6
chr18	73571800	73700800	chr18_73571800	18	129000	0.0101392887010391	19	0.002083567359399	15	0.834042011297403	::B-A11::B3-6::B3-18::B3-2-22::N3-2-22::B-B07::N-2-9::B-1-2::N-1-2::B-A03::N-A03::N3-1-15::B-2-26::B-B02::B3-1-2::B3-c-32::N-A01::B-B09::	12
chr19	3860600	3989600	chr19_3860600	18	129000	0.0101392887010391	21	7.56250315948606e-05	16	0.203526798603514	::B-B11::B3-2-36::N-A11::N3-2-36::N-B10::N3-18::B-B10::N-2-17::N-B08::N3-2-7::B3-2-7::N3-17::B3-17::N-A08::B-1-2::N-2-26::B-2-26::N3-3::	12
chr19	4315900	4444900	chr19_4315900	17	129000	0.046744049920131	21	7.56250315948606e-05	16	0.203526798603514	::B-2-17::B3-6::N-B10::N3-1-2::B-B11::B3-1-3::B-B09::N3-1-3::N-B09::N3-2-2::B-B02::N-B11::B-B10::B3-17::N-2-9::N-B04::N3-1-5::	17
chr19	12761200	12890200	chr19_12761200	17	129000	0.046744049920131	20	0.0004067534139424	17	0.046744049920131	::B-B10::B-2-26::B-A08::N-B04::N3-1-5::B3-1-5::B-B04::N-B09::N-B10::B-1-2::B3-6::B-2-17::B-A01::B-B09::B3-1-3::N3-1-15::N3-17::	7
chr19	16161400	16290400	chr19_16161400	26	129000	8.69278102053129e-09	32	4.71984744808716e-14	28	1.75284800304786e-10	::N-2-9::B-A01::N-B07::N-B10::B-B07::N3-1-2::N-B04::N3-18::N3-2-7::B-A11::B3-17::N-B09::B-B11::B3-6::B3-3::B3-2-22::B-B02::B-B04::N3-1-15::B3-18::B-A08::B-B09::B3-1-2::N-B02::B3-2-36::B-2-9::	17
chr2	18082700	18211700	chr2_18082700	25	129000	5.78866517864087e-08	37	8.18711934706392e-19	30	3.07137128621571e-12	::N3-2-36::B3-2-2::N-B04::N-A11::B-B02::B3-3::B-B11::N-A01::B-B10::N3-1-5::N-2-17::B-2-17::N-A03::N3-6::N-B08::B3-17::B-A01::B3-6::N3-18::B3-1-11::B-B07::B3-1-2::N-B07::N3-1-2::B3-2-36::	20
chr2	49456000	49585000	chr2_49456000	21	129000	7.56250315948606e-05	30	3.07137128621571e-12	27	1.25703865387042e-09	::B-B02::B3-c-10::N3-2-22::N-B04::B-A11::N-A11::B-2-26::B3-18::N3-2-7::B3-2-22::N3-1-3::N-A01::B-A01::B-B08::N-B08::B-B11::B-B10::N3-1-15::N3-1-2::N-B10::B3-3::	16
chr2	98558700	98687700	chr2_98558700	50	129000	1.81547663727318e-32	329	0	30	3.07137128621571e-12	::B-1-2::N3-2-36::N-A08::B-A08::N3-2-2::N-1-2::N-A01::N-B07::N3-6::N-B10::N-2-26::N-A11::N-B04::N-B09::N-B08::N-B11::N3-2-7::N-A03::N3-1-11::N3-18::N3-1-15::N3-17::N3-1-3::N-2-17::N3-1-5::N-2-9::N-B02::B-B02::N3-2-22::N3-1-2::B3-1-11::B3-2-7::B3-17::B3-6::B3-2-2::B3-1-2::N3-3::B-B07::B-B11::B-B10::B3-1-3::B3-2-22::B-A01::B-B08::B3-1-5::B-B04::N3-c-10::B3-1-15::B-A11::B3-2-36::	156
chr2	121859900	121988900	chr2_121859900	18	129000	0.0101392887010391	21	7.56250315948606e-05	18	0.0101392887010391	::N-2-26::B3-c-32::B-B11::B3-2-36::B3-1-3::B-B07::B3-3::B3-c-10::N3-c-10::N-B04::B3-18::N3-18::B3-1-2::N3-1-2::B3-2-22::B-B04::B-A03::B-A08::	8
chr2	136659800	136788800	chr2_136659800	17	129000	0.046744049920131	21	7.56250315948606e-05	17	0.046744049920131	::N3-18::N3-2-7::N3-2-22::B3-1-15::N3-1-2::B-1-2::B-B04::N-B04::B-B07::N-B07::N-2-17::B3-18::N3-6::N3-1-5::B3-1-5::N-1-2::B3-c-10::	8
chr2	154778300	154907300	chr2_154778300	18	129000	0.0101392887010391	24	3.70650663500443e-07	23	2.27836010045673e-06	::B-B09::B3-18::B3-1-11::B-A03::B-A01::B-B10::N-B04::B3-2-7::B-B04::N-B02::B-B02::N3-2-22::N-B08::N3-1-5::N-2-9::N3-1-11::B3-c-10::B3-6::	12
chr2	160645200	160774200	chr2_160645200	19	129000	0.002083567359399	25	5.78866517864087e-08	21	7.56250315948606e-05	::N-B09::B3-2-2::B-B02::N-A01::N-2-17::N-B04::N-B08::B-B10::B3-1-11::B3-2-36::B3-1-5::N-A08::N-1-2::B-B07::N3-2-2::N3-17::N-A11::B-A11::N3-6::	14
chr2	160970100	161099100	chr2_160970100	17	129000	0.046744049920131	20	0.0004067534139424	17	0.046744049920131	::B3-1-15::B3-2-7::N3-2-7::N3-6::B-1-2::B3-17::B-B07::B3-6::B-A11::N3-18::N-A01::B-A01::N-B10::B-B11::N-B02::B3-1-11::N3-1-11::	11
chr2	163518700	163647700	chr2_163518700	22	129000	1.34213606128012e-05	27	1.25703865387042e-09	12	38.2551229954363	::N3-2-2::B3-1-11::N-1-2::B3-2-22::B3-6::N-B08::N-B09::B-B02::B3-2-7::B-B04::B-B09::B-B07::B3-1-2::B-B10::B-B08::B-A08::B-1-2::B3-2-2::B-B11::B3-3::B-A11::B3-1-3::	8
chr3	16105100	16234100	chr3_16105100	17	129000	0.046744049920131	17	0.046744049920131	16	0.203526798603514	::B3-1-11::N-2-26::N3-2-2::N-A08::N3-3::B-B02::N-A11::N3-6::B3-6::B-B08::N3-1-11::B-1-2::B-B11::N-2-17::B3-1-15::N3-2-7::N-1-2::	6
chr3	32986800	33115800	chr3_32986800	17	129000	0.046744049920131	21	7.56250315948606e-05	14	3.2042436244054	::B3-1-5::N3-1-3::N-B04::B-B11::B-B07::N-B07::B3-1-3::B-B10::N-B11::N3-1-5::N-A01::B-B04::B3-6::B-A01::B3-1-2::B3-c-10::B3-2-7::	8
chr3	51367200	51496200	chr3_51367200	18	129000	0.0101392887010391	21	7.56250315948606e-05	19	0.002083567359399	::N-2-17::B3-1-11::B-B04::B-B08::N3-3::B3-1-5::B-1-2::B-B02::B3-3::N-1-2::B3-1-2::B-B10::B-2-9::B-2-26::N3-1-3::N-B04::N-A01::B-A03::	7
chr3	68997900	69126900	chr3_68997900	21	129000	7.56250315948606e-05	34	6.41272208994478e-16	29	2.35993432674442e-11	::N3-2-2::B-B09::B3-3::N-B10::B-B10::B-1-2::B3-1-2::B-A08::N-B07::B-B02::B-2-17::N-A08::B3-c-10::B-B04::B3-1-3::B3-6::N-B09::N-B08::B-A01::N3-18::B-B08::	18
chr3	88903900	89032900	chr3_88903900	20	129000	0.0004067534139424	26	8.69278102053129e-09	20	0.0004067534139424	::B3-18::B-B08::B3-6::B-B10::N3-18::N3-1-2::B3-1-2::N-B08::B-B02::B-B09::B3-2-36::N-B02::N3-1-3::B3-1-3::B3-1-11::N3-1-11::B-A08::B3-3::N3-6::B3-17::	13
chr3	90234300	90363300	chr3_90234300	17	129000	0.046744049920131	20	0.0004067534139424	19	0.002083567359399	::B-B10::B3-2-36::B-B02::N-A11::N-B08::N-B07::B3-1-2::N-A01::N-1-2::B-1-2::N-2-17::N3-2-36::B3-3::B-A01::N-B09::B-A03::B3-6::	15
chr3	95726700	95855700	chr3_95726700	18	129000	0.0101392887010391	20	0.0004067534139424	17	0.046744049920131	::B3-17::B-B07::B3-1-2::N-B02::N-A08::B3-1-15::B-1-2::N3-2-36::B-A01::N3-1-5::B-A08::N-A11::N-A01::B3-c-10::N-B09::B-B04::B3-18::B-A11::	7
chr3	103251200	103380200	chr3_103251200	21	129000	7.56250315948606e-05	30	3.07137128621571e-12	27	1.25703865387042e-09	::N3-2-22::N3-18::B3-2-2::B-B09::N3-3::B-B10::B3-3::B-1-2::B3-6::B3-1-5::N3-1-11::B-B07::N-B04::B-2-17::N-2-9::B-A11::N-A11::B-A08::B-2-9::N-B07::N-A08::	19
chr3	104821100	104950100	chr3_104821100	19	129000	0.002083567359399	23	2.27836010045673e-06	20	0.0004067534139424	::B3-17::B-B02::B-A08::B-B09::B-B07::B-B11::N-B04::B-B04::B-A11::N-2-26::B3-18::B-2-9::B3-1-2::B-2-17::N-1-2::B-A01::N3-1-15::B3-1-15::N-A01::	14
chr3	135351400	135480400	chr3_135351400	19	129000	0.002083567359399	26	8.69278102053129e-09	17	0.046744049920131	::B3-3::B-B04::B-B02::B-A08::N3-1-15::B3-1-15::B3-6::B-A01::N-B09::N-2-17::N-B02::B-A03::N-A08::N-A03::N3-2-36::N3-17::B3-18::N3-18::N3-1-2::	16
chr4	13756000	13885000	chr4_13756000	19	129000	0.002083567359399	29	2.35993432674442e-11	18	0.0101392887010391	::B-A08::N-A03::N3-1-15::N-A08::B-A03::B3-1-15::B3-1-5::B3-c-10::B-B10::B3-2-2::B-B08::N-B08::B-B07::B-2-9::B-2-17::N-2-17::B3-1-2::N3-3::B3-6::	11
chr4	116571200	116700200	chr4_116571200	17	129000	0.046744049920131	19	0.002083567359399	14	3.2042436244054	::N3-1-11::N-B09::B-B09::B3-3::N3-2-7::B-A08::N3-1-5::N-B04::B-B04::B3-1-5::N3-3::N-A03::B-B10::N-A01::B3-1-3::N-2-9::B-2-9::	6
chr4	126911300	127040300	chr4_126911300	18	129000	0.0101392887010391	23	2.27836010045673e-06	22	1.34213606128012e-05	::N3-17::B3-2-2::N3-1-5::B3-3::B3-18::B-B07::B-B10::N3-2-7::B3-2-36::N3-1-3::N-2-9::N-B07::N-B08::N-B09::B-B02::B3-1-5::B-B04::B3-1-11::	12
chr4	129618400	129747400	chr4_129618400	17	129000	0.046744049920131	19	0.002083567359399	17	0.046744049920131	::N3-1-3::N-B04::B-B07::B3-2-2::N-B09::B-B09::N-A01::N3-18::B-A08::N-2-9::B-2-9::N-B08::B-B08::B-B04::B-A11::N3-6::N-B02::	9
chr4	130666600	130795600	chr4_130666600	22	129000	1.34213606128012e-05	28	1.75284800304786e-10	21	7.56250315948606e-05	::B-B02::N-B10::B-B10::B-B07::N-A01::B3-17::N3-1-2::N-A08::B-A08::B3-2-36::N-B02::B-2-9::B3-1-11::B-1-2::N-B07::N-A11::N-B09::B-B09::B3-2-22::N3-2-22::N3-1-5::B3-1-5::	11
chr4	133664500	133793500	chr4_133664500	17	129000	0.046744049920131	24	3.70650663500443e-07	22	1.34213606128012e-05	::B-B07::N-B02::N-A08::B3-1-11::B-A08::B-B02::B-B09::N-B08::B-1-2::N3-2-2::B3-18::N-B09::B3-3::N3-2-36::B3-2-36::N-B04::N-A11::	16
chr4	136472800	136601800	chr4_136472800	21	129000	7.56250315948606e-05	28	1.75284800304786e-10	18	0.0101392887010391	::N3-1-3::B-2-26::N-2-26::N3-18::B3-2-36::N-B07::B-B07::B3-1-15::B-A08::B-A03::N3-1-15::N-A08::N-A03::B3-17::B3-6::N-B08::B-B08::N3-1-5::B-A01::B3-2-2::N-A01::	18
chr4	138107400	138236400	chr4_138107400	18	129000	0.0101392887010391	22	1.34213606128012e-05	20	0.0004067534139424	::N-A11::N-A08::N-A01::B3-2-36::B3-1-3::N-B10::B-B09::B-B02::B-1-2::B-B11::N-B07::N3-2-36::N3-1-3::B-B08::B3-18::N3-18::B-A08::N3-17::	11
chr4	155478300	155607300	chr4_155478300	19	129000	0.002083567359399	24	3.70650663500443e-07	19	0.002083567359399	::B-B09::B-2-9::N-2-9::B-B11::B3-17::B3-2-36::B3-c-32::N3-2-36::N-B04::B3-2-22::B3-3::N3-3::N-1-2::B-B02::N-A11::B-A11::N3-1-5::N3-2-7::B-1-2::	18
chr5	23420500	23549500	chr5_23420500	17	129000	0.046744049920131	20	0.0004067534139424	19	0.002083567359399	::B-B02::B-A08::B-B07::B-A01::N-B09::B3-2-22::N-2-9::B3-2-36::N-A01::B-1-2::B3-18::N3-1-2::N3-3::B3-3::B3-6::N-B04::B-A03::	8
chr5	25368400	25497400	chr5_25368400	37	129000	8.18711934706392e-19	103	1.2550092852257e-100	69	5.60116061591806e-55	::B-1-2::N3-2-7::B3-2-7::N3-2-2::B3-1-2::B-A08::B3-1-15::B-A03::N-A08::N3-1-15::N-A03::B-B08::B3-18::B-2-9::N-2-9::B3-1-11::N3-1-11::B-B09::N-2-17::B-A11::B-B10::N3-1-2::B-B07::B3-2-2::N-B07::N-B10::B3-1-3::B3-2-22::N3-2-22::N-B08::B3-17::N3-1-5::B3-6::N3-1-3::B3-2-36::B-2-17::N3-2-36::	70
chr5	28084600	28213600	chr5_28084600	43	129000	6.60759272485728e-25	91	7.32467393230211e-84	7	4007.07752385517	::N-B04::N-A01::N-A08::N-B09::N3-1-5::N3-2-2::N-1-2::B-B10::B3-6::B-A08::B-1-2::B-B04::B3-1-2::N-A11::B3-1-3::B-2-9::N3-1-11::N3-3::B-B11::B-2-17::B-B08::B-B09::B-B07::B-A01::B3-2-36::B3-2-2::B-A11::B3-3::B3-17::B3-1-11::B3-18::B-B02::B3-1-5::B3-2-22::N-B02::N-B10::N-B08::N3-18::N-A03::B3-1-15::B3-c-10::N3-1-2::B3-2-7::	58
chr5	65552900	65681900	chr5_65552900	20	129000	0.0004067534139424	29	2.35993432674442e-11	22	1.34213606128012e-05	::B-1-2::N-A11::N-A01::N3-2-36::B3-2-36::N3-1-3::N3-1-11::N3-1-5::B-A11::B-B10::B3-1-3::B3-1-11::B3-6::N3-6::B3-18::N3-18::N-B02::B-B07::B-B09::N3-2-22::	20
chr5	86805300	86934300	chr5_86805300	18	129000	0.0101392887010391	21	7.56250315948606e-05	17	0.046744049920131	::N-2-26::B3-1-3::B-B02::N-B02::N-1-2::B-B09::N-B09::B3-2-2::N3-2-2::B3-2-36::N3-2-36::B-B10::N3-1-3::N3-17::B3-3::N3-18::N3-2-22::N-A08::	14
chr5	90258700	90387700	chr5_90258700	18	129000	0.0101392887010391	24	3.70650663500443e-07	23	2.27836010045673e-06	::N-2-17::B3-6::B3-17::B3-18::N-1-2::N3-3::B-1-2::B-A01::N3-6::B3-2-2::B3-1-2::N-B10::B-B09::B3-1-11::N3-17::B-A08::N3-18::N3-1-11::	11
chr5	96070200	96199200	chr5_96070200	18	129000	0.0101392887010391	22	1.34213606128012e-05	20	0.0004067534139424	::N-B08::N3-6::N-A01::B3-1-3::B3-18::N-B10::B-B10::N3-1-3::B-A03::N-2-17::B-B02::B3-17::B-B04::B-1-2::N-A11::B3-3::N-B02::N-B04::	9
chr5	121717000	121846000	chr5_121717000	22	129000	1.34213606128012e-05	25	5.78866517864087e-08	20	0.0004067534139424	::N-B02::N-2-26::B3-c-10::N-1-2::B-1-2::B3-2-22::B3-6::B-B09::N-B08::N3-c-32::N3-2-36::B3-2-36::B3-3::B-B10::B3-17::B-B11::B-A08::N-A08::B3-2-2::B3-1-5::N3-2-22::B3-1-3::	11
chr5	135119700	135248700	chr5_135119700	17	129000	0.046744049920131	23	2.27836010045673e-06	20	0.0004067534139424	::B-A08::N-B08::B-B02::N-A01::B3-1-2::N3-1-3::B3-1-3::N3-2-22::N3-2-7::B3-1-5::B-B07::N3-17::B3-17::N3-2-2::N3-1-11::B3-1-11::B-B04::	11
chr5	147433200	147562200	chr5_147433200	17	129000	0.046744049920131	19	0.002083567359399	19	0.002083567359399	::N-2-17::B-A08::B3-2-22::B3-1-15::B3-17::N3-1-2::B-B08::N3-2-2::N-B04::B-B02::B-B07::N3-17::N-B08::B3-6::B3-1-3::B-B04::N3-6::	9
chr6	47410000	47539000	chr6_47410000	20	129000	0.0004067534139424	25	5.78866517864087e-08	20	0.0004067534139424	::N3-6::B3-1-15::N-B04::N3-3::B3-1-2::B-2-9::B-A01::B3-1-11::B-B04::N-2-17::B-B10::B-A08::N3-1-5::N-B07::B3-1-5::N-A03::N3-1-3::N-B10::B3-6::B-B09::	8
chr6	83904900	84033900	chr6_83904900	20	129000	0.0004067534139424	24	3.70650663500443e-07	23	2.27836010045673e-06	::N-B08::B3-1-11::B3-2-36::N-2-17::N-2-26::N3-1-15::B-A08::N3-2-7::B-A01::B3-17::N-B04::B3-1-2::B-1-2::N-A01::B-B09::B-B10::N3-2-36::B3-c-10::N-2-9::B-2-9::	13
chr6	113037600	113166600	chr6_113037600	20	129000	0.0004067534139424	25	5.78866517864087e-08	21	7.56250315948606e-05	::B-B02::N3-2-2::B-B10::B-1-2::N-B11::B-B04::B-A11::N-1-2::N3-2-7::B-B11::N-A03::N-2-17::B-A08::B-B07::N3-18::N-B08::B-B08::B-A03::B3-1-11::B3-18::	12
chr6	114879600	115008600	chr6_114879600	19	129000	0.002083567359399	20	0.0004067534139424	18	0.0101392887010391	::B-2-17::N3-2-2::N-A11::N-A08::B-B10::B3-1-3::B3-17::N3-1-5::B-1-2::B-B09::B-A11::B-B02::N3-1-3::N-2-17::B3-1-2::B3-6::N-A01::N-2-26::B-2-26::	12
chr6	119880600	120009600	chr6_119880600	17	129000	0.046744049920131	18	0.0101392887010391	18	0.0101392887010391	::N3-1-5::B-B04::N-1-2::B3-1-11::B-A08::N-2-9::B3-2-36::B3-1-2::B-B10::B3-6::N-B09::N3-1-2::B-A11::N-B11::B3-18::B3-3::B3-17::	7
chr6	134670800	134799800	chr6_134670800	18	129000	0.0101392887010391	22	1.34213606128012e-05	15	0.834042011297403	::B-B04::B-A03::N3-18::N-A03::B-A08::N-A11::B3-1-15::N3-1-15::N-A08::N-A01::B3-3::B-B09::N3-1-5::N-2-26::N3-6::B-A01::B-1-2::B3-17::	14
chr7	67266800	67395800	chr7_67266800	22	129000	1.34213606128012e-05	24	3.70650663500443e-07	17	0.046744049920131	::N-B04::N3-1-5::B-B09::B-B07::N3-3::N3-17::B-A03::N-A01::B-B04::B-A11::N-A11::B-2-26::B3-6::B3-17::B3-1-15::B-A08::N-A03::N3-1-15::N-A08::N-B08::B3-2-36::N-B09::	16
chr7	90127300	90256300	chr7_90127300	21	129000	7.56250315948606e-05	28	1.75284800304786e-10	26	8.69278102053129e-09	::B3-17::N-B09::B-A08::N-1-2::N-B02::B-B07::B-B09::N3-c-32::N-A11::B3-6::B-A03::B-B02::N3-2-2::B-B10::B-1-2::N-A01::B-A01::B-A11::B3-2-36::N3-6::B3-1-11::	12
chr7	118128000	118257000	chr7_118128000	18	129000	0.0101392887010391	19	0.002083567359399	18	0.0101392887010391	::B3-1-11::B-1-2::B-B04::B-B08::B3-6::B3-3::B-A01::B3-2-2::N-B08::B-A08::B3-1-2::B3-1-5::N-A08::B-B07::B-2-26::B3-2-36::N3-2-36::B-A11::	13
chr7	121724800	121853800	chr7_121724800	26	129000	8.69278102053129e-09	27	1.25703865387042e-09	3	14484.1296065116	::N-B04::B-B04::N3-1-15::N3-2-22::N-1-2::N3-1-2::N-A11::N3-6::N-B07::N-B08::N-2-9::N-2-26::N3-1-11::N-B11::N-B09::N3-2-7::N-B02::N3-2-36::N-B10::N3-c-10::N-2-17::N3-3::N3-1-3::N3-1-5::N3-17::N3-18::	25
chr7	126064600	126193600	chr7_126064600	20	129000	0.0004067534139424	24	3.70650663500443e-07	21	7.56250315948606e-05	::B3-c-10::N3-1-15::N3-1-5::N3-18::B3-18::B-B04::B3-6::B-2-17::B3-2-36::N3-2-36::B-B10::B-A01::N-A01::B-B09::N-1-2::B-1-2::N-B08::N-A11::B3-1-2::N-2-9::	13
chr7	136277300	136406300	chr7_136277300	34	129000	6.41272208994478e-16	37	8.18711934706392e-19	8	1955.65127209289	::N-B07::B-2-17::B3-18::B3-6::B-B09::N3-c-10::N-B11::N3-2-36::N-A08::N-2-9::N-2-26::N-2-17::N-B04::N3-17::N-B09::N3-6::N-A11::N-B02::N3-1-11::N3-1-5::N-A01::N3-1-3::N3-1-15::N-1-2::N3-2-7::N3-2-2::N3-c-32::N-A03::N-B10::N3-3::N-B08::N3-1-2::N3-2-22::N3-18::	32
chr8	22855300	22984300	chr8_22855300	18	129000	0.0101392887010391	22	1.34213606128012e-05	15	0.834042011297403	::N-B08::B-1-2::B-B04::B3-1-5::N-B04::N-A01::B-A01::B-2-17::N-2-17::B-B10::B3-1-2::B-B07::N-B07::N-1-2::N3-1-2::N-B09::N3-1-3::N3-2-7::	13
chr8	69897200	70026200	chr8_69897200	18	129000	0.0101392887010391	20	0.0004067534139424	15	0.834042011297403	::N-B10::N-A11::B3-3::N-A08::B3-1-3::B3-2-36::B3-2-22::N3-2-22::N3-2-7::N-B09::B-B09::B-B10::N3-1-5::N-B04::B-B04::B3-1-5::B-1-2::B-B02::	8
chr8	95702200	95831200	chr8_95702200	18	129000	0.0101392887010391	22	1.34213606128012e-05	21	7.56250315948606e-05	::N3-17::B3-1-3::N-1-2::N-B10::B-B04::N3-6::B3-1-2::N-2-17::B3-1-11::B3-2-22::N3-2-22::B3-6::B-B10::B3-18::B-A01::B-1-2::B3-c-10::B-B02::	11
chr8	109753300	109882300	chr8_109753300	22	129000	1.34213606128012e-05	34	6.41272208994478e-16	27	1.25703865387042e-09	::B3-1-2::N-B07::N3-1-11::N-B08::N-B11::B-B10::N3-1-5::B3-2-36::N-B10::B-B07::N3-1-2::N-2-17::B-2-17::B3-c-10::B-B02::N3-2-36::B3-c-32::B3-2-7::B3-18::B3-17::B3-2-2::B3-2-22::	17
chr8	117272200	117401200	chr8_117272200	18	129000	0.0101392887010391	25	5.78866517864087e-08	21	7.56250315948606e-05	::N-A01::B-B04::B3-17::B-1-2::B-B07::N-B10::B3-1-11::B-2-17::N-2-17::N-B09::N-A11::N-1-2::B3-1-3::N3-1-5::N-B04::B3-1-5::B-B02::N-2-26::	11
chr8	122877900	123006900	chr8_122877900	18	129000	0.0101392887010391	22	1.34213606128012e-05	20	0.0004067534139424	::N-A11::N-B02::N3-1-5::B3-6::B3-2-2::B-B07::B-B10::B-A08::B-B02::N-B04::B-1-2::B3-1-3::B3-17::B3-3::N3-2-2::N-B10::N-A01::B-2-17::	15
chr9	3000100	3129100	chr9_3000100	33	129000	5.58428634031735e-15	59	8.39508024984114e-43	18	0.0101392887010391	::N-A08::N-B08::B-B02::N-B07::N-2-17::N3-18::N3-6::B-B11::N-B11::N-A11::N3-2-22::N-A01::N-B04::N-2-26::N3-2-7::N3-1-3::N-B10::N3-1-15::N3-17::N3-2-2::N3-1-5::B-B10::N-B02::B3-17::B3-2-22::B-A08::N3-2-36::N3-1-2::B-B09::N-A03::B-2-17::N-B09::N3-1-11::	26
chr9	21379400	21508400	chr9_21379400	18	129000	0.0101392887010391	27	1.25703865387042e-09	23	2.27836010045673e-06	::N3-1-5::B3-1-3::N-B07::N3-2-7::B-B10::N-2-17::N3-c-10::N3-18::B-B07::B-B08::N-B08::B-1-2::N-1-2::B-B04::N3-17::N3-2-36::N-2-9::B-2-9::	12
chr9	21620300	21749300	chr9_21620300	20	129000	0.0004067534139424	27	1.25703865387042e-09	24	3.70650663500443e-07	::B3-1-15::N-2-17::B3-1-2::B3-18::N3-18::B-A08::B-B04::N-1-2::B-1-2::B-B02::N-A08::B-B10::N3-2-7::N-B02::N-B09::B-B08::B3-17::B3-2-36::B3-3::N-A11::	14
chr9	32109200	32238200	chr9_32109200	17	129000	0.046744049920131	19	0.002083567359399	18	0.0101392887010391	::N3-3::N-A03::B-B07::N-B08::N-A08::N-2-17::B-A03::B-2-9::N3-1-3::B3-6::B3-1-3::N-B04::N3-6::B3-1-2::B-B11::B3-18::N3-18::	12
chr9	59368300	59497300	chr9_59368300	19	129000	0.002083567359399	31	3.8683368339009e-13	30	3.07137128621571e-12	::B3-1-2::N-B08::N-A08::N-B10::B-B09::B-B02::B-A08::N-A01::B3-6::B3-3::N3-1-5::N3-1-2::N3-2-7::B3-1-5::N-B07::B-B10::N-2-17::B-2-17::N3-2-36::	14
chr9	65701900	65830900	chr9_65701900	17	129000	0.046744049920131	23	2.27836010045673e-06	20	0.0004067534139424	::N-B04::B3-17::N3-17::B3-18::N3-18::B-B09::B-1-2::B-B11::N-B11::B-B02::B-A01::N-1-2::N-A08::B-A03::N3-1-11::N-B02::N3-1-2::	12
chr9	66450800	66579800	chr9_66450800	18	129000	0.0101392887010391	19	0.002083567359399	18	0.0101392887010391	::B3-2-22::N-B07::N3-18::N3-17::B-2-17::N-B04::B-A01::B-A08::B-B09::N-B08::B-B10::B3-1-2::B-1-2::N-1-2::N-2-17::N3-c-10::N-B10::N-A11::	11
chr9	70443400	70572400	chr9_70443400	23	129000	2.27836010045673e-06	25	5.78866517864087e-08	25	5.78866517864087e-08	::N-A11::B-B09::B3-6::B3-1-3::B3-2-2::B-B02::N-1-2::B-A01::B3-3::B3-1-5::B-B10::B-A08::B-A11::N-A03::B3-1-11::N3-1-5::B-B07::B-B04::N-B07::N-B11::B3-2-22::N-B09::N3-17::	12
chr9	70680900	70809900	chr9_70680900	18	129000	0.0101392887010391	28	1.75284800304786e-10	27	1.25703865387042e-09	::B3-1-11::B-B04::B3-3::B-A03::B-B02::N3-1-2::B3-17::B3-2-2::N3-2-36::N3-17::B-1-2::N-2-17::N3-1-15::B3-2-7::B-B07::B-B09::N-A03::N3-1-3::	9
chr9	71994900	72123900	chr9_71994900	25	129000	5.78866517864087e-08	37	8.18711934706392e-19	31	3.8683368339009e-13	::B3-18::B3-6::N3-1-11::N-B10::N-B04::B-2-17::N-2-17::B-B02::B3-17::B3-c-10::N3-17::B-B11::N3-1-3::B3-1-3::B-1-2::B3-2-36::N3-2-36::B-B04::B3-1-5::N3-1-5::B3-2-2::B3-3::B-2-9::N-1-2::B3-2-7::	25
chr9	72510100	72639100	chr9_72510100	18	129000	0.0101392887010391	22	1.34213606128012e-05	20	0.0004067534139424	::N-1-2::N3-1-3::B3-17::B-B10::B-B02::N-B08::B3-6::B-2-9::N3-2-2::B3-2-2::N3-2-7::N-A01::N-B10::N-2-26::N3-18::N3-1-11::B-A08::B3-2-22::	11
chr9	107742700	107871700	chr9_107742700	23	129000	2.27836010045673e-06	29	2.35993432674442e-11	24	3.70650663500443e-07	::N-A01::B-1-2::N-B02::B-B02::B3-17::N3-17::B-B10::B3-3::B3-1-5::N3-c-10::N-B04::N3-3::B-A01::N3-2-36::B3-6::B-A08::B3-2-2::B3-1-15::N-B11::B-2-9::B3-18::N3-18::N-A11::	15
chr9	108523700	108652700	chr9_108523700	18	129000	0.0101392887010391	24	3.70650663500443e-07	19	0.002083567359399	::N-A08::B-A08::B-B04::N3-6::N3-1-5::B3-1-11::B3-6::B-B10::B-B11::B-A01::N-A01::N-B04::B3-1-5::N-B10::B3-17::N-A11::B-A03::N-A03::	15
chrUn_GL456390	0	129000	chrUn_GL456390_0	38	129000	8.41203714679622e-20	80	4.30474596723581e-69	58	1.26859561680813e-41	::B3-18::N3-6::N3-1-2::N3-2-7::N3-1-3::B3-3::N-2-17::N3-2-2::N3-17::N-B09::N-A03::N3-1-15::N3-3::N-B08::N-B04::N-A08::N-A01::N-B10::N3-1-11::B-1-2::N3-2-22::N3-2-36::N3-18::N-B11::N-B02::B-A08::N3-1-5::B3-2-7::B-B02::B3-17::N-A11::B3-6::B-A03::B3-2-22::B-B11::N-2-26::B3-1-2::B-B04::	47
chrUn_GL456392	14600	143600	chrUn_GL456392_14600	17	129000	0.046744049920131	22	1.34213606128012e-05	13	11.4894676700198	::N-2-17::N3-2-2::N3-17::N-B09::N-A03::N3-1-15::N3-3::N-B08::N-B04::N-A08::N-A01::N-B10::N3-6::N3-1-11::B-1-2::N3-2-22::N3-1-3::	16
chrUn_GL456393	1400	130400	chrUn_GL456393_1400	32	129000	4.71984744808716e-14	52	1.04357690419492e-34	41	7.828051930969e-23	::N3-2-36::N3-18::N-2-17::N3-1-3::N-B11::N-B02::N3-1-2::N3-2-2::B-A08::N3-1-15::N3-1-5::B-1-2::N3-6::B3-2-7::N-B10::N-B08::B-B02::B3-3::N-A03::B3-17::N-A11::B3-6::N-A01::B-A03::B3-2-22::B-B11::N-2-26::N-B09::B3-1-2::B-B04::N-A08::N3-17::	27
chrUn_JH584304	1500	130500	chrUn_JH584304_1500	24	129000	3.70650663500443e-07	32	4.71984744808716e-14	29	2.35993432674442e-11	::B-B02::B3-3::N-A03::B3-17::N-A11::B3-6::N-A01::B-A03::B3-2-22::N3-18::B-B11::N-B08::N-B11::N-2-26::N-B09::B3-1-2::B-A08::B-B04::B-1-2::N3-1-3::N-A08::N3-17::N-2-17::N3-1-2::	15
chrX	13074000	13203000	chrX_13074000	17	129000	0.046744049920131	19	0.002083567359399	16	0.203526798603514	::N-A11::N-1-2::B-A08::B-A03::B3-1-15::N3-18::B3-1-2::N3-1-11::B-A01::N-A01::B3-c-10::N-2-9::B-2-9::B-A11::N3-2-36::N-B10::N-B04::	13
