chr10	7636500	7814500	chr10_7636500	32	178000	0.000424745863250144	44	1.75715853510999e-11	38	1.38144986879558e-07	::N3-13::B-A08::N-A07::B3-16::B-A03::B3-2::B-2-27::B-2-15::B-A12::N-A12::B-B10::N-3-1::B3-6::B-B02::B-2-9::N-B03::N-B08::B-1-2::B-2-25::N-1-7::N3-7::N-2-15::B3-13::B-B07::B3-3::N3-17::B-2-17::N-A04::N-2-21::B3-7::N-A01::B-2-14::	28
chr10	20171100	20349100	chr10_20171100	35	178000	8.69652207601153e-06	40	7.65706080657991e-09	34	3.27331549020101e-05	::N-2-15::N-B11::B3-11::N-A11::B3-7::B-2-25::B-B02::N-2-17::B3-17::N3-6::B-2-26::B3-6::B-1-2::N-1-2::B3-12::N-3-1::N-A03::B-2-21::B-2-15::N-B09::N3-19::B-B09::B-1-7::B-A01::N-2-21::N-A02::N-1-6::N-B02::N-2-26::N-2-25::N-B10::N-A01::B3-c-28::N3-13::B-A10::	29
chr10	42753000	42931000	chr10_42753000	28	178000	0.049029442268548	41	1.73661689422036e-09	36	2.24630583575787e-06	::B-2-25::N-2-25::B3-6::B3-13::B-2-23::N-2-21::B-1-7::B-A11::N-A11::N-1-6::N-B02::N3-13::B3-12::B-2-21::B-B04::N3-6::B-1-6::B3-15::B-A02::N-3-4::B-3-4::N-A07::B-A07::N3-7::B-A08::B-A01::N-3-1::B-1-2::	18
chr10	58326900	58504900	chr10_58326900	29	178000	0.0157211654222618	35	8.69652207601153e-06	32	0.000424745863250144	::B-3-4::B-1-7::B-B03::B-A10::B3-12::B-A02::B-B05::B-B02::N-A03::N-2-17::B3-16::N-B05::N3-19::B-B10::B-2-27::N3-6::B-2-25::N-B04::N-2-21::B3-c-28::N-1-6::B-B04::N3-16::N-1-2::B-A12::B-A07::N-B02::N-B09::N-2-27::	15
chr10	63157500	63335500	chr10_63157500	29	178000	0.0157211654222618	37	5.64537692417273e-07	32	0.000424745863250144	::B-B07::B3-11::N3-c-9::B-2-26::B-A01::N-B11::N-B03::B-A10::N-B05::B3-c-9::B3-c-28::B-2-15::B-A08::N-2-23::B-1-2::B3-5::N-1-2::B-B09::B-2-14::B3-15::B-1-6::N-3-4::B-3-4::N-2-17::N-A03::B-A03::B3-2::N-1-6::N3-2::	17
chr10	67101700	67279700	chr10_67101700	37	178000	5.64537692417273e-07	53	5.67960422401264e-18	48	2.81322608204689e-14	::B3-15::B-1-6::N3-11::B-B11::N-2-15::N3-15::N-2-17::B-3-1::N-3-1::B-2-17::B-B03::B3-19::B3-6::N-1-10::N3-13::N-A07::N-B11::N-A11::B-1-2::B-A03::N-1-2::B3-7::N-B07::B-B07::B-2-25::B3-3::B-2-15::B3-12::B3-11::N-A02::B-A02::N-A01::B-B09::N3-6::B-B10::B3-c-14::B-A12::	25
chr10	108184800	108362800	chr10_108184800	40	178000	7.65706080657991e-09	53	5.67960422401264e-18	40	7.65706080657991e-09	::B3-3::B-B11::B3-7::B-2-25::B3-6::B-B10::N-B10::B-3-4::B-A07::N3-5::N-A08::N-A03::B-A03::B-A10::B-2-17::N-1-6::B-1-6::N-B08::B-A08::N-2-14::N-B05::B3-c-28::B-2-15::N-2-15::B3-13::B3-17::N-B09::B-B09::N-A05::N-B02::B-B04::N3-11::B-2-9::B3-16::N-B04::N-B03::N-3-1::B-3-1::N-A12::B-A12::	18
chr10	116455000	116633000	chr10_116455000	31	178000	0.00146168353100729	50	9.92864803878205e-16	41	1.73661689422036e-09	::N-1-9::N-A12::B-3-4::N-B03::B-B02::B-A10::B-2-9::B-1-6::N-B05::B-B05::B-A01::N-A02::B-A02::B-B07::B-A05::B3-7::N3-7::N-B02::N3-6::N-2-15::N3-16::B-1-7::B3-6::N-1-6::B-A12::N-2-21::N-3-1::B3-16::B3-11::B-2-21::B3-13::	30
chr10	117209200	117387200	chr10_117209200	28	178000	0.049029442268548	33	0.000119685351704359	28	0.049029442268548	::B-3-1::N-2-21::B-A08::N-B11::B3-6::N-2-17::N3-11::N-A05::N-B04::B-B10::B-A10::B3-7::N-B09::B-B09::B3-12::B3-c-28::N-A02::N-3-1::N3-6::N-A10::B-A11::N-B02::N-B10::B-2-25::B-B02::B-1-10::N-1-2::B3-13::	16
chr10	127974100	128152100	chr10_127974100	30	178000	0.0048729198165809	38	1.38144986879558e-07	33	0.000119685351704359	::B-2-25::B-B03::B-2-15::N-1-6::N-A05::B-A10::N-A10::B3-3::B-1-2::B-1-10::N-B05::B3-c-9::N-1-2::B-B09::B-B05::B-1-6::B-A08::N-A01::B-2-21::N-B04::B3-11::N-2-21::B-B11::B-B02::N3-13::N-2-25::B-B07::N-B07::B3-c-28::B-A05::	20
chr10	128290000	128468000	chr10_128290000	31	178000	0.00146168353100729	37	5.64537692417273e-07	32	0.000424745863250144	::B3-7::N-1-6::B3-13::B-B02::B-1-2::N-1-2::B-B10::B-B11::N-B11::B-A08::B3-15::B-A02::N-B05::N3-6::B-2-14::N3-16::N-1-10::B-3-4::B-B07::N-2-21::B-B04::N-2-23::N-2-9::N-A05::N-B02::N-A12::B-A12::N-2-25::N-2-14::B-3-1::B3-17::	19
chr10	128680200	128858200	chr10_128680200	28	178000	0.049029442268548	33	0.000119685351704359	28	0.049029442268548	::N-B04::N-A05::N3-16::N-2-21::N-A08::N3-19::B-B07::N-1-7::B-A05::B-B11::N-B11::N-B09::B-3-4::B-A11::B3-c-28::B-2-25::B3-15::B-2-23::B-1-6::B-A08::N-2-25::B-1-2::N-1-6::N-A01::N-B03::B3-6::B-A04::B-B10::	19
chr11	3100500	3278500	chr11_3100500	41	178000	1.73661689422036e-09	63	5.91920302104661e-26	48	2.81322608204689e-14	::N-2-23::N-2-26::N-B05::N-A10::N-2-25::B-A02::N-A11::N3-13::B-2-14::N-2-15::N3-19::B3-19::B-B07::N-A03::N-A02::B3-c-9::B3-5::B-B09::B3-12::N-3-1::B-2-15::B-A03::N-A12::N-A05::B-2-17::B-B10::B3-2::B-2-27::B-A10::N3-17::B-2-23::B-A08::N-A08::N-B04::B3-13::B-1-6::B-1-7::B-2-9::B-1-2::B3-3::B-A04::	27
chr11	4434200	4612200	chr11_4434200	31	178000	0.00146168353100729	48	2.81322608204689e-14	40	7.65706080657991e-09	::B-2-25::B-2-26::B3-6::N-1-6::B-2-9::B-B10::N-B10::N3-17::B-2-15::N-A02::B3-7::B-1-4::B-2-12::N-2-9::B-A08::B-A04::B-B09::B-1-7::N-1-7::B-B05::B-2-17::B-2-23::N-2-23::N-1-2::B-A10::N3-19::N-B05::B3-19::N-A04::N-1-10::B-3-4::	32
chr11	19943700	20121700	chr11_19943700	36	178000	2.24630583575787e-06	48	2.81322608204689e-14	44	1.75715853510999e-11	::N-A01::N-2-27::B-B05::N-2-15::B-A05::N-1-2::N3-6::B-1-7::N-A05::N-2-25::B-2-12::B-B03::N-B03::N-3-4::N-A03::N3-16::B-B10::B3-12::B-A08::B-B02::N-B02::B-2-17::B3-19::B3-7::N3-13::N-2-17::B3-2::B-3-4::B-2-14::B-1-6::B3-5::B-2-15::B3-6::B-A01::B-2-21::N-1-6::	23
chr11	21093500	21271500	chr11_21093500	28	178000	0.049029442268548	32	0.000424745863250144	29	0.0157211654222618	::B3-c-9::N-A02::B-A02::B-1-10::B3-11::B3-5::B3-12::N-2-23::N-A08::B-B10::N-B10::N3-11::N-3-4::N-A05::B3-17::B-2-25::N-2-27::B-A08::B-2-26::N-1-4::B-2-21::B-B02::B-2-27::B3-3::N-2-25::B3-c-28::N-2-15::B3-19::	18
chr11	23264600	23442600	chr11_23264600	43	178000	8.31453259995974e-11	64	8.60020977042382e-27	52	3.23718978058245e-17	::N-2-23::B3-c-32::B3-c-28::N-B08::B3-2::N3-17::B3-7::B-B09::B-2-14::N-A12::N-3-1::N3-6::N-B02::B3-19::B-B07::N3-19::B-3-1::N-1-7::N-A03::B3-6::B3-17::N3-16::B3-c-14::N3-c-14::N-2-17::B-1-2::B3-c-10::B-B04::N3-c-9::N-A08::B-1-6::N-1-2::N3-15::B-2-15::N3-3::B-2-26::B3-12::N-A01::N-1-6::N-B05::B-2-23::B-A07::B3-c-9::	41
chr11	29676200	29854200	chr11_29676200	29	178000	0.0157211654222618	35	8.69652207601153e-06	30	0.0048729198165809	::N-A11::B3-19::N-2-17::B-2-21::B3-15::N-1-6::B-2-12::N-A10::B-A08::N-A08::N-B02::N-2-27::B3-2::B-A07::B-B02::B-2-14::N-2-14::B-2-23::B-2-27::N-3-1::B-A02::N-B04::B-1-2::B-3-4::B-B04::B-2-9::B3-c-10::N-B08::B-A12::	20
chr11	30104100	30282100	chr11_30104100	30	178000	0.0048729198165809	35	8.69652207601153e-06	33	0.000119685351704359	::B-2-17::B-2-27::N-B05::B-B02::B-2-15::B-A07::B-A05::N-A05::B-3-1::B3-11::B3-5::N3-16::B3-16::N-B10::N-B03::B-B05::B3-3::B3-c-10::N-B11::B-1-10::B-B10::B-B04::B3-c-28::B-2-14::B3-19::N3-19::N-1-6::N3-3::B-2-25::N-3-1::	18
chr11	30691600	30869600	chr11_30691600	29	178000	0.0157211654222618	36	2.24630583575787e-06	32	0.000424745863250144	::B-B05::B-2-25::B-A04::N-B03::B3-c-10::N-2-25::N-1-6::B3-3::B-A08::B-2-23::N-B09::N-B07::N-1-10::B-A05::N-2-14::B-2-14::B-B02::N-1-7::B-1-7::B-3-4::N3-19::N-B05::N-B08::B3-6::B-1-6::N-B10::B-1-2::N-B02::B3-13::	18
chr11	32552700	32730700	chr11_32552700	30	178000	0.0048729198165809	37	5.64537692417273e-07	33	0.000119685351704359	::N-A11::B-2-26::B-2-14::B-B09::B-A10::B3-17::B-B03::B3-2::N3-2::B-2-17::B-B05::N-3-4::N-B09::B-B10::B-B02::N-B05::B-2-15::N-A05::B-A05::N-1-6::B-A02::B-1-2::N-2-15::N-A01::N-2-14::N-3-1::B3-7::N3-19::B-2-9::B-B08::	23
chr11	51602800	51780800	chr11_51602800	30	178000	0.0048729198165809	42	3.84485984810936e-10	37	5.64537692417273e-07	::B-A01::B3-6::B-1-6::B-B04::N3-13::N-A12::N-B09::B-B09::B-2-23::N-2-23::B-A08::N-B05::N-B04::B-A07::B3-7::N-2-15::B-2-15::B-B10::B-B02::N-2-27::N-1-2::N-B08::B3-c-32::N-3-1::B-2-27::B-A10::B3-11::B-A03::B-1-10::B-A12::	16
chr11	53252200	53430200	chr11_53252200	31	178000	0.00146168353100729	38	1.38144986879558e-07	35	8.69652207601153e-06	::N-2-27::N-A12::B-B02::B-A10::N-B02::N3-16::B-1-10::B3-7::N-2-26::B-2-23::B-A08::B-B05::N-2-15::N-B04::B-B04::N-2-23::N-2-14::B-B03::B3-5::N-A08::B-A04::B-2-14::N-A11::B3-11::B3-19::B3-13::B-2-15::B-B10::B-A03::B-3-4::N3-13::	14
chr11	54432500	54610500	chr11_54432500	31	178000	0.00146168353100729	41	1.73661689422036e-09	34	3.27331549020101e-05	::B3-11::N-B05::N-A03::B-B05::N3-19::B-2-23::B3-3::B-A10::B3-19::N3-16::N-2-15::N-2-14::N-2-27::B-A03::N-B04::B-3-1::B-1-2::N-A08::B-A05::B-A08::B-2-15::B3-c-28::N-A02::B-A11::N-A11::B-A12::B-B03::B-A01::B-2-17::N-1-6::B-B10::	24
chr11	59664800	59842800	chr11_59664800	37	178000	5.64537692417273e-07	46	7.33993418442788e-13	40	7.65706080657991e-09	::B-2-15::B-2-14::B3-c-14::N3-c-14::N-A08::B3-3::N3-16::B-B02::N3-12::N-B05::B-2-21::B-A12::B3-19::N-2-15::B-3-4::B-1-6::N3-3::B-B11::B-2-23::B-2-27::N-A11::B-A11::B-B08::B-B03::N-2-21::B-1-10::B-2-25::N-2-25::N3-c-9::B-B07::B-A08::N3-13::N-2-23::B-B09::B-1-7::N-3-1::N-B03::	30
chr11	60098300	60276300	chr11_60098300	30	178000	0.0048729198165809	38	1.38144986879558e-07	31	0.00146168353100729	::B-2-23::B-A11::N-B08::N-2-15::B-2-15::N-A12::B-2-25::N-1-2::B3-3::B3-5::B-2-9::B3-12::B-2-27::N-A02::B-A02::B3-17::B-B02::B-A10::B-1-2::B3-2::B-A07::B-B03::N-B09::B-B11::N3-13::N-A10::N3-19::N-2-21::N-B03::N3-2::	22
chr11	62279100	62457100	chr11_62279100	42	178000	3.84485984810936e-10	63	5.91920302104661e-26	55	1.6535342272201e-19	::B-1-7::B-A08::B-A03::N-A03::N-1-7::N-A05::B-A05::N3-19::N3-c-28::B-2-21::N-2-21::B3-3::B-A02::N3-c-14::B3-c-14::N-A01::B3-7::B-1-2::B-B02::B-B10::B3-c-28::B-2-14::N-B10::B3-17::N-B04::B3-c-9::N-2-23::B-A10::B-2-15::B-B05::N-1-2::B-2-27::B3-12::N3-17::N-2-27::N-3-1::N-1-6::B-2-23::N-A02::N-A08::B3-19::B-3-4::	30
chr11	65685700	65863700	chr11_65685700	28	178000	0.049029442268548	40	7.65706080657991e-09	36	2.24630583575787e-06	::B-A10::B-B10::N3-7::N-2-23::B-1-6::B3-5::N-A07::B-A07::N-2-15::B3-2::N3-2::B-2-15::B3-6::B3-17::B-B11::N-2-27::B-1-2::B-A08::B3-3::B-2-23::B-2-14::N-B10::B-A02::N3-c-10::B3-12::B-A11::N-A08::B-3-4::	21
chr11	70856500	71034500	chr11_70856500	29	178000	0.0157211654222618	33	0.000119685351704359	33	0.000119685351704359	::N3-5::B3-6::N-2-15::B-B10::B-3-4::N-3-4::B-A02::N-A01::B3-12::N3-19::B-B03::B-2-25::B3-5::B-2-23::B3-11::N-2-12::B-2-21::N-2-27::B3-c-10::B3-c-28::N3-12::N-3-1::B-2-9::N-A12::B-2-14::N3-7::N-B04::N-A02::N3-16::	17
chr11	72552800	72730800	chr11_72552800	36	178000	2.24630583575787e-06	48	2.81322608204689e-14	45	3.63098299505918e-12	::B-B05::B-B07::N-A12::B-2-21::N-B08::N-3-1::N3-16::N-2-15::B-3-4::N-A01::N-3-4::B3-c-28::B-B10::B3-13::N-1-2::N3-19::N-A04::B-A04::B-2-15::B-A05::B-1-6::B-A10::B-1-7::B-B02::B-A02::N3-11::B3-11::N-A02::B-2-12::N-2-12::N-B05::N-B04::B-2-23::B3-5::N-2-27::B-2-27::	21
chr11	74545700	74723700	chr11_74545700	32	178000	0.000424745863250144	40	7.65706080657991e-09	30	0.0048729198165809	::N-2-15::N3-c-14::N3-7::B-B05::N3-11::B-2-26::B-B10::N3-3::B-B02::B-1-10::B-A04::N-2-23::B3-13::N-B05::B-A01::B-3-4::B-B04::N-B04::N-3-1::B-3-1::N3-13::B-2-25::N-B07::N-1-4::B-B07::N-B11::N-2-14::N-B02::B-1-2::B-2-14::N-A01::B-2-15::	14
chr11	75590700	75768700	chr11_75590700	36	178000	2.24630583575787e-06	48	2.81322608204689e-14	44	1.75715853510999e-11	::B-3-1::B-1-2::N3-17::B-B02::B-B10::N3-13::N-1-2::N3-3::N-2-27::B-A02::B-1-6::N-B10::B-A11::B-A01::N3-11::N-B04::N3-19::B-B05::B3-12::B3-c-32::N-A01::B3-6::B3-13::B-2-15::B-2-27::N-A08::B3-11::B-2-23::B3-3::B3-c-28::N-B11::B-B11::N-B08::B3-2::N-A10::B-3-4::	20
chr11	76728500	76906500	chr11_76728500	28	178000	0.049029442268548	33	0.000119685351704359	18	483.057613032981	::B-B07::B-B03::B-2-21::B-A04::N-2-27::B-2-27::B3-3::N-A11::B-1-10::B3-7::B-1-9::B3-c-14::B3-2::B-3-4::B3-5::B-1-6::B-1-4::B-1-7::B3-c-28::B3-c-9::N-3-4::B-3-1::B-1-2::B-A12::B-B05::B3-11::N-2-26::N-2-15::	22
chr11	77547900	77725900	chr11_77547900	43	178000	8.31453259995974e-11	67	2.4057710623723e-29	54	9.78025314923432e-19	::B3-3::N3-c-28::N-2-25::B-B10::N-2-15::B-B02::N-B07::B3-c-28::N-B03::B-2-23::B3-17::N3-17::N-A05::N-2-12::B-2-12::N-A02::B-2-14::N-1-2::B-A01::N-A11::B-A11::N3-3::B-B11::N-1-7::N-2-17::B-2-25::N-B08::N3-13::N-1-6::B3-11::B-3-4::N-3-4::B3-6::N-A04::N-2-14::B3-5::B3-c-10::N3-c-10::B-B03::B-A02::N3-19::B-3-1::N-3-1::	40
chr11	78506800	78684800	chr11_78506800	28	178000	0.049029442268548	31	0.00146168353100729	31	0.00146168353100729	::N3-13::N-3-4::N-B10::N3-c-9::N-A12::B-2-15::B-A12::B-2-17::B-A04::B-3-1::B-2-25::B-2-21::N-A08::B-A02::B-B07::B-A07::N-A11::B3-19::B3-6::B-2-23::N3-6::B3-c-9::B-1-2::N-2-26::B-A08::B3-13::B-B05::B3-15::	14
chr11	79383300	79561300	chr11_79383300	41	178000	1.73661689422036e-09	114	1.13180894150272e-75	87	9.72519538153592e-48	::B-2-23::B-1-7::N-1-7::N-2-23::N-2-25::N3-19::N-B10::B3-19::N3-c-28::N3-3::N-A02::N-A05::N3-13::N-A01::N-2-15::B-3-4::B-A02::B-A08::N3-c-9::B-1-6::B-A10::B3-13::B-A05::B3-3::N-B07::N-B08::B-2-27::B-A11::N-A11::B-B02::B-1-2::B3-15::B-B05::N3-15::B-B09::B3-c-10::N-B05::B-2-25::B-B10::B-A04::N-A07::	50
chr11	80385200	80563200	chr11_80385200	30	178000	0.0048729198165809	39	3.29379301991809e-08	36	2.24630583575787e-06	::B3-17::B-2-21::N-A02::B-A02::B-2-14::N3-6::N-2-15::N-B03::B3-19::B-2-25::N-3-4::N-A01::B-3-4::B3-7::B3-6::N-1-6::N3-16::B-B03::N-B02::B-B02::N-1-10::B-B08::B3-3::N-B08::B-A05::N-2-12::N-3-1::N-B05::B-B04::B-A08::	15
chr11	86188900	86366900	chr11_86188900	28	178000	0.049029442268548	42	3.84485984810936e-10	38	1.38144986879558e-07	::B3-19::B-2-12::B-1-2::B-1-7::N-1-7::B-3-4::N-3-1::N-A03::N-B02::N-2-21::B-B02::B-A04::N-A02::N3-16::B3-15::N3-15::B-A07::B3-13::N-B08::N3-c-10::N-2-17::B-B05::B-2-15::B-A10::B3-c-28::B-A08::N3-13::B-B08::	23
chr11	86575100	86753100	chr11_86575100	43	178000	8.31453259995974e-11	62	4.01031053383822e-25	53	5.67960422401264e-18	::N-B10::N-B05::B-1-2::N-1-2::B-1-6::B3-15::B3-17::B-A08::B-A10::B-2-23::N-A11::B-3-4::B-2-14::B3-7::B-2-15::N-B04::N3-13::B-B02::N-2-17::B-B11::N-2-15::B-B03::B-2-25::B-2-12::B-2-21::N3-16::B-B10::B3-6::N-B03::N-1-7::B3-3::N-B11::N3-3::N-3-4::N-1-6::B-1-7::N-A02::B-A04::N-A04::N-2-23::N-2-26::B-2-26::B-B05::	31
chr11	87976600	88154600	chr11_87976600	31	178000	0.00146168353100729	45	3.63098299505918e-12	39	3.29379301991809e-08	::N-2-23::B3-3::B-1-6::B-B09::N-B09::B-B02::N-B10::N3-11::N-3-1::B3-6::B3-c-9::N3-17::B-B05::B-B11::B3-7::N-1-2::B-A10::N-1-6::N-B03::N-2-25::B3-15::N3-15::N-B08::B-B08::N3-3::N3-16::B-B07::N-B04::B3-16::N-B11::B-1-2::	22
chr11	93865700	94043700	chr11_93865700	33	178000	0.000119685351704359	54	9.78025314923432e-19	50	9.92864803878205e-16	::B-2-27::N3-13::B-A01::N-A02::N3-19::B3-17::B-A05::N-B10::N-2-15::B-B10::B-B11::B-2-17::N-A12::B3-6::N3-5::N-2-25::B-A12::B-1-2::N3-16::N-A01::B-B03::B-B02::B-A02::N-B05::N3-11::N-2-21::B3-19::B-A03::N-1-10::B-2-21::B-A07::N-B04::N3-c-28::	27
chr11	95273000	95451000	chr11_95273000	31	178000	0.00146168353100729	37	5.64537692417273e-07	29	0.0157211654222618	::B-B07::N3-2::N3-13::N-2-21::B-2-21::B-A02::N-A02::N-A11::B-2-14::N-B08::B3-6::B-3-4::N-3-4::B-B02::B3-19::N-B03::B-2-26::N-2-26::N3-16::N-2-25::B-2-25::N-B09::B-1-2::N-A04::B-A04::B-B05::N-1-6::N-B02::B-2-9::B3-12::B-2-23::	20
chr11	97215000	97393000	chr11_97215000	32	178000	0.000424745863250144	42	3.84485984810936e-10	39	3.29379301991809e-08	::B-B02::N3-13::B3-12::N-1-10::B-2-17::B3-3::B-A07::B-B03::B-B07::N-2-21::N-A08::B3-11::B-B10::B-2-15::B-A05::B3-17::N3-17::N3-3::B3-13::B-1-6::N-A12::B-A12::B-A03::N-2-15::B-1-7::B3-19::B3-2::N-A05::B-B11::N-1-2::N-B05::N-B08::	21
chr11	98114000	98292000	chr11_98114000	33	178000	0.000119685351704359	41	1.73661689422036e-09	35	8.69652207601153e-06	::B-B10::N-B08::N3-2::N3-6::B-B11::N-2-27::N3-13::B-B05::B3-3::N-3-1::B-3-1::B-A05::B-3-4::B-2-25::B-2-21::B3-c-9::N-1-10::B-1-10::B-A07::N-A11::B-A12::B-B02::N3-16::B-B09::B3-c-14::N-2-17::N3-17::N-1-6::N-B05::B-2-14::B-A08::N-A03::B3-17::	18
chr11	104353300	104531300	chr11_104353300	42	178000	3.84485984810936e-10	73	1.26893460859557e-34	61	2.6738922969894e-24	::B3-6::N-B10::N-1-6::B-2-12::B-B05::N-2-15::B-2-15::B-2-14::B-3-1::B3-3::B-3-4::N-B07::B-B09::B-1-6::N-2-12::B-B04::B3-7::N3-c-14::N-B05::N3-7::B-2-25::B3-12::B-A12::B-B11::N-2-25::N-1-7::N3-13::B3-13::N-2-14::B-B03::B3-c-14::N-1-2::N-3-4::B-1-4::N-A02::N-A08::N3-3::B3-15::B-A08::B-B07::B3-19::N-A05::	36
chr11	105178500	105356500	chr11_105178500	30	178000	0.0048729198165809	45	3.63098299505918e-12	40	7.65706080657991e-09	::B-A03::B-B02::B3-19::B-1-6::B3-c-14::N-A08::B-1-2::B-B03::N-B03::N-A12::N3-16::N-3-1::N-B08::N-A01::B-A10::B-B05::N-2-27::B-A08::B-2-27::N-1-6::B-B10::B3-15::B3-3::N3-19::N-A02::B-1-7::B-A11::N-2-14::B3-13::N3-13::	24
chr11	105584500	105762500	chr11_105584500	32	178000	0.000424745863250144	43	8.31453259995974e-11	40	7.65706080657991e-09	::B-1-7::N-3-4::N-1-6::B-1-2::N-A04::B-A04::B-B11::B3-19::B3-12::N-A02::N3-13::B3-7::B-2-23::N3-19::B-A07::B3-11::N-2-17::N-2-15::B-B02::B-2-17::N-B04::B-2-25::B-A05::N3-2::B-B10::N3-16::B-B04::N3-6::N3-11::B-B09::N-2-25::B3-3::	15
chr11	106087000	106265000	chr11_106087000	33	178000	0.000119685351704359	44	1.75715853510999e-11	40	7.65706080657991e-09	::B3-7::B3-17::B-1-7::B-3-4::B3-3::B3-19::B-A04::N-B11::N-3-1::N3-17::B3-11::N3-11::B-2-15::N-A05::B3-6::B3-2::N3-13::B3-c-28::N3-16::N-2-23::N3-6::N-1-10::B-1-6::B-2-12::N-2-26::B-2-26::N-A08::B-A08::B-A03::N-3-4::B-2-21::B-B02::N-2-27::	20
chr11	106373400	106551400	chr11_106373400	30	178000	0.0048729198165809	34	3.27331549020101e-05	29	0.0157211654222618	::N-A05::N3-6::B-3-4::N-B08::N-2-15::N-B05::B3-6::N-B04::B-B04::N3-15::N3-3::B-B07::N-A10::N-1-7::N-B10::B-B05::N3-11::B3-2::N3-2::N-3-1::B-2-25::B3-3::B-2-15::B-2-21::N-2-17::B3-19::B-2-27::N3-19::B3-17::B-A04::	18
chr11	106772200	106950200	chr11_106772200	36	178000	2.24630583575787e-06	47	1.45217879286552e-13	42	3.84485984810936e-10	::B3-c-28::N3-2::N-B07::N-A05::B-2-27::N3-6::B3-6::N-2-25::N-3-4::B3-c-9::B-2-21::B-A05::N-B04::B-B03::N-2-26::B-2-26::N-3-1::B-A12::B-1-6::B-B11::B-2-14::B-2-23::N-B05::B-B04::N3-19::B-A01::N3-13::B-B02::N-A10::N3-c-10::N-B03::B3-c-10::B3-3::B3-17::N3-17::N-1-6::	26
chr11	106968000	107146000	chr11_106968000	31	178000	0.00146168353100729	38	1.38144986879558e-07	32	0.000424745863250144	::N3-19::B3-7::N-A05::B-A05::B3-11::N3-11::N-3-1::N-B07::B-3-4::N-2-27::B-1-2::N3-17::B-B03::B3-13::N3-13::N-B05::B-B05::B-B02::B3-16::B-2-17::N-1-6::N-B02::N-B09::N3-2::B3-2::B-B09::B-1-6::N3-6::N-B11::B-B10::B-B07::	15
chr11	117193300	117371300	chr11_117193300	28	178000	0.049029442268548	31	0.00146168353100729	26	0.428674039746884	::B3-2::B3-7::B3-3::B3-6::B-1-6::B-A10::B-B08::N-B08::B-1-2::N-2-27::B-2-27::N3-16::N-1-4::N-1-10::B-B09::N-B04::N-2-25::N3-19::N-1-2::B3-17::B-A08::N-A08::B-2-15::N-3-1::B-B02::N-B02::N-3-4::N-B05::	15
chr12	3163500	3341500	chr12_3163500	30	178000	0.0048729198165809	37	5.64537692417273e-07	30	0.0048729198165809	::N-B04::N-A11::B-B04::B3-5::B-1-2::N3-19::N3-13::N-1-2::B-2-15::B-2-12::B3-3::B3-c-9::B-B02::B-A02::N-B08::B-2-14::B-3-1::N-3-1::B3-19::B-1-4::B-2-23::B3-6::B-2-17::B-1-6::N-B10::N-A08::B-A08::B-B10::B-B03::N-2-12::	21
chr12	16833300	17011300	chr12_16833300	29	178000	0.0157211654222618	33	0.000119685351704359	29	0.0157211654222618	::N3-13::N3-c-10::N-B05::B3-6::N-2-15::B3-19::B-2-21::B-2-9::N-2-27::B-B05::N-A01::B-A01::B-A07::N-A07::B-B02::B-B04::N-B04::B-B11::B3-2::B-1-7::N-1-6::B-2-23::N-2-23::B-2-17::N3-c-14::B3-11::B-1-6::B-2-25::N-2-17::	19
chr12	51622300	51800300	chr12_51622300	36	178000	2.24630583575787e-06	50	9.92864803878205e-16	45	3.63098299505918e-12	::B-2-15::B-A12::B-2-14::B-B02::B-1-6::B-B09::B3-12::N-2-15::N3-12::B3-19::B-1-2::B3-15::B-A07::B3-6::B-2-21::B3-16::B-A02::N3-3::N-A11::N-2-14::B3-11::N-3-1::B-2-9::N-1-7::B3-c-10::B-3-4::N-B11::B-A03::B-1-10::N-1-10::N-B07::N3-6::B-2-25::N3-16::N3-c-10::N-2-27::	27
chr12	75448800	75626800	chr12_75448800	33	178000	0.000119685351704359	41	1.73661689422036e-09	37	5.64537692417273e-07	::B-B04::N3-19::B-2-14::N-A01::B-A12::B-2-23::B-1-6::N-A12::N-B10::B-B10::B-A07::N3-16::B-1-7::B-2-15::B-2-26::N-A04::N-2-17::B3-11::B3-7::B3-13::N-2-21::N-3-1::B3-3::N-2-23::N-1-7::N-A07::N3-11::B3-2::N-2-12::B-2-9::N-2-15::B-A08::B-B02::	16
chr12	80787500	80965500	chr12_80787500	33	178000	0.000119685351704359	47	1.45217879286552e-13	39	3.29379301991809e-08	::N-A01::B3-5::B-B02::B3-7::N-2-14::B-2-14::B-A01::B-3-1::N-A10::B-A10::N3-19::B-2-27::N-1-2::N-A11::B3-3::B3-6::B3-11::B-A11::B-2-12::B-B05::N-1-10::B-A08::B-1-2::B-2-21::B-1-6::N-2-26::B-2-26::N-A05::N-2-27::B-A03::N-A02::B-A07::N-2-23::	19
chr12	111049400	111227400	chr12_111049400	34	178000	3.27331549020101e-05	40	7.65706080657991e-09	34	3.27331549020101e-05	::B3-7::N-A07::B-2-15::B-A03::B3-12::N3-c-10::N-2-26::N-A01::N-1-7::B-1-6::N-B08::B3-16::N-2-15::B-2-21::B-B09::N3-19::B3-3::N3-13::B-B02::N-B04::B-B07::B-1-7::N-3-4::B-3-4::B3-19::N-2-17::N-B10::B3-15::N3-15::B3-13::B-B03::B-1-2::N-1-2::B3-2::	21
chr13	9041700	9219700	chr13_9041700	32	178000	0.000424745863250144	40	7.65706080657991e-09	33	0.000119685351704359	::B-A02::B-B05::B-2-15::B-B02::B-1-6::B-A03::B-2-23::N3-19::B3-19::N-2-15::N3-16::B3-16::N-A03::B-A08::B-A10::N-2-21::B-2-21::N-2-25::N-2-17::N-A01::N-2-27::B3-17::N-1-6::N-1-10::N-B09::B-B09::N-2-12::N-3-4::B3-7::N-2-14::N3-12::B3-6::	14
chr13	13988100	14166100	chr13_13988100	35	178000	8.69652207601153e-06	45	3.63098299505918e-12	42	3.84485984810936e-10	::B-1-2::N3-16::B-A01::B-1-6::N-A12::N3-17::B-A07::B3-7::B3-c-9::B-B02::N-B02::B3-2::N-B11::B-B09::B-2-25::N3-3::B-2-15::N3-12::B3-12::N-B04::N-2-15::B-A12::B-2-23::N-A01::B-A10::B3-13::B3-5::N-B10::B-2-26::B-B11::B-2-14::B-B04::B-A02::B-3-4::N3-13::	16
chr13	17669200	17847200	chr13_17669200	35	178000	8.69652207601153e-06	48	2.81322608204689e-14	41	1.73661689422036e-09	::N-A02::N-2-21::B-2-21::B3-6::B-1-6::N3-3::B3-12::B-A10::B-2-12::B-1-2::N-A11::B3-13::N3-c-32::N-A08::B-B02::N3-19::B3-19::B-B09::B3-2::B-3-4::N-3-4::N-B09::B-2-15::B-A07::B3-7::N-1-7::B-A02::B-1-7::N-A05::B-A05::B-3-1::N-3-1::N-A01::B-B11::N-B10::	27
chr13	43300800	43478800	chr13_43300800	36	178000	2.24630583575787e-06	52	3.23718978058245e-17	40	7.65706080657991e-09	::N3-6::B-A05::N-A02::N-2-9::B-B04::N3-19::B-A03::B-2-14::N-2-14::B3-c-9::B3-7::N-B10::B-A10::B3-19::B-1-6::N-B09::B-2-27::N-2-27::B-A12::N-A12::B-2-17::N-A11::B3-17::B-B02::B-B03::B3-6::N3-13::N-B07::B3-11::N3-11::N-A03::N-A08::B-A04::B-3-1::N3-16::B-B09::	29
chr13	44750900	44928900	chr13_44750900	30	178000	0.0048729198165809	52	3.23718978058245e-17	46	7.33993418442788e-13	::B-1-7::N-A01::B-A04::B-A07::B-2-15::N-B02::B-3-4::B-B02::N3-13::B-A12::N-A12::B3-6::B-B07::N-A07::N-2-15::B-1-6::N-B04::B-B05::B-1-2::N3-6::B-2-25::B3-12::N-2-25::B-B04::N-B07::B-B03::B-A02::B3-17::B3-13::N3-16::	20
chr13	46691200	46869200	chr13_46691200	28	178000	0.049029442268548	35	8.69652207601153e-06	32	0.000424745863250144	::B3-c-28::B-B10::N-B10::B-1-6::B-B07::N3-6::B-3-4::N-3-4::B-2-21::B3-16::B-B11::B3-5::B-A08::B3-6::B-1-7::N-B08::B-A10::B-2-25::B3-3::B-B02::N-A11::N-B07::N-B09::N3-19::B-A04::B-A07::B-2-27::N-A03::	24
chr13	63140400	63318400	chr13_63140400	31	178000	0.00146168353100729	36	2.24630583575787e-06	31	0.00146168353100729	::N-A07::B-2-26::N-B05::B-A03::N-A11::B-A11::N-B08::B-A01::B-3-4::B3-12::B-2-15::B3-7::B-2-12::N-2-12::B-A12::N3-13::B-B02::B-A08::B3-6::B-1-10::N-3-1::B-2-9::B-2-27::N-B02::B-B04::B-A07::B3-3::N3-3::N-A02::B-A02::B-1-2::	15
chr13	85118600	85296600	chr13_85118600	30	178000	0.0048729198165809	49	5.33868550110985e-15	42	3.84485984810936e-10	::B-2-15::N3-7::B3-19::N-B03::N3-17::B-1-2::N3-c-10::B-A12::N-1-6::N3-2::B3-2::B-A01::B-B03::B-2-27::B-B07::N-1-10::B-B11::B-B05::B3-17::B-B10::B3-c-10::B3-15::N3-15::N-A05::B-A05::B3-3::N-B10::B-A10::B3-c-28::B-2-14::	29
chr13	94426500	94604500	chr13_94426500	43	178000	8.31453259995974e-11	49	5.33868550110985e-15	22	20.5719987116903	::N-2-25::N-2-15::B3-7::B-1-7::B3-c-28::N3-19::B-A07::B-B02::B-B10::B-A02::B3-12::B3-13::B-1-6::B-A08::B-B05::N-B08::N3-11::B3-2::N-B05::N-2-26::N-2-14::N-B04::N-A02::N-2-12::N-2-17::N-B07::N-A11::N-2-27::N-B03::N-1-6::N-B10::N-A12::N-1-2::N-A04::N-3-4::N3-3::N-2-23::N-2-21::N3-16::N3-6::N3-13::N3-2::B-A11::	34
chr13	98747900	98925900	chr13_98747900	34	178000	3.27331549020101e-05	56	2.74568647475095e-20	47	1.45217879286552e-13	::B-B11::N-1-2::B3-2::N-2-25::B3-7::B-2-23::B-B10::N-B03::B-B03::B-A07::B-1-6::N-2-15::B-1-2::B-2-15::N-A07::B-2-21::B-B05::N-1-6::B-B09::N3-6::B-A10::B-B02::N-2-14::N-B09::B-3-4::N3-15::B3-12::N3-16::B3-19::N-2-23::N3-2::B-2-25::N-B04::B-A01::	20
chr13	111691200	111869200	chr13_111691200	35	178000	8.69652207601153e-06	54	9.78025314923432e-19	32	0.000424745863250144	::N3-5::B-B11::B3-7::N-A04::B-B05::N3-16::B-1-4::B-2-17::N-A02::B-B02::N-2-15::B-2-15::B-A02::N-2-21::B3-3::B-B07::B-3-1::N-3-1::N-3-4::B-B04::B-1-6::B-A12::B-B08::B-A11::B-A10::B-1-7::B3-17::B-1-10::B3-19::B-3-4::B3-2::B-2-23::B-2-21::N-A05::N-A12::	16
chr14	19282800	19460800	chr14_19282800	48	178000	2.81322608204689e-14	72	9.96176563480155e-34	30	0.0048729198165809	::N3-19::B3-12::B-A08::N-B09::B-B02::N-2-21::B3-6::B-2-14::N-B05::N-A03::N-2-27::N-A01::N3-6::N3-3::N-A02::B-1-6::N-1-10::N-B11::N-A05::N3-11::B-3-4::N-1-7::N3-17::N3-16::B-B04::B3-11::N-2-17::N-B02::B-2-23::N-2-9::B-B11::N-B10::N3-12::B3-3::N-3-4::N-2-23::N-2-25::N-1-2::B-2-15::B3-17::B3-2::N-B04::N3-15::N-A10::N-1-6::N-B08::N-B07::N-A08::	39
chr14	20932300	21110300	chr14_20932300	29	178000	0.0157211654222618	45	3.63098299505918e-12	40	7.65706080657991e-09	::B3-7::B3-12::B-B02::B-3-4::N3-7::B3-c-28::B-A10::N-1-6::B-1-6::B-2-23::B-A04::N-2-25::N-A07::B-B05::N-A05::B-A05::N-3-1::B-2-14::B3-15::N-B04::B-1-10::B3-19::B3-c-9::N-1-2::B-2-25::N-B02::B-A07::B-3-1::B-B04::	24
chr14	30993100	31171100	chr14_30993100	35	178000	8.69652207601153e-06	48	2.81322608204689e-14	41	1.73661689422036e-09	::B3-17::B-B09::N-3-1::N-2-21::B-2-21::N3-7::B3-11::N-B04::B3-c-10::N-A01::B-3-1::N-2-17::N-2-15::B-A02::N-B11::B-B11::N-B02::B-B07::N-B07::N-A02::N3-13::N-2-12::B3-13::N-B10::N3-c-10::B-B10::B-A08::B3-6::B3-12::N-2-25::N-2-23::N3-c-28::B3-c-28::N-A11::N3-3::	22
chr14	34323000	34501000	chr14_34323000	37	178000	5.64537692417273e-07	50	9.92864803878205e-16	45	3.63098299505918e-12	::N-A08::B3-19::N-B09::B-1-6::N-1-10::B-2-9::N3-17::B3-17::B-2-23::B3-11::B-2-15::B3-2::B-B02::B-B05::B-2-21::B-A01::N-2-25::N-B08::B-B08::B3-c-28::B-A07::N-1-6::B3-12::N-A05::B3-7::B-2-14::N-2-14::B-2-12::B-A08::B-A11::N-A11::N-B10::N-A02::B-A02::B-1-4::B-3-4::N-B05::	29
chr14	52073200	52251200	chr14_52073200	32	178000	0.000424745863250144	46	7.33993418442788e-13	41	1.73661689422036e-09	::N-A08::B-A01::B-2-15::B-B10::B3-17::B-1-7::B-2-14::B-2-25::B3-16::B-A08::N-1-7::B-2-21::B-B02::B-2-12::B-2-27::N-B10::N3-19::N-2-21::B-A10::B-A07::N-A07::N-2-27::B-B07::B3-12::N-2-15::B-1-10::N-1-10::N3-c-28::B3-c-28::N-1-2::B3-11::N-B09::	23
chr14	66967100	67145100	chr14_66967100	29	178000	0.0157211654222618	33	0.000119685351704359	29	0.0157211654222618	::B-B05::N-A01::B3-6::N-2-15::B3-7::B-B02::N3-7::B3-12::N-2-21::B-B08::B-2-14::N3-11::B3-11::N-B04::N-A08::B-2-12::B-B10::B-3-4::B-2-25::B-A01::B-1-10::B-A12::N-A12::N3-19::B-1-7::B3-c-9::B-2-26::B-B03::N-B03::	19
chr14	73203600	73381600	chr14_73203600	36	178000	2.24630583575787e-06	62	4.01031053383822e-25	48	2.81322608204689e-14	::N-A01::B3-12::N-3-1::B3-11::N-B02::B-B11::B-A08::N-B11::B-A03::N-A03::N-A08::N-A10::B3-15::B3-19::N3-19::B-B02::N-2-17::B-A05::B3-c-14::B3-3::B-A01::B3-c-10::N3-c-10::N-2-27::B-B04::N-B04::B-A11::B3-c-9::B-2-25::N-2-23::B-B07::B-B03::N-A05::N-2-15::B-1-4::B-A02::	47
chr15	8273000	8451000	chr15_8273000	50	178000	9.92864803878205e-16	68	3.2898126513396e-30	62	4.01031053383822e-25	::B-B07::N-2-15::B-B10::B-B03::B3-12::B3-19::N-2-21::B-3-1::B-1-4::B3-c-28::B-3-4::B-B04::N-A12::B-2-14::B-2-15::N-B05::B-2-12::B-1-10::N-1-6::B-A08::N3-c-32::N-2-23::N-B04::N-B08::B3-11::B-2-17::N-2-17::B-B02::N-2-14::B-A07::B-1-7::B3-c-10::B-1-2::B-B08::N-A11::B-2-26::N3-13::N-A07::N3-6::B3-17::B-2-23::B-B11::B-B05::B3-7::B-A11::B-2-25::N-2-25::N3-7::B3-6::N-2-12::	46
chr15	12110500	12288500	chr15_12110500	35	178000	8.69652207601153e-06	46	7.33993418442788e-13	43	8.31453259995974e-11	::B-2-12::B-A10::B3-c-32::B3-12::B-B11::N-2-27::N-2-21::B-B08::B-2-21::B3-6::B3-19::N-B02::N-B04::N-B08::N3-19::N-B09::N-A10::B3-7::B-A12::N-A11::B-2-14::B-1-6::B-2-15::B-B02::B-A08::B-B07::N-B07::N-A12::N-1-6::B-1-2::N-2-26::N3-13::N-2-23::B-B03::N-A01::	31
chr15	37906800	38084800	chr15_37906800	32	178000	0.000424745863250144	59	1.1318097496275e-22	52	3.23718978058245e-17	::B-B05::N-3-1::B-3-1::N3-16::B-3-4::B-A08::B3-c-9::B-B11::B-2-15::B3-6::B-B04::N3-5::B3-13::B-B03::N-3-4::N-B04::B3-19::N-2-26::N-A01::B-A01::B-2-14::N3-19::N3-17::N-B02::N-B03::N3-3::B-A10::B3-15::B3-17::B3-12::B-1-6::N-B08::	31
chr15	50652800	50830800	chr15_50652800	35	178000	8.69652207601153e-06	40	7.65706080657991e-09	34	3.27331549020101e-05	::B-2-9::N3-3::N-2-15::N-A05::B-B05::B-3-4::N-A12::B-B09::N-2-23::N3-15::B-B10::N-1-2::B3-15::B-2-12::N-A07::B-2-25::N3-c-14::B3-19::N-2-12::B-2-21::N-B09::B-1-2::N-2-25::N-B05::B-2-15::B-3-1::N-3-1::N3-7::B-2-14::N-2-14::N-B11::B3-5::N3-19::B-1-6::N-A02::	16
chr15	73099100	73277100	chr15_73099100	29	178000	0.0157211654222618	51	1.81027986907861e-16	39	3.29379301991809e-08	::B3-19::N-B02::N-B09::B-2-12::N3-3::N3-16::N-B08::B3-3::B-A08::B-B08::B-2-14::N3-13::B3-13::B-1-6::N-1-6::B-B04::B-1-7::B-B02::N-B05::B-2-9::N3-19::N-A08::N3-c-14::B3-11::B-2-15::B3-c-28::B-2-27::B-1-2::B-2-21::	23
chr15	77070100	77248100	chr15_77070100	39	178000	3.29379301991809e-08	49	5.33868550110985e-15	45	3.63098299505918e-12	::N-B08::B-1-6::N3-19::B-B10::B3-12::B-1-2::N-A02::N3-17::N-2-12::B-2-12::B-B04::N-A10::B-A10::B3-3::N3-13::B-A11::B3-19::N-B07::B-2-14::B-B08::B-B07::B-A04::B-A03::B-2-25::N-B02::B-B05::B-2-23::B-A07::N-B05::N3-7::N-A08::B3-6::N-2-21::N-B11::B-A05::N3-6::N3-16::N-1-2::B-3-4::	19
chr15	80781900	80959900	chr15_80781900	38	178000	1.38144986879558e-07	66	1.73341805983465e-28	57	4.4792146107579e-21	::B-2-21::B3-17::B3-c-28::N-2-15::B-3-4::B-B11::B-2-23::N-2-12::B-2-12::B3-6::N-B04::B-2-15::B-1-6::B-A04::N-B08::N3-17::B-1-7::B-A03::N3-6::B-A11::N-A11::N-1-6::B-2-14::N-1-2::N3-13::B3-13::B-A08::N3-c-28::B-B04::B-B07::B-A07::B-1-2::N-2-14::B-B08::N-A01::B-B10::N-A05::B3-15::	31
chr15	81059300	81237300	chr15_81059300	34	178000	3.27331549020101e-05	51	1.81027986907861e-16	46	7.33993418442788e-13	::N-2-27::B-B03::N3-13::B-2-12::B-2-25::B-A07::N-2-15::B3-17::B-A11::B-A08::N-1-6::B-A10::B-2-14::B-2-21::N-A03::N3-3::B3-19::B3-6::B-1-7::N3-19::N-2-12::B3-c-28::B3-7::B-1-6::B3-13::B-B05::B-2-27::B-2-23::N-2-23::B-1-2::N-2-25::N-B02::B3-11::N-B11::	25
chr15	81498800	81676800	chr15_81498800	33	178000	0.000119685351704359	48	2.81322608204689e-14	39	3.29379301991809e-08	::B-B05::B-2-26::B-A01::N-A01::B-2-14::N3-11::B3-2::B3-15::B-A11::N-3-4::N-2-12::B-2-21::B-A05::N-B08::B-B08::B-2-25::B-B02::N3-6::N3-c-9::B3-6::B-A04::N3-3::N-2-25::B-1-10::B-3-4::B-B03::B-B11::N3-13::B3-c-9::B-B07::B-B04::N-B04::B3-13::	26
chr15	85295300	85473300	chr15_85295300	28	178000	0.049029442268548	35	8.69652207601153e-06	32	0.000424745863250144	::B-1-7::B3-2::N-A02::B-2-25::B-2-17::B-A07::N-A01::B-3-4::N-A05::B-A03::B3-12::N-2-25::N-1-7::N3-19::N-3-1::B-3-1::B3-7::B-B10::N-B10::N-1-2::B-1-2::B-A11::N-2-21::B-2-15::N-B03::B-B03::N-2-15::B-A12::	14
chr15	96290300	96468300	chr15_96290300	38	178000	1.38144986879558e-07	56	2.74568647475095e-20	51	1.81027986907861e-16	::B-1-2::B3-19::B-1-6::N-2-21::B-A08::N3-6::B-2-14::B-A12::N-1-6::B-2-26::B-B02::N-1-2::N-B04::N3-16::B-2-15::B-2-27::B3-3::N3-7::B-2-17::B3-7::B-B04::B3-c-14::N3-c-14::N3-19::N-A08::N-2-14::B-A10::B3-c-32::N-3-4::B-B05::N-2-25::B3-6::B-3-4::B-B11::N-1-7::B-A05::N-B02::B-1-10::	34
chr15	99697400	99875400	chr15_99697400	32	178000	0.000424745863250144	41	1.73661689422036e-09	36	2.24630583575787e-06	::N-A02::B-A12::B-A02::N-1-7::B3-3::B-2-23::N-B09::B-B09::B3-19::B-2-14::B-3-4::N-A05::B-A05::N-3-1::N-3-4::N3-16::B-A08::N-1-2::B-A10::N-2-21::B-1-4::N-1-6::B-1-6::B3-17::N3-17::N-1-4::B-2-15::B3-13::N-2-15::B-1-7::B3-c-10::B-A04::	17
chr15	99974300	100152300	chr15_99974300	34	178000	3.27331549020101e-05	46	7.33993418442788e-13	42	3.84485984810936e-10	::N-A08::B-A07::N-3-1::B-2-15::N3-16::N-2-17::N-B10::N-1-2::B-2-17::N-B05::B3-11::B-3-4::N-2-21::N-2-15::N-B07::B-2-14::B3-15::B-A11::B-B07::B-B09::B3-6::N-B11::N-A11::B-A01::B-B05::B-A08::B3-c-28::N-1-6::N-B04::B3-2::N-A05::B-B11::B3-c-9::N-B09::	21
chr15	101941000	102119000	chr15_101941000	30	178000	0.0048729198165809	33	0.000119685351704359	25	1.19860131340641	::B3-c-28::B-A04::N3-13::N-B09::N-1-2::N-B11::N-A11::B-A11::B-1-6::B-B02::N-3-1::B3-13::B-2-15::B-2-14::N-2-14::N3-17::N-B08::N-B05::B3-5::B-1-4::B-2-9::B-B10::B-A12::N3-3::B3-3::B-2-26::N-2-26::B-2-23::B-A08::B-3-4::	15
chr15	102458300	102636300	chr15_102458300	41	178000	1.73661689422036e-09	51	1.81027986907861e-16	46	7.33993418442788e-13	::B3-19::B3-16::N3-16::N3-19::B-2-25::N-2-25::B3-3::N-B09::N-1-7::N3-6::B3-12::B-2-27::N-A05::B-2-14::B-3-4::N-2-23::B3-c-9::N-A08::B-A08::N-1-6::B3-5::N-B05::B-2-17::N-2-17::N-B03::B-B03::B-B09::B-2-15::N-B10::N-2-15::B3-11::B-B07::N-2-12::B-A07::B-1-6::N-2-14::N-A10::B3-15::B-1-7::B-B10::N-A03::	25
chr15	103141300	103319300	chr15_103141300	28	178000	0.049029442268548	36	2.24630583575787e-06	30	0.0048729198165809	::B-B07::N-B04::B-B08::B3-11::N-1-2::N-2-17::B-1-6::N-1-6::B-2-21::B-A12::B-2-14::N-B09::B-B09::N-B08::N3-c-9::N-1-7::B3-c-9::B-2-15::N-A11::B3-19::B3-6::B-B11::N-B11::N-A12::N-B10::N-A01::B-1-7::B3-7::	19
chr16	4046900	4224900	chr16_4046900	34	178000	3.27331549020101e-05	47	1.45217879286552e-13	43	8.31453259995974e-11	::B-B03::B-2-14::N3-6::B3-c-28::B3-7::B3-6::B-1-2::N-B10::N-B02::B-A08::N-1-7::N-B08::B3-13::B3-17::B3-c-10::B-3-1::B-B09::N-2-15::N-A01::N3-12::N-1-2::B-A10::B-1-7::B-B10::B-B05::B-2-15::N-2-17::N3-13::N3-5::B-2-23::N-2-12::N-B11::B-2-21::N-2-21::	26
chr16	11082400	11260400	chr16_11082400	29	178000	0.0157211654222618	41	1.73661689422036e-09	38	1.38144986879558e-07	::B-B11::B3-15::B3-c-10::N3-13::B-1-2::B3-11::B-2-15::B-2-14::B-1-10::B-2-21::B3-7::B3-5::N3-16::B-B07::N-2-25::B-A07::N-2-27::N-A05::N-A02::N-2-15::N-B03::N3-11::B-A04::B-A12::B-B03::B3-3::B-3-1::B-A11::N-A11::	19
chr16	16984400	17162400	chr16_16984400	28	178000	0.049029442268548	34	3.27331549020101e-05	30	0.0048729198165809	::B3-c-28::N-2-12::B-2-12::N-B02::N-A03::N-2-21::B3-19::B-2-15::N-A08::B-A12::B-B10::B-B11::N-B03::N-2-23::B-B03::N-2-14::B3-3::B-2-14::B-3-1::N-3-1::B-2-21::N3-13::N-A07::N3-16::B3-5::N-A11::N-1-7::B-3-4::	11
chr16	17642400	17820400	chr16_17642400	28	178000	0.049029442268548	33	0.000119685351704359	29	0.0157211654222618	::B-A11::B-B10::B-3-4::N-2-27::N3-6::B-B03::B-A10::N-B03::N3-3::B-A08::N-B02::N-2-15::N-A04::N-A02::B-B07::N-2-25::N-B05::B-B05::N-A05::B-2-21::N-A10::B-2-23::B-A01::N-A01::B-1-2::B3-6::B-1-7::B-1-6::	11
chr16	24437100	24615100	chr16_24437100	35	178000	8.69652207601153e-06	44	1.75715853510999e-11	42	3.84485984810936e-10	::B-A12::B-B09::N-2-17::N3-19::N-B07::N-2-14::B-2-14::N-A02::N-2-15::N-B03::B-1-6::B-1-2::B3-c-28::B3-11::B-3-4::B-B05::N3-c-14::N3-7::B-A07::B-2-21::N-1-7::B-A10::B3-12::N-2-21::B-3-1::N-3-1::N3-6::B-2-15::N-3-4::N3-17::B3-3::N-B08::B-B02::B-A08::B-2-23::	21
chr16	31661200	31839200	chr16_31661200	37	178000	5.64537692417273e-07	54	9.78025314923432e-19	48	2.81322608204689e-14	::B-B03::B-B02::N-A08::B-2-15::N3-c-14::B3-19::B-A07::B-B05::B-1-6::N-2-26::N-A07::N-3-1::N-B10::N3-19::B-3-4::N-3-4::N-B05::B-B10::N-B03::B-2-12::B-A02::N-2-15::N3-3::B-A11::N-2-21::B3-11::B-2-21::B-A05::B-2-14::N3-17::N-A05::N3-6::N-A02::N-B04::B-2-23::N3-c-28::N-B08::	26
chr16	38090900	38268900	chr16_38090900	44	178000	1.75715853510999e-11	72	9.96176563480155e-34	63	5.91920302104661e-26	::B3-7::B-2-25::N3-6::N-1-6::B-1-6::B-B05::N-2-25::B3-11::B3-13::B-2-15::B-A11::B-B10::B-B04::B-B07::N-A07::B-1-7::B-A10::N-A02::N-2-15::B3-c-9::B-A08::B-B09::B-3-1::B-B02::B-1-2::N-1-2::B3-19::B-A05::N-A08::B-A12::N-2-17::B-A07::N3-12::N3-16::N-B05::N-B07::B-B08::N-A05::N-B04::N-2-21::B3-6::B-2-14::N-A11::B-2-23::	23
chr16	43329300	43507300	chr16_43329300	28	178000	0.049029442268548	35	8.69652207601153e-06	33	0.000119685351704359	::B3-7::N-B10::N-A12::B-3-4::N-A01::B3-6::N3-3::N-1-7::N-1-6::N-2-15::B-A12::B-A08::N-B03::B-B03::B-2-15::B-B10::B-1-6::B3-17::N-B07::N-B05::N-B02::B-2-23::B3-13::N3-13::B-B05::N3-c-14::B-1-7::B-2-14::	17
chr16	87306400	87484400	chr16_87306400	29	178000	0.0157211654222618	36	2.24630583575787e-06	33	0.000119685351704359	::B-1-4::B3-c-10::B-2-9::B-3-4::B3-11::N-2-15::B-2-15::N3-c-9::B3-15::N3-7::B-B04::N-2-27::B3-3::N-A01::B-A01::B-B10::B-A03::B-A12::B-2-12::B-A08::B3-c-9::B-A05::N3-11::N-A04::B3-6::B-B07::B-B02::B-B09::B3-c-28::	17
chr17	3070300	3248300	chr17_3070300	39	178000	3.29379301991809e-08	56	2.74568647475095e-20	49	5.33868550110985e-15	::B3-11::B-2-9::B3-2::B-A12::B-B04::B3-19::N-2-21::N-3-1::N3-17::N-A05::B-B02::N-1-6::B-1-6::N-2-15::B-2-12::N-3-4::B-B10::N3-15::B3-15::B-A01::N-B03::B-B03::B-A08::B-2-21::B3-12::B-2-14::B-A10::B-3-4::N3-5::N3-16::B-B05::N-B05::B-A05::N-1-7::N3-19::B3-17::N-A12::B-A02::N-A08::	22
chr17	5065400	5243400	chr17_5065400	47	178000	1.45217879286552e-13	67	2.4057710623723e-29	56	2.74568647475095e-20	::N3-16::N-1-6::N-2-15::N-B08::B-B02::B-1-6::B-B03::N3-17::B-B08::B3-7::N-2-25::B-3-1::B-2-21::B3-12::B-A11::N-A11::N-2-23::N-B09::B-B09::N-A02::N-1-4::B-A02::N-A05::N3-6::N-3-1::B3-6::B3-17::B-2-15::B-1-2::B-A10::N-A04::B-A04::N-2-17::B-1-4::B-A08::N-A01::B-A05::B3-c-14::B-B07::N-B07::B3-5::B-2-25::B3-3::N3-3::N3-13::N-B11::B-B11::	32
chr17	10196200	10374200	chr17_10196200	41	178000	1.73661689422036e-09	56	2.74568647475095e-20	48	2.81322608204689e-14	::N-A03::B-A04::B-B05::N-B10::B3-6::N-A01::B-B10::B3-17::N3-16::N-A08::N-A04::N-2-15::N3-13::B3-19::B-B04::N3-c-9::N-3-4::N-A10::B-A07::N3-17::B-B08::N-3-1::N-2-23::N3-6::B-1-6::B-2-26::N-1-10::B-2-25::B-A03::B-1-10::B-2-21::N-2-21::B-2-23::N-1-2::B-1-7::B-A10::N-A02::B-A02::B-B09::N3-c-28::B-A05::	22
chr17	28950300	29128300	chr17_28950300	30	178000	0.0048729198165809	34	3.27331549020101e-05	31	0.00146168353100729	::N3-16::B3-6::N-B04::B-1-7::B-2-15::B3-c-28::B-B07::B-A07::B-1-6::N-A03::B-B03::N-B05::N-2-25::B3-15::B-A12::N-A12::B-A02::N-A02::B-2-9::B-A05::B-A11::B-B05::N-3-4::B3-19::B3-16::N-2-26::N-1-6::N-B07::N3-11::N3-c-10::	17
chr17	30006400	30184400	chr17_30006400	40	178000	7.65706080657991e-09	62	4.01031053383822e-25	55	1.6535342272201e-19	::B-B02::B-3-4::N-3-4::B-B05::N-A08::B3-17::B-B10::N-B03::B-B11::B-B03::N-2-25::N3-11::N-A11::B3-19::N-2-17::B-1-7::N-B07::N-A01::N-B04::B-2-27::B3-3::N3-16::N3-19::N-B05::B-2-17::B3-12::B3-c-28::B-2-15::B-1-6::B-B04::B-A02::N3-13::N-1-6::B-2-14::B-A10::B-2-12::N-2-12::N-A05::B-2-26::B-A07::	31
chr17	32193900	32371900	chr17_32193900	37	178000	5.64537692417273e-07	49	5.33868550110985e-15	44	1.75715853510999e-11	::B-B05::B-A08::B3-11::B-2-25::B-2-21::B-1-2::N3-c-10::N-3-4::B3-c-28::N-B10::N-A01::B3-17::N-2-23::B-B07::B-2-12::B3-7::B-A03::B-A10::B-A12::B-B02::B3-15::N3-16::N3-12::N-B08::B-2-17::N-2-17::N-B09::B3-13::N3-13::B-2-15::B3-6::N3-6::N3-3::B3-16::B3-3::N-1-2::N-A05::	25
chr17	33633500	33811500	chr17_33633500	29	178000	0.0157211654222618	34	3.27331549020101e-05	30	0.0048729198165809	::B-2-14::N-B07::B-1-6::B-2-15::N-B09::N-2-15::B3-c-10::B3-6::B3-17::B-2-17::B-2-23::N-2-23::N3-6::N-3-4::B-3-4::B-B10::N-B10::N-1-6::B-B02::N-1-2::B-1-2::B3-c-9::N-B08::B-B05::N-B05::N-2-14::B-A12::B-A08::N-A07::	14
chr17	42786000	42964000	chr17_42786000	28	178000	0.049029442268548	34	3.27331549020101e-05	33	0.000119685351704359	::B-2-25::B-B02::B-B03::N-B08::B3-c-9::B-B05::B3-3::B-2-23::B-B07::N-B07::B-A11::N-A12::B-2-21::B-1-2::N-2-15::B-2-15::N-2-21::N-A10::B3-11::B-B10::B3-17::B3-5::B-A07::B-2-12::B3-19::N3-13::N3-11::B-A08::	15
chr17	44598800	44776800	chr17_44598800	29	178000	0.0157211654222618	42	3.84485984810936e-10	35	8.69652207601153e-06	::B-2-23::B3-17::B-B10::N3-17::N-B09::N3-c-14::B-A02::B-1-2::B-A08::N3-16::N-A08::B3-c-28::B3-2::N-2-14::N-2-25::N-A02::N3-2::N-2-23::B-B02::B-2-27::N-B02::B-2-12::N-2-12::B3-19::N3-19::B-1-7::N-B03::B3-3::N-B08::	24
chr17	56526300	56704300	chr17_56526300	29	178000	0.0157211654222618	36	2.24630583575787e-06	31	0.00146168353100729	::B-1-6::N3-16::B-A04::N-B11::B-B11::N3-13::N-B07::B3-13::B3-7::N-A07::B-A07::B-A05::N-1-2::N-A11::B-B10::B3-6::B-2-17::N-2-25::N-2-15::N-B04::B-2-23::B3-3::B3-2::B-2-14::B3-c-28::N3-c-28::B3-c-14::N-2-27::N-2-12::	14
chr17	65667400	65845400	chr17_65667400	29	178000	0.0157211654222618	33	0.000119685351704359	27	0.147634957009995	::N-1-2::B3-11::N-2-23::N-3-1::N-A02::N3-19::B-3-4::B-2-26::B3-19::N-2-15::N-B10::B-B10::N-2-12::B-2-12::B-B09::B-B02::N3-c-28::B3-c-28::N-B02::N-A05::N-B04::B-A05::B-1-6::B-A03::B-B04::N-A04::B3-c-9::B3-7::N-A11::	12
chr17	74195700	74373700	chr17_74195700	31	178000	0.00146168353100729	41	1.73661689422036e-09	37	5.64537692417273e-07	::B-B02::B-2-25::B3-6::B3-c-9::B-A10::B-B05::B3-17::N3-17::N-A12::B-A11::B-2-27::N-B05::N3-7::B-3-4::B3-7::N-A08::B-2-23::N-2-23::N-2-25::N3-19::B-2-15::N-2-17::B3-11::N3-11::B-B04::N-B11::N-A05::B-A05::B-1-2::B-A04::B-B03::	19
chr17	74533600	74711600	chr17_74533600	34	178000	3.27331549020101e-05	51	1.81027986907861e-16	47	1.45217879286552e-13	::B3-6::B-A11::B3-7::N-A11::N-2-15::N-B02::B-A10::B3-3::N-1-2::B-A02::B-2-14::N-2-23::B-2-23::B3-5::N-B05::B-B11::N-2-14::B3-15::N-B03::B-1-7::N3-11::B3-11::B-3-4::B3-13::N-1-6::B-B05::N-3-4::N-B08::B-1-2::B3-c-28::N3-16::B-2-25::N-2-25::B-1-6::	31
chr18	4919300	5097300	chr18_4919300	37	178000	5.64537692417273e-07	47	1.45217879286552e-13	41	1.73661689422036e-09	::B-A03::N3-16::N-2-15::B-B11::B-A08::B-B10::B3-7::B-1-2::B-A05::N-A05::N-A03::B-1-6::N3-17::N-A01::N-1-10::N-B08::B-B02::N-3-1::B-3-1::N-B10::B3-3::B-A02::N3-c-28::B-2-21::B-3-4::B-A10::B3-c-9::B3-5::N-2-9::B-B04::N3-19::B3-17::B3-15::B3-2::B3-c-28::B-B07::B-1-7::	26
chr18	7806700	7984700	chr18_7806700	32	178000	0.000424745863250144	53	5.67960422401264e-18	43	8.31453259995974e-11	::B-A07::B-2-17::N3-16::B3-7::N3-7::B-A10::N-A10::N-2-15::B-1-2::N-2-23::B-2-25::B-B10::N-1-6::N-3-1::B-2-21::N-2-14::B-3-1::B3-12::B-A11::B-2-15::B-2-27::B-1-7::B-A01::B-B07::B-2-23::N-A02::B3-11::N3-15::B3-15::N-1-2::B3-17::B3-6::	29
chr18	9278800	9456800	chr18_9278800	36	178000	2.24630583575787e-06	47	1.45217879286552e-13	40	7.65706080657991e-09	::B-2-15::B-3-1::B3-c-9::B-B05::N-B08::N-B07::B-B07::B3-c-28::N-1-2::N-2-12::B-2-12::N-2-23::N-A03::N-2-21::N-A01::N-3-1::B-A08::B-1-2::B3-c-10::B-2-25::B3-17::B-B09::B3-12::B-B04::B3-3::N3-3::B-2-23::N-2-25::B-A01::N3-c-9::N-2-17::N-A02::B-A02::B3-2::B-A12::B-B11::	24
chr18	9999800	10177800	chr18_9999800	43	178000	8.31453259995974e-11	57	4.4792146107579e-21	52	3.23718978058245e-17	::B-B04::B-A08::N-1-6::B3-c-9::B-1-6::B-3-4::N3-3::B3-3::B3-5::B-B02::N-B11::B-B11::N3-13::N-2-21::N-2-23::B-1-7::N-2-27::B-B05::N3-19::B-2-25::B-B10::N-B05::N-A11::N3-16::N-2-15::B-2-14::N-B08::N-2-14::B-2-15::B3-16::B-2-23::N-1-2::B3-c-28::B-1-2::B-3-1::N-3-1::N-A05::N-B03::N-A02::N-2-17::B-A02::N-1-7::B-2-27::	28
chr18	31765000	31943000	chr18_31765000	34	178000	3.27331549020101e-05	41	1.73661689422036e-09	37	5.64537692417273e-07	::B-A01::N-1-7::N-1-10::N-3-4::B-A02::B3-6::N-1-6::B-B05::N-2-27::N3-11::B3-11::N3-19::N3-6::B-2-21::N-2-21::B-B10::B-1-2::N-2-23::B-B09::N3-13::B3-19::B-A05::N-B08::N-A11::B-A08::B3-7::B-3-4::N-B05::B-A10::N-2-15::B-2-17::B3-5::B-B11::B-2-15::	20
chr18	32073600	32251600	chr18_32073600	28	178000	0.049029442268548	35	8.69652207601153e-06	32	0.000424745863250144	::N3-13::B-A10::N-B09::B-A02::B-B07::B-2-23::B-B10::B3-19::N-B05::B-B05::N-B07::B-A04::N3-15::B3-15::B3-c-10::B-3-1::B-1-6::B-A07::B-3-4::B3-17::N-A02::B3-11::N-2-23::N-B08::B-A08::N-A08::B3-6::B-B02::	14
chr18	34203200	34381200	chr18_34203200	31	178000	0.00146168353100729	41	1.73661689422036e-09	37	5.64537692417273e-07	::N-2-17::N3-13::N-2-23::B3-12::B-2-21::B-A10::N-A01::B-B03::N-B03::N-2-15::B3-2::B-1-2::B-B05::B-B02::B-2-9::B-A07::N-1-7::B3-11::B3-c-32::N-A07::N-A11::B3-19::B-A05::N-A05::B-2-14::N-B02::N-B04::B-B04::B3-6::B-2-26::N-A02::	19
chr18	34779600	34957600	chr18_34779600	28	178000	0.049029442268548	34	3.27331549020101e-05	33	0.000119685351704359	::B-A07::B-B07::N3-11::B-3-4::N-1-6::B-B10::N-A02::B-B02::B-1-4::B-2-21::B-1-7::N-B08::B-B03::B3-15::B-B11::N-2-23::N-B07::B-B04::N-2-25::B-1-10::N3-13::B-1-6::N3-16::N-B10::B-A05::B-A04::B-2-26::N-3-4::	16
chr18	35096700	35274700	chr18_35096700	36	178000	2.24630583575787e-06	51	1.81027986907861e-16	43	8.31453259995974e-11	::B-B04::N3-13::N3-17::B3-17::B3-6::B-2-15::B3-7::B3-c-28::N3-19::B-A02::B-2-23::B-A01::B-A10::N-A01::B-3-4::B-B09::N-A11::N-A08::B-A08::B-1-2::N-2-25::B-2-25::B-B05::N-2-15::N-3-1::N-B10::N-1-6::B3-19::B-B03::B-B10::B-1-6::B-B07::N-B05::N-1-2::N-B02::B-B02::	29
chr18	35556000	35734000	chr18_35556000	37	178000	5.64537692417273e-07	46	7.33993418442788e-13	40	7.65706080657991e-09	::N3-c-28::B-A10::B-2-23::N-2-23::B3-7::B-2-14::B-1-7::N-A10::B-1-6::B-A01::N-A01::B3-c-10::B3-6::B-2-15::B-3-4::B-B02::N-B11::B-2-25::B-B10::B-3-1::N-2-17::B3-16::N3-16::N-1-4::N-B05::B-A07::N-B03::N3-3::N-1-9::B3-19::B-B05::N-2-9::N-A11::N-1-6::N-B07::B-B07::N3-13::	24
chr18	42179400	42357400	chr18_42179400	31	178000	0.00146168353100729	38	1.38144986879558e-07	34	3.27331549020101e-05	::B3-6::N-A10::B3-7::N-2-23::B-A03::B-A02::N3-15::B3-15::N3-6::N-A12::B-1-6::B-B05::N-A02::B-A07::N3-2::B-2-21::N-2-21::B-B10::B3-c-9::N-1-7::N-2-15::B-A05::B3-2::B-2-25::N-A01::N-B05::B-3-4::B-1-7::N3-13::N-B10::B-A12::	23
chr18	61558900	61736900	chr18_61558900	29	178000	0.0157211654222618	35	8.69652207601153e-06	30	0.0048729198165809	::B-B10::B3-6::N-B02::N-A05::B3-c-9::B-2-21::B3-19::N-A02::B-A02::B-B05::B-B09::B-2-14::N-A08::B-2-25::B-A12::N-2-21::B-2-15::N-B07::B-B07::N-2-17::N-3-1::N3-6::N-2-26::B-2-26::B-3-1::N3-13::B3-c-10::B3-13::B3-7::	14
chr18	73571800	73749800	chr18_73571800	35	178000	8.69652207601153e-06	46	7.33993418442788e-13	34	3.27331549020101e-05	::B-A11::B3-6::B-B07::N-2-9::B-1-2::N-1-2::N3-13::B-2-12::B-2-14::N-2-12::N-2-27::B-A03::N-A03::B-2-21::N-1-6::B-1-7::N-1-7::B-2-26::B-A12::B-B02::N-A12::B-3-1::B-A05::B-2-15::B3-c-32::B-A02::N-A02::N-3-1::N-A01::N-A07::B-B09::B-3-4::B-B05::B3-7::N3-7::	33
chr19	3482400	3660400	chr19_3482400	36	178000	2.24630583575787e-06	57	4.4792146107579e-21	48	2.81322608204689e-14	::N-1-2::N-B10::B-B05::N-B05::N3-12::B-1-6::N-A10::N-2-15::B-A05::B-2-15::B-A10::N-B03::B-B03::B3-c-9::N3-16::B-1-10::B-A08::B3-5::N-2-21::B-B10::B-1-4::B3-19::B-2-14::B-2-21::B-B02::N-2-14::B-1-2::B-B07::B-2-23::N-A01::B3-6::B-A07::B-2-25::N-2-17::N-A02::B3-2::	38
chr19	4688800	4866800	chr19_4688800	29	178000	0.0157211654222618	38	1.38144986879558e-07	35	8.69652207601153e-06	::B-3-4::B3-5::B-A02::N-B05::B-2-12::B-A03::N-1-6::N3-17::N3-11::B3-6::B3-7::B-2-21::B-2-17::B3-17::B-1-2::N-B03::B-B03::B-1-6::B-A01::B3-11::N-2-27::B-A11::N-A10::N-2-15::B-B04::B3-19::B-A05::N-2-17::B3-c-9::	18
chr19	11828000	12006000	chr19_11828000	31	178000	0.00146168353100729	36	2.24630583575787e-06	32	0.000424745863250144	::B3-3::B-2-27::N3-3::N-1-7::N-2-14::B-2-25::B-2-15::N3-7::N3-c-9::B-B10::B-1-7::N-A11::N-B03::B-B03::B-A01::B-B04::N-2-15::N3-6::N-B04::B3-6::B-2-9::N-2-9::B-B07::B-B02::N-B02::B3-12::N-2-21::B-1-2::B-A08::N-A08::B-B05::	21
chr19	12761100	12939100	chr19_12761100	28	178000	0.049029442268548	36	2.24630583575787e-06	31	0.00146168353100729	::N-2-21::B-B10::B-2-26::B-A08::N-B05::N-B04::B-B04::N-B09::B-A07::B3-c-9::N-B10::B-2-15::N-2-14::B-1-2::B-2-14::B3-7::B3-6::B-B03::B-B05::B-1-6::B-2-17::B-A01::N-2-25::B-2-25::B-B09::N3-17::N3-7::N-2-17::	12
chr19	16135900	16313900	chr19_16135900	37	178000	5.64537692417273e-07	49	5.33868550110985e-15	45	3.63098299505918e-12	::N3-7::B3-3::B3-11::N-2-15::N-A01::B3-13::N-B03::N-2-9::B-A01::N-A07::B-3-1::N-B07::N-B10::B-B07::N-B04::B-A11::B3-17::N-B09::B-B11::B3-6::B-B02::B-2-25::B-B04::B-3-4::N-2-23::B-A08::B-B09::N-2-27::B-2-27::N-B02::B3-19::B-2-9::B-A10::B3-5::N-A12::B-1-2::B-2-23::	27
chr19	29927500	30105500	chr19_29927500	34	178000	3.27331549020101e-05	41	1.73661689422036e-09	32	0.000424745863250144	::N-2-15::B-3-1::B-2-25::N3-6::B-1-2::N-1-2::B-B04::B-A08::B3-6::B-B10::B-2-15::B-1-6::N-A10::N-B05::N-2-25::N3-11::B-B05::B3-c-9::N-A08::B-A11::N-A11::B3-19::B3-13::B3-11::B-1-7::B-A01::N-2-12::B-2-12::N-B09::B3-17::B-A02::B-A10::N3-13::N-A02::	19
chr19	32676600	32854600	chr19_32676600	28	178000	0.049029442268548	42	3.84485984810936e-10	39	3.29379301991809e-08	::B-A12::B-A08::B-3-1::B-2-23::N-B05::B-B05::N-2-23::N-A01::N-2-14::B3-19::N-1-2::B-1-2::B-A10::N-B08::B-3-4::B3-12::N-3-1::B-B02::N-2-17::N-3-4::B-2-17::B-B10::B-2-15::B3-11::B3-6::N-A08::N-2-15::B-2-27::	23
chr19	45597800	45775800	chr19_45597800	31	178000	0.00146168353100729	39	3.29379301991809e-08	30	0.0048729198165809	::B-2-23::B-A07::N3-c-28::N3-13::B3-13::B3-c-28::B3-6::B-B10::N-2-21::B-A04::N3-11::N-2-9::N-2-15::B-A08::B3-16::N-B09::B-B09::B-B03::B-2-26::N-2-26::N-B08::N-2-17::B3-2::B-A10::B-2-15::B-A05::B-2-27::B-B02::N-A08::B-1-2::N-1-2::	16
chr2	18054900	18232900	chr2_18054900	35	178000	8.69652207601153e-06	50	9.92864803878205e-16	46	7.33993418442788e-13	::B-B07::B3-6::B-3-1::B3-12::B3-16::N-B04::N-A11::B-B02::B3-3::N3-19::B-B11::N3-13::N-A05::N-A01::N-2-23::B-B10::B3-15::B3-c-9::B-3-4::N-2-17::B-2-15::B-2-17::N-A03::N3-6::N-B08::N-2-15::B3-17::N3-16::B-1-6::B-A01::N-B07::B-2-21::N3-c-14::B-2-12::N-B02::	23
chr2	37354000	37532000	chr2_37354000	35	178000	8.69652207601153e-06	43	8.31453259995974e-11	39	3.29379301991809e-08	::B-2-9::N-A10::N3-3::N-2-15::B3-c-9::N-B08::B-B08::B-3-1::N3-19::N-2-21::N3-13::N-A05::B3-7::N-B07::N-B04::B-1-2::B-2-15::N-A04::B-B10::N-B10::N-3-4::N3-11::B3-11::B-2-14::B-A07::B-B11::N3-16::B-2-17::N-2-9::N-1-6::N-2-12::N-3-1::B-2-23::B3-6::B-2-27::	25
chr2	48808600	48986600	chr2_48808600	35	178000	8.69652207601153e-06	56	2.74568647475095e-20	50	9.92864803878205e-16	::B-B05::B3-c-10::B-B11::B-A12::N-A12::B-3-1::N-2-17::B-2-17::B-A11::B3-2::N-A11::N3-6::B-B07::B-2-12::B-2-27::B-A03::B-A10::B3-7::N-2-27::N3-11::B-2-25::N-2-15::B-A01::N-A02::B-A02::B-2-15::B3-11::B3-5::N-A05::B3-6::N3-19::B-3-4::B-B10::N-A03::B3-19::	30
chr2	49411700	49589700	chr2_49411700	33	178000	0.000119685351704359	47	1.45217879286552e-13	43	8.31453259995974e-11	::B3-c-9::B-B09::B3-7::B-B02::B3-c-10::N-B04::B-A11::N-A11::N3-13::B-B05::B3-2::B-2-26::B-1-7::N-A04::N3-c-9::B-1-10::N-A01::B-A01::B-2-23::B-2-21::B3-19::N-1-6::B-B08::N-B08::N-3-4::B-B11::B-B10::N-B05::N-2-15::N-B10::B3-5::N3-19::B3-3::	22
chr2	52902500	53080500	chr2_52902500	28	178000	0.049029442268548	30	0.0048729198165809	25	1.19860131340641	::B-1-6::N-A08::N-A05::B3-3::N-2-21::B-B07::N-B03::B3-c-28::B-A08::N-B05::B-3-1::N-3-1::B-1-2::B-2-17::B-B10::N-B10::B-A02::N-2-25::B-A01::B3-19::N-B08::B-2-23::N-A01::N-B04::B-A04::N-A04::B-2-12::N-2-12::	22
chr2	59170700	59348700	chr2_59170700	29	178000	0.0157211654222618	38	1.38144986879558e-07	34	3.27331549020101e-05	::B3-17::B-A11::B-B10::N-A07::B-1-10::N3-7::B-1-2::B-2-9::B-B05::B3-12::N3-6::B-2-15::N-A11::N-B02::B3-11::N3-11::N3-16::B-A04::B-A02::B3-7::N-A05::B-A05::N-2-14::B-A08::N3-15::B3-15::N-A01::N-B05::N-B09::	17
chr2	60749100	60927100	chr2_60749100	32	178000	0.000424745863250144	44	1.75715853510999e-11	37	5.64537692417273e-07	::B-2-23::B-B07::N-2-15::B3-3::B-B03::N3-3::N-A12::B-A08::N-2-23::N-3-4::B-A05::N-A05::B-2-27::B-2-15::N-2-27::B-A10::N3-c-14::N-2-17::B3-c-14::N-A11::B-A11::B-2-14::B-B02::N-A02::B-B05::N3-5::N-B05::B-2-25::N-2-25::N3-7::N-3-1::B-A07::	23
chr2	61599300	61777300	chr2_61599300	28	178000	0.049029442268548	35	8.69652207601153e-06	34	3.27331549020101e-05	::N3-3::N-2-23::N-B04::N-A01::B3-6::N-3-1::B-B02::B-A02::N-B11::B-A08::N3-5::B3-7::B-3-1::N-A02::B-3-4::B3-3::B-A07::B-A04::B-A01::B3-19::N3-19::N-2-15::N-B05::N-A11::B-2-15::N-B10::B-A05::N-A05::	20
chr2	73826200	74004200	chr2_73826200	29	178000	0.0157211654222618	33	0.000119685351704359	30	0.0048729198165809	::N3-3::B-B07::N-2-27::N-2-17::N-B07::B-3-4::B-1-6::N-B03::N-2-26::B-2-26::B-B03::B-A11::N-2-15::N-1-2::B-A12::N-A12::B-A08::B-3-1::B3-6::B-2-27::N-A01::N-A07::B-2-17::B-A10::N-2-25::B-1-2::B3-3::B-2-21::B-2-15::	19
chr2	90849600	91027600	chr2_90849600	34	178000	3.27331549020101e-05	41	1.73661689422036e-09	36	2.24630583575787e-06	::N-B02::N3-16::B-A04::N3-6::B-1-6::N-A12::B-A12::N-B05::N-3-4::B-2-14::N-2-14::N-2-15::N-2-21::B-A02::N-1-2::N-A05::B-B03::N-B03::N-B07::N3-13::B-A01::N-B11::N3-2::B-2-21::B3-19::B3-12::B3-c-9::B-B02::B-A03::N-3-1::B3-c-32::B-B09::B-3-4::B-2-27::	26
chr2	91480100	91658100	chr2_91480100	28	178000	0.049029442268548	35	8.69652207601153e-06	32	0.000424745863250144	::N-1-2::B3-16::B-A10::N-B07::B-B03::N-B03::B3-11::B-B10::B-A07::N-B10::N-A02::B3-13::B-B02::N3-17::B-B09::N-2-25::N-3-4::N-1-6::B-1-6::B-2-14::N3-13::B-A01::B-3-1::N-2-21::B-B07::B3-7::N3-7::N-2-15::	20
chr2	91731000	91909000	chr2_91731000	33	178000	0.000119685351704359	47	1.45217879286552e-13	44	1.75715853510999e-11	::N3-16::N-2-25::B-2-25::B-2-21::N-A10::B3-6::B-B10::B-A07::B-1-6::B-1-10::B3-7::B-2-12::B3-17::N-A02::N-B05::B-1-7::B-A12::B-B04::B3-13::N-1-7::B-A01::B-A03::B-B09::B-1-2::N-1-2::B-A10::N-A11::B-B07::N-B08::N3-19::N-B02::B-2-15::B-3-4::	19
chr2	98644700	98822700	chr2_98644700	82	178000	6.20245227378455e-43	484	nan	37	5.64537692417273e-07	::B-A07::B-A08::N-A05::N-1-2::N-A01::N3-16::N-B07::N-1-7::N-B05::N3-6::N-2-14::N-B10::N-2-26::N-A02::N-2-12::N-A11::N3-7::N-B04::N-B09::N-A08::N-1-6::N3-13::N3-19::N-B08::N-B11::N-A03::N-A10::N-A12::N3-17::N3-c-14::N-2-15::N3-15::N-2-17::N-3-1::N-2-25::B-2-21::B3-12::N-2-9::N-B02::B-B02::N-1-10::N3-11::N3-12::N-2-27::N-2-21::N3-5::N-3-4::N-B03::N-2-23::N3-c-9::B-2-23::B3-17::B3-6::B-1-2::B-3-1::N-A07::N3-3::B3-c-28::B-B07::N-A04::B3-13::B-A02::B-B11::B-1-10::N-1-4::B-B10::B-2-15::B-A01::B-B08::B3-11::B-B04::N3-c-10::B-1-7::B-1-6::B-A05::B-2-27::B-B03::B3-19::B-A11::B-2-12::B-3-4::B-A12::	232
chr2	117106600	117284600	chr2_117106600	29	178000	0.0157211654222618	46	7.33993418442788e-13	41	1.73661689422036e-09	::N3-16::N3-12::B-A05::B-1-7::B3-19::N3-15::N-A02::B-3-4::N-3-4::B-A08::N-2-23::B-2-23::B-1-6::N-A08::B3-11::B-B10::B-A04::B-2-21::B-A02::B-B05::B-2-25::B-B09::N-2-27::B3-3::N-3-1::B-3-1::B-2-12::B3-c-9::B3-6::	15
chr2	121957800	122135800	chr2_121957800	30	178000	0.0048729198165809	44	1.75715853510999e-11	38	1.38144986879558e-07	::B-2-14::B3-c-10::N3-c-10::B3-3::N-B04::N-B05::B-B04::B-A03::B-A08::B3-12::N-3-4::N-1-6::N3-16::B-3-4::B-A12::N-A12::B3-19::B-2-25::N3-19::B-A07::B-2-27::B-1-6::N-A02::B-2-17::B-2-9::B-B11::B-A02::B3-2::N-B07::N-2-15::	17
chr2	152113400	152291400	chr2_152113400	32	178000	0.000424745863250144	37	5.64537692417273e-07	34	3.27331549020101e-05	::B-A03::N-2-17::B-1-4::N3-c-10::N-A12::N-A11::B3-5::B-2-27::N-2-27::B3-c-10::N-A05::B-A10::N-B08::B-2-14::N-2-21::B-2-25::B-2-23::B-B10::B-1-6::B3-7::N-A01::N3-7::B-A08::N-1-6::B-2-12::N3-16::N3-13::B3-13::N3-c-14::B-2-15::N-A02::B3-17::	14
chr2	153305800	153483800	chr2_153305800	28	178000	0.049029442268548	33	0.000119685351704359	26	0.428674039746884	::B-A12::N-B03::N3-7::N-B10::N-2-27::B-2-27::B-2-23::B-B05::B-B10::B-A04::N-A12::N-B04::B-3-4::N-2-15::N3-11::N-3-4::N3-12::N-2-9::B-2-9::N-A04::B-A11::B-B09::N-B09::N-2-26::B-A05::N3-17::N3-13::B3-16::	16
chr2	154678300	154856300	chr2_154678300	31	178000	0.00146168353100729	40	7.65706080657991e-09	35	8.69652207601153e-06	::B-2-9::N-B02::B-B03::B3-19::N-A07::N-2-21::B3-11::N3-11::N-3-1::B-A02::B-B05::B-2-15::B-A07::B-B10::B3-c-9::B-1-6::B-B09::N-2-27::N-2-15::B-A03::N-B05::B-A01::N-B04::B-3-4::B-B04::B-3-1::B-B02::N-A05::B-A05::B3-12::N-B08::	25
chr2	156085800	156263800	chr2_156085800	31	178000	0.00146168353100729	39	3.29379301991809e-08	32	0.000424745863250144	::B3-12::B-B03::B-1-6::N3-16::N-A02::N-B02::B-1-2::B-1-7::N-1-7::N-1-2::B3-3::B-B02::N3-6::N-3-1::B-2-14::N-2-14::B3-7::B-3-4::N3-c-14::B3-c-14::B3-19::B-B05::N-B03::B-B10::N3-11::B3-11::B3-2::B-A07::N-2-17::B-A12::N-A07::	17
chr2	160607900	160785900	chr2_160607900	34	178000	3.27331549020101e-05	39	3.29379301991809e-08	34	3.27331549020101e-05	::B-1-2::N-B09::B3-c-28::B-B05::B-2-27::B-B02::N-A01::N-2-17::N-B04::N-B08::B-3-4::B-A02::N3-19::N-2-15::B-B10::B3-12::B-2-14::B3-2::B3-19::B-2-15::N-A08::B3-5::N-1-2::B-A04::N-A04::N3-11::B-B07::N-B03::N3-17::N-A11::B-A11::B3-11::B-3-1::N3-6::	23
chr2	163470700	163648700	chr2_163470700	39	178000	3.29379301991809e-08	51	1.81027986907861e-16	18	483.057613032981	::N-A11::B-1-7::N3-11::N-1-2::N3-16::B-A10::B3-6::N-B08::B-B05::B-A07::N3-12::B-A04::N-B09::N-3-1::B-3-1::B-B02::B-2-15::B-B04::B3-16::B-2-21::B-B09::B3-13::B-B07::B-B10::B-B08::B-A08::B-2-27::B-A02::B3-7::B-1-6::B-2-25::B-1-2::B-B11::B-A12::B3-3::B-A05::B-B03::B-A11::B-3-4::	15
chr3	16153800	16331800	chr3_16153800	30	178000	0.0048729198165809	35	8.69652207601153e-06	32	0.000424745863250144	::N-A08::B-A04::N3-13::B-2-15::N3-3::B-B02::N-A11::N3-6::B3-6::B3-12::B-3-1::B-B08::N3-19::B3-19::B-1-2::N-2-15::B-A07::B-B11::B3-7::B3-11::B3-2::N-2-17::B-2-27::N-2-14::N-1-2::B-A08::B-2-21::N-B10::B3-13::B-A10::	17
chr3	19129800	19307800	chr3_19129800	35	178000	8.69652207601153e-06	45	3.63098299505918e-12	39	3.29379301991809e-08	::B-3-4::B-A07::B-B09::B-1-7::B3-6::B3-11::N-A02::B-2-14::N-3-1::B-B05::B3-3::B-2-27::N-B05::B3-c-28::B-2-15::N-1-10::B-B02::N-2-15::B-B10::N3-13::N-A12::B-A12::N-B09::B-1-6::N-3-4::N-A11::N-1-2::B3-2::N-A01::B-2-17::B3-13::N-A10::B-2-21::B-2-26::N-2-26::	24
chr3	27537200	27715200	chr3_27537200	37	178000	5.64537692417273e-07	53	5.67960422401264e-18	47	1.45217879286552e-13	::N3-19::B3-17::B-2-25::N3-17::N-2-26::N-A02::B-A02::B3-6::B-B02::B3-19::N-A05::B-B10::B-A07::N3-11::N-3-4::B-2-15::B-2-21::N-2-21::B-1-7::B-B07::N-2-15::B3-c-14::B-1-2::N-B10::N-B09::B3-3::B-2-14::B-B05::N-B05::N-B02::B3-5::N-2-25::N-2-14::B3-7::B3-13::B-A10::B-2-23::	27
chr3	30944700	31122700	chr3_30944700	28	178000	0.049029442268548	42	3.84485984810936e-10	38	1.38144986879558e-07	::N3-11::B3-3::N-A11::B-2-15::B-3-4::B-B07::B-1-7::B-A05::N-A05::B3-17::N3-15::N-1-2::N-3-1::B-2-14::B-B02::B-B10::B-1-4::B-1-6::N-2-15::B-B05::B3-6::N3-6::N-B08::N-B09::N-2-21::N-A08::B-A04::N-A04::	24
chr3	33957200	34135200	chr3_33957200	32	178000	0.000424745863250144	35	8.69652207601153e-06	31	0.00146168353100729	::N3-15::B-1-4::N-2-17::N-A11::N-B08::B-1-6::B-B05::B3-3::B-A01::B-3-1::B-A07::N-A07::B3-7::B3-12::B-1-7::N-2-23::B-B10::B-2-21::B-2-9::B3-16::B-B09::B-B02::N3-19::B-B07::N-B05::B3-13::B-2-12::B-A11::B-B03::B-2-23::N-3-1::B3-19::	28
chr3	51392300	51570300	chr3_51392300	37	178000	5.64537692417273e-07	52	3.23718978058245e-17	46	7.33993418442788e-13	::B3-11::B-B04::B-B08::N3-3::N-2-25::B3-19::B-1-2::B-2-14::B-A12::N3-19::B-B02::B3-3::N3-13::B-2-25::N-1-2::B-1-6::B-B10::N-1-6::B-2-9::B-B05::B-2-15::N3-11::B-2-26::B-2-21::N-3-1::B-3-1::N-B04::N-A01::B-A03::N-B03::B3-7::N3-7::B3-c-14::B-A02::N-2-14::B-A07::N-A08::	22
chr3	58426400	58604400	chr3_58426400	31	178000	0.00146168353100729	37	5.64537692417273e-07	31	0.00146168353100729	::B3-19::B-A12::B-B10::N-B10::B-2-26::B-2-14::N-2-15::B-B02::N-B09::B-B09::B-A03::N3-c-14::B3-c-14::N-2-26::B-1-7::N-B05::N-B11::N3-16::N3-3::N-2-27::B-2-25::N3-19::B3-13::N3-13::N-1-7::N-A02::B-A11::N-A11::N-B02::B-2-15::B-A10::	19
chr3	60460700	60638700	chr3_60460700	36	178000	2.24630583575787e-06	50	9.92864803878205e-16	36	2.24630583575787e-06	::B-1-6::B-2-14::N-2-14::B-B04::N-B04::N-1-6::N-2-21::B-1-2::B-B02::B-2-27::B-2-23::B-1-7::N-A08::B-B10::N-B03::B-B03::B-A11::N-A11::B3-11::B3-19::N-1-7::N-2-12::B-2-12::B-A02::N-2-15::B3-3::N-3-4::B-3-4::N3-3::N-2-17::N-A02::N-2-23::B-A07::N3-19::B-A05::N-A07::	20
chr3	69010300	69188300	chr3_69010300	41	178000	1.73661689422036e-09	60	1.75407420805761e-23	47	1.45217879286552e-13	::B3-3::N-1-6::N-B10::B-B10::B3-c-28::N3-19::B-1-2::B-2-12::N-2-12::N3-7::N-2-23::B-A08::B-2-25::B-2-14::N-2-14::B-A10::N-A10::N-B07::B-A02::B-B03::N-B03::B-B02::B-2-17::N-A08::N-2-21::B3-c-10::B-B04::B-2-15::N3-15::B3-15::B3-6::B-B09::N-B09::N-B08::B-A01::B3-19::B-B08::N-2-25::N-3-1::N-2-17::N3-11::	33
chr3	84806900	84984900	chr3_84806900	30	178000	0.0048729198165809	39	3.29379301991809e-08	38	1.38144986879558e-07	::B-A03::N-B02::B-B05::N-B10::N3-3::B-1-2::N-2-23::N-A05::B-2-15::B-1-6::B-A08::B3-6::N-2-27::N-A11::B3-19::N-A02::B-A02::B-2-26::B-2-23::N-3-1::N-A08::B-A11::B3-3::N-1-7::N-A10::B-A12::B3-7::N3-19::B-2-17::B-2-14::	20
chr3	88852400	89030400	chr3_88852400	33	178000	0.000119685351704359	45	3.63098299505918e-12	42	3.84485984810936e-10	::N-1-2::B-2-25::N-2-25::B3-12::B-B02::N-2-27::B-2-27::B-B07::N3-16::B3-13::B-3-4::B3-2::B-B05::B-B08::B-2-21::B3-6::B-1-7::N-B05::B-2-15::B-3-1::B-B10::N-1-6::N-B08::B-B09::N-B02::N-2-15::B-B03::B-A07::B-A08::B3-3::N3-6::B3-c-28::B3-17::	25
chr3	89880700	90058700	chr3_89880700	29	178000	0.0157211654222618	33	0.000119685351704359	29	0.0157211654222618	::N3-16::N-1-7::N-B08::B-A04::B-2-27::N-2-27::N-B04::B3-2::B-A08::B3-c-28::B-1-10::N-A04::N-1-6::N-A11::B-2-14::B-1-6::N3-12::B3-12::N-A08::N-B09::N3-19::B-A10::N-A01::N-3-4::B-B02::N-2-25::N-2-23::B-2-21::N-2-21::	18
chr3	90205800	90383800	chr3_90205800	38	178000	1.38144986879558e-07	52	3.23718978058245e-17	45	3.63098299505918e-12	::B-A02::B-A07::B3-11::N-2-17::B-A10::B-B10::B-A12::B-2-23::B-B02::N-A11::B-2-27::N-B08::B-2-14::N3-19::B-2-25::N-B05::B-B05::B3-5::B3-7::N-B07::B-3-4::N-A01::N-1-6::N-1-2::B-1-2::N-2-27::N3-16::B3-16::B3-2::B3-3::B-A01::N-B09::B-2-15::B-1-7::N-1-7::B-A03::B3-6::B-A08::	32
chr3	94838400	95016400	chr3_94838400	28	178000	0.049029442268548	33	0.000119685351704359	28	0.049029442268548	::B3-3::N-2-23::N-B05::B-2-12::B-A01::N-A01::N-2-15::B3-11::N-1-6::B3-16::N3-19::B-3-1::B3-13::B-2-27::B-A07::B-B11::N-2-14::B-2-26::N-2-26::B3-6::B-B05::N-1-4::N3-2::N-A11::B-A11::B-2-15::N-B04::B-1-10::	15
chr3	96083100	96261100	chr3_96083100	28	178000	0.049029442268548	38	1.38144986879558e-07	35	8.69652207601153e-06	::B-2-27::B-B09::N-A02::N3-12::B-2-25::B-A08::N-B05::N-A05::N-2-15::B-3-4::B-A10::B3-3::B-B10::N-1-6::N-A11::B3-6::B3-15::B-1-6::B-B07::N-B04::N-A12::B-A02::N-1-7::N-B11::B3-19::B-A04::B-2-15::N3-11::	16
chr3	103288300	103466300	chr3_103288300	40	178000	7.65706080657991e-09	53	5.67960422401264e-18	45	3.63098299505918e-12	::B-B09::N-2-23::N3-3::B3-c-28::B-A10::B-B10::B3-3::B-1-2::B3-6::N3-11::B-B07::B-A07::N-B04::B-2-17::N-2-25::B3-12::B-2-23::N-2-9::B-2-15::B-1-6::B-B03::N-B03::N-B05::N-2-15::B-2-21::B3-7::B3-13::B-2-25::B-A11::N-A11::B-2-14::B-A08::B-2-9::N-A12::N-B07::N-A08::N-2-27::B-2-27::B-A05::N3-19::	31
chr3	104821100	104999100	chr3_104821100	37	178000	5.64537692417273e-07	44	1.75715853510999e-11	40	7.65706080657991e-09	::B3-17::B-B02::B-3-1::B-A07::B-A08::B-B05::N-B03::B-B03::B-B09::B-B07::B-B11::B-A12::N-1-6::N-B04::B-B04::B-2-21::N-A12::B-A11::B-2-15::B-2-25::N-2-25::B-A10::N-2-26::B3-12::B-2-9::N-3-4::B3-15::B-2-17::B-A04::N-1-2::B-A01::N-A01::B-2-27::B3-11::N3-16::B-A03::N-2-15::	25
chr3	122438400	122616400	chr3_122438400	29	178000	0.0157211654222618	48	2.81322608204689e-14	40	7.65706080657991e-09	::B-A10::B-2-9::B-B10::B-2-25::N-2-15::B-1-6::N3-13::B-B05::N-B05::N3-19::B-A08::B3-19::B-3-1::B-B03::B-B02::B-B07::N-A11::B-3-4::B-2-17::N-2-25::N3-17::B3-17::N-2-21::B-1-10::N-A04::B-A04::B-A01::N-B03::B3-11::	22
chr3	126599300	126777300	chr3_126599300	28	178000	0.049029442268548	35	8.69652207601153e-06	33	0.000119685351704359	::N-A10::B3-3::B-A10::B-2-26::B3-12::B-A08::B-2-21::N-1-6::N-2-14::B-2-14::N-2-12::B-2-12::N-2-23::B3-11::N3-3::B-A02::B-2-25::N3-c-14::B-2-15::B3-19::B-B10::N-A03::N-2-26::B-1-2::N-3-4::N-2-27::B-1-7::N-A11::	14
chr3	135406400	135584400	chr3_135406400	32	178000	0.000424745863250144	41	1.73661689422036e-09	32	0.000424745863250144	::N-A05::B3-c-28::B-A10::B-B05::N3-13::B-A05::B-B02::B-A08::B-1-10::B3-6::N-2-23::B3-16::N3-11::B3-7::B3-11::B-2-21::B-2-14::B-A01::B3-3::N-B09::N-2-17::N-B02::B-A03::N-A08::N-A03::N3-17::N3-16::B3-19::B-2-25::N-1-6::N-2-15::B3-c-9::	23
chr3	144528400	144706400	chr3_144528400	32	178000	0.000424745863250144	38	1.38144986879558e-07	31	0.00146168353100729	::N-2-15::N3-15::B3-15::B3-19::N-2-25::N3-19::N-A08::N-A11::B3-6::B-B07::N-B07::B-A10::B-2-14::B-2-15::B-B02::N-B03::B-B03::B-A11::B3-7::N-B10::B-B10::N-2-23::B3-12::N-B04::N-2-17::B3-11::B3-c-9::B-1-2::B3-13::B3-3::B-A02::B3-17::	19
chr3	152222400	152400400	chr3_152222400	35	178000	8.69652207601153e-06	40	7.65706080657991e-09	31	0.00146168353100729	::B-B05::N-A01::N3-16::B3-16::B-2-12::N-2-12::N-1-10::B3-19::B-1-2::N-B10::B-A01::N-2-23::B-A08::N3-12::N-2-25::N-B03::N-1-6::N-A05::B-B03::B3-13::N-A11::B-B07::N3-3::N-2-27::B-2-27::B3-6::N3-c-28::B3-c-28::B-2-14::N3-6::N-2-15::B-B02::B-2-15::B3-5::B-2-21::	15
chr4	41106700	41284700	chr4_41106700	30	178000	0.0048729198165809	38	1.38144986879558e-07	36	2.24630583575787e-06	::B-B04::N-2-25::N-A05::B3-13::N-3-1::B-3-1::N3-11::B-1-7::B-B10::B-2-21::B-A12::B3-19::B3-c-32::N3-7::B-2-12::B-2-23::N-2-27::B-2-14::N3-13::B-B05::N-2-21::N-2-15::B-B11::B-2-27::B3-11::N3-16::B-2-15::N-B03::B-A08::N-A08::	15
chr4	44770700	44948700	chr4_44770700	33	178000	0.000119685351704359	43	8.31453259995974e-11	40	7.65706080657991e-09	::B-1-2::B-1-6::B-B10::B-2-15::B3-6::B3-16::N3-16::B-A05::B-1-4::B-B02::N3-13::B3-13::B-B05::B-2-27::B-1-7::B3-11::B-3-1::N-3-1::B3-19::B-2-14::B-A07::N-2-15::N3-7::N-2-17::B-2-26::N-2-23::B-2-23::B3-7::N-3-4::N-A08::B-2-9::N-A01::N-1-2::	21
chr4	82297000	82475000	chr4_82297000	43	178000	8.31453259995974e-11	54	9.78025314923432e-19	47	1.45217879286552e-13	::N3-19::N-A12::B-3-4::B-2-21::B-1-2::N-A07::N3-6::B-2-15::N-B10::B3-c-9::B3-19::B-2-9::N-3-1::B-A07::B-A01::B3-15::N-2-21::N-B07::B3-17::N-A11::B3-12::N-2-25::B-2-25::B-B02::B-B11::N-B04::B-B04::N-B03::N-1-7::B-1-10::B-B03::B3-6::B-1-7::N3-c-9::N-2-27::B-2-27::N3-16::B3-16::B-B09::N-2-14::B-A05::N-A02::N-2-23::	20
chr4	116564800	116742800	chr4_116564800	32	178000	0.000424745863250144	35	8.69652207601153e-06	27	0.147634957009995	::B-2-21::N-B05::B-B05::B-2-15::N-2-15::N-2-23::B-2-23::N-B09::B-B09::B3-3::B-A08::N-B04::B-B04::N3-3::N3-13::N-A03::B3-19::B-B10::B-A02::B-3-1::N-3-1::B-1-10::N-A01::B3-2::N-2-9::B-2-27::B-1-9::B-2-9::B-2-12::B-1-7::N-2-14::N3-16::	13
chr4	119515700	119693700	chr4_119515700	32	178000	0.000424745863250144	41	1.73661689422036e-09	37	5.64537692417273e-07	::N-1-7::B3-3::B-1-7::N-B07::N-1-2::N3-13::B-A08::N-2-23::B-3-1::N-3-1::B-3-4::N3-19::B-B05::N3-11::N-B11::B3-11::N-A01::N-1-6::B3-5::B3-17::B-1-2::B3-19::B-B02::N-2-14::B-2-23::B-B10::N-2-15::B-A01::B3-c-9::B3-12::B3-6::N-2-27::	23
chr4	129698100	129876100	chr4_129698100	32	178000	0.000424745863250144	36	2.24630583575787e-06	31	0.00146168353100729	::N-B09::B-B09::B-2-21::N-A01::B3-5::B-A08::N-2-9::B-2-9::N-B08::B-B08::B-B04::B-A11::N3-6::N-B02::N3-19::N-B04::N-1-6::B3-13::N3-13::B-A02::B-A07::N-2-15::B-2-15::B-1-6::N-A05::N-2-12::B-3-1::B-B10::N3-17::B3-11::B3-15::B3-c-32::	19
chr4	130647100	130825100	chr4_130647100	40	178000	7.65706080657991e-09	61	2.6738922969894e-24	47	1.45217879286552e-13	::N3-17::B-B02::N-2-21::N-B10::B-B10::N-3-1::B-3-1::B3-c-28::B-A10::B-B07::N-A01::N-1-6::B3-17::B3-12::N-2-15::B-2-15::N3-13::B3-11::N3-11::B-1-4::N-A08::B-A08::B3-2::N3-16::B-A05::N-B02::B-2-9::B3-13::B-1-6::B-1-2::B3-5::B-A07::N-B07::B3-7::N3-7::N-1-10::N-A11::N-B09::B-B09::B-B05::	28
chr4	132172500	132350500	chr4_132172500	29	178000	0.0157211654222618	38	1.38144986879558e-07	30	0.0048729198165809	::B3-17::B-B08::N-B08::B-A01::B-A11::B-A08::N-2-25::B-2-25::B-B07::B-B02::B-2-15::B-2-14::B3-15::N-3-4::B-3-4::N-A01::N-2-23::B3-5::B-B04::N-B04::B-1-7::N-2-26::N3-13::N-2-14::N3-11::N-A02::N-B05::B-B05::B3-13::	20
chr4	133603800	133781800	chr4_133603800	28	178000	0.049029442268548	43	8.31453259995974e-11	37	5.64537692417273e-07	::N-2-15::N-2-27::N-2-25::B-B07::B-B03::B-A05::N-B02::N-A08::B-A08::B-3-4::B-2-15::B-B02::B-B09::B-A10::N-A10::N-B08::B-1-2::B-A02::B3-7::N3-7::N-B09::N-2-23::N3-5::B3-3::B3-12::N-1-10::N-B04::N-A11::	31
chr4	135208500	135386500	chr4_135208500	33	178000	0.000119685351704359	42	3.84485984810936e-10	34	3.27331549020101e-05	::B-2-27::B-3-4::B3-5::B3-c-28::N3-13::B3-13::B-B04::B-B02::N-3-1::B-A04::N-A04::B-2-12::N-2-12::B3-7::B-A08::N-A01::B-1-7::N-B10::B-B10::N-A11::B3-c-10::N3-19::B-A10::N-A10::N-B05::B-B05::B-1-6::N-2-17::B-A05::N-A05::B-A07::B-2-25::N-2-9::	27
chr4	136449400	136627400	chr4_136449400	40	178000	7.65706080657991e-09	67	2.4057710623723e-29	51	1.81027986907861e-16	::B-1-7::B-2-26::N-2-26::N-2-15::B3-c-9::N-1-7::N-3-4::B-3-4::N3-12::N3-19::N3-16::B-2-15::B-2-27::B3-12::N3-13::B3-7::B-A10::N-B07::B-B07::N3-c-9::N-3-1::B-A12::B-A08::B-A03::N-A08::N-A03::N3-c-14::B3-13::B-2-23::N-A07::B3-17::N3-2::B3-2::B3-6::N-B08::B-B08::N-2-12::B-A01::N-A01::B-2-25::	34
chr4	137234900	137412900	chr4_137234900	29	178000	0.0157211654222618	36	2.24630583575787e-06	30	0.0048729198165809	::N-2-17::N-B08::B3-11::N3-c-28::B3-12::N3-17::N-B04::B-2-15::B-B07::B3-5::N3-7::N-1-6::B-B08::N-2-26::N3-6::N-2-25::B3-7::B-1-6::B3-c-28::B-3-4::N-2-15::B3-3::N3-c-9::B-A12::N-A10::B-A10::N3-13::B3-13::B-A11::	17
chr4	150261300	150439300	chr4_150261300	30	178000	0.0048729198165809	35	8.69652207601153e-06	31	0.00146168353100729	::B-1-2::B-A07::N3-16::B-A05::N-A05::B3-6::N3-15::B3-7::B3-16::B-2-14::N-A10::N-B09::N-B05::B-2-23::B-B09::N-B02::B-2-25::B-B02::B-2-15::N-2-15::B-A04::B3-c-28::B-A08::N-A01::B-1-10::N-B08::B-B08::B-B05::B-A10::B3-3::	17
chr4	155478300	155656300	chr4_155478300	38	178000	1.38144986879558e-07	49	5.33868550110985e-15	40	7.65706080657991e-09	::B-B09::B-2-9::B-A10::N-2-9::B-B11::B-2-27::B3-17::B-A07::N3-13::B-2-15::N-2-14::B3-c-32::B-2-23::B3-19::N3-19::N-B04::N-2-15::B-2-25::N-2-25::B3-13::B-2-14::B3-3::N3-3::N-1-2::B-1-6::B3-11::B-B02::N-A11::B-A11::B-B05::N3-11::B-A12::N-A02::B-1-2::N-3-1::B-B10::N-2-27::B-A02::	26
chr5	20867100	21045100	chr5_20867100	35	178000	8.69652207601153e-06	46	7.33993418442788e-13	43	8.31453259995974e-11	::B-3-1::N-2-27::N-1-6::B-2-15::B-A01::B3-7::N-2-9::N-A01::B-B02::N-1-10::B-B09::B-1-10::B-B10::B-A10::B-B03::N-2-17::B3-19::N3-19::B-B05::N-3-4::B-2-27::N-B10::N-A05::B3-c-32::N3-17::N-A12::B-3-4::N3-11::N-2-14::B-A02::B-2-25::B3-6::B-1-6::B3-12::B-2-23::	32
chr5	23457000	23635000	chr5_23457000	35	178000	8.69652207601153e-06	42	3.84485984810936e-10	39	3.29379301991809e-08	::B-2-15::N-2-15::N-2-9::N3-11::B3-12::B3-11::B3-2::N-A01::B-1-2::N-2-21::B-2-14::B-A05::N3-3::B3-3::B3-6::N-B04::N-A07::B-3-4::B3-19::B-A03::B-B05::B-2-25::B3-c-28::B3-7::B-A07::N-A05::B-A12::N-B09::N-2-27::N-A02::B-1-6::N-2-23::B3-c-9::B-2-21::N-B10::	19
chr5	25301000	25479000	chr5_25301000	43	178000	8.31453259995974e-11	112	1.68618355980283e-73	88	1.02764105286934e-48	::B-2-15::B-A10::N-2-17::N-A05::B3-13::B3-7::B-2-9::B-2-17::B3-12::N3-12::B-1-6::N3-13::N-2-25::N-2-15::B-B02::N-B02::N-2-9::B-2-27::N-3-1::N-A03::B-B10::B-B07::B-A02::B-1-2::B-A08::B-A03::N-A08::B-B08::B-1-10::B3-c-9::B-2-25::B-B09::B-A11::N-B07::N-B10::N-B08::B3-17::N-A07::B-3-1::B3-5::N-2-23::B3-6::B-B05::	61
chr5	28084600	28262600	chr5_28084600	86	178000	9.09896103823512e-47	204	0	11	12888.5409708671	::N-B04::N-A01::N-2-23::B3-7::N-2-15::N-A08::N-B09::N-2-25::N3-16::N3-11::N-3-4::N-1-2::N-2-21::B3-c-28::B-2-21::B-2-12::B-2-15::B3-12::B-B10::B3-6::B3-c-9::B3-5::N3-15::B-A08::B-1-2::B-B04::N-A11::B3-16::B-2-25::B-A10::B-2-9::N-2-14::N-1-7::N-B03::N-B05::N-1-6::N3-3::N-1-4::N3-c-14::B-A04::B-B11::B-2-14::B3-15::B-B03::B-2-17::B3-11::B-B05::B-B08::B-1-7::B-1-10::B-B09::B-1-6::B-B07::B-1-4::B-2-23::B-A02::B3-13::B-A01::B-3-4::B-A11::B-3-1::B3-3::B3-17::B3-2::B3-19::B-A05::B-B02::B-2-27::B-A07::N-3-1::N3-5::N-2-12::N3-12::N-B02::N3-7::N-B10::N-B08::N-A03::N-2-27::N-1-10::N-A02::N-A10::B-A12::N3-13::N-A12::B3-c-10::	129
chr5	32343500	32521500	chr5_32343500	32	178000	0.000424745863250144	41	1.73661689422036e-09	35	8.69652207601153e-06	::N3-11::B3-17::N-2-25::N3-17::B-B04::B-1-10::B3-6::B-2-21::B-A12::N-A12::N-B08::N-3-1::N-1-6::B-2-17::N-2-17::B-3-1::N-A05::B-A05::N-A08::B-B02::B-2-25::B-A07::B-3-4::N-2-23::B-A08::B-2-15::N3-16::B3-16::B-A10::N-A11::N3-19::N-2-15::	24
chr5	34339200	34517200	chr5_34339200	35	178000	8.69652207601153e-06	69	4.43351169142326e-31	59	1.1318097496275e-22	::B3-12::B-2-21::N3-3::B3-3::N-A12::N-B04::N-B05::N-B08::N3-16::B-B02::B-1-7::B-1-6::N-A01::N-B10::B-B10::N-1-6::B-B05::N-2-26::B-2-15::B-2-14::B-A05::N-B03::N-A02::B-3-1::B3-c-9::B-A08::N-2-12::B3-6::N3-13::B3-16::B3-13::B-A12::B3-11::N-2-17::B-2-17::	34
chr5	53522600	53700600	chr5_53522600	31	178000	0.00146168353100729	36	2.24630583575787e-06	30	0.0048729198165809	::B3-2::B-1-2::B-A12::N-3-4::B-2-14::B3-6::N3-6::N-A02::B3-13::N3-13::B3-19::B3-c-9::B-3-1::N-B09::B-3-4::B-2-12::B-B04::N-B02::B-B02::N-A10::B3-17::N-A03::N-2-21::N-B04::B-B05::B-A02::B-2-23::N-2-23::N-B03::N3-c-28::B-2-26::	18
chr5	65514300	65692300	chr5_65514300	39	178000	3.29379301991809e-08	63	5.91920302104661e-26	58	7.18124361601294e-22	::N-A03::N-1-7::B-B10::N-3-1::N-2-21::B3-7::B-A10::B-2-15::N-2-15::B-A02::B-3-1::B-1-2::B-B05::N3-c-14::B3-13::B-A07::N-A11::B-2-21::N-A01::B-2-25::N-A12::N-1-6::B-1-10::B3-c-14::B-1-6::B3-c-28::B3-12::B-A11::B-1-7::B3-6::N3-6::N3-13::N-B02::N-1-10::B-B07::B-2-23::B-B09::N-B05::B-A05::	37
chr5	90225400	90403400	chr5_90225400	38	178000	1.38144986879558e-07	63	5.91920302104661e-26	59	1.1318097496275e-22	::N-1-6::B-A04::B-B05::N-B05::B3-c-9::B-B04::B3-6::N-2-17::B3-17::B-A10::N3-13::B-A12::N-1-2::N3-3::B-1-2::B-A01::B3-19::N3-6::N-A10::N-2-23::B-2-25::B3-12::N-2-21::B-2-15::N-B10::B-B09::N-1-7::N3-17::B3-7::B-A02::B-1-6::N3-19::B-1-7::B-A08::N3-c-14::N-A02::N-2-25::N-A07::	32
chr5	96070200	96248200	chr5_96070200	31	178000	0.00146168353100729	39	3.29379301991809e-08	36	2.24630583575787e-06	::N-B08::N3-6::N-A01::N-2-15::B3-19::B3-c-9::B-3-4::B-2-15::N-B10::B-B10::B-A03::B-A02::N-A02::N-2-17::B-B02::B3-17::B-B04::B-1-2::N-A11::B3-3::N3-16::B-1-6::B3-13::N-1-6::N-B05::N3-13::N-B02::N-B04::B-2-25::B3-11::B-1-7::	20
chr5	99950600	100128600	chr5_99950600	28	178000	0.049029442268548	36	2.24630583575787e-06	29	0.0157211654222618	::B-2-25::B-2-15::N-A04::N-B09::N-A02::N-A11::B-A02::N-2-15::B3-6::N3-13::B-B05::N-B05::N-B10::B-B10::B3-13::B3-5::N-A05::B-2-21::B-A03::B-A08::B-1-6::B3-17::B3-7::B-A05::B-B04::N-2-25::N-B11::N-2-17::	23
chr5	103691100	103869100	chr5_103691100	35	178000	8.69652207601153e-06	48	2.81322608204689e-14	39	3.29379301991809e-08	::B-1-2::B-B09::N-B08::B-B08::N3-6::B-2-12::B3-c-9::N3-13::N-B03::B-2-15::B-2-23::B3-7::N-3-4::N-2-15::N-2-9::B3-6::B3-c-28::B-2-21::N-B10::B3-12::B3-5::B-A07::N-A07::B-1-6::N-2-23::N-B05::B-1-7::N-1-7::N-1-6::B-A04::B-B02::B3-19::N3-19::N-3-1::N-B02::	24
chr5	108450300	108628300	chr5_108450300	30	178000	0.0048729198165809	43	8.31453259995974e-11	39	3.29379301991809e-08	::B3-5::B-1-2::B-2-23::B-1-6::B-2-12::N-2-12::B3-17::B-A10::B-2-14::B3-12::B-A05::B-2-15::N-2-23::B-A07::N-2-15::B-A01::B-B04::N-B04::N-A12::N-A04::N-1-6::B3-3::N3-15::N-A11::B-A11::B-B03::B-3-4::N3-11::B3-11::B-B05::	20
chr5	110623000	110801000	chr5_110623000	28	178000	0.049029442268548	38	1.38144986879558e-07	34	3.27331549020101e-05	::N-2-23::B3-17::B3-6::B-1-6::B-2-15::B3-12::N-2-21::N-1-6::N-2-15::B-2-27::B-A10::B3-c-28::B-3-1::B-B04::B-B10::B-A03::B-A08::N-B04::N3-16::N3-2::B-2-23::N-B02::B3-7::N-B05::B-A07::N-A11::B-A02::N-B07::	21
chr5	115004600	115182600	chr5_115004600	29	178000	0.0157211654222618	38	1.38144986879558e-07	36	2.24630583575787e-06	::B-A03::N-B10::B3-5::B-B10::B-A05::N-B02::N-1-6::N-A04::N3-13::B3-13::B-B02::B3-12::N3-c-9::B3-3::N-A02::B-2-15::B-B05::B3-7::B-1-2::N3-19::B-B04::N-B04::N3-6::N-2-9::B-A10::B-2-14::B-2-21::B-A12::B-A08::	21
chr5	121653300	121831300	chr5_121653300	32	178000	0.000424745863250144	39	3.29379301991809e-08	33	0.000119685351704359	::N3-17::N-B03::B-1-10::B-2-27::B-A05::N-B02::N-2-26::B3-c-10::N-2-21::N-1-2::B-1-2::N-2-15::B-A07::B3-19::B3-6::B-B09::B3-11::B3-5::N-3-1::B-2-15::N-2-25::N-B08::N3-c-32::B3-3::B-B10::B-1-6::B3-17::N-1-6::B-B11::B-B03::B-A08::N-A08::	15
chr5	122326200	122504200	chr5_122326200	33	178000	0.000119685351704359	40	7.65706080657991e-09	34	3.27331549020101e-05	::N3-19::N3-13::B-A08::B-A03::B-A10::N-A08::N-A03::B-B03::B-3-4::N-2-25::N-3-1::N-2-27::B3-c-9::N-2-15::B-3-1::N-B09::B-2-15::B-A01::N-A01::B-A07::B-B02::N-1-2::N-B08::N-B02::B3-3::B-1-6::B-A11::B3-6::B3-19::B-2-25::B-B09::B-2-27::B-B10::	23
chr5	125009400	125187400	chr5_125009400	31	178000	0.00146168353100729	44	1.75715853510999e-11	42	3.84485984810936e-10	::B3-6::B-B05::B-2-15::N-B10::B-2-21::B3-17::N3-17::B3-c-28::N-B11::B-B11::B-1-6::N-2-25::B3-7::B-A03::B-1-2::B-A07::N-2-23::N-2-14::B3-12::B3-3::B-A10::B-A08::B-A02::N-3-4::N-2-15::N-1-2::B-2-14::N-B09::B3-c-32::B-B10::N-A11::	22
chr5	142630400	142808400	chr5_142630400	29	178000	0.0157211654222618	34	3.27331549020101e-05	30	0.0048729198165809	::N-2-15::B-3-4::N3-13::B-B11::N-2-23::N-B05::B-B10::B3-11::B-2-14::B3-3::B-A07::B-A05::B3-12::N-3-1::B-A01::B3-6::N-1-6::B-B09::B-1-7::N3-16::B3-16::N3-6::B-2-9::N-B07::B3-7::B-B02::N-2-17::N3-c-10::B-2-25::	15
chr5	147340500	147518500	chr5_147340500	33	178000	0.000119685351704359	48	2.81322608204689e-14	42	3.84485984810936e-10	::N-2-27::N-A03::B-2-25::B3-13::N3-17::N-2-17::B-A02::B3-c-9::N-2-15::B-A08::B3-19::N3-19::N3-2::B-A05::N3-c-14::B3-17::B3-5::B-B03::B-1-7::N-2-23::B-2-23::N-1-7::B3-7::B-B08::B-3-1::B-A12::B-1-6::N-B04::B-B02::B3-c-28::B-B07::N-B08::B3-6::	26
chr6	17600100	17778100	chr6_17600100	30	178000	0.0048729198165809	39	3.29379301991809e-08	33	0.000119685351704359	::N3-11::B3-3::B-2-27::B-B10::N-B10::B3-c-14::N3-c-14::B3-13::B-A02::B3-12::N-1-2::B-1-2::B-A11::N-A11::B-1-6::B-2-25::N-B03::B-1-10::B-3-4::B-2-21::N-A10::B-A10::N-2-15::B-A04::B-A08::N-A02::B-B09::B-2-17::B3-c-28::B3-17::	16
chr6	28535400	28713400	chr6_28535400	29	178000	0.0157211654222618	40	7.65706080657991e-09	39	3.29379301991809e-08	::B-1-6::B3-3::N-A02::B-B10::B3-19::B3-c-28::N-B07::B-B02::B-1-7::B-1-2::N3-3::B-B05::B3-6::N3-19::B-2-21::B3-7::N3-12::B-A04::B-A10::B-2-23::N-2-14::N-A11::B-3-4::B-A07::N-B05::N-B02::N-2-21::N-A01::B3-5::	17
chr6	35014300	35192300	chr6_35014300	29	178000	0.0157211654222618	38	1.38144986879558e-07	37	5.64537692417273e-07	::B-2-23::N-B04::B-B07::N-B10::B3-6::B-3-1::N-A02::B3-17::B3-3::B3-12::B-A08::B-1-6::B-B05::B3-19::B3-11::N-A07::N-2-25::B-2-25::B3-c-9::N3-19::N-B09::N3-6::B-B03::N3-17::N-1-2::N-B03::B-A10::B3-c-10::B3-c-28::	23
chr6	38447800	38625800	chr6_38447800	36	178000	2.24630583575787e-06	43	8.31453259995974e-11	36	2.24630583575787e-06	::B3-c-28::B-B11::B3-6::B-2-9::N-2-17::N-2-26::B-B05::N-B07::N-1-2::N-3-1::B-1-6::B3-7::N-2-27::N-2-25::N-B03::B-1-7::B-2-25::B3-19::N3-16::B3-3::N-3-4::B-2-14::N-A12::B-A08::B-2-17::N3-11::B3-13::N3-13::B-B04::N-A04::B-B10::N-B08::N3-15::B-B03::B-B02::N3-12::	20
chr6	47410000	47588000	chr6_47410000	43	178000	8.31453259995974e-11	57	4.4792146107579e-21	47	1.45217879286552e-13	::N3-6::N-B04::N3-3::N3-19::B-2-9::B-2-23::B-2-21::B3-c-28::B-A01::B-1-10::N-A02::B3-2::B-B04::N-2-17::B-2-15::B-B10::B-A08::N-B07::B3-15::N-A03::B3-12::B3-7::N-B10::N-3-4::B-2-12::N-1-7::B-B03::N-B03::N3-13::B-A02::B3-6::B-B09::N-B05::N-A10::N-1-6::B-A07::B-2-25::N-2-15::N3-c-9::B3-c-14::B3-c-9::B-B05::N3-16::	26
chr6	83820400	83998400	chr6_83820400	32	178000	0.000424745863250144	34	3.27331549020101e-05	33	0.000119685351704359	::B-B04::N3-17::N-B07::B3-2::B-2-23::N-B08::B-A07::B-1-6::B-2-15::N-2-17::N-2-26::B-3-4::B-1-7::B-A12::B-A08::B-A01::B-A02::B3-11::B-2-25::N-2-27::B3-17::N-B04::N-2-21::N3-16::B-1-2::B3-c-28::N-2-14::N-A01::B-B09::B-B10::B3-c-10::B-2-21::	18
chr6	86828300	87006300	chr6_86828300	28	178000	0.049029442268548	32	0.000424745863250144	29	0.0157211654222618	::N-A01::N-1-7::B-B11::N-A05::B-B03::B-A10::B-1-10::N3-17::B-A05::B-A01::N-2-15::N3-13::B3-c-9::B-1-7::B3-5::B-2-23::B-A07::N-2-17::B3-c-28::B-1-2::N-B09::B-B04::B-B09::N-A07::B3-17::B-B10::B-1-6::N-2-21::	18
chr6	103604700	103782700	chr6_103604700	30	178000	0.0048729198165809	37	5.64537692417273e-07	13	7143.82361251138	::B-A01::B-1-7::B3-19::B3-c-28::N-2-14::N-B11::N-3-1::N-A01::B-B11::N3-13::N-B10::N-2-12::N3-16::N-A05::N-B04::N-2-21::N-B08::N-B05::N-1-7::N-2-15::N3-3::N-A12::N3-11::N-A02::N-A11::N-2-23::N3-19::B-A10::B-A07::B3-11::	22
chr6	113016600	113194600	chr6_113016600	43	178000	8.31453259995974e-11	60	1.75407420805761e-23	49	5.33868550110985e-15	::B-B10::B-1-6::B-B02::B-B05::B-1-2::N-B11::N-1-6::B3-c-9::N3-c-9::B-2-12::N3-16::B-B04::B-A11::B3-c-14::N3-c-14::N-2-15::B-2-21::B-2-15::B-A12::B-A07::B3-c-28::B-2-23::N-1-4::N-1-2::B-A05::B-2-27::N-2-27::N-2-25::N3-13::N-1-7::B3-2::B-B11::N-A03::N-2-17::B-A08::B-B07::N3-11::N-B08::B-B08::B-A03::B-2-25::N-1-10::B-B03::	37
chr6	119883300	120061300	chr6_119883300	34	178000	3.27331549020101e-05	47	1.45217879286552e-13	42	3.84485984810936e-10	::B-B04::N-1-2::B-A08::B-2-15::N-2-9::B-1-6::B-B10::B-B05::B3-6::N3-19::B3-19::N-B09::B-A07::B-A12::B3-7::B-A11::N-2-21::B-2-21::B3-13::N-2-23::N-B11::N-2-15::B-2-12::N-2-12::B-2-14::N-2-14::B3-3::N3-11::B3-17::N-B05::N-A01::N3-12::B-2-25::N-A08::	26
chr6	134040500	134218500	chr6_134040500	29	178000	0.0157211654222618	41	1.73661689422036e-09	35	8.69652207601153e-06	::N-A03::N-2-25::B-B09::B-A04::N-A02::B-A02::N-A08::N-2-21::B-2-15::B-2-25::B-2-9::B-B11::B-1-10::N-A05::B-A05::B-B04::B-A08::N-B03::B-B05::N-3-1::B-3-1::B-B02::B-B03::B3-3::N-A01::B3-6::N-B04::N-1-2::B-1-4::	18
chr6	134435400	134613400	chr6_134435400	37	178000	5.64537692417273e-07	47	1.45217879286552e-13	44	1.75715853510999e-11	::N-1-7::B3-c-28::N-A04::B-A04::B-A08::N-B09::N3-13::B-1-2::B-2-17::N-2-21::B-2-15::B-2-23::B-A12::B-B10::B-2-21::N-2-25::B3-7::N3-7::B-2-12::N-B07::N-1-2::N-3-1::N-2-12::N-A03::N-2-23::B3-5::N-A02::B3-12::B-1-7::B-B02::B3-19::N3-16::B3-6::B-1-6::N3-c-9::B3-17::N-B11::	25
chr6	146816400	146994400	chr6_146816400	28	178000	0.049029442268548	34	3.27331549020101e-05	30	0.0048729198165809	::N-A01::B-2-27::N-2-15::N3-11::B3-7::B-A02::B-B10::B-3-4::N-A11::B-A11::B-A07::N-3-4::B3-11::B-B03::N-B03::N-2-14::B-A10::N-A07::B-1-7::B-A12::B-B02::B3-5::N-B10::B-A04::B-2-23::B3-17::N-2-17::B-B07::	17
chr7	16504200	16682200	chr7_16504200	28	178000	0.049029442268548	39	3.29379301991809e-08	32	0.000424745863250144	::B-A11::N-B05::N-2-15::B-2-15::B-B04::B-B10::B-2-14::B-A07::N-B04::N-2-14::N-2-17::B-2-17::B-A01::N3-16::N-B09::B-1-2::N-1-6::N3-19::B-1-10::N-A01::N-B08::B-A10::B3-12::B3-11::B-B02::N-B10::N-2-23::N-2-9::	22
chr7	67195200	67373200	chr7_67195200	33	178000	0.000119685351704359	36	2.24630583575787e-06	29	0.0157211654222618	::N-A05::N-3-1::B-3-1::B3-15::N-2-23::B3-7::B-B05::N-B04::B-B09::B-B07::N3-c-14::N3-3::N3-17::B-A03::N-1-7::N-A01::B-B04::B-A11::N-A11::B-2-26::B3-6::B3-11::B3-5::B-2-15::B3-17::B-A08::N-A03::N-A08::B-A02::B-1-7::N3-11::B3-2::N-B08::	21
chr7	80600500	80778500	chr7_80600500	32	178000	0.000424745863250144	38	1.38144986879558e-07	32	0.000424745863250144	::N-A04::B-3-1::B3-2::N3-2::N3-19::B3-c-9::B-A07::N-B08::B-1-6::B3-3::N-A11::B-3-4::N3-12::B-2-21::N-2-15::B-2-15::B-2-9::N-B09::B3-19::N-B04::B3-13::N3-16::N-A08::N3-13::B-A02::N-A07::B-B02::N-1-6::B-B11::N-A02::N-A10::B-1-2::	17
chr7	90051100	90229100	chr7_90051100	36	178000	2.24630583575787e-06	54	9.78025314923432e-19	45	3.63098299505918e-12	::N-A02::B-B02::B-2-21::B3-17::N-B09::N3-11::B3-11::N-1-4::B-A02::B-A08::N-1-2::N-B02::B-2-23::B-B07::B3-c-9::N-2-25::B-B09::N3-c-32::N3-16::N-A11::B3-6::B-A03::B3-7::N-3-1::B-B10::B-3-1::N-2-21::B-1-2::N-A01::B-A01::B3-13::N3-13::B-A11::N-1-6::N3-6::B-1-10::	25
chr7	102046200	102224200	chr7_102046200	31	178000	0.00146168353100729	40	7.65706080657991e-09	36	2.24630583575787e-06	::B-1-7::B3-c-28::N3-13::N-2-17::B3-6::B3-7::B-A05::N-2-25::B-B07::N-B07::N-2-15::N-B10::B-1-10::B-2-21::N-A02::B-3-1::B-B04::B-A07::B-B05::N-B05::N3-c-9::B3-c-9::B-2-15::N-1-6::B-1-2::N-2-27::N-B09::N-1-2::B-2-27::B-B02::B-2-26::	19
chr7	111942600	112120600	chr7_111942600	33	178000	0.000119685351704359	42	3.84485984810936e-10	37	5.64537692417273e-07	::B3-19::N3-13::N3-19::N-A02::B-A02::B-B05::N-A01::B-1-7::B3-13::B-1-2::N-B07::N-B03::B-B03::N-2-25::B-A04::N-1-2::B-2-14::N3-17::B-1-6::B-1-10::B-2-27::B-B09::N3-7::B-B07::N-2-17::B-2-17::N-B04::B-B02::B3-12::N-2-21::N-2-27::B-A08::B-2-23::	23
chr7	118102100	118280100	chr7_118102100	40	178000	7.65706080657991e-09	49	5.33868550110985e-15	45	3.63098299505918e-12	::N-2-25::B-2-14::B-2-23::B-B05::B3-16::N3-16::B-1-2::B-B04::B-B08::B3-6::N3-19::B3-3::B-A01::B-3-1::N-A05::B-A05::B-3-4::N-1-6::B3-11::N-B08::B-A08::N-2-23::B-B03::N-2-14::B3-7::N3-11::B-1-10::N3-5::N3-13::N-A08::N-3-1::B-B07::N-3-4::B-2-27::N-2-27::B-2-26::B-A11::N3-17::N-A12::B-B10::	23
chr7	121661100	121839100	chr7_121661100	47	178000	1.45217879286552e-13	55	1.6535342272201e-19	15	2941.46031174472	::N-B09::B-2-27::N-2-27::N-1-2::N-B04::B-2-9::B3-c-32::N-2-15::B3-12::B-B04::B-2-25::B-3-1::N-3-1::N-2-12::N-2-21::N-A10::N-2-25::N-1-6::N-A11::N3-16::N-2-14::N3-6::N-B05::N-A02::N-B07::N-1-9::N-B08::N-2-9::N-2-26::N3-11::N-B11::N-A12::N-B02::N-1-7::N-A07::N-A05::N3-2::N-A04::N-B10::N-3-4::N3-19::N3-c-10::N-2-17::N3-3::N3-5::N-2-23::N3-17::	47
chr7	132939300	133117300	chr7_132939300	28	178000	0.049029442268548	32	0.000424745863250144	28	0.049029442268548	::N-B09::N-2-15::N-A03::B-A08::B-A03::B-A04::B-B03::B-2-25::N-2-25::B3-12::B-B11::N3-13::B-1-2::N-A01::N-2-21::N3-19::N3-16::B3-19::N3-11::B3-6::N-B04::B-3-1::B-1-10::B-3-4::B3-17::B3-11::B3-5::N-2-14::	16
chr7	136237500	136415500	chr7_136237500	59	178000	1.1318097496275e-22	63	5.91920302104661e-26	11	12888.5409708671	::N3-6::B-B04::N-B07::B-2-17::B-2-15::N-A05::B3-6::B-B09::N3-c-10::N-A02::N-2-12::N-B11::N-A08::N-2-9::N-2-14::N3-13::N-2-26::N-2-17::N-B04::N3-17::N-2-27::N-2-25::N-B09::N-B05::N-A11::N3-5::N-B02::N-2-23::N-B03::N-A10::N-3-4::N3-19::N-A07::N-3-1::N-A01::N3-11::N-1-2::N-2-15::N3-16::N-1-6::N-2-21::N-A12::N3-c-32::N-A03::N-A04::N-1-10::N3-c-28::N-1-4::N3-2::N-1-7::N-B10::N3-3::N-B08::N3-7::N3-c-9::N3-12::N3-c-14::N3-15::B-A10::	57
chr8	41242300	41420300	chr8_41242300	30	178000	0.0048729198165809	38	1.38144986879558e-07	36	2.24630583575787e-06	::B-A07::N3-16::B-2-17::B3-3::N-2-26::B-B10::B-3-1::N-3-1::B-B04::B-3-4::N-2-21::N3-19::B3-7::N3-c-10::B3-c-9::B-2-15::B-2-23::B3-6::N-A08::B-A01::B-1-2::N-A05::B-B08::B-A10::N-2-14::N-A01::B-2-21::N-1-2::B-2-14::B3-c-10::	21
chr8	44927300	45105300	chr8_44927300	30	178000	0.0048729198165809	35	8.69652207601153e-06	31	0.00146168353100729	::B-A11::B3-17::B3-5::B3-13::B-A03::B3-7::N-B09::N3-2::B3-2::B3-3::B3-12::B-2-25::B-B10::N-1-2::N3-19::N-2-15::B-B02::B-1-6::B3-6::B-2-15::B-A07::N-A08::B-A08::N-B10::N3-6::N-A02::B-3-1::B-B05::B3-c-28::N-B04::	17
chr8	69896200	70074200	chr8_69896200	32	178000	0.000424745863250144	41	1.73661689422036e-09	37	5.64537692417273e-07	::N-2-15::B3-11::N-B10::N3-7::N-A11::B3-5::B3-3::B3-2::N-A08::B-1-6::N-2-23::N-B09::B-B09::B-B10::N3-c-9::N-1-6::B-2-15::N-B04::B-B04::B-1-2::N3-16::B-A04::B-B02::N-A02::B-A02::N3-13::N-2-27::B-B05::N-1-2::N-2-25::N-2-14::B-A12::	17
chr8	79565100	79743100	chr8_79565100	28	178000	0.049029442268548	39	3.29379301991809e-08	34	3.27331549020101e-05	::B-A05::B-A11::N-A11::B-2-26::B-2-12::B-2-23::N3-7::B-A08::B-B04::B-3-4::N-2-15::N-3-4::B3-5::B-B09::N-B09::B-B05::B-A10::B3-17::N-2-17::B-A07::B-B02::N-A12::N-B03::B3-6::N3-6::N3-13::N-2-26::B-1-6::	23
chr8	80696000	80874000	chr8_80696000	31	178000	0.00146168353100729	41	1.73661689422036e-09	35	8.69652207601153e-06	::N-B10::N3-19::B3-19::B-1-6::B3-3::B3-11::N-A01::B-A01::N3-12::N-2-15::N-B03::N3-13::B-3-1::B3-7::B3-15::N-B09::B-2-23::B-A05::B-B07::B-1-7::B-2-15::B-B05::N-B07::N-2-12::N-B04::B-B04::N-B05::B-B10::N3-15::B3-13::N-2-23::	14
chr8	90826700	91004700	chr8_90826700	32	178000	0.000424745863250144	41	1.73661689422036e-09	35	8.69652207601153e-06	::N-2-27::N3-6::B3-6::N-3-4::B-3-4::N-A01::N-2-15::N-A11::B3-7::N-1-6::B-A11::N-A12::B-2-27::B3-11::N-3-1::B-2-9::B-3-1::N-B02::B-2-15::B-A12::B3-5::B-B10::B-2-23::B-2-14::B-2-25::B-B02::B3-c-28::N-2-17::N-B09::B3-19::N3-11::B-B07::	19
chr8	95702200	95880200	chr8_95702200	34	178000	3.27331549020101e-05	54	9.78025314923432e-19	47	1.45217879286552e-13	::N3-17::B-A07::N-1-2::N-B10::B-B04::B3-2::N3-16::B3-16::N-2-23::N3-6::B-B05::N-A05::B-2-23::N-A02::B-2-14::N3-7::B-1-6::N-B05::B3-19::N-2-17::N-A07::N-2-15::N-2-25::B3-6::B-B10::B-A01::B-1-2::B3-c-10::B-B02::N-A12::B-2-25::N3-13::B-A11::N-A11::	26
chr8	107157100	107335100	chr8_107157100	32	178000	0.000424745863250144	41	1.73661689422036e-09	30	0.0048729198165809	::B3-7::N-2-23::B-2-23::N-B03::B-B03::B-B07::N-B07::N-B09::B-3-1::B-A08::N-A01::N-A11::N-1-6::N-2-15::N3-12::N3-16::N-2-21::N-B10::B-B10::B-2-15::B-2-21::N3-13::N3-15::B-A05::N-A05::N-A12::N-B05::B-B05::B3-6::B-A10::B-2-14::B3-16::	25
chr8	109669800	109847800	chr8_109669800	42	178000	3.84485984810936e-10	68	3.2898126513396e-30	51	1.81027986907861e-16	::B-2-9::N3-17::B-1-6::N-A02::B-A10::B-1-7::B-2-25::B3-c-10::N-B08::B-B10::N-B10::B-1-4::N-2-15::N-B07::N3-19::B-2-21::B-2-14::N-2-14::N-B11::N-1-6::B3-19::B-A02::N3-11::B3-11::B-2-15::N-2-25::B3-12::N-1-7::B-A12::B-B07::N-3-1::B-3-1::N-2-17::B-2-17::B-B02::B3-c-32::B-B05::N-2-21::N-1-4::N-1-9::B3-c-14::N3-c-14::	31
chr8	111510500	111688500	chr8_111510500	31	178000	0.00146168353100729	36	2.24630583575787e-06	31	0.00146168353100729	::N-1-6::N-2-12::N-2-26::B-B07::N-A11::N-1-10::B3-13::B-B10::B-1-2::N-2-15::N-B10::N3-16::B3-16::B-2-25::N-B09::B3-7::N-2-21::B-B02::B3-11::B-B03::B-A07::B-2-17::B-B09::N3-17::B-1-6::B-1-10::B3-17::B-2-26::B3-5::B3-19::B-A11::	19
chr8	117269300	117447300	chr8_117269300	29	178000	0.0157211654222618	41	1.73661689422036e-09	36	2.24630583575787e-06	::N-2-15::B-3-1::N-A01::N-A10::N3-16::B3-16::B-B04::B3-17::B-1-2::B-B07::N-B10::B-2-17::N-2-17::N-B09::B-A10::N-A11::N-1-2::N-B04::B-B02::B-A12::N-2-26::B-1-10::N-A05::B-A02::B3-5::N-B05::B-A08::N-A02::N-B08::	22
chr8	122877900	123055900	chr8_122877900	36	178000	2.24630583575787e-06	46	7.33993418442788e-13	40	7.65706080657991e-09	::N-A11::N-B02::N-3-1::B-3-1::B3-6::N3-19::B3-19::B-B07::B-B10::B-A08::B-B02::B-2-15::N-B04::B3-7::B-B05::B-1-2::N-2-14::B3-15::B3-17::N-A05::B3-3::B-B03::N-A02::B-A02::N-B10::B3-5::B-A07::N-A01::B-2-17::B-2-25::N3-13::B3-13::B-A10::N-B09::B-2-14::B-2-23::	24
chr8	127056000	127234000	chr8_127056000	30	178000	0.0048729198165809	38	1.38144986879558e-07	36	2.24630583575787e-06	::N-2-23::B3-c-10::B-1-6::B-B07::B-B09::N-A08::B-B03::B-3-4::B3-5::N-2-15::N-2-9::B3-6::N-A02::B-1-2::N-2-25::B-B04::B3-12::N-2-26::B3-17::N-A01::N-B09::N-3-1::B-2-26::B-2-25::B-B02::B-B05::N3-6::B-A08::B-A12::B-2-21::	23
chr9	3000100	3178100	chr9_3000100	60	178000	1.75407420805761e-23	115	9.15168498589077e-77	34	3.27331549020101e-05	::N-A08::N-B08::B-B02::N-3-4::N-B07::N-A05::N-A04::N-2-17::N-A02::N-2-23::N-2-15::N3-6::N3-16::N-B05::N3-11::B-B11::B-A02::B-A10::N-B11::N-A11::B3-7::N-2-21::N-A01::N3-19::N-2-12::N-B04::N-2-26::N-B10::N-2-14::N3-5::N-A07::N3-17::N3-13::N3-2::N-1-10::N-2-27::B3-5::B3-11::B-2-15::B-1-10::B3-c-28::B-B10::N-B02::B3-17::B-2-23::B-A08::N-A12::N-2-25::N-1-6::N-1-4::N-B03::B-B09::N3-15::N-A03::B-B05::B-2-17::B-2-25::N3-c-28::N-B09::N-1-7::	54
chr9	21530200	21708200	chr9_21530200	31	178000	0.00146168353100729	46	7.33993418442788e-13	40	7.65706080657991e-09	::B-B07::B-2-14::B-3-4::N3-16::B-B05::B-B04::B-1-6::B3-3::B-A08::B3-12::N-2-17::N3-19::N-A05::N-1-2::B3-13::B-1-2::B-A02::B-B02::B3-19::B-1-10::N-A04::N-A08::N-2-12::N3-5::N-1-6::B-2-15::B-B10::N-B02::N-B09::B-B08::B3-17::	22
chr9	58511200	58689200	chr9_58511200	29	178000	0.0157211654222618	37	5.64537692417273e-07	32	0.000424745863250144	::B-A10::B-B11::N-2-15::B3-3::N3-3::B3-17::B-A01::N3-16::N-B04::N-B05::N-1-2::B-1-2::B3-19::B-2-12::N3-17::N-1-6::B-2-14::N-2-14::B-2-25::N-B10::B-B10::B-A08::B-3-1::N-3-1::B-2-15::N-B08::B-A07::B-B04::B-B03::	21
chr9	59333600	59511600	chr9_59333600	40	178000	7.65706080657991e-09	57	4.4792146107579e-21	54	9.78025314923432e-19	::N3-19::N3-11::N-2-23::N-1-7::B-2-23::N-B08::B-2-12::N-2-12::B3-12::N-A08::N-B10::N-A02::B-B09::B-B02::B-A08::N-A01::B-3-1::B3-6::B3-3::N3-13::B-2-14::N-A07::N-2-14::N-1-4::B3-15::N-2-15::N-B07::B-2-27::N3-16::B-B10::N-2-17::B-2-17::B-2-15::B3-2::B-B03::B3-5::B-A10::B3-16::B-B05::B-2-21::	25
chr9	62796400	62974400	chr9_62796400	28	178000	0.049029442268548	34	3.27331549020101e-05	25	1.19860131340641	::N-2-23::B-2-14::B3-3::B3-11::N-B11::B-B03::N-2-26::B-2-9::B-2-26::N3-16::B3-16::N-B05::B-3-1::N-A05::B-2-23::B-A05::B-A02::N-A02::N-B09::N-A10::N-B04::B3-7::B-1-6::N-1-6::B-B04::N-2-17::N-B03::B3-19::	18
chr9	65675300	65853300	chr9_65675300	35	178000	8.69652207601153e-06	45	3.63098299505918e-12	41	1.73661689422036e-09	::N3-13::B-1-2::B-B10::B-2-23::N-B03::N-1-10::N-B04::B3-17::N3-17::B-A04::B-3-4::B3-12::B-B05::B3-15::B-B09::N-2-25::N-A10::B-B11::N-B11::B-B02::B-2-14::B3-7::B-A01::B-2-27::N-2-27::B3-c-28::N-1-2::N-A08::B-A03::B-2-15::N-B02::B3-13::B-A07::N-A07::B-1-7::	23
chr9	66416000	66594000	chr9_66416000	36	178000	2.24630583575787e-06	44	1.75715853510999e-11	41	1.73661689422036e-09	::B-B10::B-B05::N-1-6::B-B07::B-2-15::N-B07::N3-17::B3-19::B-2-17::N3-16::N-B04::N-2-27::B-A01::B-A08::B3-7::B-B09::N-B08::B3-15::N3-15::B-1-7::B-2-14::N3-13::B-1-6::N-2-23::B-1-2::N-1-2::N-2-17::N3-c-10::N-B10::N-A11::B-A07::N3-19::N-2-15::B-A02::B-2-21::N-B11::	24
chr9	70614400	70792400	chr9_70614400	33	178000	0.000119685351704359	49	5.33868550110985e-15	46	7.33993418442788e-13	::B3-5::N-2-15::B-A02::N-B07::B-B07::N3-16::N-B08::N-2-27::B-2-27::B-2-25::N-2-25::B-B04::B-1-10::N3-19::B3-3::B3-c-28::B-A03::N3-13::B-B02::B3-7::N-2-21::B3-17::N-1-4::B-3-1::B-2-15::N3-17::B-1-2::N-2-17::B-A04::B-1-7::N-2-23::N-3-1::B-B09::	19
chr9	71931400	72109400	chr9_71931400	41	178000	1.73661689422036e-09	73	1.26893460859557e-34	62	4.01031053383822e-25	::N-A11::B-2-17::B-3-1::N-A05::N-A07::B-A05::B-A12::N-A12::N3-c-32::N-1-7::B3-2::N3-13::B3-5::N-2-15::B3-11::B-2-14::B-1-6::N-B08::B-B02::B3-6::N-1-4::B-2-25::N-B03::N-2-14::B3-12::N-B10::N-B04::B-2-21::N-2-17::N-2-25::N-1-6::B3-17::B3-c-10::N3-17::B-2-15::B-B11::N-B05::B-1-2::B-3-4::B-B04::B3-c-28::	43
chr9	72535200	72713200	chr9_72535200	32	178000	0.000424745863250144	39	3.29379301991809e-08	34	3.27331549020101e-05	::B3-17::N-B03::B-A05::N-A05::B-B10::B-B02::N-B08::N-2-23::N-1-2::B3-6::B-2-9::N3-11::B3-11::B-2-25::N-A01::N-B10::B-2-23::B-A10::N3-19::N-2-26::B-A08::B-1-6::N-2-15::B3-16::N3-16::N3-6::B-A04::B3-7::B-3-1::N-3-1::N-B02::B3-5::	19
chr9	75039500	75217500	chr9_75039500	30	178000	0.0048729198165809	44	1.75715853510999e-11	37	5.64537692417273e-07	::N-2-15::B3-c-28::B-A07::B3-c-10::N-A11::B-B05::N-B04::N-B05::B3-5::B-2-25::B-A02::B-A04::N-3-1::N3-11::B3-12::B-1-6::N-B09::N-B10::N-2-25::N-1-2::N3-3::B-B10::B-3-4::B3-3::N-1-6::B-A10::B-A11::B3-13::N-B07::N-A07::	26
chr9	80071100	80249100	chr9_80071100	33	178000	0.000119685351704359	46	7.33993418442788e-13	38	1.38144986879558e-07	::B-1-6::N3-3::B-B02::N3-c-28::B3-3::N3-16::N-2-17::B-1-2::B-3-1::B-2-21::B-B10::N-B10::B-A05::N-A07::B-A07::B-2-15::B-B11::N-2-26::B-2-26::B3-7::N-B03::B3-6::B3-c-9::N-A11::B-A11::B-A08::B-B07::N-1-7::B3-5::N-2-15::B-B09::N-B09::N-1-2::	24
chr9	82855600	83033600	chr9_82855600	28	178000	0.049029442268548	40	7.65706080657991e-09	37	5.64537692417273e-07	::N-B10::N3-16::N-2-23::B3-7::N-1-10::B-2-21::N-2-15::N-B03::B-2-15::B-1-6::N-1-2::B-B04::N3-19::N3-13::N-B05::B-1-7::N-B04::B-A05::N-2-17::B-A08::B3-19::B3-3::B-2-9::N-1-6::B-B09::N-B09::B-2-26::N-B07::	22
chr9	88391600	88569600	chr9_88391600	29	178000	0.0157211654222618	38	1.38144986879558e-07	31	0.00146168353100729	::N-A05::N-2-25::N-1-9::N-2-21::B-B05::B-A05::B3-c-9::N-B10::B-B04::N-B09::B-2-27::B-2-23::B-2-9::N-2-9::B-2-14::B-1-2::B-B10::N-B05::B-B02::B-A10::B-A02::B-1-10::B-2-12::N-1-6::N-B04::B-A04::B-A11::N3-19::N-1-2::	23
chr9	100626600	100804600	chr9_100626600	34	178000	3.27331549020101e-05	41	1.73661689422036e-09	37	5.64537692417273e-07	::N3-13::B-A10::N-2-12::B-2-12::N-B10::N-A07::N-2-25::B-2-25::B3-17::B-2-9::N-A01::B-A07::B-A04::B-B11::N3-16::N-1-7::B-1-7::B-3-1::B-B03::B-A02::B3-c-28::B3-c-9::B3-5::N3-17::N-A08::N-B09::B3-3::B3-c-10::B-2-14::B-B09::B-1-6::N-1-2::B-A11::B-1-2::	18
chr9	107714200	107892200	chr9_107714200	49	178000	5.33868550110985e-15	69	4.43351169142326e-31	57	4.4792146107579e-21	::B3-13::N-2-17::B-A04::N-2-25::B-2-25::N-A01::B-2-23::B-1-2::N-2-21::N3-11::B3-11::N-B02::B-B02::B-A05::B3-17::B-B03::N3-17::B-B10::N-A07::B-1-7::B3-5::B3-3::N3-c-10::B-1-4::N-1-7::N-B04::B-A12::B3-16::N3-3::B-2-15::B-A01::N3-7::B3-6::N-A12::N-2-15::B-2-21::B-A08::B-1-6::B-3-4::N-1-6::N-B11::N-A02::B-A02::N3-13::B-A07::N3-16::B-2-9::N-A11::N3-c-14::	37
chr9	108495400	108673400	chr9_108495400	35	178000	8.69652207601153e-06	44	1.75715853510999e-11	39	3.29379301991809e-08	::B-1-10::N-A07::B3-13::N-A08::N-2-25::B-A08::N-1-6::N-2-23::B-B04::N3-6::B3-6::B-B10::B-B11::B-3-1::B-A10::B-A01::N-A01::N-2-21::B-2-21::B-2-23::B3-16::N-2-15::B3-c-9::N-B04::N-B10::B3-17::N-A11::B-A03::N-A03::B-A07::N-B03::B-1-7::N-1-7::N3-c-9::B3-5::	23
chr9	110536700	110714700	chr9_110536700	41	178000	1.73661689422036e-09	60	1.75407420805761e-23	50	9.92864803878205e-16	::N-A12::N3-12::B-3-4::B-1-7::B-2-12::N-2-12::N-B05::B-1-2::B3-12::B-2-17::B-B05::N-2-17::N-2-14::B-2-14::B-1-6::B-2-15::N-2-23::B-2-23::B3-19::B3-7::B-1-4::B-2-25::N-3-1::N-B11::B-B10::N-1-2::N-B08::B-A08::B-B11::B3-15::B-A10::B-2-21::B-A11::N-A11::B-B02::B3-5::N-2-21::N-1-10::N-A03::B-A03::B3-6::	22
chr9	115131900	115309900	chr9_115131900	30	178000	0.0048729198165809	35	8.69652207601153e-06	32	0.000424745863250144	::B-2-21::B-A12::N3-2::B-2-15::B3-17::N-1-6::B-3-1::N-1-7::N3-16::N-A10::B-A10::B3-6::B-B05::N-B05::B-B04::B-A08::N-B11::B-B11::N-A08::B3-7::B-2-25::N-B03::B-B02::B3-19::N-3-1::N-A12::B-1-2::N-A01::B-2-17::N-A07::	14
chrUn_GL456393	200	178200	chrUn_GL456393_200	53	178000	5.67960422401264e-18	80	4.76442766385158e-41	68	3.2898126513396e-30	::B3-11::N-2-23::N-B03::N-A05::N-2-17::N-2-25::N-A04::N-B11::N-B02::N3-19::N-3-4::B-A08::N-2-15::B-1-2::B-1-10::N3-6::B-1-7::B3-7::N-B10::N-2-21::N-B05::N-B08::N3-16::B-B02::B3-3::N-A03::B3-15::N3-13::B3-17::B-1-6::B-B05::B-2-21::N-A11::B3-6::B-3-1::N-1-7::B-A07::N3-c-28::N-A01::B-A12::B-A03::B-A04::B-B11::N-2-26::N-B09::N-1-6::B-2-15::B-B04::N3-11::N-A08::B3-19::N3-17::N3-c-14::	41
chrUn_JH584304	1500	179500	chrUn_JH584304_1500	39	178000	3.29379301991809e-08	53	5.67960422401264e-18	48	2.81322608204689e-14	::B-B02::B3-3::N-A03::B3-15::N3-13::B3-17::N-2-23::B-1-6::B-B05::B-2-21::N3-16::N-A11::N-2-15::B3-6::B-3-1::N-1-7::B-A07::N3-c-28::N-A01::B-A12::B-A03::B-A04::B-B11::N-B08::N-B11::N-2-26::N-B09::N-1-6::B-A08::B-2-15::B-B04::B-1-2::N3-11::N-A08::B3-19::N-3-4::N3-17::N-2-17::N3-c-14::	24
chrX	18123700	18301700	chrX_18123700	51	178000	1.81027986907861e-16	107	3.90445011695103e-68	77	2.92109089748557e-38	::N-B04::N3-3::N-2-21::N-A04::N-1-6::B-1-6::B-B07::N-B03::N-A01::B-A08::N-B09::B-B09::B-1-2::B3-15::N-A02::B-B10::N-B10::B-2-14::B3-19::B-B04::B3-12::B3-17::N-1-2::B-A05::B-A10::B3-7::N3-7::B3-5::N3-c-9::B3-c-9::B3-2::B-2-26::B-A02::N-2-15::B-2-23::B-A11::N3-c-14::N-A11::N-2-17::B-2-17::N3-17::N-B08::B3-3::B-2-15::N-3-1::N3-12::B-A07::B-3-1::N-A05::B-1-7::N-2-23::	46
chrX	77490500	77668500	chrX_77490500	35	178000	8.69652207601153e-06	41	1.73661689422036e-09	35	8.69652207601153e-06	::B-B05::B3-2::N-A08::N-B05::N-A10::B-3-4::N3-13::B3-13::B-A02::N-B11::B-2-21::N3-12::B3-7::B-A08::B-1-10::N-A01::B-B07::N-B07::B-B11::N-B10::B3-17::B3-12::N-B04::N-A05::B-2-14::N-2-14::B-A05::B-A10::N-2-21::B-A07::N3-19::N-A02::B-3-1::B-2-15::B-1-9::	21
chrX	105750900	105928900	chrX_105750900	31	178000	0.00146168353100729	43	8.31453259995974e-11	34	3.27331549020101e-05	::N-B04::N-2-25::B-2-27::N-2-27::B-B07::N3-17::B-B04::N-2-21::N-2-15::N-1-2::N-3-1::B-A11::N-A11::B-B05::B-A05::N-A05::B-B02::N-A03::B-1-6::B-2-15::N-A12::B-3-4::B-A10::B3-7::B-2-26::B3-12::N-2-26::N-B11::B-B11::N-B02::N3-16::	18
chrX	143331400	143509400	chrX_143331400	49	178000	5.33868550110985e-15	83	6.94882094723528e-44	10	15246.5175917499	::B-B09::B-2-14::B-B05::B3-17::B-2-23::B-2-21::N-3-4::N-2-14::N-2-26::N-2-17::N-3-1::N-2-15::N-A11::N-2-12::N-B02::N-2-27::N3-11::N3-c-10::N-B08::N3-16::N3-12::N-2-21::N3-19::N3-13::N-2-23::N-2-25::N-A01::N3-c-14::N-A12::N-A03::N-B03::N-B09::N-B11::N-2-9::N-1-6::N-A04::B3-7::N3-6::N-A10::B-3-4::B3-c-10::N3-17::N-A08::N-A02::N3-15::N3-c-9::N-B05::N3-7::B-B07::	60
