chr10	7636500	7824500	chr10_7636500	33	188000	0.000431035758688278	45	2.51971069173045e-11	39	1.6466287237019e-07	::N3-13::B-A08::N-A07::B3-16::B-A03::B3-2::B-2-27::B-2-15::B-A12::N-A12::B-B10::N-3-1::B3-6::B-B02::B-2-9::N-B03::N-B08::B-1-2::B-2-25::N-1-7::N3-7::N-2-15::B3-13::B-B07::B3-3::N3-17::B-2-17::N-A04::N-2-21::B3-7::N-A01::B-2-14::N-B05::	29
chr10	20171100	20359100	chr10_20171100	36	188000	9.53135678283975e-06	41	9.68454223787809e-09	35	3.49376426139765e-05	::N-2-15::N-B11::B3-11::N-A11::B3-7::B-2-25::B-B02::N-2-17::B3-17::N3-6::B-2-26::B3-6::B-1-2::N-1-2::B3-12::N-3-1::N-A03::B-2-21::B-2-15::N-B09::N3-19::B-B09::B-1-7::B-A01::N-2-21::N-A02::N-1-6::N-B02::N-2-26::N-2-25::N-B10::N-A01::B3-c-28::N3-13::B-A10::N3-3::	30
chr10	42753000	42941000	chr10_42753000	29	188000	0.0454993979420594	42	2.26461008262036e-09	37	2.52997734286863e-06	::B-2-25::N-2-25::B3-6::B3-13::B-2-23::N-2-21::B-1-7::B-A11::N-A11::N-1-6::N-B02::N3-13::B3-12::B-2-21::B-B04::N3-6::B-1-6::B3-15::B-A02::N-3-4::B-3-4::N-A07::B-A07::N3-7::B-A08::B-A01::N-3-1::B-1-2::N3-16::	18
chr10	58304700	58492700	chr10_58304700	29	188000	0.0454993979420594	35	3.49376426139765e-05	32	0.00144831694282051	::B3-6::N-B09::B-3-4::B-1-7::B-B03::B-A10::B3-12::B-A02::B-B05::B-B02::N-A03::N-2-17::B3-16::N-B05::N3-19::B-B10::B-2-27::N3-6::B-2-25::N-B04::N-2-21::B3-c-28::N-1-6::B-B04::N3-16::N-1-2::B-A12::B-A07::N-B02::	17
chr10	63157500	63345500	chr10_63157500	30	188000	0.0148952578162794	38	6.53877908208159e-07	33	0.000431035758688278	::B-B07::B3-11::N3-c-9::B-2-26::B-A01::N-B11::N-B03::B-A10::N-B05::B3-c-9::B3-c-28::B-2-15::B-A08::N-2-23::B-1-2::B3-5::N-1-2::B-B09::B-2-14::B3-15::B-1-6::N-3-4::B-3-4::N-2-17::N-A03::B-A03::B3-2::N-1-6::N3-2::N-2-14::	17
chr10	67101700	67289700	chr10_67101700	37	188000	2.52997734286863e-06	54	1.10998518550961e-17	49	4.61011956596097e-14	::B3-15::B-1-6::N3-11::B-B11::N-2-15::N3-15::N-2-17::B-3-1::N-3-1::B-2-17::B-B03::B3-19::B3-6::N-1-10::N3-13::N-A07::N-B11::N-A11::B-1-2::B-A03::N-1-2::B3-7::N-B07::B-B07::B-2-25::B3-3::B-2-15::B3-12::B3-11::N-A02::B-A02::N-A01::B-B09::N3-6::B-B10::B3-c-14::B-A12::	25
chr10	108168500	108356500	chr10_108168500	43	188000	5.17235840263175e-10	62	7.04770739848022e-24	44	1.15451495579292e-10	::N-A01::N-2-15::N-2-14::N-B04::N-B03::N-A04::N-B09::B-A03::N-A08::N-A03::N-1-2::B3-3::B-B11::B3-7::B-2-25::B3-6::B-B10::N-B10::B-3-4::B-A07::N3-5::B-A10::B-2-17::N-1-6::B-1-6::N-B08::B-A08::N-B05::B3-c-28::B-2-15::B3-13::B3-17::B-B09::N-A05::N-B02::B-B04::N3-11::B-2-9::B3-16::N-3-1::B-3-1::N-A12::B-A12::	27
chr10	116400400	116588400	chr10_116400400	32	188000	0.00144831694282051	50	9.0553619526537e-15	41	9.68454223787809e-09	::B-B10::N-A01::N-1-9::N-A12::B-3-4::N-B03::B-B02::B-A10::B-2-9::B-1-6::N-B05::B-B05::B-A01::N-A02::B-A02::B-B07::B-A05::B3-7::N3-7::N-B02::N3-6::N-2-15::N3-16::B-1-7::B3-6::N-1-6::B-A12::N-2-21::N-3-1::B3-16::B3-11::B-2-21::	31
chr10	117188300	117376300	chr10_117188300	29	188000	0.0454993979420594	34	0.000124508216735865	29	0.0454993979420594	::B-A02::B-3-1::N-2-21::B-A08::N-B11::B3-6::N-2-17::N3-11::N-A05::N-B04::B-B10::B-A10::B3-7::N-B09::B-B09::B3-12::B3-c-28::N-A02::N-3-1::N3-6::N-A10::B-A11::N-B02::N-B10::B-2-25::B-B02::B-1-10::N-1-2::B3-13::	16
chr10	123001200	123189200	chr10_123001200	29	188000	0.0454993979420594	37	2.52997734286863e-06	30	0.0148952578162794	::B-A07::B-A01::B3-6::N-2-12::B-2-12::B-1-4::B-1-2::N-B03::B-B03::N3-3::N3-11::B3-11::B-2-17::N-2-17::B-A05::B3-2::N-A07::B-B02::N3-c-28::N3-16::B3-16::N-A02::B-A11::B-A04::B3-5::B3-13::B-B09::N-B09::B3-15::	21
chr10	127974100	128162100	chr10_127974100	30	188000	0.0148952578162794	38	6.53877908208159e-07	33	0.000431035758688278	::B-2-25::B-B03::B-2-15::N-1-6::N-A05::B-A10::N-A10::B3-3::B-1-2::B-1-10::N-B05::B3-c-9::N-1-2::B-B09::B-B05::B-1-6::B-A08::N-A01::B-2-21::N-B04::B3-11::N-2-21::B-B11::B-B02::N3-13::N-2-25::B-B07::N-B07::B3-c-28::B-A05::	20
chr10	128284800	128472800	chr10_128284800	32	188000	0.00144831694282051	38	6.53877908208159e-07	33	0.000431035758688278	::B3-6::B3-7::N-1-6::B3-13::B-B02::B-1-2::N-1-2::B-B10::B-B11::N-B11::B-A08::B3-15::B-A02::N-B05::N3-6::B-2-14::N3-16::N-1-10::B-3-4::B-B07::N-2-21::B-B04::N-2-23::N-2-9::N-A05::N-B02::N-A12::B-A12::N-2-25::N-2-14::B-3-1::B3-17::	19
chr11	3100500	3288500	chr11_3100500	41	188000	9.68454223787809e-09	63	1.09867930714939e-24	48	2.3000889940245e-13	::N-2-23::N-2-26::N-B05::N-A10::N-2-25::B-A02::N-A11::N3-13::B-2-14::N-2-15::N3-19::B3-19::B-B07::N-A03::N-A02::B3-c-9::B3-5::B-B09::B3-12::N-3-1::B-2-15::B-A03::N-A12::N-A05::B-2-17::B-B10::B3-2::B-2-27::B-A10::N3-17::B-2-23::B-A08::N-A08::N-B04::B3-13::B-1-6::B-1-7::B-2-9::B-1-2::B3-3::B-A04::	27
chr11	4411700	4599700	chr11_4411700	31	188000	0.00471899981343745	48	2.3000889940245e-13	40	4.04295888680731e-08	::N3-13::B-2-25::B-2-26::B3-6::N-1-6::B-2-9::B-B10::N-B10::N3-17::B-2-15::N-A02::B3-7::B-1-4::B-2-12::N-2-9::B-A08::B-A04::B-B09::B-1-7::N-1-7::B-B05::B-2-17::B-2-23::N-2-23::N-1-2::B-A10::N3-19::N-B05::B3-19::N-A04::N-1-10::	33
chr11	19931000	20119000	chr11_19931000	36	188000	9.53135678283975e-06	49	4.61011956596097e-14	45	2.51971069173045e-11	::B-B03::N-A01::N-2-27::B-B05::N-2-15::B-A05::N-1-2::N3-6::B-1-7::N-A05::N-2-25::B-2-12::N-B03::N-3-4::N-A03::N3-16::B-B10::B3-12::B-A08::B-B02::N-B02::B-2-17::B3-19::B3-7::N3-13::N-2-17::B3-2::B-3-4::B-2-14::B-1-6::B3-5::B-2-15::B3-6::B-A01::B-2-21::N-1-6::	24
chr11	23308100	23496100	chr11_23308100	44	188000	1.15451495579292e-10	67	5.55665449133745e-28	55	1.98206604821102e-18	::N-B02::B3-19::B-B07::N3-19::N-3-1::B-3-1::N-1-7::N-A03::B3-6::B3-17::N3-16::N3-17::B3-c-14::N3-c-14::N-2-17::B-1-2::B3-c-10::B-B09::B-B04::N3-c-9::N-A08::B-1-6::N-2-23::N-1-2::N3-15::B-2-15::N3-3::B-2-26::B3-12::N-A01::N-1-6::N-B05::B-2-23::B-A07::B3-c-9::B-1-7::N-A11::N-2-14::N-B10::N-2-21::B-A05::B-2-14::N-B09::N-A02::	38
chr11	29697500	29885500	chr11_29697500	32	188000	0.00144831694282051	38	6.53877908208159e-07	32	0.00144831694282051	::B3-19::N-2-17::B-2-21::B3-15::N-1-6::B-2-12::N-A10::B-A08::N-A08::N-B02::N-2-27::B3-2::B-A07::B-B02::B-2-14::N-2-14::B-2-23::B-2-27::N-3-1::B-A02::N-B04::B-1-2::B-3-4::B-B04::B-2-9::B3-c-10::N-A11::N-B08::B-A12::B3-11::B-B07::B-1-4::	21
chr11	30091600	30279600	chr11_30091600	31	188000	0.00471899981343745	35	3.49376426139765e-05	33	0.000431035758688278	::B-1-6::B-2-17::B-2-27::N-B05::B-B02::B-2-15::B-A07::B-A05::N-A05::B-3-1::B3-11::B3-5::N3-16::B3-16::N-B10::N-B03::B-B05::B3-3::B3-c-10::N-B11::B-1-10::B-B10::B-B04::B3-c-28::B-2-14::B3-19::N3-19::N-1-6::N3-3::B-2-25::N-3-1::	18
chr11	30676900	30864900	chr11_30676900	29	188000	0.0454993979420594	37	2.52997734286863e-06	33	0.000431035758688278	::B-B02::B-B05::B-2-25::B-A04::N-B03::B3-c-10::N-2-25::N-1-6::B3-3::B-A08::B-2-23::N-B09::N-B07::N-1-10::B-A05::N-2-14::B-2-14::N-1-7::B-1-7::B-3-4::N3-19::N-B05::N-B08::B3-6::B-1-6::N-B10::B-1-2::N-B02::B3-13::	18
chr11	32552700	32740700	chr11_32552700	30	188000	0.0148952578162794	37	2.52997734286863e-06	33	0.000431035758688278	::N-A11::B-2-26::B-2-14::B-B09::B-A10::B3-17::B-B03::B3-2::N3-2::B-2-17::B-B05::N-3-4::N-B09::B-B10::B-B02::N-B05::B-2-15::N-A05::B-A05::N-1-6::B-A02::B-1-2::N-2-15::N-A01::N-2-14::N-3-1::B3-7::N3-19::B-2-9::B-B08::	23
chr11	51597000	51785000	chr11_51597000	33	188000	0.000431035758688278	50	9.0553619526537e-15	44	1.15451495579292e-10	::B-B02::B3-17::N-2-23::B-B09::N-B09::B3-12::B-A01::B3-6::B-1-6::B-B04::N3-13::N-A12::B-2-23::B-A08::N-B05::N-B04::B-A07::B3-7::N-2-15::B-2-15::B-B10::N-2-27::N-1-2::N-B08::B3-c-32::N-3-1::B-2-27::B-A10::B3-11::B-A03::B-1-10::B-A12::N-A01::	23
chr11	53231400	53419400	chr11_53231400	31	188000	0.00471899981343745	38	6.53877908208159e-07	36	9.53135678283975e-06	::B-2-21::B-B02::N-2-27::N-A12::B-A10::N-B02::N3-16::B-1-10::B3-7::N-2-26::B-2-23::B-A08::B-B05::N-2-15::N-B04::B-B04::N-2-23::N-2-14::B-B03::B3-5::N-A08::B-A04::B-2-14::N-A11::B3-11::B3-19::B3-13::B-2-15::B-B10::B-A03::B-3-4::	14
chr11	54424200	54612200	chr11_54424200	32	188000	0.00144831694282051	42	2.26461008262036e-09	35	3.49376426139765e-05	::N3-11::B3-11::N-B05::N-A03::B-B05::N3-19::B-2-23::B3-3::B-A10::B3-19::N3-16::N-2-15::N-2-14::N-2-27::B-A03::N-B04::B-3-1::B-1-2::N-A08::B-A05::B-A08::B-2-15::B3-c-28::N-A02::B-A11::N-A11::B-A12::B-B03::B-A01::B-2-17::N-1-6::B-B10::	24
chr11	59654200	59842200	chr11_59654200	38	188000	6.53877908208159e-07	47	1.12414477930709e-12	41	9.68454223787809e-09	::B-A04::B-2-15::B-2-14::B3-c-14::N3-c-14::N-A08::B3-3::N3-16::B-B02::N3-12::N-B05::B-2-21::B-A12::B3-19::N-2-15::B-3-4::B-1-6::N3-3::B-B11::B-2-23::B-2-27::N-A11::B-A11::B-B08::B-B03::N-2-21::B-1-10::B-2-25::N-2-25::N3-c-9::B-B07::B-A08::N3-13::N-2-23::B-B09::B-1-7::N-3-1::N-B03::	30
chr11	60098300	60286300	chr11_60098300	30	188000	0.0148952578162794	38	6.53877908208159e-07	31	0.00471899981343745	::B-2-23::B-A11::N-B08::N-2-15::B-2-15::N-A12::B-2-25::N-1-2::B3-3::B3-5::B-2-9::B3-12::B-2-27::N-A02::B-A02::B3-17::B-B02::B-A10::B-1-2::B3-2::B-A07::B-B03::N-B09::B-B11::N3-13::N-A10::N3-19::N-2-21::N-B03::N3-2::	22
chr11	62268100	62456100	chr11_62268100	43	188000	5.17235840263175e-10	64	1.68598847020473e-25	56	3.47611170999056e-19	::N-B09::B-1-7::B-A08::B-A03::N-A03::N-1-7::N-A05::B-A05::N3-19::N3-c-28::B-2-21::N-2-21::B3-3::B-A02::N3-c-14::B3-c-14::N-A01::B3-7::B-1-2::B-B02::B-B10::B3-c-28::B-2-14::N-B10::B3-17::N-B04::B3-c-9::N-2-23::B-A10::B-2-15::B-B05::N-1-2::B-2-27::B3-12::N3-17::N-2-27::N-3-1::N-1-6::B-2-23::N-A02::N-A08::B3-19::B-3-4::	30
chr11	65588200	65776200	chr11_65588200	30	188000	0.0148952578162794	39	1.6466287237019e-07	35	3.49376426139765e-05	::N-A08::B3-11::N3-11::N-B04::B-1-4::B-2-14::B-A10::B-B10::N3-7::N-2-23::B-1-6::B3-5::N-A07::B-A07::N-2-15::B3-2::N3-2::B-2-15::B3-6::B3-17::B-B11::N-2-27::B-1-2::B-A08::B3-3::B-2-23::N-B10::B-A02::N3-c-10::B3-12::	20
chr11	70846000	71034000	chr11_70846000	30	188000	0.0148952578162794	34	0.000124508216735865	34	0.000124508216735865	::B3-7::N3-5::B3-6::N-2-15::B-B10::B-3-4::N-3-4::B-A02::N-A01::B3-12::N3-19::B-B03::B-2-25::B3-5::B-2-23::B3-11::N-2-12::B-2-21::N-2-27::B3-c-10::B3-c-28::N3-12::N-3-1::B-2-9::N-A12::B-2-14::N3-7::N-B04::N-A02::N3-16::	17
chr11	72552800	72740800	chr11_72552800	36	188000	9.53135678283975e-06	50	9.0553619526537e-15	47	1.12414477930709e-12	::B-B05::B-B07::N-A12::B-2-21::N-B08::N-3-1::N3-16::N-2-15::B-3-4::N-A01::N-3-4::B3-c-28::B-B10::B3-13::N-1-2::N3-19::N-A04::B-A04::B-2-15::B-A05::B-1-6::B-A10::B-1-7::B-B02::B-A02::N3-11::B3-11::N-A02::B-2-12::N-2-12::N-B05::N-B04::B-2-23::B3-5::N-2-27::B-2-27::	23
chr11	74538600	74726600	chr11_74538600	32	188000	0.00144831694282051	41	9.68454223787809e-09	31	0.00471899981343745	::B-3-1::N-2-15::N3-c-14::N3-7::B-B05::N3-11::B-2-26::B-B10::N3-3::B-B02::B-1-10::B-A04::N-2-23::B3-13::N-B05::B-A01::B-3-4::B-B04::N-B04::N-3-1::N3-13::B-2-25::N-B07::N-1-4::B-B07::N-B11::N-2-14::N-B02::B-1-2::B-2-14::N-A01::B-2-15::	15
chr11	75590700	75778700	chr11_75590700	36	188000	9.53135678283975e-06	48	2.3000889940245e-13	44	1.15451495579292e-10	::B-3-1::B-1-2::N3-17::B-B02::B-B10::N3-13::N-1-2::N3-3::N-2-27::B-A02::B-1-6::N-B10::B-A11::B-A01::N3-11::N-B04::N3-19::B-B05::B3-12::B3-c-32::N-A01::B3-6::B3-13::B-2-15::B-2-27::N-A08::B3-11::B-2-23::B3-3::B3-c-28::N-B11::B-B11::N-B08::B3-2::N-A10::B-3-4::	20
chr11	77536600	77724600	chr11_77536600	44	188000	1.15451495579292e-10	69	1.14230650194964e-29	56	3.47611170999056e-19	::B-2-15::N3-19::B3-3::N3-c-28::N-2-25::B-B10::N-2-15::B-B02::N-B07::B3-c-28::N-B03::B-2-23::B3-17::N3-17::N-A05::N-2-12::B-2-12::N-A02::B-2-14::N-1-2::B-A01::N-A11::B-A11::N3-3::B-B11::N-1-7::N-2-17::B-2-25::N-B08::N3-13::N-1-6::B3-11::B-3-4::N-3-4::B3-6::N-A04::N-2-14::B3-5::B3-c-10::N3-c-10::B-B03::B-A02::B-3-1::N-3-1::	41
chr11	78492600	78680600	chr11_78492600	29	188000	0.0454993979420594	33	0.000431035758688278	33	0.000431035758688278	::N3-16::B-A08::N3-13::N-3-4::N-B10::N3-c-9::N-A12::B-2-15::B-A12::B-2-17::B-A04::B-3-1::B-2-25::B-2-21::N-A08::B-A02::B-B07::B-A07::N-A11::B3-19::B3-6::B-2-23::N3-6::B3-c-9::B-1-2::N-2-26::B3-13::B-B05::B3-15::	15
chr11	79375000	79563000	chr11_79375000	41	188000	9.68454223787809e-09	122	7.60716702925985e-82	93	1.09589460957625e-51	::N-A01::B-2-23::N-2-23::N-1-7::B-1-7::N-2-25::N3-19::N-B10::B3-19::N3-c-28::N3-3::N-A02::N-A05::N3-13::N-2-15::B-3-4::B-A02::B-A08::N3-c-9::B-1-6::B-A10::B3-13::B-A05::B3-3::N-B07::N-B08::B-2-27::B-A11::N-A11::B-B02::B-1-2::B3-15::B-B05::N3-15::B-B09::B3-c-10::N-B05::B-2-25::B-B10::B-A04::N-A07::	54
chr11	80385200	80573200	chr11_80385200	31	188000	0.00471899981343745	40	4.04295888680731e-08	37	2.52997734286863e-06	::B3-17::B-2-21::N-A02::B-A02::B-2-14::N3-6::N-2-15::N-B03::B3-19::B-2-25::N-3-4::N-A01::B-3-4::B3-7::B3-6::N-1-6::N3-16::B-B03::N-B02::B-B02::N-1-10::B-B08::B3-3::N-B08::B-A05::N-2-12::N-3-1::N-B05::B-B04::B-A08::N-B09::	15
chr11	86575100	86763100	chr11_86575100	44	188000	1.15451495579292e-10	63	1.09867930714939e-24	54	1.10998518550961e-17	::N-B10::N-B05::B-1-2::N-1-2::B-1-6::B3-15::B3-17::B-A08::B-A10::B-2-23::N-A11::B-3-4::B-2-14::B3-7::B-2-15::N-B04::N3-13::B-B02::N-2-17::B-B11::N-2-15::B-B03::B-2-25::B-2-12::B-2-21::N3-16::B-B10::B3-6::N-B03::N-1-7::B3-3::N-B11::N3-3::N-3-4::N-1-6::B-1-7::N-A02::B-A04::N-A04::N-2-23::N-2-26::B-2-26::B-B05::B3-c-9::	31
chr11	88050000	88238000	chr11_88050000	31	188000	0.00471899981343745	45	2.51971069173045e-11	41	9.68454223787809e-09	::B3-6::B3-c-9::N3-17::B-B05::B3-3::B-B11::N-2-23::B3-7::N-1-2::B-B02::B-A10::N-1-6::N-B03::N-2-25::B3-15::N3-15::N-B08::B-B08::N3-3::N3-16::B-B07::N-B04::B3-16::N-B11::B-1-2::N-2-21::N-A04::B-B10::B-3-4::N-A12::N3-c-28::	20
chr11	93875700	94063700	chr11_93875700	35	188000	3.49376426139765e-05	64	1.68598847020473e-25	58	1.01418722132603e-20	::N-A02::N3-19::B3-17::B-A05::B-A01::N-B10::N-2-15::B-B10::B-B11::B-2-17::N-A12::B3-6::N3-5::N-2-25::B-A12::B-1-2::N3-16::N-A01::B-B03::B-B02::B-A02::N-B05::N3-11::N-2-21::B3-19::B-A03::N-1-10::B-2-21::B-A07::N-B04::N3-c-28::N-A11::B-3-1::N-B09::B-B09::	37
chr11	95263400	95451400	chr11_95263400	33	188000	0.000431035758688278	39	1.6466287237019e-07	31	0.00471899981343745	::B-2-17::B-1-7::B-B07::N3-2::N3-13::N-2-21::B-2-21::B-A02::N-A02::N-A11::B-2-14::N-B08::B3-6::B-3-4::N-3-4::B-B02::B3-19::N-B03::B-2-26::N-2-26::N3-16::N-2-25::B-2-25::N-B09::B-1-2::N-A04::B-A04::B-B05::N-1-6::N-B02::B-2-9::B3-12::B-2-23::	22
chr11	97196900	97384900	chr11_97196900	32	188000	0.00144831694282051	43	5.17235840263175e-10	40	4.04295888680731e-08	::B3-13::B-B02::N3-13::B3-12::N-1-10::B-2-17::B3-3::B-A07::B-B03::B-B07::N-2-21::N-A08::B3-11::B-B10::B-2-15::B-A05::B3-17::N3-17::N3-3::B-1-6::N-A12::B-A12::B-A03::N-2-15::B-1-7::B3-19::B3-2::N-A05::B-B11::N-1-2::N-B05::N-B08::	21
chr11	98114000	98302000	chr11_98114000	33	188000	0.000431035758688278	41	9.68454223787809e-09	35	3.49376426139765e-05	::B-B10::N-B08::N3-2::N3-6::B-B11::N-2-27::N3-13::B-B05::B3-3::N-3-1::B-3-1::B-A05::B-3-4::B-2-25::B-2-21::B3-c-9::N-1-10::B-1-10::B-A07::N-A11::B-A12::B-B02::N3-16::B-B09::B3-c-14::N-2-17::N3-17::N-1-6::N-B05::B-2-14::B-A08::N-A03::B3-17::	18
chr11	104353300	104541300	chr11_104353300	44	188000	1.15451495579292e-10	77	1.1654204587069e-36	65	2.54744533316047e-26	::B3-6::N-B10::N-1-6::B-2-12::B-B05::N-2-15::B-2-15::B-2-14::B-3-1::B3-3::B-3-4::N-B07::B-B09::B-1-6::N-2-12::B-B04::B3-7::N3-c-14::N-B05::N3-7::B-2-25::B3-12::B-A12::B-B11::N-2-25::N-1-7::N3-13::B3-13::N-2-14::B-B03::B3-c-14::N-1-2::N-3-4::B-1-4::N-A02::N-A08::N3-3::B3-15::B-A08::B-B07::B3-19::N-A05::B3-11::N-2-27::	37
chr11	105178500	105366500	chr11_105178500	30	188000	0.0148952578162794	45	2.51971069173045e-11	40	4.04295888680731e-08	::B-A03::B-B02::B3-19::B-1-6::B3-c-14::N-A08::B-1-2::B-B03::N-B03::N-A12::N3-16::N-3-1::N-B08::N-A01::B-A10::B-B05::N-2-27::B-A08::B-2-27::N-1-6::B-B10::B3-15::B3-3::N3-19::N-A02::B-1-7::B-A11::N-2-14::B3-13::N3-13::	24
chr11	105584500	105772500	chr11_105584500	32	188000	0.00144831694282051	43	5.17235840263175e-10	40	4.04295888680731e-08	::B-1-7::N-3-4::N-1-6::B-1-2::N-A04::B-A04::B-B11::B3-19::B3-12::N-A02::N3-13::B3-7::B-2-23::N3-19::B-A07::B3-11::N-2-17::N-2-15::B-B02::B-2-17::N-B04::B-2-25::B-A05::N3-2::B-B10::N3-16::B-B04::N3-6::N3-11::B-B09::N-2-25::B3-3::	15
chr11	106080000	106268000	chr11_106080000	34	188000	0.000124508216735865	46	5.37968041145554e-12	42	2.26461008262036e-09	::B-B07::B3-7::B3-17::B-1-7::B-3-4::B3-3::B3-19::B-A04::N-B11::N-3-1::N3-17::B3-11::N3-11::B-2-15::N-A05::B3-6::B3-2::N3-13::B3-c-28::N3-16::N-2-23::N3-6::N-1-10::B-1-6::B-2-12::N-2-26::B-2-26::N-A08::B-A08::B-A03::N-3-4::B-2-21::B-B02::N-2-27::	21
chr11	106373400	106561400	chr11_106373400	31	188000	0.00471899981343745	35	3.49376426139765e-05	30	0.0148952578162794	::N-A05::N3-6::B-3-4::N-B08::N-2-15::N-B05::B3-6::N-B04::B-B04::N3-15::N3-3::B-B07::N-A10::N-1-7::N-B10::B-B05::N3-11::B3-2::N3-2::N-3-1::B-2-25::B3-3::B-2-15::B-2-21::N-2-17::B3-19::B-2-27::N3-19::B3-17::B-A04::B-A02::	18
chr11	106772200	106960200	chr11_106772200	36	188000	9.53135678283975e-06	47	1.12414477930709e-12	42	2.26461008262036e-09	::B3-c-28::N3-2::N-B07::N-A05::B-2-27::N3-6::B3-6::N-2-25::N-3-4::B3-c-9::B-2-21::B-A05::N-B04::B-B03::N-2-26::B-2-26::N-3-1::B-A12::B-1-6::B-B11::B-2-14::B-2-23::N-B05::B-B04::N3-19::B-A01::N3-13::B-B02::N-A10::N3-c-10::N-B03::B3-c-10::B3-3::B3-17::N3-17::N-1-6::	26
chr11	106968000	107156000	chr11_106968000	32	188000	0.00144831694282051	39	1.6466287237019e-07	33	0.000431035758688278	::N3-19::B3-7::N-A05::B-A05::B3-11::N3-11::N-3-1::N-B07::B-3-4::N-2-27::B-1-2::N3-17::B-B03::B3-13::N3-13::N-B05::B-B05::B-B02::B3-16::B-2-17::N-1-6::N-B02::N-B09::N3-2::B3-2::B-B09::B-1-6::N3-6::N-B11::B-B10::B-B07::N3-c-10::	16
chr11	108122500	108310500	chr11_108122500	29	188000	0.0454993979420594	35	3.49376426139765e-05	24	7.09611513400756	::B3-c-28::N-B05::B-B05::N-2-21::N-A08::B-2-23::B-A02::N3-11::N-2-27::B-B09::B3-19::B-B10::N3-5::N-A12::B-2-21::B3-5::N-2-26::N-2-12::N3-12::N3-13::N-2-23::N-2-15::N-3-4::N-3-1::N3-3::N3-19::B-1-4::B-B02::B-B04::	8
chr11	118157000	118345000	chr11_118157000	29	188000	0.0454993979420594	40	4.04295888680731e-08	37	2.52997734286863e-06	::B-B02::N-2-25::B3-11::N-2-15::B3-7::N-2-9::N3-16::N-B09::B3-17::B3-5::N-1-2::N-B11::N3-5::N3-7::B3-19::N-1-6::N-A11::B-2-12::B-B10::B-A08::B3-3::N-A10::B-B07::N3-c-9::N3-11::N-A07::N3-13::B-B05::B3-2::	16
chr12	3163500	3351500	chr12_3163500	30	188000	0.0148952578162794	38	6.53877908208159e-07	31	0.00471899981343745	::N-B04::N-A11::B-B04::B3-5::B-1-2::N3-19::N3-13::N-1-2::B-2-15::B-2-12::B3-3::B3-c-9::B-B02::B-A02::N-B08::B-2-14::B-3-1::N-3-1::B3-19::B-1-4::B-2-23::B3-6::B-2-17::B-1-6::N-B10::N-A08::B-A08::B-B10::B-B03::N-2-12::	21
chr12	16833300	17021300	chr12_16833300	29	188000	0.0454993979420594	34	0.000124508216735865	30	0.0148952578162794	::N3-13::N3-c-10::N-B05::B3-6::N-2-15::B3-19::B-2-21::B-2-9::N-2-27::B-B05::N-A01::B-A01::B-A07::N-A07::B-B02::B-B04::N-B04::B-B11::B3-2::B-1-7::N-1-6::B-2-23::N-2-23::B-2-17::N3-c-14::B3-11::B-1-6::B-2-25::N-2-17::	20
chr12	51622300	51810300	chr12_51622300	38	188000	6.53877908208159e-07	53	6.10305540990186e-17	48	2.3000889940245e-13	::B-2-15::B-A12::B-2-14::B-B02::B-1-6::B-B09::B3-12::N-2-15::N3-12::B3-19::B-1-2::B3-15::B-A07::B3-6::B-2-21::B3-16::B-A02::N3-3::N-A11::N-2-14::B3-11::N-3-1::B-2-9::N-1-7::B3-c-10::B-3-4::N-B11::B-A03::B-1-10::N-1-10::N-B07::N3-6::B-2-25::N3-16::N3-c-10::N-2-27::B-B10::N-2-21::	30
chr12	75448800	75636800	chr12_75448800	34	188000	0.000124508216735865	42	2.26461008262036e-09	38	6.53877908208159e-07	::B-B04::N3-19::B-2-14::N-A01::B-A12::B-2-23::B-1-6::N-A12::N-B10::B-B10::B-A07::N3-16::B-1-7::B-2-15::B-2-26::N-A04::N-2-17::B3-11::B3-7::B3-13::N-2-21::N-3-1::B3-3::N-2-23::N-1-7::N-A07::N3-11::B3-2::N-2-12::B-2-9::N-2-15::B-A08::B-B02::N-2-27::	17
chr12	80787500	80975500	chr12_80787500	33	188000	0.000431035758688278	47	1.12414477930709e-12	39	1.6466287237019e-07	::N-A01::B3-5::B-B02::B3-7::N-2-14::B-2-14::B-A01::B-3-1::N-A10::B-A10::N3-19::B-2-27::N-1-2::N-A11::B3-3::B3-6::B3-11::B-A11::B-2-12::B-B05::N-1-10::B-A08::B-1-2::B-2-21::B-1-6::N-2-26::B-2-26::N-A05::N-2-27::B-A03::N-A02::B-A07::N-2-23::	19
chr12	111049400	111237400	chr12_111049400	35	188000	3.49376426139765e-05	41	9.68454223787809e-09	35	3.49376426139765e-05	::B3-7::N-A07::B-2-15::B-A03::B3-12::N3-c-10::N-2-26::N-A01::N-1-7::B-1-6::N-B08::B3-16::N-2-15::B-2-21::B-B09::N3-19::B3-3::N3-13::B-B02::N-B04::B-B07::B-1-7::N-3-4::B-3-4::B3-19::N-2-17::N-B10::B3-15::N3-15::B3-13::B-B03::B-1-2::N-1-2::B3-2::N-B05::	21
chr13	3542400	3730400	chr13_3542400	29	188000	0.0454993979420594	30	0.0148952578162794	24	7.09611513400756	::N-2-25::N-B02::B-B10::B-B02::N-2-21::B-2-21::B-3-1::B-A03::B-A08::B-A10::B-B09::B-1-6::N-2-17::N3-2::N-B10::B-A07::B-2-12::B-B07::B-2-17::B-2-25::N3-11::B3-11::B-1-10::B-2-27::N3-17::B-A04::B3-19::B3-6::B-2-15::	10
chr13	9041700	9229700	chr13_9041700	32	188000	0.00144831694282051	40	4.04295888680731e-08	33	0.000431035758688278	::B-A02::B-B05::B-2-15::B-B02::B-1-6::B-A03::B-2-23::N3-19::B3-19::N-2-15::N3-16::B3-16::N-A03::B-A08::B-A10::N-2-21::B-2-21::N-2-25::N-2-17::N-A01::N-2-27::B3-17::N-1-6::N-1-10::N-B09::B-B09::N-2-12::N-3-4::B3-7::N-2-14::N3-12::B3-6::	14
chr13	13976100	14164100	chr13_13976100	36	188000	9.53135678283975e-06	45	2.51971069173045e-11	42	2.26461008262036e-09	::B-B10::B-A08::B-1-2::N3-16::B-A01::B-1-6::N-A12::N3-17::B-A07::B3-7::B3-c-9::B-B02::N-B02::B3-2::N-B11::B-B09::B-2-25::N3-3::B-2-15::N3-12::B3-12::N-B04::N-2-15::B-A12::B-2-23::N-A01::B-A10::B3-13::B3-5::N-B10::B-2-26::B-B11::B-2-14::B-B04::B-A02::B-3-4::	16
chr13	17669200	17857200	chr13_17669200	35	188000	3.49376426139765e-05	48	2.3000889940245e-13	41	9.68454223787809e-09	::N-A02::N-2-21::B-2-21::B3-6::B-1-6::N3-3::B3-12::B-A10::B-2-12::B-1-2::N-A11::B3-13::N3-c-32::N-A08::B-B02::N3-19::B3-19::B-B09::B3-2::B-3-4::N-3-4::N-B09::B-2-15::B-A07::B3-7::N-1-7::B-A02::B-1-7::N-A05::B-A05::B-3-1::N-3-1::N-A01::B-B11::N-B10::	27
chr13	24079500	24267500	chr13_24079500	29	188000	0.0454993979420594	38	6.53877908208159e-07	37	2.52997734286863e-06	::B3-c-28::N3-17::N-B11::N-2-17::B-2-17::B-B02::B3-12::B3-17::B-A11::B3-7::N-B08::B-A10::B-2-15::B-1-6::B3-19::B-A04::B-2-27::N3-6::B-2-21::B-A12::B-2-9::N-2-26::B-2-23::N-A02::B3-16::N-A12::B-A03::N-A03::B3-6::	19
chr13	43285400	43473400	chr13_43285400	37	188000	2.52997734286863e-06	54	1.10998518550961e-17	42	2.26461008262036e-09	::B-A10::B-B10::N3-6::B-A05::N-A02::N-2-9::B-B04::N3-19::B-A03::B-2-14::N-2-14::B3-c-9::B3-7::N-B10::B3-19::B-1-6::N-B09::B-2-27::N-2-27::B-A12::N-A12::B-2-17::N-A11::B3-17::B-B02::B-B03::B3-6::N3-13::N-B07::B3-11::N3-11::N-A03::N-A08::B-A04::B-3-1::N3-16::B-B09::	30
chr13	44780000	44968000	chr13_44780000	32	188000	0.00144831694282051	53	6.10305540990186e-17	47	1.12414477930709e-12	::B-2-15::N-B02::B-3-4::B-B02::N3-13::B-A12::N-A12::B3-6::B-B07::N-A07::N-2-15::B-1-6::N-B04::B-B05::B-1-2::N-A01::N3-6::B-2-25::B3-12::N-2-25::B-B04::N-B07::B-B03::B-A02::B3-17::B3-13::N3-16::B-3-1::B3-19::B-1-4::B-2-26::B3-c-28::	19
chr13	46691200	46879200	chr13_46691200	31	188000	0.00471899981343745	38	6.53877908208159e-07	35	3.49376426139765e-05	::B3-c-28::B-B10::N-B10::B-1-6::B-B07::N3-6::B-3-4::N-3-4::B-2-21::B3-16::B-B11::B3-5::B-A08::B3-6::B-1-7::N-B08::B-A10::B-2-25::B3-3::B-B02::N-A11::N-B07::N-B09::N3-19::B-A04::B-A07::B-2-27::N-A03::B3-7::B-1-2::N-2-15::	26
chr13	63140400	63328400	chr13_63140400	31	188000	0.00471899981343745	36	9.53135678283975e-06	31	0.00471899981343745	::N-A07::B-2-26::N-B05::B-A03::N-A11::B-A11::N-B08::B-A01::B-3-4::B3-12::B-2-15::B3-7::B-2-12::N-2-12::B-A12::N3-13::B-B02::B-A08::B3-6::B-1-10::N-3-1::B-2-9::B-2-27::N-B02::B-B04::B-A07::B3-3::N3-3::N-A02::B-A02::B-1-2::	15
chr13	85118600	85306600	chr13_85118600	30	188000	0.0148952578162794	49	4.61011956596097e-14	42	2.26461008262036e-09	::B-2-15::N3-7::B3-19::N-B03::N3-17::B-1-2::N3-c-10::B-A12::N-1-6::N3-2::B3-2::B-A01::B-B03::B-2-27::B-B07::N-1-10::B-B11::B-B05::B3-17::B-B10::B3-c-10::B3-15::N3-15::N-A05::B-A05::B3-3::N-B10::B-A10::B3-c-28::B-2-14::	29
chr13	94426500	94614500	chr13_94426500	43	188000	5.17235840263175e-10	50	9.0553619526537e-15	23	17.3407655138139	::N-2-25::N-2-15::B3-7::B-1-7::B3-c-28::N3-19::B-A07::B-B02::B-B10::B-A02::B3-12::B3-13::B-1-6::B-A08::B-B05::N-B08::N3-11::B3-2::N-B05::N-2-26::N-2-14::N-B04::N-A02::N-2-12::N-2-17::N-B07::N-A11::N-2-27::N-B03::N-1-6::N-B10::N-A12::N-1-2::N-A04::N-3-4::N3-3::N-2-23::N-2-21::N3-16::N3-6::N3-13::N3-2::B-A11::	34
chr13	98734500	98922500	chr13_98734500	34	188000	0.000124508216735865	56	3.47611170999056e-19	47	1.12414477930709e-12	::B-B02::B-B11::N-1-2::B3-2::N-2-25::B3-7::B-2-23::B-B10::N-B03::B-B03::B-A07::B-1-6::N-2-15::B-1-2::B-2-15::N-A07::B-2-21::B-B05::N-1-6::B-B09::N3-6::B-A10::N-2-14::N-B09::B-3-4::N3-15::B3-12::N3-16::B3-19::N-2-23::N3-2::B-2-25::N-B04::B-A01::	20
chr13	103775800	103963800	chr13_103775800	33	188000	0.000431035758688278	46	5.37968041145554e-12	37	2.52997734286863e-06	::N-B11::N-B02::B-B09::B3-5::N-1-10::B-A10::B-B10::B-2-21::N3-c-9::B3-19::B-A05::N-A02::B-A02::N-2-21::B3-c-9::B-A08::B-2-14::N-A03::B-A03::B-1-7::N3-6::B-2-9::N-3-1::B3-17::B-B11::N-B08::B-B08::B3-3::N-B09::N-B04::B3-6::B-3-1::N-A10::	20
chr13	111691200	111879200	chr13_111691200	36	188000	9.53135678283975e-06	55	1.98206604821102e-18	33	0.000431035758688278	::N3-5::B-B11::B3-7::N-A04::B-B05::N3-16::B-1-4::B-2-17::N-A02::B-B02::N-2-15::B-2-15::B-A02::N-2-21::B3-3::B-B07::B-3-1::N-3-1::N-3-4::B-B04::B-1-6::B-A12::B-B08::B-A11::B-A10::B-1-7::B3-17::B-1-10::B3-19::B-3-4::B3-2::B-2-23::B-2-21::N-A05::N-A12::B3-11::	17
chr14	19282800	19470800	chr14_19282800	48	188000	2.3000889940245e-13	72	3.02401994811226e-32	30	0.0148952578162794	::N3-19::B3-12::B-A08::N-B09::B-B02::N-2-21::B3-6::B-2-14::N-B05::N-A03::N-2-27::N-A01::N3-6::N3-3::N-A02::B-1-6::N-1-10::N-B11::N-A05::N3-11::B-3-4::N-1-7::N3-17::N3-16::B-B04::B3-11::N-2-17::N-B02::B-2-23::N-2-9::B-B11::N-B10::N3-12::B3-3::N-3-4::N-2-23::N-2-25::N-1-2::B-2-15::B3-17::B3-2::N-B04::N3-15::N-A10::N-1-6::N-B08::N-B07::N-A08::	39
chr14	20934100	21122100	chr14_20934100	30	188000	0.0148952578162794	45	2.51971069173045e-11	40	4.04295888680731e-08	::B-B02::B-3-4::N3-7::B3-12::B3-c-28::B-A10::N-1-6::B-1-6::B-2-23::B-A04::N-2-25::N-A07::B-B05::N-A05::B-A05::N-3-1::B-2-14::B3-15::N-B04::B-1-10::B3-19::B3-c-9::N-1-2::B-2-25::N-B02::B-A07::B-3-1::B3-7::B-B04::N-3-4::	24
chr14	30993100	31181100	chr14_30993100	35	188000	3.49376426139765e-05	48	2.3000889940245e-13	41	9.68454223787809e-09	::B3-17::B-B09::N-3-1::N-2-21::B-2-21::N3-7::B3-11::N-B04::B3-c-10::N-A01::B-3-1::N-2-17::N-2-15::B-A02::N-B11::B-B11::N-B02::B-B07::N-B07::N-A02::N3-13::N-2-12::B3-13::N-B10::N3-c-10::B-B10::B-A08::B3-6::B3-12::N-2-25::N-2-23::N3-c-28::B3-c-28::N-A11::N3-3::	22
chr14	34323000	34511000	chr14_34323000	37	188000	2.52997734286863e-06	50	9.0553619526537e-15	45	2.51971069173045e-11	::N-A08::B3-19::N-B09::B-1-6::N-1-10::B-2-9::N3-17::B3-17::B-2-23::B3-11::B-2-15::B3-2::B-B02::B-B05::B-2-21::B-A01::N-2-25::N-B08::B-B08::B3-c-28::B-A07::N-1-6::B3-12::N-A05::B3-7::B-2-14::N-2-14::B-2-12::B-A08::B-A11::N-A11::N-B10::N-A02::B-A02::B-1-4::B-3-4::N-B05::	29
chr14	52062400	52250400	chr14_52062400	33	188000	0.000431035758688278	47	1.12414477930709e-12	42	2.26461008262036e-09	::N-3-4::N-A08::B-A01::B-2-15::B-B10::B3-17::B-1-7::B-2-14::B-2-25::B3-16::B-A08::N-1-7::B-2-21::B-B02::B-2-12::B-2-27::N-B10::N3-19::N-2-21::B-A10::B-A07::N-A07::N-2-27::B-B07::B3-12::N-2-15::B-1-10::N-1-10::N3-c-28::B3-c-28::N-1-2::B3-11::N-B09::	23
chr14	66967100	67155100	chr14_66967100	29	188000	0.0454993979420594	33	0.000431035758688278	29	0.0454993979420594	::B-B05::N-A01::B3-6::N-2-15::B3-7::B-B02::N3-7::B3-12::N-2-21::B-B08::B-2-14::N3-11::B3-11::N-B04::N-A08::B-2-12::B-B10::B-3-4::B-2-25::B-A01::B-1-10::B-A12::N-A12::N3-19::B-1-7::B3-c-9::B-2-26::B-B03::N-B03::	19
chr14	73181200	73369200	chr14_73181200	36	188000	9.53135678283975e-06	62	7.04770739848022e-24	48	2.3000889940245e-13	::N-B09::N-A01::B3-12::N-3-1::B3-11::N-B02::B-B11::B-A08::N-B11::B-A03::N-A03::N-A08::N-A10::B3-15::B3-19::N3-19::B-B02::N-2-17::B-A05::B3-c-14::B3-3::B-A01::B3-c-10::N3-c-10::N-2-27::B-B04::N-B04::B-A11::B3-c-9::B-2-25::N-2-23::B-B07::B-B03::N-A05::N-2-15::B-1-4::	47
chr15	8260100	8448100	chr15_8260100	53	188000	6.10305540990186e-17	71	2.21693785285423e-31	65	2.54744533316047e-26	::N-A08::B-A12::B3-13::B-B07::N-2-15::B-B10::B-B03::B3-12::B3-19::N-2-21::B-3-1::B-1-4::B3-c-28::B-3-4::B-B04::N-A12::B-2-14::B-2-15::N-B05::B-2-12::B-1-10::N-1-6::B-A08::N3-c-32::N-2-23::N-B04::N-B08::B3-11::B-2-17::N-2-17::B-B02::N-2-14::B-A07::B-1-7::B3-c-10::B-1-2::B-B08::N-A11::B-2-26::N3-13::N-A07::N3-6::B3-17::B-2-23::B-B11::B-B05::B3-7::B-A11::B-2-25::N-2-25::N3-7::B3-6::N-2-12::	48
chr15	12110500	12298500	chr15_12110500	35	188000	3.49376426139765e-05	46	5.37968041145554e-12	43	5.17235840263175e-10	::B-2-12::B-A10::B3-c-32::B3-12::B-B11::N-2-27::N-2-21::B-B08::B-2-21::B3-6::B3-19::N-B02::N-B04::N-B08::N3-19::N-B09::N-A10::B3-7::B-A12::N-A11::B-2-14::B-1-6::B-2-15::B-B02::B-A08::B-B07::N-B07::N-A12::N-1-6::B-1-2::N-2-26::N3-13::N-2-23::B-B03::N-A01::	31
chr15	37924500	38112500	chr15_37924500	34	188000	0.000124508216735865	59	1.68822276355205e-21	52	3.29351429823657e-16	::B-3-1::B-B05::N3-16::B-3-4::B-A08::B3-c-9::B-B11::B-2-15::B3-6::B-B04::N3-5::B3-13::B-B03::N-3-4::N-3-1::N-B04::B3-19::N-2-26::N-A01::B-A01::B-2-14::N3-19::N3-17::N-B02::N-B03::N3-3::B-A10::B3-15::B3-17::B3-12::B-1-6::N-B08::B-A04::N3-13::	31
chr15	50673600	50861600	chr15_50673600	35	188000	3.49376426139765e-05	44	1.15451495579292e-10	38	6.53877908208159e-07	::N-2-15::N-A05::B-B05::B-3-4::N-A12::B-B09::N-2-23::N3-15::B-B10::N-1-2::B3-15::B-2-12::N-A07::B-2-25::N3-c-14::B3-19::N-2-12::B-2-21::N-B09::B-1-2::N-2-25::N-B05::B-2-15::B-3-1::N-3-1::N3-7::B-2-14::N-2-14::N-B11::B3-5::N3-19::B-1-6::N-A02::B3-7::N-2-17::	22
chr15	53150900	53338900	chr15_53150900	29	188000	0.0454993979420594	39	1.6466287237019e-07	36	9.53135678283975e-06	::N-2-23::B3-12::B-2-14::N-2-14::N-1-6::B-2-15::N-2-15::N3-19::B-B05::N3-16::B-1-6::B-2-21::B-3-4::B-A08::N-A11::B3-19::B-2-23::N-2-17::B-B09::N3-c-14::B-A02::N-A10::B-B07::B-B03::B3-17::B3-c-28::B-2-25::N-2-25::N-3-4::	24
chr15	73038700	73226700	chr15_73038700	29	188000	0.0454993979420594	48	2.3000889940245e-13	36	9.53135678283975e-06	::N-A01::N3-11::B3-11::B3-19::N-B02::N-B09::B-2-12::N3-3::N3-16::N-B08::B3-3::B-A08::B-B08::B-2-14::N3-13::B3-13::B-1-6::N-1-6::B-B04::B-1-7::B-B02::N-B05::B-2-9::N3-19::N-A08::N3-c-14::B-2-15::B3-c-28::B-2-27::	20
chr15	77111100	77299100	chr15_77111100	42	188000	2.26461008262036e-09	51	1.74381041618419e-15	44	1.15451495579292e-10	::B-1-2::N-2-12::B-2-12::B-B04::N-A10::B-A10::B3-3::N3-13::B-A11::B3-19::N-B07::N3-19::N-B08::B-2-14::B-B08::B-B07::B-A04::B-A03::B-2-25::N-B02::B-B05::B-2-23::B-A07::N-B05::N3-7::N-A08::B3-6::B-1-6::N-2-21::N-B11::B-A05::N3-6::N3-16::N-1-2::B-3-4::N3-c-28::N-3-4::N-2-15::B-A08::N-A03::B-B02::N-1-6::	24
chr15	80778300	80966300	chr15_80778300	39	188000	1.6466287237019e-07	68	8.02542628759139e-29	59	1.68822276355205e-21	::N-B09::B-2-21::B3-17::B3-c-28::N-2-15::B-3-4::B-B11::B-2-23::N-2-12::B-2-12::B3-6::N-B04::B-2-15::B-1-6::B-A04::N-B08::N3-17::B-1-7::B-A03::N3-6::B-A11::N-A11::N-1-6::B-2-14::N-1-2::N3-13::B3-13::B-A08::N3-c-28::B-B04::B-B07::B-A07::B-1-2::N-2-14::B-B08::N-A01::B-B10::N-A05::B3-15::	32
chr15	81498800	81686800	chr15_81498800	33	188000	0.000431035758688278	48	2.3000889940245e-13	39	1.6466287237019e-07	::B-B05::B-2-26::B-A01::N-A01::B-2-14::N3-11::B3-2::B3-15::B-A11::N-3-4::N-2-12::B-2-21::B-A05::N-B08::B-B08::B-2-25::B-B02::N3-6::N3-c-9::B3-6::B-A04::N3-3::N-2-25::B-1-10::B-3-4::B-B03::B-B11::N3-13::B3-c-9::B-B07::B-B04::N-B04::B3-13::	26
chr15	85295300	85483300	chr15_85295300	29	188000	0.0454993979420594	36	9.53135678283975e-06	33	0.000431035758688278	::B-1-7::B3-2::N-A02::B-2-25::B-2-17::B-A07::N-A01::B-3-4::N-A05::B-A03::B3-12::N-2-25::N-1-7::N3-19::N-3-1::B-3-1::B3-7::B-B10::N-B10::N-1-2::B-1-2::B-A11::N-2-21::B-2-15::N-B03::B-B03::N-2-15::B-A12::B3-11::	14
chr15	96275000	96463000	chr15_96275000	39	188000	1.6466287237019e-07	58	1.01418722132603e-20	53	6.10305540990186e-17	::B3-17::B-A10::B-1-2::B3-19::B-1-6::N-2-21::B-A08::N3-6::B-2-14::B-A12::N-1-6::B-2-26::B-B02::N-1-2::N-B04::N3-16::B-2-15::B-2-27::B3-3::N3-7::B-2-17::B3-7::B-B04::B3-c-14::N3-c-14::N3-19::N-A08::N-2-14::B3-c-32::N-3-4::B-B05::N-2-25::B3-6::B-3-4::B-B11::N-1-7::B-A05::N-B02::B-1-10::	35
chr15	99697400	99885400	chr15_99697400	33	188000	0.000431035758688278	42	2.26461008262036e-09	37	2.52997734286863e-06	::N-A02::B-A12::B-A02::N-1-7::B3-3::B-2-23::N-B09::B-B09::B3-19::B-2-14::B-3-4::N-A05::B-A05::N-3-1::N-3-4::N3-16::B-A08::N-1-2::B-A10::N-2-21::B-1-4::N-1-6::B-1-6::B3-17::N3-17::N-1-4::B-2-15::B3-13::N-2-15::B-1-7::B3-c-10::B-A04::N-B02::	18
chr15	99974300	100162300	chr15_99974300	34	188000	0.000124508216735865	48	2.3000889940245e-13	43	5.17235840263175e-10	::N-A08::B-A07::N-3-1::B-2-15::N3-16::N-2-17::N-B10::N-1-2::B-2-17::N-B05::B3-11::B-3-4::N-2-21::N-2-15::N-B07::B-2-14::B3-15::B-A11::B-B07::B-B09::B3-6::N-B11::N-A11::B-A01::B-B05::B-A08::B3-c-28::N-1-6::N-B04::B3-2::N-A05::B-B11::B3-c-9::N-B09::	23
chr15	102033800	102221800	chr15_102033800	33	188000	0.000431035758688278	36	9.53135678283975e-06	29	0.0454993979420594	::B-1-6::B-B02::N-3-1::B3-13::N3-13::B-2-15::B-2-14::N-2-14::N3-17::N-B08::N-1-2::N-B05::B3-5::B-1-4::B-2-9::B-B10::B-A12::N3-3::B3-3::B-2-26::N-2-26::B-2-23::N-B11::B-A08::B-3-4::N-1-7::N3-2::B3-6::B-B09::N-3-4::B3-17::B-A04::B-A02::	19
chr15	102458300	102646300	chr15_102458300	41	188000	9.68454223787809e-09	51	1.74381041618419e-15	46	5.37968041145554e-12	::B3-19::B3-16::N3-16::N3-19::B-2-25::N-2-25::B3-3::N-B09::N-1-7::N3-6::B3-12::B-2-27::N-A05::B-2-14::B-3-4::N-2-23::B3-c-9::N-A08::B-A08::N-1-6::B3-5::N-B05::B-2-17::N-2-17::N-B03::B-B03::B-B09::B-2-15::N-B10::N-2-15::B3-11::B-B07::N-2-12::B-A07::B-1-6::N-2-14::N-A10::B3-15::B-1-7::B-B10::N-A03::	25
chr15	103141300	103329300	chr15_103141300	29	188000	0.0454993979420594	37	2.52997734286863e-06	31	0.00471899981343745	::B-B07::N-B04::B-B08::B3-11::N-1-2::N-2-17::B-1-6::N-1-6::B-2-21::B-A12::B-2-14::N-B09::B-B09::N-B08::N3-c-9::N-1-7::B3-c-9::B-2-15::N-A11::B3-19::B3-6::B-B11::N-B11::N-A12::N-B10::N-A01::B-1-7::B3-7::N-2-23::	20
chr16	4025000	4213000	chr16_4025000	34	188000	0.000124508216735865	48	2.3000889940245e-13	44	1.15451495579292e-10	::B-B05::B-B03::B-2-14::N3-6::B3-c-28::B3-7::B3-6::B-1-2::N-B10::N-B02::B-A08::N-1-7::N-B08::B3-13::B3-17::B3-c-10::B-3-1::B-B09::N-2-15::N-A01::N3-12::N-1-2::B-A10::B-1-7::B-B10::B-2-15::N-2-17::N3-13::N3-5::B-2-23::N-2-12::N-B11::B-2-21::N-2-21::	26
chr16	11082400	11270400	chr16_11082400	29	188000	0.0454993979420594	41	9.68454223787809e-09	38	6.53877908208159e-07	::B-B11::B3-15::B3-c-10::N3-13::B-1-2::B3-11::B-2-15::B-2-14::B-1-10::B-2-21::B3-7::B3-5::N3-16::B-B07::N-2-25::B-A07::N-2-27::N-A05::N-A02::N-2-15::N-B03::N3-11::B-A04::B-A12::B-B03::B3-3::B-3-1::B-A11::N-A11::	19
chr16	16991000	17179000	chr16_16991000	29	188000	0.0454993979420594	38	6.53877908208159e-07	33	0.000431035758688278	::N-B02::N-A03::N-2-21::B3-19::B-2-15::N-A08::B-A12::B-B10::B3-c-28::B-B11::N-B03::N-2-23::B-B03::N-2-14::B3-3::B-2-14::B-3-1::N-3-1::B-2-21::N3-13::N-A07::N3-16::B3-5::N-A11::N-1-7::B-3-4::B3-6::B-B05::B-2-17::	13
chr16	17630900	17818900	chr16_17630900	29	188000	0.0454993979420594	34	0.000124508216735865	30	0.0148952578162794	::B-A07::B-A11::B-B10::B-3-4::N-2-27::N3-6::B-B03::B-A10::N-B03::N3-3::B-A08::N-B02::N-2-15::N-A04::N-A02::B-B07::N-2-25::N-B05::B-B05::N-A05::B-2-21::N-A10::B-2-23::B-A01::N-A01::B-1-2::B3-6::B-1-7::B-1-6::	12
chr16	24463400	24651400	chr16_24463400	36	188000	9.53135678283975e-06	42	2.26461008262036e-09	41	9.68454223787809e-09	::N-A02::N-2-15::N-B03::B-1-6::B-1-2::B3-c-28::B-2-14::B3-11::B-3-4::B-B05::N3-c-14::N3-7::N3-19::B-A07::B-2-21::N-1-7::B-A10::B3-12::N-2-21::B-3-1::N-3-1::N3-6::B-2-15::N-3-4::N3-17::B3-3::N-B08::B-B02::B-B09::B-A08::B-2-23::N-2-14::N-A10::N-2-23::B-2-12::N3-c-10::	22
chr16	31657900	31845900	chr16_31657900	37	188000	2.52997734286863e-06	56	3.47611170999056e-19	50	9.0553619526537e-15	::N-A05::B-B03::B-B02::N-A08::B-2-15::N3-c-14::B3-19::B-A07::B-B05::B-1-6::N-2-26::N-A07::N-3-1::N-B10::N3-19::B-3-4::N-3-4::N-B05::B-B10::N-B03::B-2-12::B-A02::N-2-15::N3-3::B-A11::N-2-21::B3-11::B-2-21::B-A05::B-2-14::N3-17::N3-6::N-A02::N-B04::B-2-23::N3-c-28::N-B08::	26
chr16	38090900	38278900	chr16_38090900	44	188000	1.15451495579292e-10	72	3.02401994811226e-32	63	1.09867930714939e-24	::B3-7::B-2-25::N3-6::N-1-6::B-1-6::B-B05::N-2-25::B3-11::B3-13::B-2-15::B-A11::B-B10::B-B04::B-B07::N-A07::B-1-7::B-A10::N-A02::N-2-15::B3-c-9::B-A08::B-B09::B-3-1::B-B02::B-1-2::N-1-2::B3-19::B-A05::N-A08::B-A12::N-2-17::B-A07::N3-12::N3-16::N-B05::N-B07::B-B08::N-A05::N-B04::N-2-21::B3-6::B-2-14::N-A11::B-2-23::	23
chr16	43330800	43518800	chr16_43330800	30	188000	0.0148952578162794	37	2.52997734286863e-06	35	3.49376426139765e-05	::N-B10::N-A12::B-3-4::N-A01::B3-6::N3-3::N-1-7::N-1-6::N-2-15::B-A12::B-A08::N-B03::B-B03::B-2-15::B-B10::B-1-6::B3-17::N-B07::N-B05::N-B02::B-2-23::B3-13::N3-13::B-B05::N3-c-14::B-1-7::B-2-14::N-B04::B3-3::B-A10::	17
chr16	87306400	87494400	chr16_87306400	32	188000	0.00144831694282051	40	4.04295888680731e-08	37	2.52997734286863e-06	::B-1-4::B3-c-10::B-2-9::B-3-4::B3-11::N-2-15::B-2-15::N3-c-9::B3-15::N3-7::B-B04::N-2-27::B3-3::N-A01::B-A01::B-B10::B-A03::B-A12::B-2-12::B-A08::B3-c-9::B-A05::N3-11::N-A04::B3-6::B-B07::B-B02::B-B09::B3-c-28::N3-17::N-B04::N3-6::	17
chr17	3058000	3246000	chr17_3058000	39	188000	1.6466287237019e-07	57	5.98938869296834e-20	50	9.0553619526537e-15	::B-B10::B3-11::B-2-9::B3-2::B-A12::B-B04::B3-19::N-2-21::N-3-1::N3-17::N-A05::B-B02::N-1-6::B-1-6::N-2-15::B-2-12::N-3-4::N3-15::B3-15::B-A01::N-B03::B-B03::B-A08::B-2-21::B3-12::B-2-14::B-A10::B-3-4::N3-5::N3-16::B-B05::N-B05::B-A05::N-1-7::N3-19::B3-17::N-A12::B-A02::N-A08::	22
chr17	5047400	5235400	chr17_5047400	48	188000	2.3000889940245e-13	66	3.79074496552312e-27	56	3.47611170999056e-19	::N-2-21::B3-19::N-3-4::N3-16::N-1-6::N-2-15::N-B08::B-B02::B-1-6::B-B03::N3-17::B-B08::B3-7::N-2-25::B-3-1::B-2-21::B3-12::B-A11::N-A11::N-2-23::N-B09::B-B09::N-A02::N-1-4::B-A02::N-A05::N3-6::N-3-1::B3-6::B3-17::B-2-15::B-1-2::B-A10::N-A04::B-A04::N-2-17::B-1-4::B-A08::N-A01::B-A05::B3-c-14::B-B07::N-B07::B3-5::B-2-25::B3-3::N3-3::N3-13::	33
chr17	10196200	10384200	chr17_10196200	41	188000	9.68454223787809e-09	56	3.47611170999056e-19	48	2.3000889940245e-13	::N-A03::B-A04::B-B05::N-B10::B3-6::N-A01::B-B10::B3-17::N3-16::N-A08::N-A04::N-2-15::N3-13::B3-19::B-B04::N3-c-9::N-3-4::N-A10::B-A07::N3-17::B-B08::N-3-1::N-2-23::N3-6::B-1-6::B-2-26::N-1-10::B-2-25::B-A03::B-1-10::B-2-21::N-2-21::B-2-23::N-1-2::B-1-7::B-A10::N-A02::B-A02::B-B09::N3-c-28::B-A05::	22
chr17	28954300	29142300	chr17_28954300	31	188000	0.00471899981343745	35	3.49376426139765e-05	31	0.00471899981343745	::B3-6::N-B04::B-1-7::B-2-15::B3-c-28::B-B07::B-A07::B-1-6::N-A03::B-B03::N-B05::N-2-25::B3-15::B-A12::N-A12::B-A02::N-A02::B-2-9::B-A05::B-A11::B-B05::N-3-4::B3-19::B3-16::N3-16::N-2-26::N-1-6::N-B07::N3-11::N3-c-10::B-2-25::	16
chr17	30006400	30194400	chr17_30006400	40	188000	4.04295888680731e-08	63	1.09867930714939e-24	56	3.47611170999056e-19	::B-B02::B-3-4::N-3-4::B-B05::N-A08::B3-17::B-B10::N-B03::B-B11::B-B03::N-2-25::N3-11::N-A11::B3-19::N-2-17::B-1-7::N-B07::N-A01::N-B04::B-2-27::B3-3::N3-16::N3-19::N-B05::B-2-17::B3-12::B3-c-28::B-2-15::B-1-6::B-B04::B-A02::N3-13::N-1-6::B-2-14::B-A10::B-2-12::N-2-12::N-A05::B-2-26::B-A07::	31
chr17	32193900	32381900	chr17_32193900	37	188000	2.52997734286863e-06	49	4.61011956596097e-14	44	1.15451495579292e-10	::B-B05::B-A08::B3-11::B-2-25::B-2-21::B-1-2::N3-c-10::N-3-4::B3-c-28::N-B10::N-A01::B3-17::N-2-23::B-B07::B-2-12::B3-7::B-A03::B-A10::B-A12::B-B02::B3-15::N3-16::N3-12::N-B08::B-2-17::N-2-17::N-B09::B3-13::N3-13::B-2-15::B3-6::N3-6::N3-3::B3-16::B3-3::N-1-2::N-A05::	25
chr17	33633500	33821500	chr17_33633500	29	188000	0.0454993979420594	35	3.49376426139765e-05	31	0.00471899981343745	::B-2-14::N-B07::B-1-6::B-2-15::N-B09::N-2-15::B3-c-10::B3-6::B3-17::B-2-17::B-2-23::N-2-23::N3-6::N-3-4::B-3-4::B-B10::N-B10::N-1-6::B-B02::N-1-2::B-1-2::B3-c-9::N-B08::B-B05::N-B05::N-2-14::B-A12::B-A08::N-A07::	15
chr17	44545500	44733500	chr17_44545500	31	188000	0.00471899981343745	42	2.26461008262036e-09	35	3.49376426139765e-05	::B-A10::N3-17::N-B05::B3-11::B-2-23::B3-17::B-B10::N-B09::N3-c-14::B-A02::B-1-2::B-A08::N3-16::N-A08::B3-c-28::B3-2::N-2-14::N-2-25::N-A02::N3-2::N-2-23::B-B02::B-2-27::N-B02::B-2-12::N-2-12::B3-19::N3-19::B-1-7::N-B03::B3-3::	22
chr17	56526300	56714300	chr17_56526300	29	188000	0.0454993979420594	36	9.53135678283975e-06	31	0.00471899981343745	::B-1-6::N3-16::B-A04::N-B11::B-B11::N3-13::N-B07::B3-13::B3-7::N-A07::B-A07::B-A05::N-1-2::N-A11::B-B10::B3-6::B-2-17::N-2-25::N-2-15::N-B04::B-2-23::B3-3::B3-2::B-2-14::B3-c-28::N3-c-28::B3-c-14::N-2-27::N-2-12::	14
chr17	65758400	65946400	chr17_65758400	30	188000	0.0148952578162794	32	0.00144831694282051	26	1.05301499436659	::B-3-4::B3-19::N-2-15::N-B10::B-B10::N-2-12::B-2-12::B-B09::B-B02::N3-c-28::B3-c-28::N-B02::N-A05::N-B04::B-A05::B-1-6::B-2-26::B-A03::B-B04::N-A04::B3-c-9::B3-7::N-A11::N3-15::N3-6::N3-17::B-1-2::B-B07::N3-13::N-B09::	12
chr17	74195700	74383700	chr17_74195700	34	188000	0.000124508216735865	45	2.51971069173045e-11	41	9.68454223787809e-09	::B-B02::B-2-25::B3-6::B3-c-9::B-A10::B-B05::B3-17::N3-17::N-A12::B-A11::B-2-27::N-B05::N3-7::B-3-4::B3-7::N-A08::B-2-23::N-2-23::N-2-25::N3-19::B-2-15::N-2-17::B3-11::N3-11::B-B04::N-B11::N-A05::B-A05::B-1-2::B-A04::B-B03::B-2-26::B3-c-28::N-2-15::	22
chr17	74521400	74709400	chr17_74521400	34	188000	0.000124508216735865	52	3.29351429823657e-16	48	2.3000889940245e-13	::B-3-4::B3-6::B-A11::B3-7::N-A11::N-2-15::N-B02::B-A10::B3-3::N-1-2::B-A02::B-2-14::N-2-23::B-2-23::B3-5::N-B05::B-B11::N-2-14::B3-15::N-B03::B-1-7::N3-11::B3-11::B3-13::N-1-6::B-B05::N-3-4::N-B08::B-1-2::B3-c-28::N3-16::B-2-25::N-2-25::B-1-6::	31
chr18	4901000	5089000	chr18_4901000	37	188000	2.52997734286863e-06	47	1.12414477930709e-12	41	9.68454223787809e-09	::B3-11::B-A03::N3-16::N-2-15::B-B11::B-A08::B-B10::B3-7::B-1-2::B-A05::N-A05::N-A03::B-1-6::N3-17::N-A01::N-1-10::N-B08::B-B02::N-3-1::B-3-1::N-B10::B3-3::B-A02::N3-c-28::B-2-21::B-3-4::B-A10::B3-c-9::B3-5::N-2-9::B-B04::N3-19::B3-17::B3-15::B3-2::B3-c-28::B-B07::	26
chr18	7752100	7940100	chr18_7752100	33	188000	0.000431035758688278	54	1.10998518550961e-17	44	1.15451495579292e-10	::N-B09::N-2-23::B-A07::B-2-17::N3-16::B3-7::N3-7::B-A10::N-A10::N-2-15::B-1-2::B-2-25::B-B10::N-1-6::N-3-1::B-2-21::N-2-14::B-3-1::B3-12::B-A11::B-2-15::B-2-27::B-1-7::B-A01::B-B07::B-2-23::N-A02::B3-11::N3-15::B3-15::N-1-2::B3-17::B3-6::	28
chr18	9278800	9466800	chr18_9278800	36	188000	9.53135678283975e-06	47	1.12414477930709e-12	40	4.04295888680731e-08	::B-2-15::B-3-1::B3-c-9::B-B05::N-B08::N-B07::B-B07::B3-c-28::N-1-2::N-2-12::B-2-12::N-2-23::N-A03::N-2-21::N-A01::N-3-1::B-A08::B-1-2::B3-c-10::B-2-25::B3-17::B-B09::B3-12::B-B04::B3-3::N3-3::B-2-23::N-2-25::B-A01::N3-c-9::N-2-17::N-A02::B-A02::B3-2::B-A12::B-B11::	24
chr18	9981100	10169100	chr18_9981100	45	188000	2.51971069173045e-11	58	1.01418722132603e-20	54	1.10998518550961e-17	::N-B02::B-A03::B-1-10::N-A01::B3-7::N-A11::B-B04::B-A08::N-1-6::B3-c-9::B-1-6::B-3-4::N3-3::B3-3::B3-5::B-B02::N-B11::B-B11::N3-13::N-2-21::N-2-23::B-1-7::N-2-27::B-B05::N3-19::B-2-25::B-B10::N-B05::N3-16::N-2-15::B-2-14::N-B08::N-2-14::B-2-15::B3-16::B-2-23::N-1-2::B3-c-28::B-1-2::B-3-1::N-3-1::N-A05::N-B03::N-A02::N-2-17::	30
chr18	31765000	31953000	chr18_31765000	34	188000	0.000124508216735865	41	9.68454223787809e-09	37	2.52997734286863e-06	::B-A01::N-1-7::N-1-10::N-3-4::B-A02::B3-6::N-1-6::B-B05::N-2-27::N3-11::B3-11::N3-19::N3-6::B-2-21::N-2-21::B-B10::B-1-2::N-2-23::B-B09::N3-13::B3-19::B-A05::N-B08::N-A11::B-A08::B3-7::B-3-4::N-B05::B-A10::N-2-15::B-2-17::B3-5::B-B11::B-2-15::	20
chr18	34203200	34391200	chr18_34203200	31	188000	0.00471899981343745	41	9.68454223787809e-09	37	2.52997734286863e-06	::N-2-17::N3-13::N-2-23::B3-12::B-2-21::B-A10::N-A01::B-B03::N-B03::N-2-15::B3-2::B-1-2::B-B05::B-B02::B-2-9::B-A07::N-1-7::B3-11::B3-c-32::N-A07::N-A11::B3-19::B-A05::N-A05::B-2-14::N-B02::N-B04::B-B04::B3-6::B-2-26::N-A02::	19
chr18	34770000	34958000	chr18_34770000	29	188000	0.0454993979420594	35	3.49376426139765e-05	34	0.000124508216735865	::N-B11::B-A07::B-B07::N3-11::B-3-4::N-1-6::B-B10::N-A02::B-B02::B-1-4::B-2-21::B-1-7::N-B08::B-B03::B3-15::B-B11::N-2-23::N-B07::B-B04::N-2-25::B-1-10::N3-13::B-1-6::N3-16::N-B10::B-A05::B-A04::B-2-26::N-3-4::	17
chr18	35067100	35255100	chr18_35067100	35	188000	3.49376426139765e-05	51	1.74381041618419e-15	43	5.17235840263175e-10	::B-A08::B-B04::N3-13::N3-17::B3-17::B3-6::B-2-15::B3-7::B3-c-28::N3-19::B-A02::B-2-23::B-A01::B-A10::N-A01::B-3-4::B-B09::N-A11::N-A08::B-1-2::N-2-25::B-2-25::B-B05::N-2-15::N-3-1::N-B10::N-1-6::B3-19::B-B03::B-B10::B-1-6::B-B07::N-B05::N-1-2::N-B02::	29
chr18	35556000	35744000	chr18_35556000	37	188000	2.52997734286863e-06	46	5.37968041145554e-12	40	4.04295888680731e-08	::N3-c-28::B-A10::B-2-23::N-2-23::B3-7::B-2-14::B-1-7::N-A10::B-1-6::B-A01::N-A01::B3-c-10::B3-6::B-2-15::B-3-4::B-B02::N-B11::B-2-25::B-B10::B-3-1::N-2-17::B3-16::N3-16::N-1-4::N-B05::B-A07::N-B03::N3-3::N-1-9::B3-19::B-B05::N-2-9::N-A11::N-1-6::N-B07::B-B07::N3-13::	24
chr18	42200500	42388500	chr18_42200500	32	188000	0.00144831694282051	39	1.6466287237019e-07	35	3.49376426139765e-05	::B3-7::N-2-23::B-A03::B-A02::N3-15::B3-15::N3-6::N-A12::B-1-6::B-B05::N-A02::B3-6::B-A07::N3-2::B-2-21::N-2-21::B-B10::B3-c-9::N-1-7::N-2-15::B-A05::B3-2::B-2-25::N-A01::N-B05::B-3-4::B-1-7::N3-13::N-B10::B-A12::B-B11::B-B09::	22
chr18	61558900	61746900	chr18_61558900	29	188000	0.0454993979420594	35	3.49376426139765e-05	30	0.0148952578162794	::B-B10::B3-6::N-B02::N-A05::B3-c-9::B-2-21::B3-19::N-A02::B-A02::B-B05::B-B09::B-2-14::N-A08::B-2-25::B-A12::N-2-21::B-2-15::N-B07::B-B07::N-2-17::N-3-1::N3-6::N-2-26::B-2-26::B-3-1::N3-13::B3-c-10::B3-13::B3-7::	14
chr18	73571800	73759800	chr18_73571800	35	188000	3.49376426139765e-05	46	5.37968041145554e-12	34	0.000124508216735865	::B-A11::B3-6::B-B07::N-2-9::B-1-2::N-1-2::N3-13::B-2-12::B-2-14::N-2-12::N-2-27::B-A03::N-A03::B-2-21::N-1-6::B-1-7::N-1-7::B-2-26::B-A12::B-B02::N-A12::B-3-1::B-A05::B-2-15::B3-c-32::B-A02::N-A02::N-3-1::N-A01::N-A07::B-B09::B-3-4::B-B05::B3-7::N3-7::	33
chr19	3453200	3641200	chr19_3453200	36	188000	9.53135678283975e-06	62	7.04770739848022e-24	54	1.10998518550961e-17	::B3-5::N-A01::N3-c-9::B-A08::B-B10::B3-19::N-1-2::N-B10::B-B05::N-B05::N3-12::B-1-6::N-A10::N-2-15::B-A05::B-2-15::B-A10::N-B03::B-B03::B3-c-9::N3-16::B-1-10::N-2-21::B-1-4::B-2-14::B-2-21::B-B02::N-2-14::B-1-2::B-B07::B-2-23::B3-6::B-A07::B-2-25::N-2-17::N-A02::	41
chr19	3723000	3911000	chr19_3723000	29	188000	0.0454993979420594	36	9.53135678283975e-06	31	0.00471899981343745	::B-3-1::B-A08::B3-7::B3-16::N3-16::B-2-25::N-A08::B-2-23::B-B05::N-B03::B3-c-28::N-2-15::N-B02::B-B11::N-A11::N-B10::B-1-6::B-A12::B-A07::N-A12::B-B10::N-2-17::N-B08::N-1-9::N3-17::B3-17::B-1-2::N-2-26::B-2-26::	23
chr19	4643200	4831200	chr19_4643200	30	188000	0.0148952578162794	39	1.6466287237019e-07	36	9.53135678283975e-06	::N-3-1::B-3-4::B3-5::B-A02::N-B05::B-2-12::B-A03::N-1-6::N3-17::N3-11::B3-6::B3-7::B-2-21::B-2-17::B3-17::B-1-2::N-B03::B-B03::B-1-6::B-A01::B3-11::N-2-27::B-A11::N-A10::N-2-15::B-B04::B3-19::B-A05::N-2-17::B3-c-9::	19
chr19	11828000	12016000	chr19_11828000	31	188000	0.00471899981343745	36	9.53135678283975e-06	32	0.00144831694282051	::B3-3::B-2-27::N3-3::N-1-7::N-2-14::B-2-25::B-2-15::N3-7::N3-c-9::B-B10::B-1-7::N-A11::N-B03::B-B03::B-A01::B-B04::N-2-15::N3-6::N-B04::B3-6::B-2-9::N-2-9::B-B07::B-B02::N-B02::B3-12::N-2-21::B-1-2::B-A08::N-A08::B-B05::	21
chr19	12756900	12944900	chr19_12756900	29	188000	0.0454993979420594	38	6.53877908208159e-07	33	0.000431035758688278	::N-2-14::N-2-21::B-B10::B-2-26::B-A08::N-B05::N-B04::B-B04::N-B09::B-A07::B3-c-9::N-B10::B-2-15::B-1-2::B-2-14::B3-7::B3-6::B-B03::B-B05::B-1-6::B-2-17::B-A01::N-2-25::B-2-25::B-B09::N3-17::N3-7::N-2-17::B-B07::	13
chr19	16135900	16323900	chr19_16135900	38	188000	6.53877908208159e-07	54	1.10998518550961e-17	49	4.61011956596097e-14	::N3-7::B3-3::B3-11::N-2-15::N-A01::B3-13::N-B03::N-2-9::B-A01::N-A07::B-3-1::N-B07::N-B10::B-B07::N-B04::B-A11::B3-17::N-B09::B-B11::B3-6::B-B02::B-2-25::B-B04::B-3-4::N-2-23::B-A08::B-B09::N-2-27::B-2-27::N-B02::B3-19::B-2-9::B-A10::B3-5::N-A12::B-1-2::B-2-23::N-A02::	30
chr19	29914900	30102900	chr19_29914900	35	188000	3.49376426139765e-05	42	2.26461008262036e-09	33	0.000431035758688278	::B-A12::N-2-15::B-3-1::B-2-25::N3-6::B-1-2::N-1-2::B-B04::B-A08::B3-6::B-B10::B-2-15::B-1-6::N-A10::N-B05::N-2-25::N3-11::B-B05::B3-c-9::N-A08::B-A11::N-A11::B3-19::B3-13::B3-11::B-1-7::B-A01::N-2-12::B-2-12::N-B09::B3-17::B-A02::B-A10::N3-13::N-A02::	19
chr19	45589800	45777800	chr19_45589800	33	188000	0.000431035758688278	42	2.26461008262036e-09	33	0.000431035758688278	::N-B08::B-2-23::B-A07::N3-c-28::N3-13::B3-13::B3-c-28::B3-6::B-B10::N-2-21::B-A04::N3-11::N-2-9::N-2-15::B-A08::B3-16::N-B09::B-B09::B-B03::B-2-26::N-2-26::N-2-17::B3-2::B-A10::B-2-15::B-A05::B-2-27::B-B02::N-A08::B-1-2::N-1-2::B3-19::B-B05::	16
chr2	18054900	18242900	chr2_18054900	36	188000	9.53135678283975e-06	51	1.74381041618419e-15	47	1.12414477930709e-12	::B-B07::B3-6::B-3-1::B3-12::B3-16::N-B04::N-A11::B-B02::B3-3::N3-19::B-B11::N3-13::N-A05::N-A01::N-2-23::B-B10::B3-15::B3-c-9::B-3-4::N-2-17::B-2-15::B-2-17::N-A03::N3-6::N-B08::N-2-15::B3-17::N3-16::B-1-6::B-A01::N-B07::B-2-21::N3-c-14::B-2-12::N-B02::B-A07::	23
chr2	37379300	37567300	chr2_37379300	35	188000	3.49376426139765e-05	49	4.61011956596097e-14	45	2.51971069173045e-11	::N3-3::N-2-15::B3-c-9::N-B08::B-B08::B-3-1::N3-19::N-2-21::N3-13::N-A05::B3-7::N-B07::N-B04::B-1-2::B-2-15::N-A04::B-B10::N-B10::N-3-4::N3-11::B3-11::B-2-14::B-A07::B-B11::N3-16::B-2-17::N-2-9::N-1-6::N-2-12::N-3-1::B-2-23::B3-6::B-2-27::N3-5::N-B03::	28
chr2	48791200	48979200	chr2_48791200	35	188000	3.49376426139765e-05	56	3.47611170999056e-19	50	9.0553619526537e-15	::B3-19::B-B05::B3-c-10::B-B11::B-A12::N-A12::B-3-1::N-2-17::B-2-17::B-A11::B3-2::N-A11::N3-6::B-B07::B-2-12::B-2-27::B-A03::B-A10::B3-7::N-2-27::N3-11::B-2-25::N-2-15::B-A01::N-A02::B-A02::B-2-15::B3-11::B3-5::N-A05::B3-6::N3-19::B-3-4::B-B10::N-A03::	30
chr2	49411700	49599700	chr2_49411700	33	188000	0.000431035758688278	47	1.12414477930709e-12	43	5.17235840263175e-10	::B3-c-9::B-B09::B3-7::B-B02::B3-c-10::N-B04::B-A11::N-A11::N3-13::B-B05::B3-2::B-2-26::B-1-7::N-A04::N3-c-9::B-1-10::N-A01::B-A01::B-2-23::B-2-21::B3-19::N-1-6::B-B08::N-B08::N-3-4::B-B11::B-B10::N-B05::N-2-15::N-B10::B3-5::N3-19::B3-3::	22
chr2	52882400	53070400	chr2_52882400	29	188000	0.0454993979420594	32	0.00144831694282051	27	0.383031437653356	::B-A04::B-A07::B-1-6::N-A08::N-A05::B3-3::N-2-21::B-B07::N-B03::B3-c-28::B-A08::N-B05::B-3-1::N-3-1::B-1-2::B-2-17::B-B10::N-B10::B-A02::N-2-25::B-A01::B3-19::N-B08::B-2-23::N-A01::N-B04::N-A04::B-2-12::N-2-12::	22
chr2	59170700	59358700	chr2_59170700	30	188000	0.0148952578162794	39	1.6466287237019e-07	35	3.49376426139765e-05	::B3-17::B-A11::B-B10::N-A07::B-1-10::N3-7::B-1-2::B-2-9::B-B05::B3-12::N3-6::B-2-15::N-A11::N-B02::B3-11::N3-11::N3-16::B-A04::B-A02::B3-7::N-A05::B-A05::N-2-14::B-A08::N3-15::B3-15::N-A01::N-B05::N-B09::B3-c-14::	18
chr2	60749100	60937100	chr2_60749100	32	188000	0.00144831694282051	44	1.15451495579292e-10	37	2.52997734286863e-06	::B-2-23::B-B07::N-2-15::B3-3::B-B03::N3-3::N-A12::B-A08::N-2-23::N-3-4::B-A05::N-A05::B-2-27::B-2-15::N-2-27::B-A10::N3-c-14::N-2-17::B3-c-14::N-A11::B-A11::B-2-14::B-B02::N-A02::B-B05::N3-5::N-B05::B-2-25::N-2-25::N3-7::N-3-1::B-A07::	23
chr2	61596900	61784900	chr2_61596900	29	188000	0.0454993979420594	36	9.53135678283975e-06	35	3.49376426139765e-05	::N-B03::N3-3::N-2-23::N-B04::N-A01::B3-6::N-3-1::B-B02::B-A02::N-B11::B-A08::N3-5::B3-7::B-3-1::N-A02::B-3-4::B3-3::B-A07::B-A04::B-A01::B3-19::N3-19::N-2-15::N-B05::N-A11::B-2-15::N-B10::B-A05::N-A05::	20
chr2	73826200	74014200	chr2_73826200	29	188000	0.0454993979420594	33	0.000431035758688278	30	0.0148952578162794	::N3-3::B-B07::N-2-27::N-2-17::N-B07::B-3-4::B-1-6::N-B03::N-2-26::B-2-26::B-B03::B-A11::N-2-15::N-1-2::B-A12::N-A12::B-A08::B-3-1::B3-6::B-2-27::N-A01::N-A07::B-2-17::B-A10::N-2-25::B-1-2::B3-3::B-2-21::B-2-15::	19
chr2	90849600	91037600	chr2_90849600	34	188000	0.000124508216735865	41	9.68454223787809e-09	36	9.53135678283975e-06	::N-B02::N3-16::B-A04::N3-6::B-1-6::N-A12::B-A12::N-B05::N-3-4::B-2-14::N-2-14::N-2-15::N-2-21::B-A02::N-1-2::N-A05::B-B03::N-B03::N-B07::N3-13::B-A01::N-B11::N3-2::B-2-21::B3-19::B3-12::B3-c-9::B-B02::B-A03::N-3-1::B3-c-32::B-B09::B-3-4::B-2-27::	26
chr2	91724900	91912900	chr2_91724900	34	188000	0.000124508216735865	48	2.3000889940245e-13	45	2.51971069173045e-11	::B3-3::N3-16::N-2-25::B-2-25::B-2-21::N-A10::B3-6::B-B10::B-A07::B-1-6::B-1-10::B3-7::B-2-12::B3-17::N-A02::N-B05::B-1-7::B-A12::B-B04::B3-13::N-1-7::B-A01::B-A03::B-B09::B-1-2::N-1-2::B-A10::N-A11::B-B07::N-B08::N3-19::N-B02::B-2-15::B-3-4::	19
chr2	98644700	98832700	chr2_98644700	82	188000	3.2522972529236e-41	484	nan	37	2.52997734286863e-06	::B-A07::B-A08::N-A05::N-1-2::N-A01::N3-16::N-B07::N-1-7::N-B05::N3-6::N-2-14::N-B10::N-2-26::N-A02::N-2-12::N-A11::N3-7::N-B04::N-B09::N-A08::N-1-6::N3-13::N3-19::N-B08::N-B11::N-A03::N-A10::N-A12::N3-17::N3-c-14::N-2-15::N3-15::N-2-17::N-3-1::N-2-25::B-2-21::B3-12::N-2-9::N-B02::B-B02::N-1-10::N3-11::N3-12::N-2-27::N-2-21::N3-5::N-3-4::N-B03::N-2-23::N3-c-9::B-2-23::B3-17::B3-6::B-1-2::B-3-1::N-A07::N3-3::B3-c-28::B-B07::N-A04::B3-13::B-A02::B-B11::B-1-10::N-1-4::B-B10::B-2-15::B-A01::B-B08::B3-11::B-B04::N3-c-10::B-1-7::B-1-6::B-A05::B-2-27::B-B03::B3-19::B-A11::B-2-12::B-3-4::B-A12::	232
chr2	117106600	117294600	chr2_117106600	29	188000	0.0454993979420594	46	5.37968041145554e-12	41	9.68454223787809e-09	::N3-16::N3-12::B-A05::B-1-7::B3-19::N3-15::N-A02::B-3-4::N-3-4::B-A08::N-2-23::B-2-23::B-1-6::N-A08::B3-11::B-B10::B-A04::B-2-21::B-A02::B-B05::B-2-25::B-B09::N-2-27::B3-3::N-3-1::B-3-1::B-2-12::B3-c-9::B3-6::	15
chr2	121957800	122145800	chr2_121957800	30	188000	0.0148952578162794	44	1.15451495579292e-10	38	6.53877908208159e-07	::B-2-14::B3-c-10::N3-c-10::B3-3::N-B04::N-B05::B-B04::B-A03::B-A08::B3-12::N-3-4::N-1-6::N3-16::B-3-4::B-A12::N-A12::B3-19::B-2-25::N3-19::B-A07::B-2-27::B-1-6::N-A02::B-2-17::B-2-9::B-B11::B-A02::B3-2::N-B07::N-2-15::	17
chr2	153292500	153480500	chr2_153292500	29	188000	0.0454993979420594	34	0.000124508216735865	27	0.383031437653356	::B3-12::B-A12::N-B03::N3-7::N-B10::N-2-27::B-2-27::B-2-23::B-B05::B-B10::B-A04::N-A12::N-B04::B-3-4::N-2-15::N3-11::N-3-4::N3-12::N-2-9::B-2-9::N-A04::B-A11::B-B09::N-B09::N-2-26::B-A05::N3-17::N3-13::B3-16::	17
chr2	154682700	154870700	chr2_154682700	32	188000	0.00144831694282051	47	1.12414477930709e-12	41	9.68454223787809e-09	::B-B03::B3-19::N-A07::N-2-21::B3-11::N3-11::N-3-1::B-A02::B-B05::B-2-15::B-A07::B-B10::B3-c-9::B-1-6::B-B09::N-2-27::N-2-15::B-A03::N-B05::B-A01::N-B04::B-3-4::B-B04::N-B02::B-3-1::B-B02::N-A05::B-A05::B3-12::N-B08::N-2-9::B3-c-10::	26
chr2	156085800	156273800	chr2_156085800	32	188000	0.00144831694282051	40	4.04295888680731e-08	33	0.000431035758688278	::B3-12::B-B03::B-1-6::N3-16::N-A02::N-B02::B-1-2::B-1-7::N-1-7::N-1-2::B3-3::B-B02::N3-6::N-3-1::B-2-14::N-2-14::B3-7::B-3-4::N3-c-14::B3-c-14::B3-19::B-B05::N-B03::B-B10::N3-11::B3-11::B3-2::B-A07::N-2-17::B-A12::N-A07::B3-c-9::	17
chr2	160607900	160795900	chr2_160607900	34	188000	0.000124508216735865	39	1.6466287237019e-07	34	0.000124508216735865	::B-1-2::N-B09::B3-c-28::B-B05::B-2-27::B-B02::N-A01::N-2-17::N-B04::N-B08::B-3-4::B-A02::N3-19::N-2-15::B-B10::B3-12::B-2-14::B3-2::B3-19::B-2-15::N-A08::B3-5::N-1-2::B-A04::N-A04::N3-11::B-B07::N-B03::N3-17::N-A11::B-A11::B3-11::B-3-1::N3-6::	23
chr2	163456900	163644900	chr2_163456900	39	188000	1.6466287237019e-07	53	6.10305540990186e-17	20	194.512353731754	::B-B05::B-B07::N-A11::B-1-7::N3-11::N-1-2::N3-16::B-A10::B3-6::N-B08::B-A07::N3-12::B-A04::N-B09::N-3-1::B-3-1::B-B02::B-2-15::B-B04::B3-16::B-2-21::B-B09::B3-13::B-B10::B-B08::B-A08::B-2-27::B-A02::B3-7::B-1-6::B-2-25::B-1-2::B-B11::B-A12::B3-3::B-A05::B-B03::B-A11::B-3-4::	16
chr3	16153800	16341800	chr3_16153800	30	188000	0.0148952578162794	35	3.49376426139765e-05	32	0.00144831694282051	::N-A08::B-A04::N3-13::B-2-15::N3-3::B-B02::N-A11::N3-6::B3-6::B3-12::B-3-1::B-B08::N3-19::B3-19::B-1-2::N-2-15::B-A07::B-B11::B3-7::B3-11::B3-2::N-2-17::B-2-27::N-2-14::N-1-2::B-A08::B-2-21::N-B10::B3-13::B-A10::	17
chr3	19129800	19317800	chr3_19129800	36	188000	9.53135678283975e-06	46	5.37968041145554e-12	40	4.04295888680731e-08	::B-3-4::B-A07::B-B09::B-1-7::B3-6::B3-11::N-A02::B-2-14::N-3-1::B-B05::B3-3::B-2-27::N-B05::B3-c-28::B-2-15::N-1-10::B-B02::N-2-15::B-B10::N3-13::N-A12::B-A12::N-B09::B-1-6::N-3-4::N-A11::N-1-2::B3-2::N-A01::B-2-17::B3-13::N-A10::B-2-21::B-2-26::N-2-26::N3-19::	25
chr3	27517300	27705300	chr3_27517300	38	188000	6.53877908208159e-07	56	3.47611170999056e-19	48	2.3000889940245e-13	::N-2-25::N-A07::B-A07::B3-17::N3-19::B-2-25::N3-17::N-2-26::N-A02::B-A02::B3-6::B-B02::B3-19::N-A05::B-B10::N3-11::N-3-4::B-2-15::B-2-21::N-2-21::B-1-7::B-B07::N-2-15::B3-c-14::B-1-2::N-B10::N-B09::B3-3::B-2-14::B-B05::N-B05::N-B02::B3-5::N-2-14::B3-7::B3-13::B-A10::B-2-23::	27
chr3	30934300	31122300	chr3_30934300	29	188000	0.0454993979420594	44	1.15451495579292e-10	40	4.04295888680731e-08	::B3-5::N-2-21::N3-11::B3-3::N-A11::B-2-15::B-3-4::B-B07::B-1-7::B-A05::N-A05::B3-17::N3-15::N-1-2::N-3-1::B-2-14::B-B02::B-B10::B-1-4::B-1-6::N-2-15::B-B05::B3-6::N3-6::N-B08::N-B09::N-A08::B-A04::N-A04::	25
chr3	33957200	34145200	chr3_33957200	32	188000	0.00144831694282051	35	3.49376426139765e-05	31	0.00471899981343745	::N3-15::B-1-4::N-2-17::N-A11::N-B08::B-1-6::B-B05::B3-3::B-A01::B-3-1::B-A07::N-A07::B3-7::B3-12::B-1-7::N-2-23::B-B10::B-2-21::B-2-9::B3-16::B-B09::B-B02::N3-19::B-B07::N-B05::B3-13::B-2-12::B-A11::B-B03::B-2-23::N-3-1::B3-19::	28
chr3	51392300	51580300	chr3_51392300	37	188000	2.52997734286863e-06	52	3.29351429823657e-16	46	5.37968041145554e-12	::B3-11::B-B04::B-B08::N3-3::N-2-25::B3-19::B-1-2::B-2-14::B-A12::N3-19::B-B02::B3-3::N3-13::B-2-25::N-1-2::B-1-6::B-B10::N-1-6::B-2-9::B-B05::B-2-15::N3-11::B-2-26::B-2-21::N-3-1::B-3-1::N-B04::N-A01::B-A03::N-B03::B3-7::N3-7::B3-c-14::B-A02::N-2-14::B-A07::N-A08::	22
chr3	58413500	58601500	chr3_58413500	31	188000	0.00471899981343745	39	1.6466287237019e-07	33	0.000431035758688278	::N-A02::B-2-14::B3-19::B-A12::B-B10::N-B10::B-2-26::N-2-15::B-B02::N-B09::B-B09::B-A03::N3-c-14::B3-c-14::N-2-26::B-1-7::N-B05::N-B11::N3-16::N3-3::N-2-27::B-2-25::N3-19::B3-13::N3-13::N-1-7::B-A11::N-A11::N-B02::B-2-15::B-A10::	19
chr3	60460700	60648700	chr3_60460700	36	188000	9.53135678283975e-06	50	9.0553619526537e-15	36	9.53135678283975e-06	::B-1-6::B-2-14::N-2-14::B-B04::N-B04::N-1-6::N-2-21::B-1-2::B-B02::B-2-27::B-2-23::B-1-7::N-A08::B-B10::N-B03::B-B03::B-A11::N-A11::B3-11::B3-19::N-1-7::N-2-12::B-2-12::B-A02::N-2-15::B3-3::N-3-4::B-3-4::N3-3::N-2-17::N-A02::N-2-23::B-A07::N3-19::B-A05::N-A07::	20
chr3	69003700	69191700	chr3_69003700	41	188000	9.68454223787809e-09	61	4.44913849816806e-23	48	2.3000889940245e-13	::B-B09::B3-3::N-1-6::N-B10::B-B10::B3-c-28::N3-19::B-1-2::B-2-12::N-2-12::N3-7::N-2-23::B-A08::B-2-25::B-2-14::N-2-14::B-A10::N-A10::N-B07::B-A02::B-B03::N-B03::B-B02::B-2-17::N-A08::N-2-21::B3-c-10::B-B04::B-2-15::N3-15::B3-15::B3-6::N-B09::N-B08::B-A01::B3-19::B-B08::N-2-25::N-3-1::N-2-17::N3-11::	33
chr3	84795100	84983100	chr3_84795100	30	188000	0.0148952578162794	39	1.6466287237019e-07	38	6.53877908208159e-07	::N-B09::B-A03::N-B02::B-B05::N-B10::N3-3::B-1-2::N-2-23::N-A05::B-2-15::B-1-6::B-A08::B3-6::N-2-27::N-A11::B3-19::N-A02::B-A02::B-2-26::B-2-23::N-3-1::N-A08::B-A11::B3-3::N-1-7::N-A10::B-A12::B3-7::N3-19::B-2-17::	21
chr3	88839600	89027600	chr3_88839600	34	188000	0.000124508216735865	46	5.37968041145554e-12	43	5.17235840263175e-10	::B3-16::N-1-2::B-2-25::N-2-25::B3-12::B-B02::N-2-27::B-2-27::B-B07::N3-16::B3-13::B-3-4::B3-2::B-B05::B-B08::B-2-21::B3-6::B-1-7::N-B05::B-2-15::B-3-1::B-B10::N-1-6::N-B08::B-B09::N-B02::N-2-15::B-B03::B-A07::B-A08::B3-3::N3-6::B3-c-28::B3-17::	25
chr3	89915500	90103500	chr3_89915500	31	188000	0.00471899981343745	37	2.52997734286863e-06	33	0.000431035758688278	::B-A04::B-2-27::N-2-27::N-B04::B3-2::B-A08::B3-c-28::B-1-10::N-A04::N-1-6::N-A11::B-2-14::B-1-6::N3-12::B3-12::N-A08::N-B09::N3-19::B-A10::N-A01::N-3-4::B-B02::N-2-25::N-2-23::B-2-21::N-2-21::B-1-2::B-A02::N-B02::N-A10::B-B11::	21
chr3	90205800	90393800	chr3_90205800	38	188000	6.53877908208159e-07	52	3.29351429823657e-16	45	2.51971069173045e-11	::B-A02::B-A07::B3-11::N-2-17::B-A10::B-B10::B-A12::B-2-23::B-B02::N-A11::B-2-27::N-B08::B-2-14::N3-19::B-2-25::N-B05::B-B05::B3-5::B3-7::N-B07::B-3-4::N-A01::N-1-6::N-1-2::B-1-2::N-2-27::N3-16::B3-16::B3-2::B3-3::B-A01::N-B09::B-2-15::B-1-7::N-1-7::B-A03::B3-6::B-A08::	32
chr3	94851400	95039400	chr3_94851400	32	188000	0.00144831694282051	36	9.53135678283975e-06	31	0.00471899981343745	::B-A01::N-A01::N-2-15::B3-11::N-1-6::B3-16::N3-19::B-3-1::B3-13::B-2-27::B-A07::B-B11::N-2-14::B-2-26::N-2-26::N-B05::B3-3::B3-6::B-B05::N-1-4::N3-2::N-A11::B-A11::B-2-15::N-B04::B-1-10::N-A03::B-A08::B3-19::B-A12::N-2-17::B-2-12::	19
chr3	103288300	103476300	chr3_103288300	40	188000	4.04295888680731e-08	53	6.10305540990186e-17	45	2.51971069173045e-11	::B-B09::N-2-23::N3-3::B3-c-28::B-A10::B-B10::B3-3::B-1-2::B3-6::N3-11::B-B07::B-A07::N-B04::B-2-17::N-2-25::B3-12::B-2-23::N-2-9::B-2-15::B-1-6::B-B03::N-B03::N-B05::N-2-15::B-2-21::B3-7::B3-13::B-2-25::B-A11::N-A11::B-2-14::B-A08::B-2-9::N-A12::N-B07::N-A08::N-2-27::B-2-27::B-A05::N3-19::	31
chr3	104821100	105009100	chr3_104821100	37	188000	2.52997734286863e-06	44	1.15451495579292e-10	40	4.04295888680731e-08	::B3-17::B-B02::B-3-1::B-A07::B-A08::B-B05::N-B03::B-B03::B-B09::B-B07::B-B11::B-A12::N-1-6::N-B04::B-B04::B-2-21::N-A12::B-A11::B-2-15::B-2-25::N-2-25::B-A10::N-2-26::B3-12::B-2-9::N-3-4::B3-15::B-2-17::B-A04::N-1-2::B-A01::N-A01::B-2-27::B3-11::N3-16::B-A03::N-2-15::	25
chr3	122433800	122621800	chr3_122433800	29	188000	0.0454993979420594	49	4.61011956596097e-14	41	9.68454223787809e-09	::B-2-9::B-A10::B-B10::B-2-25::N-2-15::B-1-6::N3-13::B-B05::N-B05::N3-19::B-A08::B3-19::B-3-1::B-B03::B-B02::B-B07::N-A11::B-3-4::B-2-17::N-2-25::N3-17::B3-17::N-2-21::B-1-10::N-A04::B-A04::B-A01::N-B03::B3-11::	23
chr3	126599300	126787300	chr3_126599300	29	188000	0.0454993979420594	37	2.52997734286863e-06	35	3.49376426139765e-05	::N-A10::B3-3::B-A10::B-2-26::B3-12::B-A08::B-2-21::N-1-6::N-2-14::B-2-14::N-2-12::B-2-12::N-2-23::B3-11::N3-3::B-A02::B-2-25::N3-c-14::B-2-15::B3-19::B-B10::N-A03::N-2-26::B-1-2::N-3-4::N-2-27::B-1-7::N-A11::N3-2::	15
chr3	135406400	135594400	chr3_135406400	33	188000	0.000431035758688278	43	5.17235840263175e-10	34	0.000124508216735865	::N-A05::B3-c-28::B-A10::B-B05::N3-13::B-A05::B-B02::B-A08::B-1-10::B3-6::N-2-23::B3-16::N3-11::B3-7::B3-11::B-2-21::B-2-14::B-A01::B3-3::N-B09::N-2-17::N-B02::B-A03::N-A08::N-A03::N3-17::N3-16::B3-19::B-2-25::N-1-6::N-2-15::B3-c-9::B-2-15::	24
chr3	144519100	144707100	chr3_144519100	32	188000	0.00144831694282051	39	1.6466287237019e-07	32	0.00144831694282051	::B-B07::N-2-15::N3-15::B3-15::B3-19::N-2-25::N3-19::N-A08::N-A11::B3-6::N-B07::B-A10::B-2-14::B-2-15::B-B02::N-B03::B-B03::B-A11::B3-7::N-B10::B-B10::N-2-23::B3-12::N-B04::N-2-17::B3-11::B3-c-9::B-1-2::B3-13::B3-3::B-A02::B3-17::	20
chr3	152183100	152371100	chr3_152183100	36	188000	9.53135678283975e-06	41	9.68454223787809e-09	32	0.00144831694282051	::N3-19::N-2-12::B3-6::N-B04::N3-c-14::B-B05::N-A01::N3-16::B3-16::B-2-12::N-1-10::B3-19::B-1-2::N-B10::B-A01::N-2-23::B-A08::N3-12::N-2-25::N-B03::N-1-6::N-A05::B-B03::B3-13::N-A11::B-B07::N3-3::N-2-27::B-2-27::N3-c-28::B3-c-28::B-2-14::N3-6::N-2-15::B-B02::B-2-15::	15
chr4	41091100	41279100	chr4_41091100	32	188000	0.00144831694282051	40	4.04295888680731e-08	38	6.53877908208159e-07	::B-B09::B-B03::B-B04::N-2-25::N-A05::B3-13::N-3-1::B-3-1::N3-11::B-1-7::B-B10::B-2-21::B-A12::B3-19::B3-c-32::N3-7::B-2-12::B-2-23::N-2-27::B-2-14::N3-13::B-B05::N-2-21::N-2-15::B-B11::B-2-27::B3-11::N3-16::B-2-15::N-B03::B-A08::N-A08::	15
chr4	44770700	44958700	chr4_44770700	33	188000	0.000431035758688278	44	1.15451495579292e-10	41	9.68454223787809e-09	::B-1-2::B-1-6::B-B10::B-2-15::B3-6::B3-16::N3-16::B-A05::B-1-4::B-B02::N3-13::B3-13::B-B05::B-2-27::B-1-7::B3-11::B-3-1::N-3-1::B3-19::B-2-14::B-A07::N-2-15::N3-7::N-2-17::B-2-26::N-2-23::B-2-23::B3-7::N-3-4::N-A08::B-2-9::N-A01::N-1-2::	21
chr4	82301900	82489900	chr4_82301900	42	188000	2.26461008262036e-09	56	3.47611170999056e-19	49	4.61011956596097e-14	::N-A12::B-3-4::B-2-21::B-1-2::N-A07::N3-6::B-2-15::N-B10::B3-c-9::B3-19::B-2-9::N-3-1::B-A07::B-A01::B3-15::N-2-21::N-B07::B3-17::N-A11::B3-12::N-2-25::B-2-25::B-B02::B-B11::N-B04::B-B04::N-B03::N-1-7::B-1-10::B-B03::B3-6::B-1-7::N3-c-9::N-2-27::B-2-27::N3-16::B3-16::B-B09::N-2-14::B-A05::N-A02::N-2-23::	22
chr4	116564800	116752800	chr4_116564800	32	188000	0.00144831694282051	35	3.49376426139765e-05	27	0.383031437653356	::B-2-21::N-B05::B-B05::B-2-15::N-2-15::N-2-23::B-2-23::N-B09::B-B09::B3-3::B-A08::N-B04::B-B04::N3-3::N3-13::N-A03::B3-19::B-B10::B-A02::B-3-1::N-3-1::B-1-10::N-A01::B3-2::N-2-9::B-2-27::B-1-9::B-2-9::B-2-12::B-1-7::N-2-14::N3-16::	13
chr4	119515700	119703700	chr4_119515700	32	188000	0.00144831694282051	41	9.68454223787809e-09	37	2.52997734286863e-06	::N-1-7::B3-3::B-1-7::N-B07::N-1-2::N3-13::B-A08::N-2-23::B-3-1::N-3-1::B-3-4::N3-19::B-B05::N3-11::N-B11::B3-11::N-A01::N-1-6::B3-5::B3-17::B-1-2::B3-19::B-B02::N-2-14::B-2-23::B-B10::N-2-15::B-A01::B3-c-9::B3-12::B3-6::N-2-27::	23
chr4	129723900	129911900	chr4_129723900	32	188000	0.00144831694282051	36	9.53135678283975e-06	31	0.00471899981343745	::N-A01::B3-5::B-A08::N-2-9::B-2-9::N-B08::B-B08::B-B04::B-A11::N3-6::N-B02::N3-19::N-B04::N-1-6::B3-13::N3-13::B-A02::B-A07::N-2-15::B-2-15::B-1-6::N-A05::N-2-12::B-3-1::B-B10::N3-17::B3-11::B3-15::B3-c-32::B-A12::B-B11::B-B09::	18
chr4	130647100	130835100	chr4_130647100	40	188000	4.04295888680731e-08	62	7.04770739848022e-24	48	2.3000889940245e-13	::N3-17::B-B02::N-2-21::N-B10::B-B10::N-3-1::B-3-1::B3-c-28::B-A10::B-B07::N-A01::N-1-6::B3-17::B3-12::N-2-15::B-2-15::N3-13::B3-11::N3-11::B-1-4::N-A08::B-A08::B3-2::N3-16::B-A05::N-B02::B-2-9::B3-13::B-1-6::B-1-2::B3-5::B-A07::N-B07::B3-7::N3-7::N-1-10::N-A11::N-B09::B-B09::B-B05::	29
chr4	133593000	133781000	chr4_133593000	29	188000	0.0454993979420594	44	1.15451495579292e-10	38	6.53877908208159e-07	::N-A03::N-2-15::N-2-27::N-2-25::B-B07::B-B03::B-A05::N-B02::N-A08::B-A08::B-3-4::B-2-15::B-B02::B-B09::B-A10::N-A10::N-B08::B-1-2::B-A02::B3-7::N3-7::N-B09::N-2-23::N3-5::B3-3::B3-12::N-1-10::N-B04::N-A11::	32
chr4	135208500	135396500	chr4_135208500	33	188000	0.000431035758688278	42	2.26461008262036e-09	34	0.000124508216735865	::B-2-27::B-3-4::B3-5::B3-c-28::N3-13::B3-13::B-B04::B-B02::N-3-1::B-A04::N-A04::B-2-12::N-2-12::B3-7::B-A08::N-A01::B-1-7::N-B10::B-B10::N-A11::B3-c-10::N3-19::B-A10::N-A10::N-B05::B-B05::B-1-6::N-2-17::B-A05::N-A05::B-A07::B-2-25::N-2-9::	27
chr4	136449400	136637400	chr4_136449400	40	188000	4.04295888680731e-08	67	5.55665449133745e-28	51	1.74381041618419e-15	::B-1-7::B-2-26::N-2-26::N-2-15::B3-c-9::N-1-7::N-3-4::B-3-4::N3-12::N3-19::N3-16::B-2-15::B-2-27::B3-12::N3-13::B3-7::B-A10::N-B07::B-B07::N3-c-9::N-3-1::B-A12::B-A08::B-A03::N-A08::N-A03::N3-c-14::B3-13::B-2-23::N-A07::B3-17::N3-2::B3-2::B3-6::N-B08::B-B08::N-2-12::B-A01::N-A01::B-2-25::	34
chr4	137234900	137422900	chr4_137234900	30	188000	0.0148952578162794	37	2.52997734286863e-06	31	0.00471899981343745	::N-2-17::N-B08::B3-11::N3-c-28::B3-12::N3-17::N-B04::B-2-15::B-B07::B3-5::N3-7::N-1-6::B-B08::N-2-26::N3-6::N-2-25::B3-7::B-1-6::B3-c-28::B-3-4::N-2-15::B3-3::N3-c-9::B-A12::N-A10::B-A10::N3-13::B3-13::B-A11::N-3-1::	17
chr4	150261300	150449300	chr4_150261300	31	188000	0.00471899981343745	36	9.53135678283975e-06	32	0.00144831694282051	::B-1-2::B-A07::N3-16::B-A05::N-A05::B3-6::N3-15::B3-7::B3-16::B-2-14::N-A10::N-B09::N-B05::B-2-23::B-B09::N-B02::B-2-25::B-B02::B-2-15::N-2-15::B-A04::B3-c-28::B-A08::N-A01::B-1-10::N-B08::B-B08::B-B05::B-A10::B3-3::N-B04::	17
chr4	155478300	155666300	chr4_155478300	38	188000	6.53877908208159e-07	49	4.61011956596097e-14	40	4.04295888680731e-08	::B-B09::B-2-9::B-A10::N-2-9::B-B11::B-2-27::B3-17::B-A07::N3-13::B-2-15::N-2-14::B3-c-32::B-2-23::B3-19::N3-19::N-B04::N-2-15::B-2-25::N-2-25::B3-13::B-2-14::B3-3::N3-3::N-1-2::B-1-6::B3-11::B-B02::N-A11::B-A11::B-B05::N3-11::B-A12::N-A02::B-1-2::N-3-1::B-B10::N-2-27::B-A02::	26
chr5	20852100	21040100	chr5_20852100	34	188000	0.000124508216735865	47	1.12414477930709e-12	44	1.15451495579292e-10	::B3-17::B3-6::B-2-25::B-3-1::N-2-27::N-1-6::B-2-15::B-A01::B3-7::N-2-9::N-A01::B-B02::N-1-10::B-B09::B-1-10::B-B10::B-A10::B-B03::N-2-17::B3-19::N3-19::B-B05::N-3-4::B-2-27::N-B10::N-A05::B3-c-32::N3-17::N-A12::B-3-4::N3-11::N-2-14::B-A02::B-1-6::	33
chr5	23420500	23608500	chr5_23420500	36	188000	9.53135678283975e-06	49	4.61011956596097e-14	46	5.37968041145554e-12	::B-B02::B-1-7::B-A10::B3-7::B3-12::B-A08::N-2-15::B-B07::B-A01::B-2-15::N-B09::N-2-9::N3-11::B3-11::B3-2::N-A01::B-1-2::N-2-21::B-2-14::B-A05::N3-3::B3-3::B3-6::N-B04::N-A07::B-3-4::B3-19::B-A03::B-B05::B-2-25::B3-c-28::B-A07::N-A05::B-A12::N-2-27::N-A02::	22
chr5	25338400	25526400	chr5_25338400	46	188000	5.37968041145554e-12	114	3.41201572711531e-73	90	9.0072054915564e-49	::B-1-6::N3-13::B3-13::B3-7::B-2-9::B-2-15::N-2-25::N-2-15::B-B02::N-B02::N-2-9::B3-12::B-2-27::N-3-1::N-A03::B-B10::B-B07::B-A02::B-1-2::B-A08::B-A03::N-A08::B-B08::B-1-10::B3-c-9::B-2-25::B-B09::N-2-17::B-A11::N-B07::N-B10::N-B08::B3-17::N-A07::B-A10::B-3-1::B3-5::N-2-23::B3-6::B-B05::B-B03::B-2-21::B-2-23::B-2-17::N-B05::N3-19::	64
chr5	28084600	28272600	chr5_28084600	86	188000	5.93704026523421e-45	204	0	11	13945.7997171199	::N-B04::N-A01::N-2-23::B3-7::N-2-15::N-A08::N-B09::N-2-25::N3-16::N3-11::N-3-4::N-1-2::N-2-21::B3-c-28::B-2-21::B-2-12::B-2-15::B3-12::B-B10::B3-6::B3-c-9::B3-5::N3-15::B-A08::B-1-2::B-B04::N-A11::B3-16::B-2-25::B-A10::B-2-9::N-2-14::N-1-7::N-B03::N-B05::N-1-6::N3-3::N-1-4::N3-c-14::B-A04::B-B11::B-2-14::B3-15::B-B03::B-2-17::B3-11::B-B05::B-B08::B-1-7::B-1-10::B-B09::B-1-6::B-B07::B-1-4::B-2-23::B-A02::B3-13::B-A01::B-3-4::B-A11::B-3-1::B3-3::B3-17::B3-2::B3-19::B-A05::B-B02::B-2-27::B-A07::N-3-1::N3-5::N-2-12::N3-12::N-B02::N3-7::N-B10::N-B08::N-A03::N-2-27::N-1-10::N-A02::N-A10::B-A12::N3-13::N-A12::B3-c-10::	129
chr5	32343500	32531500	chr5_32343500	32	188000	0.00144831694282051	41	9.68454223787809e-09	35	3.49376426139765e-05	::N3-11::B3-17::N-2-25::N3-17::B-B04::B-1-10::B3-6::B-2-21::B-A12::N-A12::N-B08::N-3-1::N-1-6::B-2-17::N-2-17::B-3-1::N-A05::B-A05::N-A08::B-B02::B-2-25::B-A07::B-3-4::N-2-23::B-A08::B-2-15::N3-16::B3-16::B-A10::N-A11::N3-19::N-2-15::	24
chr5	34319800	34507800	chr5_34319800	35	188000	3.49376426139765e-05	70	1.60268524307127e-30	60	2.76338967676472e-22	::B3-6::B3-12::B-2-21::N3-3::B3-3::N-A12::N-B04::N-B05::N-B08::N3-16::B-B02::B-1-7::B-1-6::N-A01::N-B10::B-B10::N-1-6::B-B05::N-2-26::B-2-15::B-2-14::B-A05::N-B03::N-A02::B-3-1::B3-c-9::B-A08::N-2-12::N3-13::B3-16::B3-13::B-A12::B3-11::N-2-17::B-2-17::	35
chr5	53522600	53710600	chr5_53522600	31	188000	0.00471899981343745	36	9.53135678283975e-06	30	0.0148952578162794	::B3-2::B-1-2::B-A12::N-3-4::B-2-14::B3-6::N3-6::N-A02::B3-13::N3-13::B3-19::B3-c-9::B-3-1::N-B09::B-3-4::B-2-12::B-B04::N-B02::B-B02::N-A10::B3-17::N-A03::N-2-21::N-B04::B-B05::B-A02::B-2-23::N-2-23::N-B03::N3-c-28::B-2-26::	18
chr5	65514300	65702300	chr5_65514300	39	188000	1.6466287237019e-07	63	1.09867930714939e-24	58	1.01418722132603e-20	::N-A03::N-1-7::B-B10::N-3-1::N-2-21::B3-7::B-A10::B-2-15::N-2-15::B-A02::B-3-1::B-1-2::B-B05::N3-c-14::B3-13::B-A07::N-A11::B-2-21::N-A01::B-2-25::N-A12::N-1-6::B-1-10::B3-c-14::B-1-6::B3-c-28::B3-12::B-A11::B-1-7::B3-6::N3-6::N3-13::N-B02::N-1-10::B-B07::B-2-23::B-B09::N-B05::B-A05::	37
chr5	90225400	90413400	chr5_90225400	39	188000	1.6466287237019e-07	64	1.68598847020473e-25	60	2.76338967676472e-22	::N-1-6::B-A04::B-B05::N-B05::B3-c-9::B-B04::B3-6::N-2-17::B3-17::B-A10::N3-13::B-A12::N-1-2::N3-3::B-1-2::B-A01::B3-19::N3-6::N-A10::N-2-23::B-2-25::B3-12::N-2-21::B-2-15::N-B10::B-B09::N-1-7::N3-17::B3-7::B-A02::B-1-6::N3-19::B-1-7::B-A08::N3-c-14::N-A02::N-2-25::N-A07::N-B08::	32
chr5	96070200	96258200	chr5_96070200	31	188000	0.00471899981343745	39	1.6466287237019e-07	36	9.53135678283975e-06	::N-B08::N3-6::N-A01::N-2-15::B3-19::B3-c-9::B-3-4::B-2-15::N-B10::B-B10::B-A03::B-A02::N-A02::N-2-17::B-B02::B3-17::B-B04::B-1-2::N-A11::B3-3::N3-16::B-1-6::B3-13::N-1-6::N-B05::N3-13::N-B02::N-B04::B-2-25::B3-11::B-1-7::	20
chr5	103691100	103879100	chr5_103691100	36	188000	9.53135678283975e-06	50	9.0553619526537e-15	41	9.68454223787809e-09	::B-1-2::B-B09::N-B08::B-B08::N3-6::B-2-12::B3-c-9::N3-13::N-B03::B-2-15::B-2-23::B3-7::N-3-4::N-2-15::N-2-9::B3-6::B3-c-28::B-2-21::N-B10::B3-12::B3-5::B-A07::N-A07::B-1-6::N-2-23::N-B05::B-1-7::N-1-7::N-1-6::B-A04::B-B02::B3-19::N3-19::N-3-1::N-B02::B-A08::	24
chr5	108462200	108650200	chr5_108462200	30	188000	0.0148952578162794	45	2.51971069173045e-11	41	9.68454223787809e-09	::B-1-2::B-2-23::B-1-6::B-2-12::N-2-12::B3-17::B-A10::B-2-14::B3-12::B-A05::B-2-15::N-2-23::B-A07::N-2-15::B-A01::B-B04::N-B04::N-A12::N-A04::N-1-6::B3-3::N3-15::N-A11::B-A11::B-B03::B-3-4::N3-11::B3-11::B-B05::B-3-1::	22
chr5	110623000	110811000	chr5_110623000	29	188000	0.0454993979420594	39	1.6466287237019e-07	35	3.49376426139765e-05	::N-2-23::B3-17::B3-6::B-1-6::B-2-15::B3-12::N-2-21::N-1-6::N-2-15::B-2-27::B-A10::B3-c-28::B-3-1::B-B04::B-B10::B-A03::B-A08::N-B04::N3-16::N3-2::B-2-23::N-B02::B3-7::N-B05::B-A07::N-A11::B-A02::N-B07::N-B08::	22
chr5	115004600	115192600	chr5_115004600	29	188000	0.0454993979420594	38	6.53877908208159e-07	36	9.53135678283975e-06	::B-A03::N-B10::B3-5::B-B10::B-A05::N-B02::N-1-6::N-A04::N3-13::B3-13::B-B02::B3-12::N3-c-9::B3-3::N-A02::B-2-15::B-B05::B3-7::B-1-2::N3-19::B-B04::N-B04::N3-6::N-2-9::B-A10::B-2-14::B-2-21::B-A12::B-A08::	21
chr5	121653300	121841300	chr5_121653300	32	188000	0.00144831694282051	39	1.6466287237019e-07	33	0.000431035758688278	::N3-17::N-B03::B-1-10::B-2-27::B-A05::N-B02::N-2-26::B3-c-10::N-2-21::N-1-2::B-1-2::N-2-15::B-A07::B3-19::B3-6::B-B09::B3-11::B3-5::N-3-1::B-2-15::N-2-25::N-B08::N3-c-32::B3-3::B-B10::B-1-6::B3-17::N-1-6::B-B11::B-B03::B-A08::N-A08::	15
chr5	122305300	122493300	chr5_122305300	34	188000	0.000124508216735865	42	2.26461008262036e-09	35	3.49376426139765e-05	::B-B04::B-B10::B-B05::B-A11::N-A11::N-B02::N3-19::N3-13::B-A08::B-A03::B-A10::N-A08::N-A03::B-B03::B-3-4::N-2-25::N-3-1::N-2-27::B3-c-9::N-2-15::B-3-1::N-B09::B-2-15::B-A01::N-A01::B-A07::B-B02::N-1-2::N-B08::B3-3::B-1-6::B3-6::B3-19::B-2-25::	26
chr5	125009400	125197400	chr5_125009400	32	188000	0.00144831694282051	45	2.51971069173045e-11	43	5.17235840263175e-10	::B3-6::B-B05::B-2-15::N-B10::B-2-21::B3-17::N3-17::B3-c-28::N-B11::B-B11::B-1-6::N-2-25::B3-7::B-A03::B-1-2::B-A07::N-2-23::N-2-14::B3-12::B3-3::B-A10::B-A08::B-A02::N-3-4::N-2-15::N-1-2::B-2-14::N-B09::B3-c-32::B-B10::N-A11::B-B08::	23
chr5	142699500	142887500	chr5_142699500	30	188000	0.0148952578162794	35	3.49376426139765e-05	30	0.0148952578162794	::N-B05::B-B10::B3-11::B-2-14::B3-3::B-A07::B-A05::B3-12::N-3-1::B-A01::B3-6::N-1-6::B-B09::B-1-7::N3-16::B3-16::N3-6::B-2-9::N-B07::B3-7::B-B02::N-2-17::N3-c-10::B-2-25::N-2-15::B3-13::B-1-6::B-A08::B-A03::B-1-9::	17
chr6	17578600	17766600	chr6_17578600	31	188000	0.00471899981343745	40	4.04295888680731e-08	34	0.000124508216735865	::B-A12::N3-11::B3-3::B-2-27::B-B10::N-B10::B3-c-14::N3-c-14::B3-13::B-A02::B3-12::N-1-2::B-1-2::B-A11::N-A11::B-1-6::B-2-25::N-B03::B-1-10::B-3-4::B-2-21::N-A10::B-A10::N-2-15::B-A04::B-A08::N-A02::B-B09::B-2-17::B3-c-28::B3-17::	17
chr6	28535400	28723400	chr6_28535400	30	188000	0.0148952578162794	42	2.26461008262036e-09	41	9.68454223787809e-09	::B-1-6::B3-3::N-A02::B-B10::B3-19::B3-c-28::N-B07::B-B02::B-1-7::B-1-2::N3-3::B-B05::B3-6::N3-19::B-2-21::B3-7::N3-12::B-A04::B-A10::B-2-23::N-2-14::N-A11::B-3-4::B-A07::N-B05::N-B02::N-2-21::N-A01::B3-5::N-2-15::	17
chr6	35008500	35196500	chr6_35008500	30	188000	0.0148952578162794	39	1.6466287237019e-07	38	6.53877908208159e-07	::N-2-23::B-2-23::N-B04::B-B07::N-B10::B3-6::B-3-1::N-A02::B3-17::B3-3::B3-12::B-A08::B-1-6::B-B05::B3-19::B3-11::N-A07::N-2-25::B-2-25::B3-c-9::N3-19::N-B09::N3-6::B-B03::N3-17::N-1-2::N-B03::B-A10::B3-c-10::B3-c-28::	23
chr6	38437900	38625900	chr6_38437900	37	188000	2.52997734286863e-06	45	2.51971069173045e-11	38	6.53877908208159e-07	::N3-17::B-2-25::B3-c-28::B-B11::B3-6::B-2-9::N-2-17::N-2-26::B-B05::N-B07::N-1-2::N-3-1::B-1-6::B3-7::N-2-27::N-2-25::N-B03::B-1-7::B3-19::N3-16::B3-3::N-3-4::B-2-14::N-A12::B-A08::B-2-17::N3-11::B3-13::N3-13::B-B04::N-A04::B-B10::N-B08::N3-15::B-B03::B-B02::N3-12::	21
chr6	47410000	47598000	chr6_47410000	43	188000	5.17235840263175e-10	58	1.01418722132603e-20	48	2.3000889940245e-13	::N3-6::N-B04::N3-3::N3-19::B-2-9::B-2-23::B-2-21::B3-c-28::B-A01::B-1-10::N-A02::B3-2::B-B04::N-2-17::B-2-15::B-B10::B-A08::N-B07::B3-15::N-A03::B3-12::B3-7::N-B10::N-3-4::B-2-12::N-1-7::B-B03::N-B03::N3-13::B-A02::B3-6::B-B09::N-B05::N-A10::N-1-6::B-A07::B-2-25::N-2-15::N3-c-9::B3-c-14::B3-c-9::B-B05::N3-16::	26
chr6	83266800	83454800	chr6_83266800	32	188000	0.00144831694282051	40	4.04295888680731e-08	36	9.53135678283975e-06	::B-1-2::N-2-9::B-B05::N-B05::B-A01::B-1-6::B3-19::N-B07::N-A08::N-3-4::B-2-14::B3-6::B-1-7::B3-11::N-B02::N-A05::N3-6::N-2-17::B3-13::N3-13::B-2-12::B-B11::N-1-2::B-2-15::N-A01::B-2-23::B-A02::B3-7::B-B07::N-A10::B-2-26::B-B02::	20
chr6	83820400	84008400	chr6_83820400	32	188000	0.00144831694282051	34	0.000124508216735865	33	0.000431035758688278	::B-B04::N3-17::N-B07::B3-2::B-2-23::N-B08::B-A07::B-1-6::B-2-15::N-2-17::N-2-26::B-3-4::B-1-7::B-A12::B-A08::B-A01::B-A02::B3-11::B-2-25::N-2-27::B3-17::N-B04::N-2-21::N3-16::B-1-2::B3-c-28::N-2-14::N-A01::B-B09::B-B10::B3-c-10::B-2-21::	18
chr6	103532000	103720000	chr6_103532000	29	188000	0.0454993979420594	39	1.6466287237019e-07	14	6048.97344306238	::N-B08::B-2-27::N-A01::B-A01::B-B05::B-1-7::B3-19::B3-c-28::N-2-14::N-B11::N-3-1::B-B11::N3-13::N-B10::N-2-12::N3-16::N-A05::N-B04::N-2-21::N-B05::N-1-7::N-2-15::N3-3::N-A12::N3-11::N-A02::N-A11::N-2-23::N3-19::	20
chr6	113004700	113192700	chr6_113004700	44	188000	1.15451495579292e-10	61	4.44913849816806e-23	50	9.0553619526537e-15	::N-2-23::B-B10::B-1-6::B-B02::B-B05::B-1-2::N-B11::N-1-6::B3-c-9::N3-c-9::B-2-12::N3-16::B-B04::B-A11::B3-c-14::N3-c-14::N-2-15::B-2-21::B-2-15::B-A12::B-A07::B3-c-28::B-2-23::N-1-4::N-1-2::B-A05::B-2-27::N-2-27::N-2-25::N3-13::N-1-7::B3-2::B-B11::N-A03::N-2-17::B-A08::B-B07::N3-11::N-B08::B-B08::B-A03::B-2-25::N-1-10::B-B03::	38
chr6	119837700	120025700	chr6_119837700	34	188000	0.000124508216735865	47	1.12414477930709e-12	42	2.26461008262036e-09	::B3-3::B3-19::N-B09::N-B03::B-B04::N-1-2::B-A08::B-2-15::N-2-9::B-1-6::B-B10::B-B05::B3-6::N3-19::B-A07::B-A12::B3-7::B-A11::N-2-21::B-2-21::B3-13::N-2-23::N-B11::N-2-15::B-2-12::N-2-12::B-2-14::N-2-14::N3-11::B3-17::N-B05::N-A01::N3-12::B-2-25::	24
chr6	134040500	134228500	chr6_134040500	30	188000	0.0148952578162794	43	5.17235840263175e-10	37	2.52997734286863e-06	::N-A03::N-2-25::B-B09::B-A04::N-A02::B-A02::N-A08::N-2-21::B-2-15::B-2-25::B-2-9::B-B11::B-1-10::N-A05::B-A05::B-B04::B-A08::N-B03::B-B05::N-3-1::B-3-1::B-B02::B-B03::B3-3::N-A01::B3-6::N-B04::N-1-2::B-1-4::B-A01::	18
chr6	134442100	134630100	chr6_134442100	38	188000	6.53877908208159e-07	49	4.61011956596097e-14	45	2.51971069173045e-11	::B3-c-28::N-A04::B-A04::B-A08::N-B09::N3-13::B-1-2::B-2-17::N-2-21::B-2-15::B-2-23::B-A12::B-B10::B-2-21::N-2-25::B3-7::N3-7::B-2-12::N-B07::N-1-2::N-3-1::N-2-12::N-A03::N-2-23::B3-5::N-A02::B3-12::B-1-7::B-B02::B3-19::N3-16::B3-6::B-1-6::N3-c-9::B3-17::N-B11::B-1-10::N-A08::	26
chr7	67195200	67383200	chr7_67195200	34	188000	0.000124508216735865	37	2.52997734286863e-06	30	0.0148952578162794	::N-A05::N-3-1::B-3-1::B3-15::N-2-23::B3-7::B-B05::N-B04::B-B09::B-B07::N3-c-14::N3-3::N3-17::B-A03::N-1-7::N-A01::B-B04::B-A11::N-A11::B-2-26::B3-6::B3-11::B3-5::B-2-15::B3-17::B-A08::N-A03::N-A08::B-A02::B-1-7::N3-11::B3-2::N-B08::N-B09::	21
chr7	80600500	80788500	chr7_80600500	33	188000	0.000431035758688278	39	1.6466287237019e-07	33	0.000431035758688278	::N-A04::B-3-1::B3-2::N3-2::N3-19::B3-c-9::B-A07::N-B08::B-1-6::B3-3::N-A11::B-3-4::N3-12::B-2-21::N-2-15::B-2-15::B-2-9::N-B09::B3-19::N-B04::B3-13::N3-16::N-A08::N3-13::B-A02::N-A07::B-B02::N-1-6::B-B11::N-A02::N-A10::B-1-2::B-2-17::	17
chr7	90127300	90315300	chr7_90127300	38	188000	6.53877908208159e-07	53	6.10305540990186e-17	44	1.15451495579292e-10	::B3-17::N-B09::N3-11::B3-11::N-1-4::B-A02::B-A08::N-1-2::N-B02::B-2-23::B-B07::B3-c-9::N-2-25::B-B09::N3-c-32::N3-16::N-A11::B3-6::B-A03::B-B02::B-2-21::B3-7::N-3-1::B-B10::B-3-1::N-A02::N-2-21::B-1-2::N-A01::B-A01::B3-13::N3-13::B-A11::N-1-6::N3-6::B-1-10::B3-5::N-A12::	23
chr7	102021600	102209600	chr7_102021600	31	188000	0.00471899981343745	41	9.68454223787809e-09	37	2.52997734286863e-06	::B-1-10::B-1-7::B3-c-28::N3-13::N-2-17::B3-6::B3-7::B-A05::N-2-25::B-B07::N-B07::N-2-15::N-B10::B-2-21::N-A02::B-3-1::B-B04::B-A07::B-B05::N-B05::N3-c-9::B3-c-9::B-2-15::N-1-6::B-1-2::N-2-27::N-B09::N-1-2::B-2-27::B-B02::B-2-26::	20
chr7	112021000	112209000	chr7_112021000	34	188000	0.000124508216735865	45	2.51971069173045e-11	40	4.04295888680731e-08	::N-A02::B-A02::B-B05::N-A01::B-1-7::B3-13::B-1-2::N-B07::N-B03::B-B03::N-2-25::B-A04::N-1-2::B-2-14::N3-17::B-1-6::B-1-10::B-2-27::B-B09::N3-7::B-B07::N-2-17::B-2-17::N-B04::B-B02::B3-12::N-2-21::N-2-27::B-A08::B-2-23::N-1-7::B3-2::N-B02::B-2-9::	28
chr7	118102100	118290100	chr7_118102100	40	188000	4.04295888680731e-08	49	4.61011956596097e-14	45	2.51971069173045e-11	::N-2-25::B-2-14::B-2-23::B-B05::B3-16::N3-16::B-1-2::B-B04::B-B08::B3-6::N3-19::B3-3::B-A01::B-3-1::N-A05::B-A05::B-3-4::N-1-6::B3-11::N-B08::B-A08::N-2-23::B-B03::N-2-14::B3-7::N3-11::B-1-10::N3-5::N3-13::N-A08::N-3-1::B-B07::N-3-4::B-2-27::N-2-27::B-2-26::B-A11::N3-17::N-A12::B-B10::	23
chr7	121650500	121838500	chr7_121650500	51	188000	1.74381041618419e-15	60	2.76338967676472e-22	20	194.512353731754	::N3-13::B-B10::B-A04::N-2-17::B-B05::N-B09::B-2-27::N-2-27::N-1-2::N-B04::B-2-9::B3-c-32::N-2-15::B3-12::B-B04::B-2-25::B-3-1::N-3-1::N-2-12::N-2-21::N-A10::N-2-25::N-1-6::N-A11::N3-16::N-2-14::N3-6::N-B05::N-A02::N-B07::N-1-9::N-B08::N-2-9::N-2-26::N3-11::N-B11::N-A12::N-B02::N-1-7::N-A07::N-A05::N3-2::N-A04::N-B10::N-3-4::N3-19::N3-c-10::N3-3::N3-5::N-2-23::N3-17::	52
chr7	136237500	136425500	chr7_136237500	59	188000	1.68822276355205e-21	63	1.09867930714939e-24	11	13945.7997171199	::N3-6::B-B04::N-B07::B-2-17::B-2-15::N-A05::B3-6::B-B09::N3-c-10::N-A02::N-2-12::N-B11::N-A08::N-2-9::N-2-14::N3-13::N-2-26::N-2-17::N-B04::N3-17::N-2-27::N-2-25::N-B09::N-B05::N-A11::N3-5::N-B02::N-2-23::N-B03::N-A10::N-3-4::N3-19::N-A07::N-3-1::N-A01::N3-11::N-1-2::N-2-15::N3-16::N-1-6::N-2-21::N-A12::N3-c-32::N-A03::N-A04::N-1-10::N3-c-28::N-1-4::N3-2::N-1-7::N-B10::N3-3::N-B08::N3-7::N3-c-9::N3-12::N3-c-14::N3-15::B-A10::	57
chr8	41242300	41430300	chr8_41242300	30	188000	0.0148952578162794	38	6.53877908208159e-07	36	9.53135678283975e-06	::B-A07::N3-16::B-2-17::B3-3::N-2-26::B-B10::B-3-1::N-3-1::B-B04::B-3-4::N-2-21::N3-19::B3-7::N3-c-10::B3-c-9::B-2-15::B-2-23::B3-6::N-A08::B-A01::B-1-2::N-A05::B-B08::B-A10::N-2-14::N-A01::B-2-21::N-1-2::B-2-14::B3-c-10::	21
chr8	44877400	45065400	chr8_44877400	30	188000	0.0148952578162794	35	3.49376426139765e-05	31	0.00471899981343745	::N-A07::B-A11::B3-17::B3-5::B3-13::B-A03::B3-7::N-B09::N3-2::B3-2::B3-3::B3-12::B-2-25::B-B10::N-1-2::N3-19::N-2-15::B-B02::B-1-6::B3-6::B-2-15::B-A07::N-A08::B-A08::N-B10::N3-6::N-A02::B-3-1::B-B05::B3-c-28::	17
chr8	69896200	70084200	chr8_69896200	32	188000	0.00144831694282051	42	2.26461008262036e-09	38	6.53877908208159e-07	::N-2-15::B3-11::N-B10::N3-7::N-A11::B3-5::B3-3::B3-2::N-A08::B-1-6::N-2-23::N-B09::B-B09::B-B10::N3-c-9::N-1-6::B-2-15::N-B04::B-B04::B-1-2::N3-16::B-A04::B-B02::N-A02::B-A02::N3-13::N-2-27::B-B05::N-1-2::N-2-25::N-2-14::B-A12::	17
chr8	80696000	80884000	chr8_80696000	33	188000	0.000431035758688278	44	1.15451495579292e-10	37	2.52997734286863e-06	::N-B10::N3-19::B3-19::B-1-6::B3-3::B3-11::N-A01::B-A01::N3-12::N-2-15::N-B03::N3-13::B-3-1::B3-7::B3-15::N-B09::B-2-23::B-A05::B-B07::B-1-7::B-2-15::B-B05::N-B07::N-2-12::N-B04::B-B04::N-B05::B-B10::N3-15::B3-13::N-2-23::N-A11::B-A11::	15
chr8	90826700	91014700	chr8_90826700	32	188000	0.00144831694282051	41	9.68454223787809e-09	35	3.49376426139765e-05	::N-2-27::N3-6::B3-6::N-3-4::B-3-4::N-A01::N-2-15::N-A11::B3-7::N-1-6::B-A11::N-A12::B-2-27::B3-11::N-3-1::B-2-9::B-3-1::N-B02::B-2-15::B-A12::B3-5::B-B10::B-2-23::B-2-14::B-2-25::B-B02::B3-c-28::N-2-17::N-B09::B3-19::N3-11::B-B07::	19
chr8	95702200	95890200	chr8_95702200	34	188000	0.000124508216735865	54	1.10998518550961e-17	47	1.12414477930709e-12	::N3-17::B-A07::N-1-2::N-B10::B-B04::B3-2::N3-16::B3-16::N-2-23::N3-6::B-B05::N-A05::B-2-23::N-A02::B-2-14::N3-7::B-1-6::N-B05::B3-19::N-2-17::N-A07::N-2-15::N-2-25::B3-6::B-B10::B-A01::B-1-2::B3-c-10::B-B02::N-A12::B-2-25::N3-13::B-A11::N-A11::	26
chr8	107157100	107345100	chr8_107157100	32	188000	0.00144831694282051	44	1.15451495579292e-10	32	0.00144831694282051	::B3-7::N-2-23::B-2-23::N-B03::B-B03::B-B07::N-B07::N-B09::B-3-1::B-A08::N-A01::N-A11::N-1-6::N-2-15::N3-12::N3-16::N-2-21::N-B10::B-B10::B-2-15::B-2-21::N3-13::N3-15::B-A05::N-A05::N-A12::N-B05::B-B05::B3-6::B-A10::B-2-14::B3-16::	27
chr8	109781100	109969100	chr8_109781100	43	188000	5.17235840263175e-10	66	3.79074496552312e-27	50	9.0553619526537e-15	::B-2-25::B-1-6::N3-19::B-2-21::B-2-14::N-2-14::N-B08::N-B11::N-1-6::B3-19::B-A02::N3-11::B3-11::B-2-15::N-2-25::B-B10::B3-12::B-1-4::B-1-7::N-1-7::N-B10::B-A12::B-B07::N-B07::N-3-1::B-3-1::N-2-17::B-2-17::B3-c-10::B-B02::B3-c-32::B-B05::N-2-15::N-2-21::N-1-4::N-1-9::B3-c-14::N3-c-14::N-A04::B-A07::B3-17::N-2-26::B3-5::	27
chr8	111469100	111657100	chr8_111469100	32	188000	0.00144831694282051	37	2.52997734286863e-06	32	0.00144831694282051	::B-B04::N-1-6::N-2-12::N-2-26::B-B07::N-A11::N-1-10::B3-13::B-B10::B-1-2::N-2-15::N-B10::N3-16::B3-16::B-2-25::N-B09::B3-7::N-2-21::B-B02::B3-11::B-B03::B-A07::B-2-17::B-B09::N3-17::B-1-6::B-1-10::B3-17::B-2-26::B3-5::B3-19::B-A11::	19
chr8	122877900	123065900	chr8_122877900	36	188000	9.53135678283975e-06	46	5.37968041145554e-12	40	4.04295888680731e-08	::N-A11::N-B02::N-3-1::B-3-1::B3-6::N3-19::B3-19::B-B07::B-B10::B-A08::B-B02::B-2-15::N-B04::B3-7::B-B05::B-1-2::N-2-14::B3-15::B3-17::N-A05::B3-3::B-B03::N-A02::B-A02::N-B10::B3-5::B-A07::N-A01::B-2-17::B-2-25::N3-13::B3-13::B-A10::N-B09::B-2-14::B-2-23::	24
chr8	127056000	127244000	chr8_127056000	32	188000	0.00144831694282051	41	9.68454223787809e-09	39	1.6466287237019e-07	::N-2-23::B3-c-10::B-1-6::B-B07::B-B09::N-A08::B-B03::B-3-4::B3-5::N-2-15::N-2-9::B3-6::N-A02::B-1-2::N-2-25::B-B04::B3-12::N-2-26::B3-17::N-A01::N-B09::N-3-1::B-2-26::B-2-25::B-B02::B-B05::N3-6::B-A08::B-A12::B-2-21::B3-19::B-2-14::	25
chr9	3000100	3188100	chr9_3000100	60	188000	2.76338967676472e-22	117	2.07090521160816e-76	36	9.53135678283975e-06	::N-A08::N-B08::B-B02::N-3-4::N-B07::N-A05::N-A04::N-2-17::N-A02::N-2-23::N-2-15::N3-6::N3-16::N-B05::N3-11::B-B11::B-A02::B-A10::N-B11::N-A11::B3-7::N-2-21::N-A01::N3-19::N-2-12::N-B04::N-2-26::N-B10::N-2-14::N3-5::N-A07::N3-17::N3-13::N3-2::N-1-10::N-2-27::B3-5::B3-11::B-2-15::B-1-10::B3-c-28::B-B10::N-B02::B3-17::B-2-23::B-A08::N-A12::N-2-25::N-1-6::N-1-4::N-B03::B-B09::N3-15::N-A03::B-B05::B-2-17::B-2-25::N3-c-28::N-B09::N-1-7::	55
chr9	21625000	21813000	chr9_21625000	32	188000	0.00144831694282051	43	5.17235840263175e-10	36	9.53135678283975e-06	::N-2-17::N3-19::B-A08::B-B04::B-1-6::N3-16::N-A05::N-1-2::B3-13::B-1-2::B-A02::B-2-14::B-B02::B3-19::B-1-10::N-A04::N-A08::N-2-12::N3-5::N-1-6::B-2-15::B-B10::N-B02::N-B09::B-B08::B3-17::B3-3::N-A11::B-1-7::N-2-15::B-B07::N-B07::	20
chr9	58523200	58711200	chr9_58523200	29	188000	0.0454993979420594	38	6.53877908208159e-07	33	0.000431035758688278	::B-B11::N-2-15::B3-3::N3-3::B3-17::B-A01::N3-16::N-B04::N-B05::N-1-2::B-1-2::B3-19::B-2-12::N3-17::N-1-6::B-2-14::N-2-14::B-2-25::N-B10::B-B10::B-A08::B-3-1::N-3-1::B-2-15::N-B08::B-A07::B-B04::B-B03::B-A03::	22
chr9	59333600	59521600	chr9_59333600	40	188000	4.04295888680731e-08	57	5.98938869296834e-20	54	1.10998518550961e-17	::N3-19::N3-11::N-2-23::N-1-7::B-2-23::N-B08::B-2-12::N-2-12::B3-12::N-A08::N-B10::N-A02::B-B09::B-B02::B-A08::N-A01::B-3-1::B3-6::B3-3::N3-13::B-2-14::N-A07::N-2-14::N-1-4::B3-15::N-2-15::N-B07::B-2-27::N3-16::B-B10::N-2-17::B-2-17::B-2-15::B3-2::B-B03::B3-5::B-A10::B3-16::B-B05::B-2-21::	25
chr9	62787600	62975600	chr9_62787600	31	188000	0.00471899981343745	37	2.52997734286863e-06	28	0.134350726296241	::B-2-15::N-B02::B-A08::N-2-23::B-2-14::B3-3::B3-11::N-B11::B-B03::N-2-26::B-2-9::B-2-26::N3-16::B3-16::N-B05::B-3-1::N-A05::B-2-23::B-A05::B-A02::N-A02::N-B09::N-A10::N-B04::B3-7::B-1-6::N-1-6::B-B04::N-2-17::N-B03::B3-19::	18
chr9	65675300	65863300	chr9_65675300	35	188000	3.49376426139765e-05	45	2.51971069173045e-11	41	9.68454223787809e-09	::N3-13::B-1-2::B-B10::B-2-23::N-B03::N-1-10::N-B04::B3-17::N3-17::B-A04::B-3-4::B3-12::B-B05::B3-15::B-B09::N-2-25::N-A10::B-B11::N-B11::B-B02::B-2-14::B3-7::B-A01::B-2-27::N-2-27::B3-c-28::N-1-2::N-A08::B-A03::B-2-15::N-B02::B3-13::B-A07::N-A07::B-1-7::	23
chr9	66404900	66592900	chr9_66404900	37	188000	2.52997734286863e-06	45	2.51971069173045e-11	42	2.26461008262036e-09	::B3-17::B-B10::B-B05::N-1-6::B-B07::B-2-15::N-B07::N3-17::B3-19::B-2-17::N3-16::N-B04::N-2-27::B-A01::B-A08::B3-7::B-B09::N-B08::B3-15::N3-15::B-1-7::B-2-14::N3-13::B-1-6::N-2-23::B-1-2::N-1-2::N-2-17::N3-c-10::N-B10::N-A11::B-A07::N3-19::N-2-15::B-A02::B-2-21::N-B11::	25
chr9	70388200	70576200	chr9_70388200	42	188000	2.26461008262036e-09	52	3.29351429823657e-16	45	2.51971069173045e-11	::B-1-6::N3-16::B-B02::N-B02::N-1-6::B3-13::B-A07::N-2-15::B-1-2::N-A11::B-A05::B-B09::B3-6::N-A07::B-B05::N-A05::N-1-2::B-A01::B3-3::B3-7::N3-c-9::B3-c-9::N-3-4::B-B10::B-1-7::B-A08::N-B05::B-A11::B-3-1::N-3-1::N-A03::B-B07::B-2-23::N-2-21::B-B04::N-B07::N-B11::B-2-15::N-B09::N3-17::B-A10::B3-c-28::	24
chr9	71931400	72119400	chr9_71931400	43	188000	5.17235840263175e-10	75	7.07065580383829e-35	64	1.68598847020473e-25	::N-A11::B-2-17::B-3-1::N-A05::N-A07::B-A05::B-A12::N-A12::N3-c-32::N-1-7::B3-2::N3-13::B3-5::N-2-15::B3-11::B-2-14::B-1-6::N-B08::B-B02::B3-6::N-1-4::B-2-25::N-B03::N-2-14::B3-12::N-B10::N-B04::B-2-21::N-2-17::N-2-25::N-1-6::B3-17::B3-c-10::N3-17::B-2-15::B-B11::N-B05::B-1-2::B-3-4::B-B04::B3-c-28::B3-3::B-2-9::	45
chr9	72535200	72723200	chr9_72535200	33	188000	0.000431035758688278	41	9.68454223787809e-09	36	9.53135678283975e-06	::B3-17::N-B03::B-A05::N-A05::B-B10::B-B02::N-B08::N-2-23::N-1-2::B3-6::B-2-9::N3-11::B3-11::B-2-25::N-A01::N-B10::B-2-23::B-A10::N3-19::N-2-26::B-A08::B-1-6::N-2-15::B3-16::N3-16::N3-6::B-A04::B3-7::B-3-1::N-3-1::N-B02::B3-5::B-A02::	21
chr9	75039500	75227500	chr9_75039500	30	188000	0.0148952578162794	44	1.15451495579292e-10	37	2.52997734286863e-06	::N-2-15::B3-c-28::B-A07::B3-c-10::N-A11::B-B05::N-B04::N-B05::B3-5::B-2-25::B-A02::B-A04::N-3-1::N3-11::B3-12::B-1-6::N-B09::N-B10::N-2-25::N-1-2::N3-3::B-B10::B-3-4::B3-3::N-1-6::B-A10::B-A11::B3-13::N-B07::N-A07::	26
chr9	80071100	80259100	chr9_80071100	35	188000	3.49376426139765e-05	48	2.3000889940245e-13	40	4.04295888680731e-08	::B-1-6::N3-3::B-B02::N3-c-28::B3-3::N3-16::N-2-17::B-1-2::B-3-1::B-2-21::B-B10::N-B10::B-A05::N-A07::B-A07::B-2-15::B-B11::N-2-26::B-2-26::B3-7::N-B03::B3-6::B3-c-9::N-A11::B-A11::B-A08::B-B07::N-1-7::B3-5::N-2-15::B-B09::N-B09::N-1-2::B-1-10::B-B05::	25
chr9	88391600	88579600	chr9_88391600	30	188000	0.0148952578162794	39	1.6466287237019e-07	32	0.00144831694282051	::N-A05::N-2-25::N-1-9::N-2-21::B-B05::B-A05::B3-c-9::N-B10::B-B04::N-B09::B-2-27::B-2-23::B-2-9::N-2-9::B-2-14::B-1-2::B-B10::N-B05::B-B02::B-A10::B-A02::B-1-10::B-2-12::N-1-6::N-B04::B-A04::B-A11::N3-19::N-1-2::B-A12::	23
chr9	100626600	100814600	chr9_100626600	35	188000	3.49376426139765e-05	43	5.17235840263175e-10	39	1.6466287237019e-07	::N3-13::B-A10::N-2-12::B-2-12::N-B10::N-A07::N-2-25::B-2-25::B3-17::B-2-9::N-A01::B-A07::B-A04::B-B11::N3-16::N-1-7::B-1-7::B-3-1::B-B03::B-A02::B3-c-28::B3-c-9::B3-5::N3-17::N-A08::N-B09::B3-3::B3-c-10::B-2-14::B-B09::B-1-6::N-1-2::B-A11::B-1-2::N-3-4::	19
chr9	107714200	107902200	chr9_107714200	49	188000	4.61011956596097e-14	70	1.60268524307127e-30	58	1.01418722132603e-20	::B3-13::N-2-17::B-A04::N-2-25::B-2-25::N-A01::B-2-23::B-1-2::N-2-21::N3-11::B3-11::N-B02::B-B02::B-A05::B3-17::B-B03::N3-17::B-B10::N-A07::B-1-7::B3-5::B3-3::N3-c-10::B-1-4::N-1-7::N-B04::B-A12::B3-16::N3-3::B-2-15::B-A01::N3-7::B3-6::N-A12::N-2-15::B-2-21::B-A08::B-1-6::B-3-4::N-1-6::N-B11::N-A02::B-A02::N3-13::B-A07::N3-16::B-2-9::N-A11::N3-c-14::	37
chr9	108495400	108683400	chr9_108495400	35	188000	3.49376426139765e-05	44	1.15451495579292e-10	39	1.6466287237019e-07	::B-1-10::N-A07::B3-13::N-A08::N-2-25::B-A08::N-1-6::N-2-23::B-B04::N3-6::B3-6::B-B10::B-B11::B-3-1::B-A10::B-A01::N-A01::N-2-21::B-2-21::B-2-23::B3-16::N-2-15::B3-c-9::N-B04::N-B10::B3-17::N-A11::B-A03::N-A03::B-A07::N-B03::B-1-7::N-1-7::N3-c-9::B3-5::	23
chr9	110525700	110713700	chr9_110525700	42	188000	2.26461008262036e-09	61	4.44913849816806e-23	51	1.74381041618419e-15	::N-A01::N-A12::N3-12::B-3-4::B-1-7::B-2-12::N-2-12::N-B05::B-1-2::B3-12::B-2-17::B-B05::N-2-17::N-2-14::B-2-14::B-1-6::B-2-15::N-2-23::B-2-23::B3-19::B3-7::B-1-4::B-2-25::N-3-1::N-B11::B-B10::N-1-2::N-B08::B-A08::B-B11::B3-15::B-A10::B-2-21::B-A11::N-A11::B-B02::B3-5::N-2-21::N-1-10::N-A03::B-A03::B3-6::	23
chr9	115131900	115319900	chr9_115131900	31	188000	0.00471899981343745	36	9.53135678283975e-06	33	0.000431035758688278	::B-2-21::B-A12::N3-2::B-2-15::B3-17::N-1-6::B-3-1::N-1-7::N3-16::N-A10::B-A10::B3-6::B-B05::N-B05::B-B04::B-A08::N-B11::B-B11::N-A08::B3-7::B-2-25::N-B03::B-B02::B3-19::N-3-1::N-A12::B-1-2::N-A01::B-2-17::N-A07::N3-13::	14
chrUn_GL456393	200	188200	chrUn_GL456393_200	53	188000	6.10305540990186e-17	80	2.23955557936721e-39	68	8.02542628759139e-29	::B3-11::N-2-23::N-B03::N-A05::N-2-17::N-2-25::N-A04::N-B11::N-B02::N3-19::N-3-4::B-A08::N-2-15::B-1-2::B-1-10::N3-6::B-1-7::B3-7::N-B10::N-2-21::N-B05::N-B08::N3-16::B-B02::B3-3::N-A03::B3-15::N3-13::B3-17::B-1-6::B-B05::B-2-21::N-A11::B3-6::B-3-1::N-1-7::B-A07::N3-c-28::N-A01::B-A12::B-A03::B-A04::B-B11::N-2-26::N-B09::N-1-6::B-2-15::B-B04::N3-11::N-A08::B3-19::N3-17::N3-c-14::	41
chrUn_JH584304	1500	189500	chrUn_JH584304_1500	39	188000	1.6466287237019e-07	53	6.10305540990186e-17	48	2.3000889940245e-13	::B-B02::B3-3::N-A03::B3-15::N3-13::B3-17::N-2-23::B-1-6::B-B05::B-2-21::N3-16::N-A11::N-2-15::B3-6::B-3-1::N-1-7::B-A07::N3-c-28::N-A01::B-A12::B-A03::B-A04::B-B11::N-B08::N-B11::N-2-26::N-B09::N-1-6::B-A08::B-2-15::B-B04::B-1-2::N3-11::N-A08::B3-19::N-3-4::N3-17::N-2-17::N3-c-14::	24
chrX	18123700	18311700	chrX_18123700	51	188000	1.74381041618419e-15	107	8.02847119788835e-66	77	1.1654204587069e-36	::N-B04::N3-3::N-2-21::N-A04::N-1-6::B-1-6::B-B07::N-B03::N-A01::B-A08::N-B09::B-B09::B-1-2::B3-15::N-A02::B-B10::N-B10::B-2-14::B3-19::B-B04::B3-12::B3-17::N-1-2::B-A05::B-A10::B3-7::N3-7::B3-5::N3-c-9::B3-c-9::B3-2::B-2-26::B-A02::N-2-15::B-2-23::B-A11::N3-c-14::N-A11::N-2-17::B-2-17::N3-17::N-B08::B3-3::B-2-15::N-3-1::N3-12::B-A07::B-3-1::N-A05::B-1-7::N-2-23::	46
chrX	77490500	77678500	chrX_77490500	35	188000	3.49376426139765e-05	41	9.68454223787809e-09	35	3.49376426139765e-05	::B-B05::B3-2::N-A08::N-B05::N-A10::B-3-4::N3-13::B3-13::B-A02::N-B11::B-2-21::N3-12::B3-7::B-A08::B-1-10::N-A01::B-B07::N-B07::B-B11::N-B10::B3-17::B3-12::N-B04::N-A05::B-2-14::N-2-14::B-A05::B-A10::N-2-21::B-A07::N3-19::N-A02::B-3-1::B-2-15::B-1-9::	21
chrX	105750900	105938900	chrX_105750900	31	188000	0.00471899981343745	43	5.17235840263175e-10	34	0.000124508216735865	::N-B04::N-2-25::B-2-27::N-2-27::B-B07::N3-17::B-B04::N-2-21::N-2-15::N-1-2::N-3-1::B-A11::N-A11::B-B05::B-A05::N-A05::B-B02::N-A03::B-1-6::B-2-15::N-A12::B-3-4::B-A10::B3-7::B-2-26::B3-12::N-2-26::N-B11::B-B11::N-B02::N3-16::	18
chrX	143303200	143491200	chrX_143303200	50	188000	9.0553619526537e-15	83	3.84836068553934e-42	10	15619.6924921436	::N-B04::B-B09::B-2-14::B-B05::B3-17::B-2-23::B-2-21::N-3-4::N-2-14::N-2-26::N-2-17::N-3-1::N-2-15::N-A11::N-2-12::N-B02::N-2-27::N3-11::N3-c-10::N-B08::N3-16::N3-12::N-2-21::N3-19::N3-13::N-2-23::N-2-25::N-A01::N3-c-14::N-A12::N-A03::N-B03::N-B09::N-B11::N-2-9::N-1-6::N-A04::B3-7::N3-6::N-A10::B-3-4::B3-c-10::N3-17::N-A08::N-A02::N3-15::N3-c-9::N-B05::N3-7::B-B07::	61
