chr10	63299400	63408400	chr10_63299400	4	109000	0.0483574560103034	6	3.32272379888217e-05	5	0.00138857539920092	::N3-9::B3-9::N3-1-15::B3-1-15::	3
chr10	93008000	93117000	chr10_93008000	4	109000	0.0483574560103034	4	0.0483574560103034	1	392.144935067636	::N3-1::N3-10::B3-10::B3-1::	0
chr11	21096000	21205000	chr11_21096000	4	109000	0.0483574560103034	4	0.0483574560103034	2	28.1509230779294	::N3-2-21::B3-2-21::N3-9::B3-9::	0
chr11	30129000	30238000	chr11_30129000	4	109000	0.0483574560103034	5	0.00138857539920092	4	0.0483574560103034	::N3-1-13::B3-1-13::N3-21::B3-18::	1
chr11	59614500	59723500	chr11_59614500	5	109000	0.00138857539920092	5	0.00138857539920092	3	1.34724757655026	::N3-1-11::N3-2-22::B3-2-22::B3-1-15::N3-1-15::	3
chr11	86330000	86439000	chr11_86330000	5	109000	0.00138857539920092	5	0.00138857539920092	3	1.34724757655026	::B3-9::N3-9::N3-1-11::B3-1-11::B3-1-3::	2
chr11	105752300	105861300	chr11_105752300	4	109000	0.0483574560103034	4	0.0483574560103034	2	28.1509230779294	::B3-1-11::N3-1-11::N3-1-3::B3-1-3::	2
chr11	106092700	106201700	chr11_106092700	4	109000	0.0483574560103034	4	0.0483574560103034	2	28.1509230779294	::N3-9::B3-9::B3-8::N3-8::	2
chr12	8925200	9034200	chr12_8925200	5	109000	0.00138857539920092	5	0.00138857539920092	3	1.34724757655026	::N3-1-2::B3-14::N3-14::N3-2-7::B3-2-7::	2
chr13	17697500	17806500	chr13_17697500	4	109000	0.0483574560103034	5	0.00138857539920092	3	1.34724757655026	::B3-14::N3-14::B3-8::N3-8::	5
chr14	31107600	31216600	chr14_31107600	4	109000	0.0483574560103034	4	0.0483574560103034	2	28.1509230779294	::N3-1-13::B3-1-13::N3-21::B3-21::	0
chr14	67004500	67113500	chr14_67004500	5	109000	0.00138857539920092	5	0.00138857539920092	3	1.34724757655026	::N3-9::B3-9::N3-1-13::N3-8::B3-8::	0
chr14	73216200	73325200	chr14_73216200	6	109000	3.32272379888217e-05	8	1.22308958061034e-08	5	0.00138857539920092	::B3-1-15::N3-1-15::B3-8::N3-8::N3-1-5::B3-1-5::	6
chr14	121096400	121205400	chr14_121096400	4	109000	0.0483574560103034	4	0.0483574560103034	2	28.1509230779294	::B3-1-5::N3-1-5::B3-4::N3-4::	4
chr15	73155500	73264500	chr15_73155500	4	109000	0.0483574560103034	4	0.0483574560103034	1	392.144935067636	::N3-1::N3-10::B3-10::B3-1::	0
chr15	76116500	76225500	chr15_76116500	4	109000	0.0483574560103034	4	0.0483574560103034	2	28.1509230779294	::B3-1-5::N3-1-5::B3-1::N3-1::	4
chr15	80833500	80942500	chr15_80833500	4	109000	0.0483574560103034	4	0.0483574560103034	4	0.0483574560103034	::N3-1::B3-10::N3-1-5::N3-2-22::	0
chr15	96329600	96438600	chr15_96329600	4	109000	0.0483574560103034	4	0.0483574560103034	3	1.34724757655026	::N3-2-22::B3-2-36::B3-9::N3-9::	2
chr15	103190500	103299500	chr15_103190500	4	109000	0.0483574560103034	4	0.0483574560103034	2	28.1509230779294	::B3-9::N3-9::N3-2-2::B3-2-2::	2
chr16	4489900	4598900	chr16_4489900	6	109000	3.32272379888217e-05	6	3.32272379888217e-05	2	28.1509230779294	::B3-10::B3-1::N3-1::N3-10::N3-4::B3-4::	4
chr16	4729800	4838800	chr16_4729800	4	109000	0.0483574560103034	4	0.0483574560103034	2	28.1509230779294	::N3-1-11::B3-1-11::B3-2-2::N3-2-2::	2
chr16	8730100	8839100	chr16_8730100	4	109000	0.0483574560103034	4	0.0483574560103034	2	28.1509230779294	::B3-2-22::N3-2-22::B3-21::N3-21::	4
chr16	17470800	17579800	chr16_17470800	4	109000	0.0483574560103034	4	0.0483574560103034	3	1.34724757655026	::B3-8::N3-8::B3-2-22::N3-2-22::	2
chr16	22242400	22351400	chr16_22242400	4	109000	0.0483574560103034	4	0.0483574560103034	2	28.1509230779294	::N3-2-7::B3-2-7::B3-10::B3-1::	0
chr16	55769900	55878900	chr16_55769900	4	109000	0.0483574560103034	4	0.0483574560103034	2	28.1509230779294	::N3-9::B3-9::N3-1-3::B3-1-3::	0
chr16	96028900	96137900	chr16_96028900	4	109000	0.0483574560103034	4	0.0483574560103034	2	28.1509230779294	::B3-1-3::N3-1-3::B3-18::N3-18::	4
chr17	25913700	26022700	chr17_25913700	6	109000	3.32272379888217e-05	6	3.32272379888217e-05	3	1.34724757655026	::B3-1-2::N3-1-2::N3-10::B3-10::B3-9::N3-9::	4
chr17	30006600	30115600	chr17_30006600	6	109000	3.32272379888217e-05	7	6.8150999218406e-07	4	0.0483574560103034	::B3-21::N3-21::N3-9::B3-9::B3-1-3::N3-1-3::	4
chr17	32210800	32319800	chr17_32210800	4	109000	0.0483574560103034	4	0.0483574560103034	2	28.1509230779294	::B3-9::N3-9::B3-10::N3-10::	4
chr18	31767200	31876200	chr18_31767200	5	109000	0.00138857539920092	5	0.00138857539920092	3	1.34724757655026	::B3-1-13::N3-8::B3-8::N3-18::B3-18::	1
chr19	4350100	4459100	chr19_4350100	4	109000	0.0483574560103034	4	0.0483574560103034	3	1.34724757655026	::B3-4::B3-1-3::N3-1-3::N3-1-5::	3
chr19	21660000	21769000	chr19_21660000	4	109000	0.0483574560103034	4	0.0483574560103034	2	28.1509230779294	::N3-1-11::B3-1-11::B3-1-3::N3-1-3::	2
chr19	24322900	24431900	chr19_24322900	4	109000	0.0483574560103034	4	0.0483574560103034	2	28.1509230779294	::N3-2-22::N3-4::N3-10::B3-4::	1
chr2	6326600	6435600	chr2_6326600	4	109000	0.0483574560103034	6	3.32272379888217e-05	3	1.34724757655026	::N3-9::B3-9::B3-2-22::N3-2-22::	2
chr2	9983100	10092100	chr2_9983100	4	109000	0.0483574560103034	4	0.0483574560103034	3	1.34724757655026	::B3-8::B3-1-15::N3-1-15::N3-1::	3
chr2	75603400	75712400	chr2_75603400	5	109000	0.00138857539920092	5	0.00138857539920092	2	28.1509230779294	::N3-2-22::B3-10::B3-1::N3-1::N3-10::	5
chr2	98662300	98771300	chr2_98662300	16	109000	4.2556646874968e-24	37	1.28660922765512e-71	12	4.37467635302387e-16	::N3-14::N3-1-13::N3-8::N3-18::N3-1-15::N3-4::N3-2-2::N3-2-22::N3-1-3::N3-1-11::N3-10::N3-21::N3-1::N3-2-36::N3-1-2::B3-14::	15
chr2	154812000	154921000	chr2_154812000	4	109000	0.0483574560103034	4	0.0483574560103034	3	1.34724757655026	::B3-9::B3-14::B3-2-21::N3-2-21::	3
chr2	157094800	157203800	chr2_157094800	5	109000	0.00138857539920092	5	0.00138857539920092	3	1.34724757655026	::B3-8::N3-8::N3-1-3::B3-1-3::N3-1-11::	2
chr2	160702100	160811100	chr2_160702100	4	109000	0.0483574560103034	6	3.32272379888217e-05	4	0.0483574560103034	::B3-14::N3-14::B3-2-2::N3-2-2::	6
chr2	165832600	165941600	chr2_165832600	4	109000	0.0483574560103034	4	0.0483574560103034	3	1.34724757655026	::B3-9::N3-9::B3-1-13::B3-1-2::	3
chr3	84499600	84608600	chr3_84499600	4	109000	0.0483574560103034	4	0.0483574560103034	3	1.34724757655026	::N3-2-21::N3-21::N3-9::B3-9::	1
chr3	88961000	89070000	chr3_88961000	5	109000	0.00138857539920092	5	0.00138857539920092	4	0.0483574560103034	::B3-1-2::N3-1-3::B3-1-11::N3-1-11::N3-1-2::	2
chr3	135445300	135554300	chr3_135445300	7	109000	6.8150999218406e-07	9	1.95115505190786e-10	6	3.32272379888217e-05	::B3-1-15::N3-10::N3-4::B3-4::N3-8::B3-8::N3-1-15::	2
chr4	62709300	62818300	chr4_62709300	4	109000	0.0483574560103034	4	0.0483574560103034	2	28.1509230779294	::B3-10::N3-10::B3-9::N3-9::	4
chr4	106847600	106956600	chr4_106847600	5	109000	0.00138857539920092	5	0.00138857539920092	2	28.1509230779294	::B3-1-3::B3-10::B3-1::N3-1::N3-10::	4
chr4	120461500	120570500	chr4_120461500	4	109000	0.0483574560103034	4	0.0483574560103034	2	28.1509230779294	::N3-14::N3-10::B3-14::B3-10::	0
chr4	152293900	152402900	chr4_152293900	5	109000	0.00138857539920092	5	0.00138857539920092	2	28.1509230779294	::N3-4::B3-1::B3-10::N3-1::N3-10::	5
chr4	154349000	154458000	chr4_154349000	6	109000	3.32272379888217e-05	6	3.32272379888217e-05	3	1.34724757655026	::N3-1-2::B3-2-36::N3-1::N3-10::B3-1::B3-10::	0
chr4	155420000	155529000	chr4_155420000	7	109000	6.8150999218406e-07	8	1.22308958061034e-08	5	0.00138857539920092	::N3-1-11::B3-2-36::N3-2-36::B3-2-22::N3-10::N3-1::B3-1::	4
chr5	25338000	25447000	chr5_25338000	15	109000	4.74254388867682e-22	23	4.33136464118478e-39	14	4.95480528329104e-20	::B3-1-15::N3-10::B3-10::B3-2-7::N3-2-7::N3-1-15::B3-1-11::N3-1-11::N3-9::B3-1-2::N3-1-2::B3-2-2::N3-2-2::B3-2-22::N3-2-22::	19
chr5	65602800	65711800	chr5_65602800	6	109000	3.32272379888217e-05	6	3.32272379888217e-05	4	0.0483574560103034	::N3-1-11::N3-2-21::B3-2-21::B3-14::N3-14::B3-1-3::	4
chr5	99965400	100074400	chr5_99965400	6	109000	3.32272379888217e-05	6	3.32272379888217e-05	4	0.0483574560103034	::N3-1-11::B3-14::B3-1::B3-10::N3-1::B3-1-15::	4
chr5	105766300	105875300	chr5_105766300	4	109000	0.0483574560103034	4	0.0483574560103034	3	1.34724757655026	::N3-2-22::N3-8::B3-8::N3-1::	1
chr5	115264600	115373600	chr5_115264600	4	109000	0.0483574560103034	4	0.0483574560103034	2	28.1509230779294	::B3-1-11::N3-1-11::N3-21::B3-21::	2
chr5	124325700	124434700	chr5_124325700	4	109000	0.0483574560103034	7	6.8150999218406e-07	4	0.0483574560103034	::N3-1-11::B3-1-11::N3-1-3::B3-1-3::	2
chr5	135196000	135305000	chr5_135196000	4	109000	0.0483574560103034	4	0.0483574560103034	3	1.34724757655026	::B3-1-3::N3-1-3::N3-2-22::N3-1-11::	3
chr6	38489400	38598400	chr6_38489400	4	109000	0.0483574560103034	4	0.0483574560103034	3	1.34724757655026	::B3-14::N3-1-11::N3-1::B3-1::	2
chr6	51458200	51567200	chr6_51458200	4	109000	0.0483574560103034	4	0.0483574560103034	3	1.34724757655026	::N3-9::B3-4::N3-4::B3-1-13::	2
chr6	86866700	86975700	chr6_86866700	4	109000	0.0483574560103034	4	0.0483574560103034	2	28.1509230779294	::B3-9::N3-9::N3-2-22::B3-2-22::	2
chr6	134734200	134843200	chr6_134734200	4	109000	0.0483574560103034	4	0.0483574560103034	2	28.1509230779294	::B3-1-15::N3-1-15::N3-9::B3-9::	2
chr6	136533600	136642600	chr6_136533600	5	109000	0.00138857539920092	5	0.00138857539920092	3	1.34724757655026	::N3-1-13::B3-21::N3-21::B3-1::N3-1::	5
chr7	15894500	16003500	chr7_15894500	4	109000	0.0483574560103034	4	0.0483574560103034	2	28.1509230779294	::B3-1::N3-1::N3-2-22::B3-2-22::	2
chr7	49291200	49400200	chr7_49291200	4	109000	0.0483574560103034	4	0.0483574560103034	2	28.1509230779294	::B3-1-15::N3-1-15::B3-2-7::N3-2-7::	4
chr7	59266000	59375000	chr7_59266000	4	109000	0.0483574560103034	4	0.0483574560103034	2	28.1509230779294	::B3-1-2::N3-1-2::N3-2-7::B3-2-7::	2
chr7	73498700	73607700	chr7_73498700	4	109000	0.0483574560103034	4	0.0483574560103034	3	1.34724757655026	::N3-4::N3-9::B3-1::N3-1::	2
chr7	90148200	90257200	chr7_90148200	4	109000	0.0483574560103034	4	0.0483574560103034	3	1.34724757655026	::N3-8::B3-10::N3-10::B3-2-21::	3
chr7	121827000	121936000	chr7_121827000	6	109000	3.32272379888217e-05	6	3.32272379888217e-05	2	28.1509230779294	::N3-9::B3-9::N3-4::N3-2-22::N3-1-11::N3-14::	4
chr7	122096200	122205200	chr7_122096200	4	109000	0.0483574560103034	4	0.0483574560103034	2	28.1509230779294	::N3-9::B3-9::B3-2-22::N3-2-22::	2
chr7	136389300	136498300	chr7_136389300	19	109000	2.16630923607524e-30	19	2.16630923607524e-30	1	392.144935067636	::N3-1::N3-2-36::N3-4::N3-9::N3-1-11::N3-8::N3-1-5::N3-1-13::N3-1-3::N3-1-15::N3-2-21::N3-10::N3-2-7::N3-2-2::N3-21::N3-1-2::N3-2-22::N3-18::N3-14::	19
chr8	25604500	25713500	chr8_25604500	4	109000	0.0483574560103034	4	0.0483574560103034	2	28.1509230779294	::B3-1-11::N3-1-11::N3-21::B3-21::	2
chr8	45636200	45745200	chr8_45636200	4	109000	0.0483574560103034	4	0.0483574560103034	3	1.34724757655026	::N3-1-2::B3-1-13::N3-9::B3-9::	0
chr8	69961000	70070000	chr8_69961000	4	109000	0.0483574560103034	4	0.0483574560103034	4	0.0483574560103034	::N3-2-22::N3-1-5::N3-10::N3-2-7::	2
chr8	80846200	80955200	chr8_80846200	4	109000	0.0483574560103034	4	0.0483574560103034	1	392.144935067636	::N3-1::N3-10::B3-10::B3-1::	0
chr8	84703600	84812600	chr8_84703600	4	109000	0.0483574560103034	4	0.0483574560103034	1	392.144935067636	::N3-1::N3-10::B3-1::B3-10::	0
chr8	108747600	108856600	chr8_108747600	4	109000	0.0483574560103034	4	0.0483574560103034	2	28.1509230779294	::B3-2-22::N3-2-22::B3-1::N3-1::	4
chr8	109691000	109800000	chr8_109691000	4	109000	0.0483574560103034	5	0.00138857539920092	3	1.34724757655026	::B3-1-13::N3-1-13::B3-8::N3-8::	3
chr8	117285600	117394600	chr8_117285600	4	109000	0.0483574560103034	4	0.0483574560103034	2	28.1509230779294	::N3-4::B3-4::N3-1-5::B3-1-5::	0
chr9	57758000	57867000	chr9_57758000	4	109000	0.0483574560103034	4	0.0483574560103034	2	28.1509230779294	::N3-1-2::B3-1-2::B3-1-13::N3-1-13::	2
chr9	65075900	65184900	chr9_65075900	4	109000	0.0483574560103034	5	0.00138857539920092	3	1.34724757655026	::B3-21::N3-21::B3-9::N3-9::	5
chr9	70433200	70542200	chr9_70433200	5	109000	0.00138857539920092	7	6.8150999218406e-07	5	0.00138857539920092	::B3-2-2::N3-1-11::B3-1-13::N3-1-13::N3-2-21::	5
chrX	77577300	77686300	chrX_77577300	6	109000	3.32272379888217e-05	6	3.32272379888217e-05	3	1.34724757655026	::B3-1-2::N3-1-2::B3-1-3::N3-1-3::N3-4::B3-4::	4
