chr10	116490600	116622600	chr10_116490600	13	132000	0.0490394529052093	16	0.000195346594697131	13	0.0490394529052093	::N3-1-5::B3-1::B3-1-3::B3-1-2::N3-4::N3-1-11::B3-1-11::B3-1-13::N3-2-21::B3-1-5::B3-2-2::B3-4::B3-1-15::	9
chr11	3100400	3232400	chr11_3100400	14	132000	0.00831669451377508	21	6.0359741376358e-09	16	0.000195346594697131	::N3-9::N3-8::N3-1-2::N3-10::N3-1-3::N3-18::B3-10::B3-21::N3-2-2::B3-8::B3-14::B3-2-36::B3-1-13::B3-1-3::	5
chr11	69582300	69714300	chr11_69582300	14	132000	0.00831669451377508	16	0.000195346594697131	15	0.00131641450509674	::B3-1-15::N3-2-21::N3-1-11::N3-10::B3-2-21::N3-1-2::B3-1-2::B3-1-13::B3-2-2::N3-1::B3-2-36::B3-2-22::N3-2-2::B3-1-11::	10
chr11	72610200	72742200	chr11_72610200	14	132000	0.00831669451377508	18	3.59874235871181e-06	15	0.00131641450509674	::B3-2-22::B3-1-15::B3-18::N3-18::B3-1-2::N3-1-15::N3-21::B3-1::B3-21::N3-9::B3-9::B3-10::N3-10::B3-14::	4
chr11	79397000	79529000	chr11_79397000	17	132000	2.7282872422305e-05	22	6.51415155002529e-10	19	4.49707699685214e-07	::N3-2-2::B3-21::B3-2-21::B3-2-7::N3-1-13::N3-4::B3-1::N3-1-11::B3-1-11::B3-1-3::N3-21::B3-18::B3-2-36::B3-1-13::N3-2-21::B3-14::B3-2-2::	9
chr11	86218900	86350900	chr11_86218900	14	132000	0.00831669451377508	18	3.59874235871181e-06	14	0.00831669451377508	::B3-2-2::B3-2-7::N3-2-7::N3-2-36::B3-2-21::B3-4::B3-10::N3-4::B3-1-5::B3-9::N3-9::N3-10::N3-1-11::B3-1-11::	8
chr11	104321300	104453300	chr11_104321300	13	132000	0.0490394529052093	20	5.33867516059502e-08	17	2.7282872422305e-05	::N3-10::N3-4::N3-1-2::B3-2-22::B3-2-21::N3-2-21::B3-2-2::N3-18::N3-2-36::B3-1-3::B3-10::N3-21::B3-21::	7
chr11	106987400	107119400	chr11_106987400	13	132000	0.0490394529052093	16	0.000195346594697131	13	0.0490394529052093	::N3-1-5::B3-8::N3-8::B3-1-3::B3-2-21::N3-1-3::N3-4::N3-14::B3-1-5::B3-18::B3-1-13::B3-21::N3-10::	10
chr11	108160000	108292000	chr11_108160000	15	132000	0.00131641450509674	16	0.000195346594697131	10	6.28728857420289	::N3-1-2::N3-14::B3-2-2::N3-2-21::B3-2-37::N3-1-5::B3-1-2::N3-2-36::N3-10::N3-2-7::N3-9::N3-21::N3-1::N3-4::N3-1-11::	4
chr13	3543500	3675500	chr13_3543500	13	132000	0.0490394529052093	15	0.00131641450509674	14	0.00831669451377508	::B3-1::B3-18::N3-1-3::B3-1-3::B3-10::B3-1-15::N3-2-21::N3-10::N3-1-15::N3-8::B3-8::N3-14::B3-2-22::	4
chr14	19358400	19490400	chr14_19358400	17	132000	2.7282872422305e-05	34	7.95898837022767e-23	20	5.33867516059502e-08	::N3-4::N3-1-3::N3-2-36::B3-2-36::N3-1-15::N3-18::N3-1-5::N3-2-22::B3-2-2::N3-1-11::N3-8::N3-10::N3-1::N3-1-13::N3-2-21::N3-9::N3-2-7::	22
chr15	43240500	43372500	chr15_43240500	15	132000	0.00131641450509674	16	0.000195346594697131	13	0.0490394529052093	::N3-2-21::N3-10::B3-2-37::B3-21::N3-21::B3-1::N3-9::B3-9::B3-18::B3-2-22::N3-2-36::B3-8::N3-2-22::B3-2-21::N3-1-5::	8
chr15	77100100	77232100	chr15_77100100	13	132000	0.0490394529052093	15	0.00131641450509674	11	1.35707508604873	::B3-1-5::B3-2-2::B3-2-7::N3-2-7::N3-2-21::B3-2-21::N3-1-2::B3-1-2::N3-1-15::N3-8::B3-14::B3-2-36::B3-1-15::	6
chr15	80807200	80939200	chr15_80807200	16	132000	0.000195346594697131	24	6.65250359058852e-12	21	6.0359741376358e-09	::N3-10::B3-1-3::N3-1-3::B3-1::N3-1::B3-1-11::N3-21::B3-2-21::N3-1-5::B3-10::N3-1-2::N3-2-21::B3-2-22::B3-1-5::N3-2-22::B3-1-13::	8
chr16	8712400	8844400	chr16_8712400	13	132000	0.0490394529052093	15	0.00131641450509674	10	6.28728857420289	::B3-18::B3-4::B3-2-36::B3-2-22::B3-2-37::N3-2-22::N3-18::B3-2-2::B3-1::N3-1-3::B3-21::N3-21::B3-1-3::	10
chr17	32159100	32291100	chr17_32159100	13	132000	0.0490394529052093	17	2.7282872422305e-05	12	0.268507116141664	::N3-1-15::B3-1::N3-1-11::B3-9::N3-9::B3-1-13::B3-1-2::N3-1-2::N3-4::N3-1-5::B3-10::B3-2-37::N3-10::	12
chr18	10051700	10183700	chr18_10051700	14	132000	0.00831669451377508	14	0.00831669451377508	13	0.0490394529052093	::N3-9::N3-2-2::N3-1-5::N3-10::N3-2-22::B3-2-22::N3-1-2::B3-18::N3-2-21::N3-1-3::B3-10::N3-4::B3-1-13::B3-1::	4
chr18	31795200	31927200	chr18_31795200	14	132000	0.00831669451377508	14	0.00831669451377508	12	0.268507116141664	::B3-2-36::N3-8::B3-8::N3-18::B3-18::N3-2-2::B3-1-3::N3-1-5::B3-1-2::N3-9::N3-2-21::B3-1-13::B3-2-7::B3-14::	4
chr18	34196400	34328400	chr18_34196400	13	132000	0.0490394529052093	17	2.7282872422305e-05	15	0.00131641450509674	::N3-1-2::B3-2-22::N3-1-13::N3-8::B3-8::N3-1-5::B3-2-36::N3-1-11::B3-1-13::N3-21::N3-4::B3-1::B3-21::	8
chr18	80801700	80933700	chr18_80801700	13	132000	0.0490394529052093	14	0.00831669451377508	13	0.0490394529052093	::B3-2-2::B3-2-36::N3-10::B3-14::N3-8::B3-1-3::B3-18::N3-1-3::N3-4::N3-1::B3-1-2::N3-2-7::N3-2-2::	5
chr19	7204300	7336300	chr19_7204300	15	132000	0.00131641450509674	19	4.49707699685214e-07	17	2.7282872422305e-05	::B3-8::N3-2-7::N3-10::B3-10::N3-4::N3-1-5::B3-1-3::B3-2-37::N3-2-36::B3-1-5::N3-1-13::N3-2-22::B3-2-22::N3-14::B3-1::	9
chr19	16155900	16287900	chr19_16155900	15	132000	0.00131641450509674	17	2.7282872422305e-05	17	2.7282872422305e-05	::N3-4::B3-10::N3-1-2::N3-10::N3-21::N3-18::N3-2-7::B3-14::B3-2-22::N3-1-15::B3-1::B3-18::B3-1-2::N3-1::B3-2-36::	7
chr2	18120200	18252200	chr2_18120200	13	132000	0.0490394529052093	15	0.00131641450509674	14	0.00831669451377508	::B3-2-2::N3-1-5::N3-9::B3-8::B3-2-21::N3-18::B3-1-11::B3-1-2::N3-1-2::B3-2-36::B3-1-3::B3-14::B3-1-15::	7
chr2	37595700	37727700	chr2_37595700	13	132000	0.0490394529052093	17	2.7282872422305e-05	14	0.00831669451377508	::N3-8::B3-8::B3-2-37::B3-10::N3-10::N3-2-7::N3-1-11::N3-1-5::N3-9::B3-9::B3-2-36::N3-2-36::B3-1-2::	7
chr2	69900500	70032500	chr2_69900500	13	132000	0.0490394529052093	14	0.00831669451377508	11	1.35707508604873	::B3-2-36::B3-14::B3-18::N3-8::B3-1-11::B3-8::N3-2-21::B3-2-7::B3-9::N3-9::B3-21::B3-1-2::N3-1-2::	9
chr2	98602000	98734000	chr2_98602000	34	132000	7.95898837022767e-23	202	0	25	6.31798044813628e-13	::N3-2-36::N3-2-2::N3-14::N3-9::N3-10::N3-1-13::N3-8::N3-2-7::N3-1-11::N3-18::N3-1::N3-1-15::N3-4::N3-2-21::N3-1-3::N3-21::N3-1-5::N3-2-22::N3-1-2::B3-1-11::B3-1-13::B3-1::B3-2-7::B3-2-2::B3-1-2::B3-10::B3-8::B3-1-3::B3-2-22::B3-1-5::B3-9::B3-1-15::B3-14::B3-2-36::	96
chr2	154785200	154917200	chr2_154785200	13	132000	0.0490394529052093	14	0.00831669451377508	12	0.268507116141664	::B3-21::B3-18::B3-1-11::B3-9::B3-2-21::B3-2-7::B3-14::N3-2-22::N3-1-5::N3-1-11::N3-2-21::B3-1::N3-1::	9
chr3	84473400	84605400	chr3_84473400	13	132000	0.0490394529052093	13	0.0490394529052093	11	1.35707508604873	::B3-1-3::N3-8::B3-2-21::N3-2-21::N3-1-15::N3-10::N3-21::B3-1-13::B3-21::N3-9::B3-9::B3-2-36::B3-1::	6
chr3	90237400	90369400	chr3_90237400	13	132000	0.0490394529052093	13	0.0490394529052093	12	0.268507116141664	::B3-2-36::B3-8::N3-1-13::B3-2-21::N3-8::B3-1-2::B3-1::B3-4::N3-2-36::B3-14::B3-21::N3-21::N3-1::	11
chr3	135373800	135505800	chr3_135373800	13	132000	0.0490394529052093	17	2.7282872422305e-05	11	1.35707508604873	::N3-2-21::N3-4::N3-1-15::B3-1-15::N3-10::B3-10::B3-4::N3-8::B3-8::N3-2-36::B3-18::N3-18::N3-1-2::	6
chr3	138957000	139089000	chr3_138957000	13	132000	0.0490394529052093	17	2.7282872422305e-05	13	0.0490394529052093	::N3-8::B3-10::N3-10::B3-14::N3-4::B3-1-13::N3-1-13::B3-2-22::B3-2-21::N3-2-21::N3-18::N3-2-7::B3-2-7::	12
chr5	25291800	25423800	chr5_25291800	25	132000	6.31798044813628e-13	74	7.46102952656463e-77	50	7.87913061054054e-43	::N3-2-7::B3-1-2::N3-2-2::B3-2-2::N3-21::N3-9::N3-10::B3-1::N3-1-3::N3-1-15::B3-14::B3-1-15::B3-10::B3-2-36::N3-1::B3-2-7::B3-18::B3-1-11::N3-1-11::B3-9::N3-1-2::B3-1-3::N3-2-21::B3-2-22::N3-2-22::	49
chr5	28146800	28278800	chr5_28146800	26	132000	5.7694989446564e-14	44	5.03216430826142e-35	8	100.378237599939	::N3-14::N3-4::N3-1-5::N3-2-2::B3-14::B3-1-2::B3-1-3::N3-1-11::B3-4::B3-2-21::B3-2-36::B3-2-2::B3-1-11::B3-18::B3-1-5::B3-2-22::B3-10::B3-1-13::B3-2-37::N3-10::N3-18::B3-1-15::N3-21::N3-1-2::B3-2-7::N3-2-21::	27
chr5	65544600	65676600	chr5_65544600	15	132000	0.00131641450509674	33	1.13973430018091e-21	27	5.07349810760233e-15	::B3-2-21::N3-2-21::N3-2-36::B3-2-36::B3-14::N3-1-3::N3-1-11::N3-1-5::B3-1-13::B3-1-3::B3-1-11::B3-18::N3-18::N3-14::N3-2-22::	20
chr7	121742400	121874400	chr7_121742400	15	132000	0.00131641450509674	17	2.7282872422305e-05	3	8940.11275252849	::N3-4::N3-9::B3-9::N3-1-15::N3-2-22::N3-1-2::N3-1-11::N3-21::N3-2-7::N3-2-21::N3-2-36::N3-1-3::N3-1-5::N3-14::N3-18::	15
chr7	136329000	136461000	chr7_136329000	21	132000	6.0359741376358e-09	23	6.72454943642854e-11	4	5306.59780989423	::B3-18::N3-1::N3-2-36::N3-4::N3-9::N3-1-11::N3-8::N3-1-5::N3-1-13::N3-1-3::N3-1-15::N3-2-21::N3-10::N3-2-7::N3-2-2::N3-2-37::N3-21::N3-1-2::N3-2-22::N3-18::N3-14::	21
chr9	3001100	3133100	chr9_3001100	21	132000	6.0359741376358e-09	33	1.13973430018091e-21	11	1.35707508604873	::N3-2-21::N3-18::B3-2-21::N3-9::N3-2-22::N3-2-7::N3-1-3::N3-8::N3-1::N3-1-15::N3-2-2::N3-1-5::B3-10::B3-2-22::B3-1::N3-21::N3-2-36::N3-1-2::N3-1-13::N3-10::N3-1-11::	15
chr9	35208200	35340200	chr9_35208200	13	132000	0.0490394529052093	17	2.7282872422305e-05	8	100.378237599939	::N3-1-2::B3-1-15::N3-1-11::N3-1-3::N3-18::B3-1::N3-1-15::N3-10::N3-8::N3-1::N3-4::N3-1-5::N3-2-21::	9
chrUn_GL456390	0	132000	chrUn_GL456390_0	26	132000	5.7694989446564e-14	50	7.87913061054054e-43	36	3.56084985855371e-25	::B3-18::N3-1-2::N3-9::N3-2-7::N3-1-3::N3-1::N3-4::N3-2-2::N3-10::N3-1-15::N3-1-11::N3-2-22::N3-2-36::N3-18::N3-8::N3-21::N3-1-13::N3-14::N3-2-21::B3-14::N3-1-5::B3-2-7::B3-2-22::B3-21::B3-1::B3-1-2::	28
chrUn_GL456393	1400	133400	chrUn_GL456393_1400	13	132000	0.0490394529052093	15	0.00131641450509674	5	2519.87697206704	::N3-2-36::N3-18::N3-1::N3-8::N3-1-3::N3-10::N3-21::N3-1-2::N3-2-2::N3-1-13::N3-14::N3-1-15::N3-2-21::	9
chrUn_GL456394	1000	133000	chrUn_GL456394_1000	14	132000	0.00831669451377508	20	5.33867516059502e-08	19	4.49707699685214e-07	::B3-14::N3-1-5::B3-2-7::N3-4::N3-1::N3-2-21::B3-2-22::B3-21::B3-1::N3-18::B3-1-2::N3-8::N3-1-3::N3-1-2::	10
chrUn_GL456396	5600	137600	chrUn_GL456396_5600	14	132000	0.00831669451377508	18	3.59874235871181e-06	17	2.7282872422305e-05	::B3-14::N3-1-5::B3-2-7::N3-4::N3-1::N3-2-21::B3-2-22::B3-21::B3-1::N3-18::B3-1-2::N3-8::N3-1-3::N3-1-2::	8
