chr10	7642400	7818400	chr10_7642400	20	176000	0.0489771281445807	25	3.29499930354998e-05	21	0.0124236908482456	::B-A08::B3-1-2::N3-2-7::B3-2-7::B-A03::B-B10::B3-6::B-B02::B-2-9::N-B08::B-1-2::B3-18::B-B07::B3-3::N3-17::B3-2-22::B-2-17::B3-1-15::N3-1-2::N-A01::	11
chr10	20172500	20348500	chr10_20172500	24	176000	0.000154638889116798	27	1.3318994643521e-06	26	6.75085210578426e-06	::N-B11::N-A11::B3-1-15::B-B02::N-2-17::B3-2-36::B3-17::N3-1-15::N3-6::B-2-26::B3-6::B-1-2::N-1-2::N-A03::B3-18::B3-1-2::B3-1-3::N-B09::B-B09::B-A01::N-B02::N-2-26::N-B10::N-A01::	18
chr10	67088900	67264900	chr10_67088900	23	176000	0.000696712092213588	31	1.42016539151519e-09	29	4.65445294700394e-08	::N-B08::B3-1-15::B3-2-2::B-B11::B3-1-2::N-2-17::B-2-17::B3-6::N3-1-5::N3-2-36::N-B11::N-A11::B-1-2::B-A03::N-1-2::N-B07::B-B07::N3-2-2::B3-3::N-A01::B-B09::N3-6::B-B10::	18
chr10	108167700	108343700	chr10_108167700	27	176000	1.3318994643521e-06	41	6.42240834531432e-18	27	1.3318994643521e-06	::N-A01::N-B04::N-B09::N3-1-5::B3-1-15::B-A03::N-A08::N3-1-15::N-A03::N-1-2::B3-3::B-B11::B3-1-2::B3-2-22::B3-6::B-B10::N-B10::B3-1-3::B-2-17::N-B08::B-A08::B3-17::B-B09::N-B02::B-B04::B-2-9::N3-2-36::	20
chr11	3100500	3276500	chr11_3100500	21	176000	0.0124236908482456	31	1.42016539151519e-09	26	6.75085210578426e-06	::N3-1-2::N-2-26::N3-1-3::N3-18::N-A11::B-B07::N3-2-2::N-A03::B-B09::B-A03::B-2-17::B-B10::B3-2-36::N3-17::B-A08::N-A08::N-B04::B3-1-3::B-2-9::B-1-2::B3-3::	14
chr11	23264700	23440700	chr11_23264700	23	176000	0.000696712092213588	39	3.71183390074808e-16	34	5.97896393286191e-12	::B3-c-32::B3-18::N-B08::N3-17::B-B09::B3-2-22::N3-6::N-B02::B-B07::N-A03::B3-6::B3-17::N-2-17::B-1-2::B3-c-10::B3-2-2::B-B04::N-A08::N-1-2::N3-2-2::N3-3::B-2-26::N-A01::	23
chr11	54530300	54706300	chr11_54530300	23	176000	0.000696712092213588	31	1.42016539151519e-09	21	0.0124236908482456	::B3-2-22::B-1-2::N3-1-15::N-A03::N-A08::B3-1-15::B-A03::B-A08::B-A11::N-A11::B-A01::B-2-17::B3-1-3::N3-1-11::B-B10::B3-6::B3-17::B-B04::N3-18::B3-2-2::B-B02::N3-1-2::B3-1-2::	16
chr11	58012600	58188600	chr11_58012600	20	176000	0.0489771281445807	27	1.3318994643521e-06	25	3.29499930354998e-05	::N3-1-3::B3-2-36::B3-1-3::B-A03::B-1-2::B-B02::N-B02::N-A01::N-B11::B3-2-2::N-B04::N-A11::B-B07::N3-1-2::B3-3::B-B11::N3-2-7::N3-6::N-A08::B3-1-11::	14
chr11	69582300	69758300	chr11_69582300	21	176000	0.0124236908482456	31	1.42016539151519e-09	24	0.000154638889116798	::B3-1-15::N-1-2::N3-3::N3-1-11::B-B04::N3-1-2::N-B07::B3-1-2::B-B07::B3-2-2::B3-2-36::B3-2-22::N-A08::B3-6::N-B02::N3-2-2::B3-1-11::N-B10::B-B02::B-B08::B-B10::	14
chr11	74607200	74783200	chr11_74607200	20	176000	0.0489771281445807	28	2.53390324416439e-07	21	0.0124236908482456	::B3-2-2::B-2-26::B-B10::N3-3::B-B02::B3-1-15::B3-1-2::B-A01::B-B04::N-B04::N3-1-5::B3-1-5::N-B07::N3-1-2::B-B07::N-B11::N-B02::B-1-2::N-A01::N-2-17::	11
chr11	75593300	75769300	chr11_75593300	21	176000	0.0124236908482456	29	4.65445294700394e-08	27	1.3318994643521e-06	::B-1-2::N3-17::B-B02::B-B10::N-1-2::N3-3::N-B10::B-A11::B-A01::B3-2-22::N3-2-22::N-B04::N3-1-5::B3-c-32::N-A01::B3-6::N-A08::B3-3::N-B11::B-B11::N-B08::	13
chr11	77547900	77723900	chr11_77547900	23	176000	0.000696712092213588	37	1.9385790199041e-14	27	1.3318994643521e-06	::B3-3::B-B10::B3-1-15::N3-1-15::B-B02::N-B07::B3-2-36::B3-17::N3-17::N-1-2::B-A01::N-A11::B-A11::N3-3::B-B11::B3-2-2::N-2-17::N-B08::B3-6::B3-18::B3-1-11::B3-c-10::N3-c-10::	22
chr11	79353300	79529300	chr11_79353300	23	176000	0.000696712092213588	39	3.71183390074808e-16	34	5.97896393286191e-12	::B-B11::B-A08::N3-1-5::N3-2-2::N-A01::N-B10::N3-3::B3-2-7::B3-3::N-B07::N-B08::B-A11::N-A11::B-B02::B-1-2::N3-1-11::B3-1-11::B3-1-3::B3-18::B-B09::B3-2-36::B3-c-10::B3-2-2::	20
chr11	86575100	86751100	chr11_86575100	23	176000	0.000696712092213588	33	3.81617459501558e-11	26	6.75085210578426e-06	::N-B10::B-1-2::N-1-2::B3-17::B-A08::B3-1-2::N-A11::N3-2-36::N-B04::B-B02::N-2-17::B-B11::B-B10::B3-6::B3-2-7::N3-2-7::B3-2-2::B3-3::B3-1-3::N-B11::N3-3::N-2-26::B-2-26::	20
chr11	87976900	88152900	chr11_87976900	20	176000	0.0489771281445807	32	2.36409846650156e-10	28	2.53390324416439e-07	::B3-3::B-B09::N-B09::B-B02::N-B10::N3-2-36::B3-6::N3-17::B-B11::N-1-2::N-B08::B-B08::N3-3::B-B07::N3-2-2::N-B04::N3-1-3::N-B11::B3-1-15::B-1-2::	9
chr11	98081300	98257300	chr11_98081300	20	176000	0.0489771281445807	23	0.000696712092213588	21	0.0124236908482456	::N3-3::N3-2-7::B-B10::N-B08::N3-1-5::N3-6::B3-1-11::B-B11::B3-3::B3-2-36::N-A11::N3-18::B-B02::B-B09::N-2-17::N3-17::B3-1-15::N3-2-22::B-A08::N-A03::	15
chr11	105595500	105771500	chr11_105595500	21	176000	0.0124236908482456	25	3.29499930354998e-05	23	0.000696712092213588	::B-1-2::B3-1-11::B-B11::N3-1-2::B3-1-3::N-2-17::N3-18::B-B02::B-2-17::N-B04::B3-2-36::B-B10::B-B04::N3-6::B3-2-2::N3-2-2::B-B09::N3-1-5::N3-1-11::B3-2-7::B3-3::	17
chr11	106790700	106966700	chr11_106790700	24	176000	0.000154638889116798	35	9.09985566431048e-13	28	2.53390324416439e-07	::N-B07::N3-6::B3-6::N-B04::B3-1-11::N-2-26::B-2-26::B3-2-36::B-B11::B3-2-2::B-B04::B3-1-5::N3-1-5::B-A01::B-B02::N3-c-10::N3-2-36::B3-c-10::B3-3::B3-17::N3-2-22::N3-17::B3-1-2::N3-1-2::	18
chr11	107016700	107192700	chr11_107016700	20	176000	0.0489771281445807	25	3.29499930354998e-05	23	0.000696712092213588	::N3-1-5::N-B07::B3-1-3::N3-1-3::B-1-2::N3-17::B3-1-5::B-B02::B-2-17::N-B02::N-B09::B3-18::B-B09::N3-6::N-B11::B-B10::B-B07::N3-c-10::B3-17::N3-2-7::	12
chr12	51629900	51805900	chr12_51629900	21	176000	0.0124236908482456	25	3.29499930354998e-05	25	3.29499930354998e-05	::B-B02::B-B09::N3-1-5::B-1-2::B3-2-22::B3-1-5::B3-6::N3-3::N-A11::B3-1-15::B-2-9::B3-c-10::N-B11::B-A03::B3-2-2::B3-18::N-B07::N3-6::N3-c-10::N3-1-3::B-B10::	17
chr12	111054700	111230700	chr12_111054700	20	176000	0.0489771281445807	21	0.0124236908482456	20	0.0489771281445807	::B3-2-36::B-A03::N3-c-10::N-2-26::B3-1-2::N3-1-5::N-A01::N3-1-2::N-B08::B-B09::B3-3::B3-2-7::B-B02::N-B04::B-B07::N-2-17::N-B10::N3-1-11::B-1-2::N-1-2::	12
chr13	13969300	14145300	chr13_13969300	22	176000	0.0030081851959552	25	3.29499930354998e-05	22	0.0030081851959552	::B-B09::B-B10::B-A08::B-1-2::B3-2-36::B-A01::N3-1-15::N3-17::N3-18::B-B02::N-B02::N-B11::N3-3::N-B04::N-A01::N3-2-36::B3-2-22::N-B10::B-2-26::N3-1-2::B-B11::B-B04::	13
chr13	24040300	24216300	chr13_24040300	22	176000	0.0030081851959552	31	1.42016539151519e-09	24	0.000154638889116798	::N3-1-2::B-A03::B3-1-15::B-A08::N3-1-15::N-A08::N-A03::N3-17::N-B11::N-2-17::B-2-17::B3-2-22::N3-2-22::B-B02::N3-1-3::B3-1-3::B3-17::B-A11::N-B08::B3-2-7::N3-6::B-2-9::	18
chr13	43286000	43462000	chr13_43286000	21	176000	0.0124236908482456	25	3.29499930354998e-05	21	0.0124236908482456	::B-B10::B3-2-22::N3-6::N-2-9::B-B04::N3-1-3::B-A03::N3-1-5::N-B10::N-B09::B-2-17::N-A11::B3-1-5::B3-17::B-B02::B3-6::N3-1-2::N3-1-15::N-B07::N-A03::N-A08::	12
chr13	103735800	103911800	chr13_103735800	25	176000	3.29499930354998e-05	39	3.71183390074808e-16	28	2.53390324416439e-07	::B3-1-15::B3-2-22::B-A08::B-A03::N3-2-7::N3-c-10::B3-2-7::N-B11::N-B02::B-B09::N3-1-2::B-B10::B3-2-36::N3-1-15::N-A03::N3-6::B-2-9::B3-17::B-B11::N-B08::B-B08::B3-3::N-B09::N-B04::B3-6::	13
chr14	19288700	19464700	chr14_19288700	33	176000	3.81617459501558e-11	49	2.28999687079414e-25	26	6.75085210578426e-06	::B-A08::N-B09::B-B02::B3-6::N-A03::N-A01::N3-6::N3-1-3::N3-3::N3-2-36::B3-2-36::N3-1-15::N3-18::N3-1-5::N-B11::N3-2-22::B3-2-2::N3-17::N3-1-11::B-B04::N-2-17::N-B02::N-2-9::B-B11::N-B10::B3-3::N-1-2::B3-17::N-B04::N-B08::N-B07::N-A08::N3-2-7::	35
chr14	30993100	31169100	chr14_30993100	24	176000	0.000154638889116798	34	5.97896393286191e-12	28	2.53390324416439e-07	::B3-17::B-B09::N-B04::B3-c-10::N-A01::N3-1-5::N-2-17::N3-1-3::B3-1-3::N-B11::B-B11::B3-1-2::N-B02::B-B07::N-B07::N-B10::N3-c-10::B-B10::B-A08::B3-6::N3-1-2::N-A11::N3-3::B3-2-2::	17
chr14	73159100	73335100	chr14_73159100	25	176000	3.29499930354998e-05	53	2.62374699223e-29	36	1.34650700701084e-13	::N-2-17::N-B09::N-A01::N3-1-15::B3-1-15::N-B02::B-B11::B-A08::N-B11::B-A03::N-A03::N-A08::B-B02::B3-3::N3-2-7::B3-2-22::B-A01::B3-c-10::N3-c-10::B-B04::N-B04::B-A11::B-B07::N3-1-5::B3-1-5::	43
chr14	121220100	121396100	chr14_121220100	20	176000	0.0489771281445807	24	0.000154638889116798	22	0.0030081851959552	::N-B04::B-A03::B3-2-2::N-1-2::N-2-17::N3-3::N3-17::N3-2-2::N-A11::B-A11::B-B04::B-B02::B3-1-2::B-B11::B-A08::N-B11::N-B02::B3-1-3::B3-17::B-B09::	14
chr15	8273000	8449000	chr15_8273000	25	176000	3.29499930354998e-05	30	8.26464120505538e-09	29	4.65445294700394e-08	::B-B07::B-B10::B3-2-2::B-B04::B3-18::B-A08::N3-c-32::B3-2-36::N-B04::N-B08::B-2-17::N-2-17::B-B02::B3-1-11::B3-c-10::B-1-2::B-B08::N-A11::B-2-26::N3-6::B3-17::N3-2-36::B-B11::B-A11::B3-6::	21
chr15	12101300	12277300	chr15_12101300	21	176000	0.0124236908482456	30	8.26464120505538e-09	25	3.29499930354998e-05	::N3-2-2::B3-2-36::N3-2-36::B3-c-32::B-B11::B-B08::B3-6::N-B02::N-B04::N-B08::N-B09::N3-1-3::N3-1-11::N-A11::B-B02::B-A08::B-B07::N-B07::B-1-2::N-2-26::B3-2-2::	15
chr15	77070100	77246100	chr15_77070100	26	176000	6.75085210578426e-06	33	3.81617459501558e-11	28	2.53390324416439e-07	::N-B08::B-B10::B-1-2::B3-2-2::N3-17::B3-1-5::B3-2-7::N3-2-7::B-B04::B3-3::B-A11::N-B07::B-B08::N3-1-2::B-B07::B3-1-2::B-A03::N-B02::N3-1-15::N-A08::B3-2-36::B3-6::N-B11::B3-1-15::N3-6::N-1-2::	13
chr15	80778300	80954300	chr15_80778300	28	176000	2.53390324416439e-07	51	2.5482846471817e-27	42	8.14564050671135e-19	::N-B09::B3-1-2::B3-17::B-B11::B3-1-3::N3-1-3::B3-6::N-B04::N-B08::N3-17::B3-1-11::B-A03::N3-6::B-A11::N-A11::N-1-2::N3-1-5::N3-1-2::B-A08::B3-2-22::B-B04::B3-1-5::B-B07::B-1-2::N3-2-22::B-B08::N-A01::B-B10::	24
chr15	81511100	81687100	chr15_81511100	20	176000	0.0489771281445807	25	3.29499930354998e-05	20	0.0489771281445807	::B-2-26::B-A01::N-A01::B3-1-11::B-A11::N-B08::B-B08::B3-2-7::N3-2-7::B-B02::N3-6::B3-6::N3-3::B3-2-2::N3-1-11::B3-1-2::B-B11::B-B07::B-B04::N-B04::	15
chr15	96290300	96466300	chr15_96290300	22	176000	0.0030081851959552	35	9.09985566431048e-13	31	1.42016539151519e-09	::B-1-2::B-A08::N3-1-5::N3-18::N3-6::B3-18::N3-2-22::B3-2-36::B-2-26::B-B02::N3-2-36::N-1-2::N-B04::B3-3::B-2-17::B-B04::N-A08::B3-c-32::B3-6::B-B11::B3-1-11::N-B02::	22
chr15	99819100	99995100	chr15_99819100	20	176000	0.0489771281445807	23	0.000696712092213588	19	0.183885166354947	::B-A08::B3-17::N3-17::N3-2-22::B3-2-22::B3-c-10::N-1-2::B3-1-11::N3-2-36::N-B02::N3-2-2::N-B11::N3-1-5::N-A08::B3-1-15::N3-1-15::N-2-17::N-B10::B3-2-2::B-2-17::	9
chr16	3994300	4170300	chr16_3994300	20	176000	0.0489771281445807	23	0.000696712092213588	23	0.000696712092213588	::B3-2-22::N3-18::N3-6::B3-6::B-1-2::N-B10::N3-1-3::N-B02::B-A08::N-B08::B3-17::B3-c-10::B-B09::N-A01::N-1-2::B3-1-11::B-B10::B3-1-2::N-2-17::B3-1-3::	10
chr16	38098000	38274000	chr16_38098000	21	176000	0.0124236908482456	31	1.42016539151519e-09	29	4.65445294700394e-08	::N3-6::B-A11::B-B10::B-B04::B3-18::N3-2-7::B-B07::N3-2-22::B-A08::B-B09::B-B02::B-1-2::N-1-2::N-A08::N-2-17::N3-1-15::N-B07::B-B08::N-B04::B3-6::N-A11::	14
chr16	94514500	94690500	chr16_94514500	25	176000	3.29499930354998e-05	28	2.53390324416439e-07	24	0.000154638889116798	::N3-6::B-A08::N-B09::B3-1-3::N-B07::B3-6::B3-2-36::B-A01::N-A01::N3-2-22::N3-1-5::B-B07::B-1-2::N-1-2::N-B08::B3-2-2::N3-2-2::N-B04::B-B02::B-A11::N-A11::N-B02::N-B10::B-B09::B3-17::	19
chr17	5107800	5283800	chr17_5107800	26	176000	6.75085210578426e-06	35	9.09985566431048e-13	28	2.53390324416439e-07	::B3-2-36::B-A11::N-A11::N-B09::B-B09::N3-6::N-B08::B3-6::B3-17::N3-1-3::B3-18::B-1-2::B-B02::N-2-17::B-A08::N3-1-15::N-A01::B-B07::N-B07::B3-3::N3-3::N-B11::B-B11::N-A08::B3-1-3::N3-1-2::	13
chr17	13767500	13943500	chr17_13767500	24	176000	0.000154638889116798	30	8.26464120505538e-09	25	3.29499930354998e-05	::B-A08::N-B02::N3-1-3::B3-17::B3-1-3::B3-1-2::B3-2-36::B-2-17::N-2-17::B-2-9::N-2-9::N3-2-2::B3-6::B-1-2::B-B07::B3-2-2::N3-1-11::B-B09::B-B11::N-B11::B-B08::N-1-2::N-B04::B-B02::	15
chr17	29981100	30157100	chr17_29981100	22	176000	0.0030081851959552	36	1.34650700701084e-13	30	8.26464120505538e-09	::B3-3::B-B02::N3-1-5::N-A08::B3-17::B-B10::B-B11::N-A11::N-2-17::B3-1-3::N3-1-3::N-B07::N-A01::N-B04::N3-18::B3-1-11::B-2-17::B3-2-2::B3-2-7::B-B04::B-2-26::B3-1-5::	20
chr17	32154600	32330600	chr17_32154600	24	176000	0.000154638889116798	32	2.36409846650156e-10	28	2.53390324416439e-07	::B3-3::N3-1-15::N3-1-11::B-A08::B-1-2::N3-c-10::N-B10::N-A01::B3-17::B-B07::B-A03::B-B02::B3-1-2::N3-1-2::N-B08::B-2-17::N-2-17::N-B09::N3-1-5::B3-6::N3-6::N3-3::N3-2-2::B3-1-11::	18
chr18	4940400	5116400	chr18_4940400	22	176000	0.0030081851959552	29	4.65445294700394e-08	24	0.000154638889116798	::B-B11::B-A08::B-B10::B-1-2::N-A03::N3-17::N-A01::N-B08::B-B02::N-B10::B3-3::N3-1-5::N3-2-22::N-2-9::B-B04::B-A03::N3-2-7::B3-17::B-B07::N3-1-15::B3-1-15::B3-2-22::	17
chr18	9314400	9490400	chr18_9314400	22	176000	0.0030081851959552	25	3.29499930354998e-05	18	0.655878935781814	::N3-1-5::N-B08::N-B07::N3-1-2::B3-1-2::B-B07::B3-2-22::N-1-2::N-A03::N-A01::B-A08::B-1-2::B3-c-10::B3-17::B-B09::B-B04::B3-3::N3-3::B-A01::N-2-17::B-B11::N3-6::	15
chr18	9972400	10148400	chr18_9972400	23	176000	0.000696712092213588	27	1.3318994643521e-06	22	0.0030081851959552	::B-B10::N-B02::B-A03::N-A01::B3-2-7::N3-2-7::N-A11::B-B04::B-A08::B3-2-22::N3-3::B3-3::B-B02::N-B11::B-B11::N3-2-2::N3-1-5::N3-2-22::N-B08::N3-1-2::B3-18::N-1-2::B-1-2::	10
chr18	35096700	35272700	chr18_35096700	23	176000	0.000696712092213588	32	2.36409846650156e-10	24	0.000154638889116798	::B-B04::N3-17::B3-17::B3-6::N3-18::B3-18::B-A01::N-A01::B-B09::N-A11::N3-1-5::N-A08::B-A08::B-1-2::N-B10::B3-2-2::N3-2-22::B-B10::B-B07::N-1-2::N-B02::B3-1-5::B-B02::	14
chr18	35681500	35857500	chr18_35681500	21	176000	0.0124236908482456	27	1.3318994643521e-06	23	0.000696712092213588	::N-2-9::B3-1-2::N-A11::N-B07::B-B07::B-1-2::B3-2-22::B-A08::B3-6::N-A01::N3-2-7::B3-2-7::B-A11::N3-3::N-A08::N-B11::B-B11::N-B09::B-A03::B3-1-5::B3-2-2::	9
chr19	3748600	3924600	chr19_3748600	20	176000	0.0489771281445807	23	0.000696712092213588	18	0.655878935781814	::B3-1-3::N-A08::B3-2-22::N-B02::B-B11::B3-2-36::N-A11::N3-2-36::N-B10::N3-18::B-B10::N-2-17::N-B08::N3-2-7::B3-2-7::N3-17::B3-17::B-1-2::N-2-26::B-2-26::	11
chr19	11828000	12004000	chr19_11828000	22	176000	0.0030081851959552	26	6.75085210578426e-06	20	0.0489771281445807	::B3-3::N3-3::N3-1-3::N3-2-36::B3-2-36::B-B10::N-A11::B-A01::B-B04::B3-1-5::N3-6::N3-1-5::N-B04::B3-6::B-2-9::N-2-9::B-B07::B-B02::N-B02::B-1-2::B-A08::N-A08::	15
chr19	16136600	16312600	chr19_16136600	28	176000	2.53390324416439e-07	38	2.71754363587201e-15	34	5.97896393286191e-12	::B3-3::N-A01::N-2-9::B-A01::N-B07::N-B10::B-B07::N3-1-2::N-B04::N3-18::N3-2-7::B-A11::B3-17::N-B09::B-B11::B3-6::B3-2-22::B-B02::B-B04::N3-1-15::B3-18::B-A08::B-B09::B3-1-2::N-B02::B3-2-36::B-2-9::B-1-2::	19
chr2	18082700	18258700	chr2_18082700	28	176000	2.53390324416439e-07	41	6.42240834531432e-18	34	5.97896393286191e-12	::N3-2-36::B3-2-2::N-B04::N-A11::B-B02::B3-3::B-B11::N-A01::B-B10::N3-1-5::N-2-17::B-2-17::N-A03::N3-6::N-B08::B3-17::B-A01::B3-6::N3-18::B3-1-11::B-B07::B3-1-2::N-B07::N3-1-2::B3-2-36::N-B02::B3-1-3::B3-1-15::	20
chr2	49415100	49591100	chr2_49415100	22	176000	0.0030081851959552	31	1.42016539151519e-09	28	2.53390324416439e-07	::B-B09::B-B02::B3-c-10::N3-2-22::N-B04::B-A11::N-A11::B-2-26::B3-18::N3-2-7::B3-2-22::N3-1-3::N-A01::B-A01::B-B08::N-B08::B-B11::B-B10::N3-1-15::N3-1-2::N-B10::B3-3::	16
chr2	98519800	98695800	chr2_98519800	50	176000	2.4397284982755e-26	330	0	31	1.42016539151519e-09	::B3-2-36::B-1-2::N3-2-36::N-A08::B-A08::N3-2-2::N-1-2::N-A01::N-B07::N3-6::N-B10::N-2-26::N-A11::N-B04::N-B09::N-B08::N-B11::N3-2-7::N-A03::N3-1-11::N3-18::N3-1-15::N3-17::N3-1-3::N-2-17::N3-1-5::N-2-9::N-B02::B-B02::N3-2-22::N3-1-2::B3-1-11::B3-2-7::B3-17::B3-6::B3-2-2::B3-1-2::N3-3::B-B07::B-B11::B-B10::B3-1-3::B3-2-22::B-A01::B-B08::B3-1-5::B-B04::N3-c-10::B3-1-15::B-A11::	156
chr2	121839100	122015100	chr2_121839100	20	176000	0.0489771281445807	26	6.75085210578426e-06	22	0.0030081851959552	::B3-c-10::N-2-26::B3-c-32::B-B11::B3-2-36::B3-1-3::B-B07::B3-3::N3-c-10::N-B04::B3-18::N3-18::B3-1-2::N3-1-2::B3-2-22::B-B04::B-A03::B-A08::N3-2-36::B3-1-5::	10
chr2	154778300	154954300	chr2_154778300	21	176000	0.0124236908482456	27	1.3318994643521e-06	26	6.75085210578426e-06	::B-B09::B3-18::B3-1-11::B-A03::B-A01::B-B10::N-B04::B3-2-7::B-B04::N-B02::B-B02::N3-2-22::N-B08::N3-1-5::N-2-9::N3-1-11::B3-c-10::B3-6::B-B07::B3-17::B3-2-22::	13
chr2	160645200	160821200	chr2_160645200	21	176000	0.0124236908482456	28	2.53390324416439e-07	24	0.000154638889116798	::N-B09::B3-2-2::B-B02::N-A01::N-2-17::N-B04::N-B08::B-B10::B3-1-11::B3-2-36::B3-1-5::N-A08::N-1-2::B-B07::N3-2-2::N3-17::N-A11::B-A11::N3-6::N3-2-36::N3-1-3::	15
chr2	163518700	163694700	chr2_163518700	23	176000	0.000696712092213588	29	4.65445294700394e-08	14	59.8204799324654	::N3-2-2::B3-1-11::N-1-2::B3-2-22::B3-6::N-B08::N-B09::B-B02::B3-2-7::B-B04::B-B09::B-B07::B3-1-2::B-B10::B-B08::B-A08::B-1-2::B3-2-2::B-B11::B3-3::B-A11::B3-1-3::N3-1-3::	9
chr3	32986800	33162800	chr3_32986800	20	176000	0.0489771281445807	25	3.29499930354998e-05	18	0.655878935781814	::B3-1-5::N3-1-3::N-B04::B-B11::B-B07::N-B07::B3-1-3::B-B10::N-B11::N3-1-5::N-A01::B-B04::B3-6::B-A01::B3-1-2::B3-c-10::B3-2-7::N-B08::N3-1-15::B3-18::	9
chr3	51313900	51489900	chr3_51313900	21	176000	0.0124236908482456	26	6.75085210578426e-06	24	0.000154638889116798	::N3-18::B3-18::B3-17::N-2-17::B3-1-11::B-B04::B-B08::N3-3::B3-1-5::B-1-2::B-B02::B3-3::N-1-2::B3-1-2::B-B10::B-2-9::B-2-26::N3-1-3::N-B04::N-A01::B-A03::	10
chr3	68971600	69147600	chr3_68971600	22	176000	0.0030081851959552	36	1.34650700701084e-13	31	1.42016539151519e-09	::B3-1-2::N3-1-3::N3-2-2::B-B09::B3-3::N-B10::B-B10::B-1-2::B-A08::N-B07::B-B02::B-2-17::N-A08::B3-c-10::B-B04::B3-1-3::B3-6::N-B09::N-B08::B-A01::N3-18::B-B08::	19
chr3	88852400	89028400	chr3_88852400	23	176000	0.000696712092213588	28	2.53390324416439e-07	23	0.000696712092213588	::N-1-2::B3-1-15::B-B02::B-B07::B3-18::B-B08::B3-6::B-B10::N3-18::N3-1-2::B3-1-2::N-B08::B-B09::B3-2-36::N-B02::N3-1-3::B3-1-3::B3-1-11::N3-1-11::B-A08::B3-3::N3-6::B3-17::	13
chr3	103212400	103388400	chr3_103212400	22	176000	0.0030081851959552	32	2.36409846650156e-10	29	4.65445294700394e-08	::N-B04::N3-2-22::N3-18::B3-2-2::B-B09::N3-3::B-B10::B3-3::B-1-2::B3-6::B3-1-5::N3-1-11::B-B07::B-2-17::N-2-9::B-A11::N-A11::B-A08::B-2-9::N-B07::N-A08::B3-18::	21
chr3	104821100	104997100	chr3_104821100	20	176000	0.0489771281445807	24	0.000154638889116798	21	0.0124236908482456	::B3-17::B-B02::B-A08::B-B09::B-B07::B-B11::N-B04::B-B04::B-A11::N-2-26::B3-18::B-2-9::B3-1-2::B-2-17::N-1-2::B-A01::N3-1-15::B3-1-15::N-A01::B-A03::	14
chr3	135444900	135620900	chr3_135444900	20	176000	0.0489771281445807	29	4.65445294700394e-08	20	0.0489771281445807	::B-B02::B-A08::N3-1-15::B3-1-15::B3-6::B-A01::B3-3::N-B09::N-2-17::N-B02::B-A03::N-A08::N-A03::N3-2-36::N3-17::B3-18::N3-18::N3-1-2::N3-1-5::N3-1-11::	17
chr4	130647100	130823100	chr4_130647100	23	176000	0.000696712092213588	29	4.65445294700394e-08	22	0.0030081851959552	::N3-17::B-B02::N-B10::B-B10::B-B07::N-A01::B3-17::N3-1-2::N-A08::B-A08::B3-2-36::N-B02::B-2-9::B3-1-11::B-1-2::N-B07::N-A11::N-B09::B-B09::B3-2-22::N3-2-22::N3-1-5::B3-1-5::	12
chr4	138063900	138239900	chr4_138063900	20	176000	0.0489771281445807	24	0.000154638889116798	22	0.0030081851959552	::B-2-9::B3-1-5::N-A11::N-A08::N-A01::B3-2-36::B3-1-3::N-B10::B-B09::B-B02::B-1-2::B-B11::N-B07::N3-2-36::N3-1-3::B-B08::B3-18::N3-18::B-A08::N3-17::	13
chr4	155478300	155654300	chr4_155478300	21	176000	0.0124236908482456	27	1.3318994643521e-06	21	0.0124236908482456	::B-B09::B-2-9::N-2-9::B-B11::B3-17::B3-2-36::B3-c-32::N3-2-36::N-B04::B3-2-22::B3-3::N3-3::N-1-2::B-B02::N-A11::B-A11::N3-1-5::N3-2-7::B-1-2::B-B10::B3-1-5::	19
chr5	25326000	25502000	chr5_25326000	39	176000	3.71183390074808e-16	135	1.55274458775793e-130	93	1.11086898700301e-74	::B-2-9::N3-1-3::B-2-17::B3-1-2::N-2-17::N3-1-15::N3-2-7::B3-1-15::B3-2-36::B3-2-7::B-B02::N-B02::B3-2-2::N-2-9::N-A03::B-B10::B-B07::B-1-2::N3-2-2::B-A08::B-A03::N-A08::B-B08::B3-18::B3-1-11::N3-1-11::B-B09::B-A11::N3-1-2::N-B07::N-B10::B3-1-3::B3-2-22::N3-2-22::N-B08::B3-17::N3-1-5::B3-6::N3-2-36::	90
chr5	28130200	28306200	chr5_28130200	44	176000	1.22167964107767e-20	93	1.11086898700301e-74	9	3350.51941656563	::N-A01::N-A08::N-B09::N3-1-5::N3-2-2::N-1-2::B-B10::B3-6::B-A08::B-1-2::B-B04::B3-1-2::N-A11::B3-1-3::B-2-9::N-B04::N3-1-11::N3-3::B-B11::B-2-17::B-B08::B-B09::B-B07::B-A01::B3-2-36::B3-2-2::B-A11::B3-3::B3-17::B3-1-11::B3-18::B-B02::B3-1-5::B3-2-22::N-B02::N-B10::N-B08::N3-18::N-A03::B3-1-15::B3-c-10::N3-1-2::B3-2-7::B-2-26::	60
chr5	65514300	65690300	chr5_65514300	21	176000	0.0124236908482456	33	3.81617459501558e-11	26	6.75085210578426e-06	::N-A03::B-B10::N3-2-36::B-1-2::N-A11::N-A01::B3-2-36::N3-1-3::N3-1-11::N3-1-5::B-A11::B3-1-3::B3-1-11::B3-6::N3-6::B3-18::N3-18::N-B02::B-B07::B-B09::N3-2-22::	23
chr5	121653300	121829300	chr5_121653300	22	176000	0.0030081851959552	25	3.29499930354998e-05	20	0.0489771281445807	::N3-17::N-B02::N-2-26::B3-c-10::N-1-2::B-1-2::B3-2-22::B3-6::B-B09::N-B08::N3-c-32::N3-2-36::B3-2-36::B3-3::B-B10::B3-17::B-B11::B-A08::N-A08::B3-2-2::B3-1-5::N3-2-22::	10
chr5	122333700	122509700	chr5_122333700	21	176000	0.0124236908482456	26	6.75085210578426e-06	19	0.183885166354947	::B-A08::B-A03::B3-1-15::N-A08::N3-1-15::N-A03::N3-2-2::B3-2-36::N-B09::B3-1-3::B-A01::N-A01::B-B02::N-1-2::N-B08::N-B02::B3-3::B-A11::B3-6::B-B09::B-B10::	17
chr5	125016200	125192200	chr5_125016200	21	176000	0.0124236908482456	25	3.29499930354998e-05	22	0.0030081851959552	::N-B10::B3-17::N3-17::N-B11::B-B11::B-A03::B-1-2::B3-3::B-A08::B3-6::N-1-2::N-B09::B3-c-32::B3-2-36::B-B10::N3-2-7::N3-1-15::N-A11::N3-2-36::B-B08::B3-2-2::	12
chr5	135172400	135348400	chr5_135172400	20	176000	0.0489771281445807	26	6.75085210578426e-06	23	0.000696712092213588	::B-B02::N-A01::B3-1-2::N3-1-3::B3-1-3::B-A08::N-B08::N3-2-22::N3-2-7::B3-1-5::B-B07::N3-17::B3-17::N3-2-2::N3-1-11::B3-1-11::B-B04::B-A03::B3-2-2::B3-2-22::	11
chr5	136395300	136571300	chr5_136395300	20	176000	0.0489771281445807	23	0.000696712092213588	21	0.0124236908482456	::B3-18::B-A01::B3-2-22::B-B10::B-1-2::B3-17::N-2-9::B-B02::N3-1-2::N3-1-5::B3-1-3::B3-3::N3-2-22::N3-1-11::B-2-26::B-2-9::N-A01::N3-6::N-B04::N3-18::	11
chr6	47350200	47526200	chr6_47350200	23	176000	0.000696712092213588	27	1.3318994643521e-06	22	0.0030081851959552	::N-1-2::N-A01::B-B02::N3-6::B3-1-15::N-B04::N3-3::B3-1-2::B-2-9::B-A01::B3-1-11::B-B04::N-2-17::B-B10::B-A08::N3-1-5::N-B07::B3-1-5::N-A03::N3-1-3::N-B10::B3-6::B-B09::	9
chr6	83279400	83455400	chr6_83279400	20	176000	0.0489771281445807	25	3.29499930354998e-05	22	0.0030081851959552	::N-2-9::B3-2-2::B-A01::B3-2-7::B3-1-3::N3-1-2::N-B07::N-A08::B3-6::N-B02::N3-6::N-2-17::B3-18::B-B11::N-1-2::N-A01::B3-2-36::B-B07::B-2-26::B-B02::	15
chr6	83820400	83996400	chr6_83820400	22	176000	0.0030081851959552	26	6.75085210578426e-06	26	6.75085210578426e-06	::B-B04::N3-17::N-B07::N3-18::N-B08::B3-1-11::B3-2-36::N-2-17::N-2-26::N3-1-15::B-A08::N3-2-7::B-A01::B3-17::N-B04::B3-1-2::B-1-2::N-A01::B-B09::B-B10::N3-2-36::B3-c-10::	14
chr6	112970900	113146900	chr6_112970900	21	176000	0.0124236908482456	25	3.29499930354998e-05	21	0.0124236908482456	::B-B09::B3-2-22::N3-18::B-B10::N3-1-15::B-B02::N3-2-2::B-1-2::N-B11::B-B04::B-A11::N-1-2::N3-2-7::B-B11::N-A03::N-2-17::B-A08::B-B07::N-B08::B-B08::B-A03::	14
chr7	29308500	29484500	chr7_29308500	20	176000	0.0489771281445807	21	0.0124236908482456	17	2.21625421100687	::B-B02::B-A01::B-1-2::B3-1-3::N-2-26::B3-6::B3-2-22::N3-1-3::B-A11::N3-18::B3-2-2::B-A08::B-A03::B3-1-15::N3-1-15::N-A03::N-B02::N-B08::B3-1-11::B3-2-36::	14
chr7	67266800	67442800	chr7_67266800	22	176000	0.0030081851959552	25	3.29499930354998e-05	18	0.655878935781814	::N-B04::N3-1-5::B-B09::B-B07::N3-3::N3-17::B-A03::N-A01::B-B04::B-A11::N-A11::B-2-26::B3-6::B3-17::B3-1-15::B-A08::N-A03::N3-1-15::N-A08::N-B08::B3-2-36::N-B09::	17
chr7	90020100	90196100	chr7_90020100	21	176000	0.0124236908482456	29	4.65445294700394e-08	27	1.3318994643521e-06	::B-B09::N3-1-15::B-1-2::B-B02::B3-17::N-B09::B-A08::N-1-2::N-B02::B-B07::N3-c-32::N-A11::B3-6::B-A03::N3-2-2::B-B10::N-A01::B-A01::B-A11::B3-2-36::N3-6::	12
chr7	118128000	118304000	chr7_118128000	20	176000	0.0489771281445807	21	0.0124236908482456	20	0.0489771281445807	::B3-1-11::B-1-2::B-B04::B-B08::B3-6::B3-3::B-A01::B3-2-2::N-B08::B-A08::B3-1-2::B3-1-5::N-A08::B-B07::B-2-26::B3-2-36::N3-2-36::B-A11::N3-17::B-B10::	15
chr7	121661100	121837100	chr7_121661100	29	176000	4.65445294700394e-08	38	2.71754363587201e-15	12	383.679019641675	::N-B09::N-1-2::N3-2-36::N3-1-11::N-B04::B-2-9::B3-2-36::B3-c-32::B-B04::N3-1-15::N3-2-22::N3-1-2::N-A11::N3-6::N-B07::N-B08::N-2-9::N-2-26::N-B11::N3-2-7::N-B02::N-B10::N3-c-10::N-2-17::N3-3::N3-1-3::N3-1-5::N3-17::N3-18::	33
chr7	126012800	126188800	chr7_126012800	22	176000	0.0030081851959552	27	1.3318994643521e-06	24	0.000154638889116798	::B3-1-3::B-B11::B-B04::B3-c-10::N3-1-15::N3-1-5::N3-18::B3-18::B3-6::B-2-17::B3-2-36::N3-2-36::B-B10::B-A01::N-A01::B-B09::N-1-2::B-1-2::N-B08::N-A11::B3-1-2::N-2-9::	15
chr7	136237500	136413500	chr7_136237500	35	176000	9.09985566431048e-13	40	4.94316556935935e-17	11	864.316259770559	::N3-6::B-B04::N-B07::B-2-17::B3-18::B3-6::B-B09::N3-c-10::N-B11::N3-2-36::N-A08::N-2-9::N-2-26::N-2-17::N-B04::N3-17::N-B09::N-A11::N-B02::N3-1-11::N3-1-5::N-A01::N3-1-3::N3-1-15::N-1-2::N3-2-7::N3-2-2::N3-c-32::N-A03::N-B10::N3-3::N-B08::N3-1-2::N3-2-22::N3-18::	33
chr8	69897200	70073200	chr8_69897200	20	176000	0.0489771281445807	28	2.53390324416439e-07	22	0.0030081851959552	::N-B10::N-A11::B3-3::N-A08::B3-1-3::B3-2-36::B3-2-22::N3-2-22::N3-2-7::N-B09::B-B09::B-B10::N3-1-5::N-B04::B-B04::B3-1-5::B-1-2::B-B02::N-1-2::B3-2-7::	13
chr8	95702200	95878200	chr8_95702200	21	176000	0.0124236908482456	26	6.75085210578426e-06	24	0.000154638889116798	::N3-17::B3-1-3::N-1-2::N-B10::B-B04::N3-6::B3-1-2::N-2-17::B3-1-11::B3-2-22::N3-2-22::B3-6::B-B10::B3-18::B-A01::B-1-2::B3-c-10::B-B02::N3-1-5::B-A11::N-A11::	15
chr8	109715600	109891600	chr8_109715600	24	176000	0.000154638889116798	36	1.34650700701084e-13	29	4.65445294700394e-08	::N3-18::B3-1-3::B3-1-2::N-B07::N3-1-11::N-B08::N-B11::B-B10::N3-1-5::B3-2-36::N-B10::B-B07::N3-1-2::N-2-17::B-2-17::B3-c-10::B-B02::N3-2-36::B3-c-32::B3-2-7::B3-18::B3-17::B3-2-2::B3-2-22::	17
chr8	117272200	117448200	chr8_117272200	21	176000	0.0124236908482456	30	8.26464120505538e-09	26	6.75085210578426e-06	::N-A01::B-B04::B3-17::B-1-2::B-B07::N-B10::B3-1-11::B-2-17::N-2-17::N-B09::N-A11::N-1-2::B3-1-3::N3-1-5::N-B04::B3-1-5::B-B02::N-2-26::B3-2-22::B-A08::N-B08::	13
chr9	3000100	3176100	chr9_3000100	33	176000	3.81617459501558e-11	59	1.84791633408917e-35	18	0.655878935781814	::N-A08::N-B08::B-B02::N-B07::N-2-17::N3-18::N3-6::B-B11::N-B11::N-A11::N3-2-22::N-A01::N-B04::N-2-26::N3-2-7::N3-1-3::N-B10::N3-1-15::N3-17::N3-2-2::N3-1-5::B-B10::N-B02::B3-17::B3-2-22::B-A08::N3-2-36::N3-1-2::B-B09::N-A03::B-2-17::N-B09::N3-1-11::	26
chr9	21530200	21706200	chr9_21530200	20	176000	0.0489771281445807	30	8.26464120505538e-09	27	1.3318994643521e-06	::B-B07::N3-18::N3-2-36::B-B04::B3-3::B-A08::B3-1-15::N-2-17::B3-1-2::B3-18::N-1-2::B-1-2::B-B02::N-A08::B-B10::N3-2-7::N-B02::N-B09::B-B08::B3-17::	15
chr9	32099800	32275800	chr9_32099800	21	176000	0.0124236908482456	24	0.000154638889116798	23	0.000696712092213588	::N3-17::N3-3::N-A03::B-B07::N-B08::N-A08::N-2-17::B-A03::B-2-9::N3-1-3::B3-6::B3-1-3::N-B04::N3-6::B3-1-2::B-B11::B3-18::N3-18::N-B10::B-B09::N3-1-5::	16
chr9	58523200	58699200	chr9_58523200	20	176000	0.0489771281445807	26	6.75085210578426e-06	23	0.000696712092213588	::B-B11::B3-3::N3-3::B3-17::B-A01::N-B04::B3-1-3::N-1-2::B-1-2::N3-17::N-B10::B-B10::B3-2-2::B-A08::N3-18::N3-1-3::N-B08::B-B04::B3-2-22::B3-2-36::	13
chr9	59303700	59479700	chr9_59303700	20	176000	0.0489771281445807	32	2.36409846650156e-10	31	1.42016539151519e-09	::B-A08::B-A03::B3-1-2::N-B08::N-A08::N-B10::B-B09::B-B02::N-A01::B3-6::B3-3::N3-1-5::N3-1-2::N3-2-7::B3-1-5::N-B07::B-B10::N-2-17::B-2-17::N3-2-36::	13
chr9	66404900	66580900	chr9_66404900	22	176000	0.0030081851959552	24	0.000154638889116798	23	0.000696712092213588	::B3-17::B3-2-36::B-B10::B-B07::B3-18::B3-2-22::N-B07::N3-18::N3-17::B-2-17::N-B04::B-A01::B-A08::B-B09::N-B08::B3-1-2::B-1-2::N-1-2::N-2-17::N3-c-10::N-B10::N-A11::	15
chr9	70341700	70517700	chr9_70341700	24	176000	0.000154638889116798	29	4.65445294700394e-08	27	1.3318994643521e-06	::N-B04::B3-2-2::B-B07::B-B02::N-B02::N3-2-2::B3-2-36::B-1-2::N3-1-3::N3-1-11::N-A11::B-B09::B3-6::B3-1-3::N-1-2::B-A01::B3-3::B3-1-5::B-B10::B-A08::B-A11::N-A03::B3-1-11::N3-1-5::	15
chr9	71864700	72040700	chr9_71864700	24	176000	0.000154638889116798	35	9.09985566431048e-13	29	4.65445294700394e-08	::B3-2-36::N-A03::N3-2-2::N-B11::B3-1-2::N3-1-2::B-B10::B-A11::N-B08::B-A01::N-B09::B-B08::N3-18::B3-17::N-A11::B-2-17::N3-2-36::N3-c-32::B-B02::B3-18::B3-6::N3-1-11::N-B10::N-B04::	24
chr9	72510100	72686100	chr9_72510100	22	176000	0.0030081851959552	27	1.3318994643521e-06	24	0.000154638889116798	::N-1-2::N3-1-3::B3-17::B-B10::B-B02::N-B08::B3-6::B-2-9::N3-2-2::B3-2-2::N3-2-7::N-A01::N-B10::N-2-26::N3-18::N3-1-11::B-A08::B3-2-22::B3-1-2::B3-2-36::N3-2-36::N3-6::	15
chr9	100687900	100863900	chr9_100687900	20	176000	0.0489771281445807	21	0.0124236908482456	19	0.183885166354947	::B3-17::B-B11::B3-1-15::N3-2-7::B3-1-3::N-B10::N3-17::N-A08::N-B09::B3-3::B3-c-10::B-B09::N-1-2::B-A11::B-1-2::B3-1-2::B3-2-36::N3-2-22::N3-1-2::N-2-17::	9
chr9	107737500	107913500	chr9_107737500	25	176000	3.29499930354998e-05	33	3.81617459501558e-11	28	2.53390324416439e-07	::N-2-17::N-A01::B-1-2::N-B02::B-B02::B3-17::N3-17::B-B10::B3-3::B3-1-5::N3-c-10::N-B04::N3-3::B-A01::N3-2-36::B3-6::B-A08::B3-2-2::B3-1-15::N-B11::B-2-9::B3-18::N3-18::N-A11::B3-1-2::	17
chr9	108626300	108802300	chr9_108626300	20	176000	0.0489771281445807	24	0.000154638889116798	20	0.0489771281445807	::N-B10::B3-17::N-A11::B-A03::N-A03::N3-3::N-A01::B-B11::N-B09::N3-1-5::B-A08::N3-2-7::B3-6::B3-2-22::N3-2-22::B-B07::B-B04::B-B10::N-A08::N-B08::	16
chrUn_GL456390	0	176000	chrUn_GL456390_0	38	176000	2.71754363587201e-15	80	6.45635033352316e-59	58	2.04671654987134e-34	::B3-18::N3-6::N3-1-2::N3-2-7::N3-1-3::B3-3::N-2-17::N3-2-2::N3-17::N-B09::N-A03::N3-1-15::N3-3::N-B08::N-B04::N-A08::N-A01::N-B10::N3-1-11::B-1-2::N3-2-22::N3-2-36::N3-18::N-B11::N-B02::B-A08::N3-1-5::B3-2-7::B-B02::B3-17::N-A11::B3-6::B-A03::B3-2-22::B-B11::N-2-26::B3-1-2::B-B04::	47
chrUn_GL456393	1400	177400	chrUn_GL456393_1400	32	176000	2.36409846650156e-10	52	2.61048503986479e-28	41	6.42240834531432e-18	::N3-2-36::N3-18::N-2-17::N3-1-3::N-B11::N-B02::N3-1-2::N3-2-2::B-A08::N3-1-15::N3-1-5::B-1-2::N3-6::B3-2-7::N-B10::N-B08::B-B02::B3-3::N-A03::B3-17::N-A11::B3-6::N-A01::B-A03::B3-2-22::B-B11::N-2-26::N-B09::B3-1-2::B-B04::N-A08::N3-17::	27
chrUn_JH584304	1500	177500	chrUn_JH584304_1500	24	176000	0.000154638889116798	32	2.36409846650156e-10	29	4.65445294700394e-08	::B-B02::B3-3::N-A03::B3-17::N-A11::B3-6::N-A01::B-A03::B3-2-22::N3-18::B-B11::N-B08::N-B11::N-2-26::N-B09::B3-1-2::B-A08::B-B04::B-1-2::N3-1-3::N-A08::N3-17::N-2-17::N3-1-2::	15
chrX	18123700	18299700	chrX_18123700	28	176000	2.53390324416439e-07	63	1.0408195436602e-39	49	2.28999687079414e-25	::N-B04::N3-3::B3-1-11::B-B07::N-A01::B3-2-36::B-A08::N-B09::B-B09::B-1-2::N3-2-7::B3-2-7::B-B10::N-B10::B-B04::B3-17::N-1-2::B-2-26::N3-1-2::B-A11::N-A11::N-2-17::B-2-17::N3-17::N-B08::B3-3::N3-1-5::B3-1-2::	26
