chr10	20172500	20364500	chr10_20172500	25	192000	0.000178753874137036	28	1.78466146422866e-06	27	8.59901490945258e-06	::N-B11::N-A11::B3-1-15::B-B02::N-2-17::B3-2-36::B3-17::N3-1-15::N3-6::B-2-26::B3-6::B-1-2::N-1-2::N-A03::B3-18::B3-1-2::B3-1-3::N-B09::B-B09::B-A01::N-B02::N-2-26::N-B10::N-A01::N3-3::	19
chr10	67088900	67280900	chr10_67088900	24	192000	0.000769007005588314	32	2.3582270869033e-09	30	6.92734703149916e-08	::N-B08::B3-1-15::B3-2-2::B-B11::B3-1-2::N-2-17::B-2-17::B3-6::N3-1-5::N3-2-36::N-B11::N-A11::B-1-2::B-A03::N-1-2::N-B07::B-B07::N3-2-2::B3-3::N-A01::B-B09::N3-6::B-B10::B3-18::	19
chr10	108167700	108359700	chr10_108167700	27	192000	8.59901490945258e-06	42	1.93968367386752e-17	28	1.78466146422866e-06	::N-A01::N-B04::N-B09::N3-1-5::B3-1-15::B-A03::N-A08::N3-1-15::N-A03::N-1-2::B3-3::B-B11::B3-1-2::B3-2-22::B3-6::B-B10::N-B10::B3-1-3::B-2-17::N-B08::B-A08::B3-17::B-B09::N-B02::B-B04::B-2-9::N3-2-36::	20
chr10	123005900	123197900	chr10_123005900	21	192000	0.0475878986749174	25	0.000178753874137036	21	0.0475878986749174	::B-A01::B3-6::B-1-2::B3-2-2::N3-3::B-2-17::N-2-17::N3-2-7::B3-1-3::B-B02::B-A11::B3-2-22::N3-2-22::B-B09::N-B09::N3-1-3::N3-1-15::B3-1-15::N3-1-5::N-B04::B-A08::	17
chr10	128324300	128516300	chr10_128324300	21	192000	0.0475878986749174	26	3.99528063798753e-05	24	0.000769007005588314	::B-B02::B-1-2::N-1-2::B-B10::B-B11::N-B11::B-A08::N3-1-15::N3-6::B3-2-22::B-B07::B-B04::B3-1-3::B3-1-15::N-2-9::B3-1-11::N-B02::B3-17::N-A11::B-A03::N3-2-22::	12
chr11	3100500	3292500	chr11_3100500	21	192000	0.0475878986749174	31	1.29858513219374e-08	26	3.99528063798753e-05	::N3-1-2::N-2-26::N3-1-3::N3-18::N-A11::B-B07::N3-2-2::N-A03::B-B09::B-A03::B-2-17::B-B10::B3-2-36::N3-17::B-A08::N-A08::N-B04::B3-1-3::B-2-9::B-1-2::B3-3::	14
chr11	23297400	23489400	chr11_23297400	24	192000	0.000769007005588314	39	6.80814069692407e-15	34	7.09778953689056e-11	::N3-6::N-B02::B-B07::N-A03::B3-6::B3-17::N3-17::N-2-17::B-1-2::B3-c-10::B3-18::B-B09::B3-2-2::B-B04::N-A08::N-1-2::N3-2-2::N3-3::B-2-26::N-A01::N-A11::B3-2-36::N-B10::N-B09::	22
chr11	51595400	51787400	chr11_51595400	21	192000	0.0475878986749174	27	8.59901490945258e-06	23	0.00317596978750194	::B3-1-15::B-B02::B3-17::B-B09::N-B09::B-A01::B3-6::B-B04::B-A08::N-B04::B-B10::N-1-2::N3-1-2::B3-18::N-B08::N3-2-36::B3-c-32::B3-2-36::B-A03::N-A01::N3-1-11::	12
chr11	54511000	54703000	chr11_54511000	24	192000	0.000769007005588314	34	7.09778953689056e-11	24	0.000769007005588314	::N-A03::B-A03::N-B04::B3-2-22::B-1-2::N3-1-15::N-A08::B3-1-15::B-A08::B-A11::N-A11::B-A01::B-2-17::B3-1-3::N3-1-11::B-B10::B3-6::B3-17::B-B04::N3-18::B3-2-2::B-B02::N3-1-2::B3-1-2::	18
chr11	69570500	69762500	chr11_69570500	22	192000	0.0125701084000742	33	4.15276025204982e-10	26	3.99528063798753e-05	::B3-1-2::B3-17::B3-1-15::N-1-2::N3-3::N3-1-11::B-B04::N3-1-2::N-B07::B-B07::B3-2-2::B3-2-36::B3-2-22::N-A08::B3-6::N-B02::N3-2-2::B3-1-11::N-B10::B-B02::B-B08::B-B10::	16
chr11	74607200	74799200	chr11_74607200	21	192000	0.0475878986749174	29	3.57621008646584e-07	22	0.0125701084000742	::B3-2-2::B-2-26::B-B10::N3-3::B-B02::B3-1-15::B3-1-2::B-A01::B-B04::N-B04::N3-1-5::B3-1-5::N-B07::N3-1-2::B-B07::N-B11::N-B02::B-1-2::N-A01::N-2-17::B3-18::	11
chr11	75593300	75785300	chr11_75593300	22	192000	0.0125701084000742	31	1.29858513219374e-08	29	3.57621008646584e-07	::B-1-2::N3-17::B-B02::B-B10::N-1-2::N3-3::N-B10::B-A11::B-A01::B3-2-22::N3-2-22::N-B04::N3-1-5::B3-c-32::N-A01::B3-6::N-A08::B3-3::N-B11::B-B11::N-B08::B3-2-36::	14
chr11	77418900	77610900	chr11_77418900	23	192000	0.00317596978750194	35	1.17847466027946e-11	28	1.78466146422866e-06	::N3-1-15::B-1-2::B3-6::N-A01::N3-1-5::B3-1-2::B3-2-2::B3-3::B-B10::B3-1-15::B-B02::N-B07::B3-2-36::B3-17::N3-17::N-1-2::B-A01::N-A11::B-A11::N3-3::B-B11::N-2-17::N-B08::	19
chr11	79348700	79540700	chr11_79348700	24	192000	0.000769007005588314	42	1.93968367386752e-17	37	2.98776458351976e-13	::B3-3::B-B11::B-A08::N3-1-5::N3-2-2::N-A01::N-B10::N3-3::B3-2-7::N-B07::N-B08::B-A11::N-A11::B-B02::B-1-2::N3-1-11::B3-1-11::B3-1-3::B3-18::B-B09::B3-2-36::B3-c-10::B3-2-2::B-B10::	21
chr11	86598300	86790300	chr11_86598300	23	192000	0.00317596978750194	37	2.98776458351976e-13	31	1.29858513219374e-08	::B3-17::B-A08::B3-1-2::N-A11::N3-2-36::N-B04::B-B02::N-2-17::B-B11::B-B10::B3-6::B3-2-7::N3-2-7::B3-2-2::B3-3::B3-1-3::N-B11::N3-3::N-2-26::B-2-26::B3-2-36::N-1-2::N-B09::	24
chr11	87976900	88168900	chr11_87976900	21	192000	0.0475878986749174	33	4.15276025204982e-10	29	3.57621008646584e-07	::B3-3::B-B09::N-B09::B-B02::N-B10::N3-2-36::B3-6::N3-17::B-B11::N-1-2::N-B08::B-B08::N3-3::B-B07::N3-2-2::N-B04::N3-1-3::N-B11::B3-1-15::B-1-2::B-B10::	9
chr11	105570500	105762500	chr11_105570500	22	192000	0.0125701084000742	26	3.99528063798753e-05	24	0.000769007005588314	::N3-2-22::B-1-2::B3-1-11::B-B11::N3-1-2::B3-1-3::N-2-17::N3-18::B-B02::B-2-17::N-B04::B3-2-36::B-B10::B-B04::N3-6::B3-2-2::N3-2-2::B-B09::N3-1-5::N3-1-11::B3-2-7::B3-3::	18
chr11	106775900	106967900	chr11_106775900	25	192000	0.000178753874137036	37	2.98776458351976e-13	30	6.92734703149916e-08	::N3-2-36::B3-2-22::N-B07::N3-6::B3-6::N-B04::B3-1-11::N-2-26::B-2-26::B3-2-36::B-B11::B3-2-2::B-B04::B3-1-5::N3-1-5::B-A01::B-B02::N3-c-10::B3-c-10::B3-3::B3-17::N3-2-22::N3-17::B3-1-2::N3-1-2::	20
chr13	13957400	14149400	chr13_13957400	22	192000	0.0125701084000742	26	3.99528063798753e-05	23	0.00317596978750194	::B3-2-36::B-B09::B-B10::B-A08::B-1-2::B-A01::N3-1-15::N3-17::N3-18::B-B02::N-B02::N-B11::N3-3::N-B04::N-A01::N3-2-36::B3-2-22::N-B10::B-2-26::N3-1-2::B-B11::B-B04::	14
chr13	24040300	24232300	chr13_24040300	23	192000	0.00317596978750194	32	2.3582270869033e-09	25	0.000178753874137036	::N3-1-2::B-A03::B3-1-15::B-A08::N3-1-15::N-A08::N-A03::N3-17::N-B11::N-2-17::B-2-17::B3-2-22::N3-2-22::B-B02::N3-1-3::B3-1-3::B3-17::B-A11::N-B08::B3-2-7::N3-6::B-2-9::N-2-26::	19
chr13	43286000	43478000	chr13_43286000	23	192000	0.00317596978750194	28	1.78466146422866e-06	24	0.000769007005588314	::B-B10::B3-2-22::N3-6::N-2-9::B-B04::N3-1-3::B-A03::N3-1-5::N-B10::N-B09::B-2-17::N-A11::B3-1-5::B3-17::B-B02::B3-6::N3-1-2::N3-1-15::N-B07::N-A03::N-A08::B3-1-3::B-B09::	15
chr13	46685100	46877100	chr13_46685100	21	192000	0.0475878986749174	24	0.000769007005588314	23	0.00317596978750194	::B3-2-22::B-B10::N-B10::B-B07::N3-6::N3-2-2::N3-2-36::B3-1-2::B-B11::B-A08::B3-6::N-B08::B3-3::B-B02::N-A11::N-B07::N-B09::N3-1-15::N-A03::B3-2-36::B-1-2::	15
chr13	103735800	103927800	chr13_103735800	26	192000	3.99528063798753e-05	40	9.89085206962912e-16	29	3.57621008646584e-07	::B3-1-15::B3-2-22::B-A08::B-A03::N3-2-7::N3-c-10::B3-2-7::N-B11::N-B02::B-B09::N3-1-2::B-B10::B3-2-36::N3-1-15::N-A03::N3-6::B-2-9::B3-17::B-B11::N-B08::B-B08::B3-3::N-B09::N-B04::B3-6::N3-2-36::	14
chr14	19288700	19480700	chr14_19288700	33	192000	4.15276025204982e-10	49	1.00267569140282e-23	26	3.99528063798753e-05	::B-A08::N-B09::B-B02::B3-6::N-A03::N-A01::N3-6::N3-1-3::N3-3::N3-2-36::B3-2-36::N3-1-15::N3-18::N3-1-5::N-B11::N3-2-22::B3-2-2::N3-17::N3-1-11::B-B04::N-2-17::N-B02::N-2-9::B-B11::N-B10::B3-3::N-1-2::B3-17::N-B04::N-B08::N-B07::N-A08::N3-2-7::	35
chr14	30973900	31165900	chr14_30973900	24	192000	0.000769007005588314	34	7.09778953689056e-11	28	1.78466146422866e-06	::B3-1-11::B3-17::B-B09::N-B04::B3-c-10::N-A01::N3-1-5::N-2-17::N3-1-3::B3-1-3::N-B11::B-B11::B3-1-2::N-B02::B-B07::N-B07::N-B10::N3-c-10::B-B10::B-A08::B3-6::N3-1-2::N-A11::N3-3::	16
chr14	73159100	73351100	chr14_73159100	25	192000	0.000178753874137036	53	1.62705335431141e-27	36	1.90231715097859e-12	::N-2-17::N-B09::N-A01::N3-1-15::B3-1-15::N-B02::B-B11::B-A08::N-B11::B-A03::N-A03::N-A08::B-B02::B3-3::N3-2-7::B3-2-22::B-A01::B3-c-10::N3-c-10::B-B04::N-B04::B-A11::B-B07::N3-1-5::B3-1-5::	43
chr14	121202400	121394400	chr14_121202400	21	192000	0.0475878986749174	25	0.000178753874137036	23	0.00317596978750194	::N3-1-5::N-B04::B-A03::B3-2-2::N-1-2::N-2-17::N3-3::N3-17::N3-2-2::N-A11::B-A11::B-B04::B-B02::B3-1-2::B-B11::B-A08::N-B11::N-B02::B3-1-3::B3-17::B-B09::	15
chr15	8260100	8452100	chr15_8260100	26	192000	3.99528063798753e-05	31	1.29858513219374e-08	30	6.92734703149916e-08	::N-A08::B-B07::B-B10::B3-2-2::B-B04::B3-18::B-A08::N3-c-32::B3-2-36::N-B04::N-B08::B-2-17::N-2-17::B-B02::B3-1-11::B3-c-10::B-1-2::B-B08::N-A11::B-2-26::N3-6::B3-17::N3-2-36::B-B11::B-A11::B3-6::	22
chr15	12101300	12293300	chr15_12101300	22	192000	0.0125701084000742	31	1.29858513219374e-08	26	3.99528063798753e-05	::N3-2-2::B3-2-36::N3-2-36::B3-c-32::B-B11::B-B08::B3-6::N-B02::N-B04::N-B08::N-B09::N3-1-3::N3-1-11::N-A11::B-B02::B-A08::B-B07::N-B07::B-1-2::N-2-26::B3-2-2::N-A01::	16
chr15	77086600	77278600	chr15_77086600	28	192000	1.78466146422866e-06	35	1.17847466027946e-11	30	6.92734703149916e-08	::B-B10::B-1-2::B3-2-2::N3-17::B3-1-5::B3-2-7::N3-2-7::B-B04::B3-3::B-A11::N-B07::N-B08::B-B08::N3-1-2::B-B07::B3-1-2::B-A03::N-B02::N3-1-15::N-A08::B3-2-36::B3-6::N-B11::B3-1-15::N3-6::N-1-2::N3-1-5::B3-2-22::	14
chr15	80778300	80970300	chr15_80778300	28	192000	1.78466146422866e-06	51	1.32785501073125e-25	42	1.93968367386752e-17	::N-B09::B3-1-2::B3-17::B-B11::B3-1-3::N3-1-3::B3-6::N-B04::N-B08::N3-17::B3-1-11::B-A03::N3-6::B-A11::N-A11::N-1-2::N3-1-5::N3-1-2::B-A08::B3-2-22::B-B04::B3-1-5::B-B07::B-1-2::N3-2-22::B-B08::N-A01::B-B10::	24
chr15	81511100	81703100	chr15_81511100	21	192000	0.0475878986749174	26	3.99528063798753e-05	21	0.0475878986749174	::B-2-26::B-A01::N-A01::B3-1-11::B-A11::N-B08::B-B08::B3-2-7::N3-2-7::B-B02::N3-6::B3-6::N3-3::B3-2-2::N3-1-11::B3-1-2::B-B11::B-B07::B-B04::N-B04::B-1-2::	16
chr15	96275000	96467000	chr15_96275000	23	192000	0.00317596978750194	36	1.90231715097859e-12	32	2.3582270869033e-09	::B3-17::B-1-2::B-A08::N3-1-5::N3-18::N3-6::B3-18::N3-2-22::B3-2-36::B-2-26::B-B02::N3-2-36::N-1-2::N-B04::B3-3::B-2-17::B-B04::N-A08::B3-c-32::B3-6::B-B11::B3-1-11::N-B02::	23
chr15	99819100	100011100	chr15_99819100	21	192000	0.0475878986749174	24	0.000769007005588314	20	0.171969190691298	::B-A08::B3-17::N3-17::N3-2-22::B3-2-22::B3-c-10::N-1-2::B3-1-11::N3-2-36::N-B02::N3-2-2::N-B11::N3-1-5::N-A08::B3-1-15::N3-1-15::N-2-17::N-B10::B3-2-2::B-2-17::N-B07::	9
chr16	10928300	11120300	chr16_10928300	21	192000	0.0475878986749174	22	0.0125701084000742	21	0.0475878986749174	::N-B11::B3-2-36::B-B10::B3-1-11::B3-3::B-B09::N3-c-10::B-B02::N-2-26::B-2-26::B3-2-22::N3-2-36::N3-18::B-1-2::N3-2-22::B-B11::B3-c-10::B3-1-3::N3-1-5::N3-2-2::B3-1-15::	10
chr16	38098000	38290000	chr16_38098000	22	192000	0.0125701084000742	32	2.3582270869033e-09	30	6.92734703149916e-08	::N3-6::B-A11::B-B10::B-B04::B3-18::N3-2-7::B-B07::N3-2-22::B-A08::B-B09::B-B02::B-1-2::N-1-2::N-A08::N-2-17::N3-1-15::N-B07::B-B08::N-B04::B3-6::N-A11::N3-18::	15
chr17	5091000	5283000	chr17_5091000	27	192000	8.59901490945258e-06	38	4.56907149528125e-14	31	1.29858513219374e-08	::B-B08::B-B02::B3-2-36::B-A11::N-A11::N-B09::B-B09::N3-6::N-B08::B3-6::B3-17::N3-1-3::B3-18::B-1-2::N-2-17::B-A08::N3-1-15::N-A01::B-B07::N-B07::B3-3::N3-3::N-B11::B-B11::N-A08::B3-1-3::N3-1-2::	15
chr17	13767500	13959500	chr17_13767500	24	192000	0.000769007005588314	30	6.92734703149916e-08	25	0.000178753874137036	::B-A08::N-B02::N3-1-3::B3-17::B3-1-3::B3-1-2::B3-2-36::B-2-17::N-2-17::B-2-9::N-2-9::N3-2-2::B3-6::B-1-2::B-B07::B3-2-2::N3-1-11::B-B09::B-B11::N-B11::B-B08::N-1-2::N-B04::B-B02::	15
chr17	29963500	30155500	chr17_29963500	22	192000	0.0125701084000742	37	2.98776458351976e-13	31	1.29858513219374e-08	::B-B11::B3-3::B-B02::N3-1-5::N-A08::B3-17::B-B10::N-A11::N-2-17::B3-1-3::N3-1-3::N-B07::N-A01::N-B04::N3-18::B3-1-11::B-2-17::B3-2-2::B3-2-7::B-B04::B-2-26::B3-1-5::	21
chr17	32154600	32346600	chr17_32154600	25	192000	0.000178753874137036	34	7.09778953689056e-11	30	6.92734703149916e-08	::B3-3::N3-1-15::N3-1-11::B-A08::B-1-2::N3-c-10::N-B10::N-A01::B3-17::B-B07::B-A03::B-B02::B3-1-2::N3-1-2::N-B08::B-2-17::N-2-17::N-B09::N3-1-5::B3-6::N3-6::N3-3::N3-2-2::B3-1-11::N-1-2::	19
chr18	4940400	5132400	chr18_4940400	22	192000	0.0125701084000742	30	6.92734703149916e-08	25	0.000178753874137036	::B-B11::B-A08::B-B10::B-1-2::N-A03::N3-17::N-A01::N-B08::B-B02::N-B10::B3-3::N3-1-5::N3-2-22::N-2-9::B-B04::B-A03::N3-2-7::B3-17::B-B07::N3-1-15::B3-1-15::B3-2-22::	18
chr18	9314400	9506400	chr18_9314400	22	192000	0.0125701084000742	25	0.000178753874137036	18	1.93510213907539	::N3-1-5::N-B08::N-B07::N3-1-2::B3-1-2::B-B07::B3-2-22::N-1-2::N-A03::N-A01::B-A08::B-1-2::B3-c-10::B3-17::B-B09::B-B04::B3-3::N3-3::B-A01::N-2-17::B-B11::N3-6::	15
chr18	9972400	10164400	chr18_9972400	24	192000	0.000769007005588314	28	1.78466146422866e-06	23	0.00317596978750194	::B-B10::N-B02::B-A03::N-A01::B3-2-7::N3-2-7::N-A11::B-B04::B-A08::B3-2-22::N3-3::B3-3::B-B02::N-B11::B-B11::N3-2-2::N3-1-5::N3-2-22::N-B08::N3-1-2::B3-18::N-1-2::B-1-2::N3-1-3::	10
chr18	35067100	35259100	chr18_35067100	22	192000	0.0125701084000742	32	2.3582270869033e-09	24	0.000769007005588314	::B-A08::B-B04::N3-17::B3-17::B3-6::N3-18::B3-18::B-A01::N-A01::B-B09::N-A11::N3-1-5::N-A08::B-1-2::N-B10::B3-2-2::N3-2-22::B-B10::B-B07::N-1-2::N-B02::B3-1-5::	14
chr18	35681500	35873500	chr18_35681500	21	192000	0.0475878986749174	27	8.59901490945258e-06	23	0.00317596978750194	::N-2-9::B3-1-2::N-A11::N-B07::B-B07::B-1-2::B3-2-22::B-A08::B3-6::N-A01::N3-2-7::B3-2-7::B-A11::N3-3::N-A08::N-B11::B-B11::N-B09::B-A03::B3-1-5::B3-2-2::	9
chr19	3729900	3921900	chr19_3729900	21	192000	0.0475878986749174	24	0.000769007005588314	19	0.591855199896052	::B-A08::B3-1-3::N-A08::B3-2-22::N-B02::B-B11::B3-2-36::N-A11::N3-2-36::N-B10::N3-18::B-B10::N-2-17::N-B08::N3-2-7::B3-2-7::N3-17::B3-17::B-1-2::N-2-26::B-2-26::	12
chr19	5822400	6014400	chr19_5822400	21	192000	0.0475878986749174	25	0.000178753874137036	22	0.0125701084000742	::B-A08::N-1-2::N-B04::B3-6::N-2-17::N3-1-3::B3-1-3::N3-6::N-A11::N3-2-36::N3-c-32::B-B11::B-B02::N3-18::B-A01::N-A01::B-B07::N-B11::B3-2-22::N-B02::N-B08::	13
chr19	11804500	11996500	chr19_11804500	23	192000	0.00317596978750194	28	1.78466146422866e-06	22	0.0125701084000742	::B-B02::B3-1-15::B3-3::N3-3::N3-1-3::N3-2-36::B3-2-36::B-B10::N-A11::B-A01::B-B04::B3-1-5::N3-6::N3-1-5::N-B04::B3-6::B-2-9::N-2-9::B-B07::N-B02::B-1-2::B-A08::N-A08::	17
chr19	16136600	16328600	chr19_16136600	29	192000	3.57621008646584e-07	40	9.89085206962912e-16	36	1.90231715097859e-12	::B3-3::N-A01::N-2-9::B-A01::N-B07::N-B10::B-B07::N3-1-2::N-B04::N3-18::N3-2-7::B-A11::B3-17::N-B09::B-B11::B3-6::B3-2-22::B-B02::B-B04::N3-1-15::B3-18::B-A08::B-B09::B3-1-2::N-B02::B3-2-36::B-2-9::B-1-2::N3-1-5::	19
chr2	18054900	18246900	chr2_18054900	28	192000	1.78466146422866e-06	42	1.93968367386752e-17	35	1.17847466027946e-11	::B-B07::B3-6::N3-2-36::B3-2-2::N-B04::N-A11::B-B02::B3-3::B-B11::N-A01::B-B10::N3-1-5::N-2-17::B-2-17::N-A03::N3-6::N-B08::B3-17::B-A01::N3-18::B3-1-11::B3-1-2::N-B07::N3-1-2::B3-2-36::N-B02::B3-1-3::B3-1-15::	21
chr2	31579900	31771900	chr2_31579900	21	192000	0.0475878986749174	28	1.78466146422866e-06	22	0.0125701084000742	::N3-17::B-B09::N-B09::N3-1-11::B3-1-11::N-B08::N3-2-36::B3-2-36::N3-1-2::B-A01::N-A01::B-B10::B-B02::N3-3::N-B02::B3-17::B-1-2::B3-2-22::N3-2-22::N-B10::B3-3::	11
chr2	49456000	49648000	chr2_49456000	22	192000	0.0125701084000742	32	2.3582270869033e-09	29	3.57621008646584e-07	::B-B02::B3-c-10::N3-2-22::N-B04::B-A11::N-A11::B-2-26::B3-18::N3-2-7::B3-2-22::N3-1-3::N-A01::B-A01::B-B08::N-B08::B-B11::B-B10::N3-1-15::N3-1-2::N-B10::B3-3::B-A08::	17
chr2	98519800	98711800	chr2_98519800	50	192000	1.16534805950283e-24	330	0	31	1.29858513219374e-08	::B3-2-36::B-1-2::N3-2-36::N-A08::B-A08::N3-2-2::N-1-2::N-A01::N-B07::N3-6::N-B10::N-2-26::N-A11::N-B04::N-B09::N-B08::N-B11::N3-2-7::N-A03::N3-1-11::N3-18::N3-1-15::N3-17::N3-1-3::N-2-17::N3-1-5::N-2-9::N-B02::B-B02::N3-2-22::N3-1-2::B3-1-11::B3-2-7::B3-17::B3-6::B3-2-2::B3-1-2::N3-3::B-B07::B-B11::B-B10::B3-1-3::B3-2-22::B-A01::B-B08::B3-1-5::B-B04::N3-c-10::B3-1-15::B-A11::	156
chr2	154669100	154861100	chr2_154669100	21	192000	0.0475878986749174	25	0.000178753874137036	24	0.000769007005588314	::N3-3::B-A11::N-B10::B-2-9::N-B02::N3-18::B3-2-36::B-B10::B-B09::B3-18::B3-1-11::B-A03::B-A01::N-B04::B3-2-7::B-B04::B-B02::N3-2-22::N-B08::N3-1-5::N-2-9::	13
chr2	160607900	160799900	chr2_160607900	22	192000	0.0125701084000742	28	1.78466146422866e-06	24	0.000769007005588314	::B-1-2::N-B09::B3-2-2::B-B02::N-A01::N-2-17::N-B04::N-B08::B-B10::B3-1-11::B3-2-36::B3-1-5::N-A08::N-1-2::B-B07::N3-2-2::N3-17::N-A11::B-A11::N3-6::N3-2-36::N3-1-3::	15
chr2	163457200	163649200	chr2_163457200	24	192000	0.000769007005588314	30	6.92734703149916e-08	15	48.2780561600886	::B3-2-36::B-B07::N-A11::N3-2-2::B3-1-11::N-1-2::B3-2-22::B3-6::N-B08::N-B09::B-B02::B3-2-7::B-B04::B-B09::B3-1-2::B-B10::B-B08::B-A08::B-1-2::B3-2-2::B-B11::B3-3::B-A11::B3-1-3::	10
chr3	16105100	16297100	chr3_16105100	21	192000	0.0475878986749174	21	0.0475878986749174	20	0.171969190691298	::B3-1-11::N-2-26::N3-2-2::N-A08::N3-3::B-B02::N-A11::N3-6::B3-6::B-B08::N3-1-11::B-1-2::B-B11::N-2-17::B3-1-15::N3-2-7::N-1-2::B-A08::N3-1-5::N-B10::N3-18::	9
chr3	51259000	51451000	chr3_51259000	21	192000	0.0475878986749174	30	6.92734703149916e-08	27	8.59901490945258e-06	::B3-17::B-B10::N3-1-2::N3-1-15::N3-18::B-B07::B3-1-2::N-B07::N-B04::B-B04::N3-1-5::B3-18::N-2-17::B3-1-11::B-B08::N3-3::B3-1-5::B-1-2::B-B02::B3-3::N-1-2::	11
chr3	68937700	69129700	chr3_68937700	22	192000	0.0125701084000742	37	2.98776458351976e-13	32	2.3582270869033e-09	::B-A08::B3-1-2::N3-1-3::N3-2-2::B-B09::B3-3::N-B10::B-B10::B-1-2::N-B07::B-B02::B-2-17::N-A08::B3-c-10::B-B04::B3-1-3::B3-6::N-B09::N-B08::B-A01::N3-18::B-B08::	20
chr3	88852400	89044400	chr3_88852400	23	192000	0.00317596978750194	30	6.92734703149916e-08	24	0.000769007005588314	::N-1-2::B3-1-15::B-B02::B-B07::B3-18::B-B08::B3-6::B-B10::N3-18::N3-1-2::B3-1-2::N-B08::B-B09::B3-2-36::N-B02::N3-1-3::B3-1-3::B3-1-11::N3-1-11::B-A08::B3-3::N3-6::B3-17::	13
chr3	103168700	103360700	chr3_103168700	22	192000	0.0125701084000742	32	2.3582270869033e-09	29	3.57621008646584e-07	::N3-1-15::N-B04::N3-2-22::N3-18::B3-2-2::B-B09::N3-3::B-B10::B3-3::B-1-2::B3-6::B3-1-5::N3-1-11::B-B07::B-2-17::N-2-9::B-A11::N-A11::B-A08::B-2-9::N-B07::N-A08::	20
chr3	104821100	105013100	chr3_104821100	21	192000	0.0475878986749174	26	3.99528063798753e-05	23	0.00317596978750194	::B3-17::B-B02::B-A08::B-B09::B-B07::B-B11::N-B04::B-B04::B-A11::N-2-26::B3-18::B-2-9::B3-1-2::B-2-17::N-1-2::B-A01::N3-1-15::B3-1-15::N-A01::B-A03::B3-6::	14
chr4	130666600	130858600	chr4_130666600	24	192000	0.000769007005588314	30	6.92734703149916e-08	23	0.00317596978750194	::B-B02::N-B10::B-B10::B-B07::N-A01::B3-17::N3-1-2::N-A08::B-A08::B3-2-36::N-B02::B-2-9::B3-1-11::B-1-2::N-B07::N-A11::N-B09::B-B09::B3-2-22::N3-2-22::N3-1-5::B3-1-5::N-B04::B3-18::	11
chr4	138047900	138239900	chr4_138047900	21	192000	0.0475878986749174	26	3.99528063798753e-05	24	0.000769007005588314	::N-B08::N-A11::B-2-9::B3-1-5::N-A08::N-A01::B3-2-36::B3-1-3::N-B10::B-B09::B-B02::B-1-2::B-B11::N-B07::N3-2-36::N3-1-3::B-B08::B3-18::N3-18::B-A08::N3-17::	14
chr4	155478300	155670300	chr4_155478300	21	192000	0.0475878986749174	27	8.59901490945258e-06	21	0.0475878986749174	::B-B09::B-2-9::N-2-9::B-B11::B3-17::B3-2-36::B3-c-32::N3-2-36::N-B04::B3-2-22::B3-3::N3-3::N-1-2::B-B02::N-A11::B-A11::N3-1-5::N3-2-7::B-1-2::B-B10::B3-1-5::	19
chr5	25319400	25511400	chr5_25319400	39	192000	6.80814069692407e-15	136	5.16378468382849e-127	94	1.38300082988075e-72	::N-2-17::B-2-9::N3-1-3::B-2-17::B3-1-2::N3-1-15::N3-2-7::B3-1-15::B3-2-36::B3-2-7::B-B02::N-B02::B3-2-2::N-2-9::N-A03::B-B10::B-B07::B-1-2::N3-2-2::B-A08::B-A03::N-A08::B-B08::B3-18::B3-1-11::N3-1-11::B-B09::B-A11::N3-1-2::N-B07::N-B10::B3-1-3::B3-2-22::N3-2-22::N-B08::B3-17::N3-1-5::B3-6::N3-2-36::	90
chr5	28084600	28276600	chr5_28084600	43	192000	2.62136580775482e-18	93	2.23709856275691e-71	9	4517.47024545389	::N-B04::N-A01::N-A08::N-B09::N3-1-5::N3-2-2::N-1-2::B-B10::B3-6::B-A08::B-1-2::B-B04::B3-1-2::N-A11::B3-1-3::B-2-9::N3-1-11::N3-3::B-B11::B-2-17::B-B08::B-B09::B-B07::B-A01::B3-2-36::B3-2-2::B-A11::B3-3::B3-17::B3-1-11::B3-18::B-B02::B3-1-5::B3-2-22::N-B02::N-B10::N-B08::N3-18::N-A03::B3-1-15::B3-c-10::N3-1-2::B3-2-7::	60
chr5	65514300	65706300	chr5_65514300	21	192000	0.0475878986749174	33	4.15276025204982e-10	26	3.99528063798753e-05	::N-A03::B-B10::N3-2-36::B-1-2::N-A11::N-A01::B3-2-36::N3-1-3::N3-1-11::N3-1-5::B-A11::B3-1-3::B3-1-11::B3-6::N3-6::B3-18::N3-18::N-B02::B-B07::B-B09::N3-2-22::	23
chr5	121653300	121845300	chr5_121653300	23	192000	0.00317596978750194	26	3.99528063798753e-05	21	0.0475878986749174	::N3-17::N-B02::N-2-26::B3-c-10::N-1-2::B-1-2::B3-2-22::B3-6::B-B09::N-B08::N3-c-32::N3-2-36::B3-2-36::B3-3::B-B10::B3-17::B-B11::B-A08::N-A08::B3-2-2::B3-1-5::N3-2-22::B3-1-3::	11
chr5	122292600	122484600	chr5_122292600	23	192000	0.00317596978750194	31	1.29858513219374e-08	23	0.00317596978750194	::N3-1-2::N3-1-3::N-B08::N3-2-2::B-B04::B-B10::B-A11::N-A11::N-B02::B-A08::B-A03::B3-1-15::N-A08::N3-1-15::N-A03::B3-2-36::N-B09::B3-1-3::B-A01::N-A01::B-B02::N-1-2::B3-3::	21
chr5	125009400	125201400	chr5_125009400	21	192000	0.0475878986749174	26	3.99528063798753e-05	23	0.00317596978750194	::B3-6::N-B10::B3-17::N3-17::N-B11::B-B11::B-A03::B-1-2::B3-3::B-A08::N-1-2::N-B09::B3-c-32::B3-2-36::B-B10::N3-2-7::N3-1-15::N-A11::N3-2-36::B-B08::B3-2-2::	13
chr5	136395300	136587300	chr5_136395300	22	192000	0.0125701084000742	25	0.000178753874137036	23	0.00317596978750194	::B3-18::B-A01::B3-2-22::B-B10::B-1-2::B3-17::N-2-9::B-B02::N3-1-2::N3-1-5::B3-1-3::B3-3::N3-2-22::N3-1-11::B-2-26::B-2-9::N-A01::N3-6::N-B04::N3-18::B-B09::N3-2-7::	12
chr6	47333800	47525800	chr6_47333800	24	192000	0.000769007005588314	28	1.78466146422866e-06	23	0.00317596978750194	::B3-3::N-1-2::N-A01::B-B02::N3-6::B3-1-15::N-B04::N3-3::B3-1-2::B-2-9::B-A01::B3-1-11::B-B04::N-2-17::B-B10::B-A08::N3-1-5::N-B07::B3-1-5::N-A03::N3-1-3::N-B10::B3-6::B-B09::	9
chr6	83266800	83458800	chr6_83266800	21	192000	0.0475878986749174	26	3.99528063798753e-05	23	0.00317596978750194	::B-1-2::N-2-9::B3-2-2::B-A01::B3-2-7::B3-1-3::N3-1-2::N-B07::N-A08::B3-6::N-B02::N3-6::N-2-17::B3-18::B-B11::N-1-2::N-A01::B3-2-36::B-B07::B-2-26::B-B02::	15
chr6	83842500	84034500	chr6_83842500	23	192000	0.00317596978750194	27	8.59901490945258e-06	26	3.99528063798753e-05	::N-B07::N3-18::N-B08::B3-1-11::B3-2-36::N-2-17::N-2-26::N3-1-15::B-A08::N3-2-7::B-A01::B3-17::N-B04::B3-1-2::B-1-2::N-A01::B-B09::B-B10::N3-2-36::B3-c-10::N-2-9::B-2-9::N3-1-11::	14
chr6	112976700	113168700	chr6_112976700	22	192000	0.0125701084000742	29	3.57621008646584e-07	25	0.000178753874137036	::B3-2-22::N3-18::B-B10::N3-1-15::B-B02::N3-2-2::B-1-2::N-B11::B-B04::B-A11::N-1-2::N3-2-7::B-B11::N-A03::N-2-17::B-A08::B-B07::N-B08::B-B08::B-A03::B3-1-11::B3-18::	16
chr6	134047800	134239800	chr6_134047800	21	192000	0.0475878986749174	22	0.0125701084000742	18	1.93510213907539	::B-B09::B3-2-22::N3-2-22::N-A08::B3-1-3::B-2-9::B-B11::N3-1-5::B3-1-5::B-B04::B-A08::B-B02::B3-3::N-A01::B3-18::B3-6::N-B04::N-1-2::B-A01::N-2-17::N-B02::	9
chr7	67266800	67458800	chr7_67266800	22	192000	0.0125701084000742	25	0.000178753874137036	18	1.93510213907539	::N-B04::N3-1-5::B-B09::B-B07::N3-3::N3-17::B-A03::N-A01::B-B04::B-A11::N-A11::B-2-26::B3-6::B3-17::B3-1-15::B-A08::N-A03::N3-1-15::N-A08::N-B08::B3-2-36::N-B09::	17
chr7	90020100	90212100	chr7_90020100	22	192000	0.0125701084000742	31	1.29858513219374e-08	29	3.57621008646584e-07	::B-B09::N3-1-15::B-1-2::B-B02::B3-17::N-B09::B-A08::N-1-2::N-B02::B-B07::N3-c-32::N-A11::B3-6::B-A03::N3-2-2::B-B10::N-A01::B-A01::B-A11::B3-2-36::N3-6::B3-1-11::	13
chr7	118128000	118320000	chr7_118128000	21	192000	0.0475878986749174	22	0.0125701084000742	21	0.0475878986749174	::B3-1-11::B-1-2::B-B04::B-B08::B3-6::B3-3::B-A01::B3-2-2::N-B08::B-A08::B3-1-2::B3-1-5::N-A08::B-B07::B-2-26::B3-2-36::N3-2-36::B-A11::N3-17::B-B10::B3-18::	15
chr7	121651900	121843900	chr7_121651900	31	192000	1.29858513219374e-08	41	1.40189351024208e-16	15	48.2780561600886	::B-B10::B3-2-22::N-2-17::N-B09::N-1-2::N3-2-36::N3-1-11::N-B04::B-2-9::B3-2-36::B3-c-32::B-B04::N3-1-15::N3-2-22::N3-1-2::N-A11::N3-6::N-B07::N-B08::N-2-9::N-2-26::N-B11::N3-2-7::N-B02::N-B10::N3-c-10::N3-3::N3-1-3::N3-1-5::N3-17::N3-18::	35
chr7	126012800	126204800	chr7_126012800	22	192000	0.0125701084000742	27	8.59901490945258e-06	24	0.000769007005588314	::B3-1-3::B-B11::B-B04::B3-c-10::N3-1-15::N3-1-5::N3-18::B3-18::B3-6::B-2-17::B3-2-36::N3-2-36::B-B10::B-A01::N-A01::B-B09::N-1-2::B-1-2::N-B08::N-A11::B3-1-2::N-2-9::	15
chr7	136203500	136395500	chr7_136203500	35	192000	1.17847466027946e-11	40	9.89085206962912e-16	11	1386.86109933424	::N3-1-15::N3-6::B-B04::N-B07::B-2-17::B3-18::B3-6::B-B09::N3-c-10::N-B11::N3-2-36::N-A08::N-2-9::N-2-26::N-2-17::N-B04::N3-17::N-B09::N-A11::N-B02::N3-1-11::N3-1-5::N-A01::N3-1-3::N-1-2::N3-2-7::N3-2-2::N3-c-32::N-A03::N-B10::N3-3::N-B08::N3-1-2::N3-2-22::N3-18::	33
chr7	141448400	141640400	chr7_141448400	21	192000	0.0475878986749174	25	0.000178753874137036	22	0.0125701084000742	::N-1-2::N3-1-2::B-A08::B-B09::B-B02::B3-3::B3-1-11::B-A03::N-A03::N-B02::B3-18::N-2-26::B-2-26::N3-1-5::B3-17::B3-2-2::N3-3::N3-2-22::N-2-9::B-1-2::N-2-17::	11
chr8	95702200	95894200	chr8_95702200	21	192000	0.0475878986749174	27	8.59901490945258e-06	25	0.000178753874137036	::N3-17::B3-1-3::N-1-2::N-B10::B-B04::N3-6::B3-1-2::N-2-17::B3-1-11::B3-2-22::N3-2-22::B3-6::B-B10::B3-18::B-A01::B-1-2::B3-c-10::B-B02::N3-1-5::B-A11::N-A11::	15
chr8	109669800	109861800	chr8_109669800	23	192000	0.00317596978750194	38	4.56907149528125e-14	31	1.29858513219374e-08	::B-2-9::N3-17::B3-c-10::N-B08::B-B10::N-B10::N3-18::B3-1-3::B3-1-2::N-B07::N3-1-11::N-B11::N3-1-5::B3-2-36::B-B07::N3-1-2::N-2-17::B-2-17::B-B02::N3-2-36::B3-c-32::B3-2-7::B3-18::	19
chr8	117272200	117464200	chr8_117272200	21	192000	0.0475878986749174	30	6.92734703149916e-08	26	3.99528063798753e-05	::N-A01::B-B04::B3-17::B-1-2::B-B07::N-B10::B3-1-11::B-2-17::N-2-17::N-B09::N-A11::N-1-2::B3-1-3::N3-1-5::N-B04::B3-1-5::B-B02::N-2-26::B3-2-22::B-A08::N-B08::	13
chr9	3000100	3192100	chr9_3000100	33	192000	4.15276025204982e-10	60	1.87071416870112e-34	19	0.591855199896052	::N-A08::N-B08::B-B02::N-B07::N-2-17::N3-18::N3-6::B-B11::N-B11::N-A11::N3-2-22::N-A01::N-B04::N-2-26::N3-2-7::N3-1-3::N-B10::N3-1-15::N3-17::N3-2-2::N3-1-5::B-B10::N-B02::B3-17::B3-2-22::B-A08::N3-2-36::N3-1-2::B-B09::N-A03::B-2-17::N-B09::N3-1-11::	27
chr9	21620300	21812300	chr9_21620300	22	192000	0.0125701084000742	30	6.92734703149916e-08	26	3.99528063798753e-05	::B3-1-15::N-2-17::B3-1-2::B3-18::N3-18::B-A08::B-B04::N-1-2::B-1-2::B-B02::N-A08::B-B10::N3-2-7::N-B02::N-B09::B-B08::B3-17::B3-2-36::B3-3::N-A11::B-B07::N-B07::	16
chr9	35116100	35308100	chr9_35116100	24	192000	0.000769007005588314	29	3.57621008646584e-07	20	0.171969190691298	::B3-1-11::N-B09::B-1-2::N-1-2::B3-2-36::B-A03::B-A08::B3-2-22::B3-3::N3-1-2::B3-c-32::B-2-9::B3-17::B3-1-15::B-B11::N3-1-11::N3-1-3::N3-18::N3-1-15::N-B04::N-B11::N-B07::N3-1-5::N-A11::	15
chr9	58523200	58715200	chr9_58523200	21	192000	0.0475878986749174	27	8.59901490945258e-06	24	0.000769007005588314	::B-B11::B3-3::N3-3::B3-17::B-A01::N-B04::B3-1-3::N-1-2::B-1-2::N3-17::N-B10::B-B10::B3-2-2::B-A08::N3-18::N3-1-3::N-B08::B-B04::B3-2-22::B3-2-36::B-A03::	14
chr9	66404900	66596900	chr9_66404900	23	192000	0.00317596978750194	28	1.78466146422866e-06	26	3.99528063798753e-05	::B3-17::B3-2-36::B-B10::B-B07::B3-18::B3-2-22::N-B07::N3-18::N3-17::B-2-17::N-B04::B-A01::B-A08::B-B09::N-B08::B3-1-2::B-1-2::N-1-2::N-2-17::N3-c-10::N-B10::N-A11::N-B11::	16
chr9	70317100	70509100	chr9_70317100	23	192000	0.00317596978750194	29	3.57621008646584e-07	27	8.59901490945258e-06	::B-A11::N-B04::B3-2-2::B-B07::B-B02::N-B02::N3-2-2::B3-2-36::B-1-2::N3-1-3::N3-1-11::N-A11::B-B09::B3-6::B3-1-3::N-1-2::B-A01::B3-3::B3-1-5::B-B10::B-A08::N-A03::B3-1-11::	16
chr9	70560700	70752700	chr9_70560700	22	192000	0.0125701084000742	37	2.98776458351976e-13	35	1.17847466027946e-11	::B-B04::N-B07::N-B11::B3-2-22::N-B09::N3-17::B3-18::N3-18::N3-1-11::B-B07::N3-1-2::N-B08::B3-1-11::B3-3::B-A03::B-B02::B3-17::B3-2-2::N3-2-36::B-1-2::N-2-17::N3-1-15::	13
chr9	71931400	72123400	chr9_71931400	28	192000	1.78466146422866e-06	49	1.00267569140282e-23	40	9.89085206962912e-16	::N-A11::B-2-17::N3-2-36::B3-2-36::N3-c-32::N-B08::B-B02::B3-18::B3-6::N3-1-11::N-B10::N-B04::N-2-17::B3-17::B3-c-10::N3-17::B-B11::N3-1-3::B3-1-3::B-1-2::B-B04::B3-1-5::N3-1-5::B3-2-2::B3-3::B-2-9::N-1-2::B3-2-7::	35
chr9	72541100	72733100	chr9_72541100	24	192000	0.000769007005588314	30	6.92734703149916e-08	25	0.000178753874137036	::B-B10::B-B02::N-B08::N-1-2::B3-6::B-2-9::N3-2-2::B3-2-2::N3-2-7::N-A01::N-B10::N-2-26::N3-18::N3-1-11::B-A08::B3-2-22::B3-1-2::B3-2-36::N3-2-36::N3-6::N-B02::B3-3::N3-3::N-A08::	19
chr9	107659900	107851900	chr9_107659900	24	192000	0.000769007005588314	31	1.29858513219374e-08	27	8.59901490945258e-06	::N-B07::B-B09::N3-1-5::N3-18::B3-2-2::N-2-17::N-A01::B-1-2::N-B02::B-B02::B3-17::N3-17::B-B10::B3-3::B3-1-5::N3-c-10::N-B04::N3-3::B-A01::N3-2-36::B3-6::B-A08::B3-1-15::N-B11::	15
chrUn_GL456390	0	192000	chrUn_GL456390_0	38	192000	4.56907149528125e-14	80	4.19525219029919e-56	58	1.96101243042833e-32	::B3-18::N3-6::N3-1-2::N3-2-7::N3-1-3::B3-3::N-2-17::N3-2-2::N3-17::N-B09::N-A03::N3-1-15::N3-3::N-B08::N-B04::N-A08::N-A01::N-B10::N3-1-11::B-1-2::N3-2-22::N3-2-36::N3-18::N-B11::N-B02::B-A08::N3-1-5::B3-2-7::B-B02::B3-17::N-A11::B3-6::B-A03::B3-2-22::B-B11::N-2-26::B3-1-2::B-B04::	47
chrUn_GL456393	1400	193400	chrUn_GL456393_1400	32	192000	2.3582270869033e-09	52	1.48392683516394e-26	41	1.40189351024208e-16	::N3-2-36::N3-18::N-2-17::N3-1-3::N-B11::N-B02::N3-1-2::N3-2-2::B-A08::N3-1-15::N3-1-5::B-1-2::N3-6::B3-2-7::N-B10::N-B08::B-B02::B3-3::N-A03::B3-17::N-A11::B3-6::N-A01::B-A03::B3-2-22::B-B11::N-2-26::N-B09::B3-1-2::B-B04::N-A08::N3-17::	27
chrUn_JH584304	1500	193500	chrUn_JH584304_1500	24	192000	0.000769007005588314	32	2.3582270869033e-09	29	3.57621008646584e-07	::B-B02::B3-3::N-A03::B3-17::N-A11::B3-6::N-A01::B-A03::B3-2-22::N3-18::B-B11::N-B08::N-B11::N-2-26::N-B09::B3-1-2::B-A08::B-B04::B-1-2::N3-1-3::N-A08::N3-17::N-2-17::N3-1-2::	15
chrX	18123700	18315700	chrX_18123700	28	192000	1.78466146422866e-06	63	1.5407809071149e-37	49	1.00267569140282e-23	::N-B04::N3-3::B3-1-11::B-B07::N-A01::B3-2-36::B-A08::N-B09::B-B09::B-1-2::N3-2-7::B3-2-7::B-B10::N-B10::B-B04::B3-17::N-1-2::B-2-26::N3-1-2::B-A11::N-A11::N-2-17::B-2-17::N3-17::N-B08::B3-3::N3-1-5::B3-1-2::	26
