chr10	20239900	20354900	chr10_20239900	19	115000	0.000358828282866061	19	0.000358828282866061	18	0.00195874761477365	::N3-6::B-2-26::B3-6::B-1-2::N-1-2::N-A03::B3-18::B3-1-2::B3-1-3::N-B09::B-B09::B-A01::B-B02::N-B02::N-2-26::N-B10::N-A01::B3-1-15::N-2-17::	13
chr10	67148500	67263500	chr10_67148500	19	115000	0.000358828282866061	22	1.63757069225464e-06	20	6.24479891297841e-05	::N3-2-36::N-B11::N-A11::B-2-17::B3-6::B-1-2::B-A03::N-1-2::N-B07::B-B07::B3-1-2::N3-2-2::B3-3::N3-1-5::N-A01::B-B11::B-B09::N3-6::B-B10::	13
chr10	108167700	108282700	chr10_108167700	25	115000	5.00387361754331e-09	34	1.97125810306317e-17	24	3.59405363343695e-08	::N-A01::N-B04::N-B09::N3-1-5::B3-1-15::B-A03::N-A08::N3-1-15::N-A03::N-1-2::B3-3::B-B11::B3-1-2::B3-2-22::B3-6::B-B10::N-B10::B3-1-3::B-2-17::N-B08::B-A08::B3-17::B-B09::N-B02::B-B04::	15
chr10	117287100	117402100	chr10_117287100	16	115000	0.049473921173396	19	0.000358828282866061	17	0.010129527750603	::B-A08::N-B11::B3-6::N3-1-5::N-2-17::N-B04::B-B10::N-B09::B-B09::N3-6::B-A11::N-B02::N-B10::B-B02::N-1-2::N3-18::	7
chr10	128050100	128165100	chr10_128050100	16	115000	0.049473921173396	18	0.00195874761477365	14	0.980085581539643	::B3-3::B-1-2::B3-1-5::N-1-2::B-B09::B-A08::N-A01::N-B04::B-B11::B-B02::B-B07::B3-1-2::N3-1-2::N-B07::N3-1-11::N3-2-2::	9
chr10	128324300	128439300	chr10_128324300	16	115000	0.049473921173396	16	0.049473921173396	15	0.227423075473648	::B-B02::B-1-2::N-1-2::B-B10::B-B11::N-B11::B-A08::N3-1-15::N3-6::B3-2-22::B-B07::B-B04::B3-1-3::B3-1-15::N-2-9::B3-1-11::	7
chr11	3182100	3297100	chr11_3182100	18	115000	0.00195874761477365	26	6.69876544545912e-10	24	3.59405363343695e-08	::B-B07::N3-2-2::N-A03::B-B09::N3-18::N3-1-3::B-A03::B-2-17::B-B10::B3-2-36::N3-17::B-A08::N-A08::N-B04::B3-1-3::B-2-9::B-1-2::B3-3::	14
chr11	23264700	23379700	chr11_23264700	17	115000	0.010129527750603	23	2.47818662240886e-07	21	1.03504909691734e-05	::B3-c-32::B3-18::N-B08::N3-17::B-B09::B3-2-22::N3-6::N-B02::B-B07::N-A03::B3-6::B3-17::N-2-17::B-1-2::B3-c-10::B3-2-2::B-B04::	13
chr11	54511000	54626000	chr11_54511000	17	115000	0.010129527750603	24	3.59405363343695e-08	15	0.227423075473648	::N-A03::B-A03::N-B04::B3-2-22::B-1-2::N3-1-15::N-A08::B3-1-15::B-A08::B-A11::N-A11::B-A01::B-2-17::B3-1-3::N3-1-11::B-B10::B3-6::	14
chr11	58018400	58133400	chr11_58018400	17	115000	0.010129527750603	22	1.63757069225464e-06	20	6.24479891297841e-05	::B3-2-36::B3-1-3::B-A03::B-1-2::B-B02::N-B02::N3-1-3::N-A01::N-B11::B3-2-2::N-B04::N-A11::B-B07::N3-1-2::B3-3::B-B11::N3-2-7::	10
chr11	59675300	59790300	chr11_59675300	17	115000	0.010129527750603	20	6.24479891297841e-05	14	0.980085581539643	::N-A08::B3-3::B-B02::B3-2-2::B3-1-15::N3-1-15::B3-1-2::N3-3::B-B11::B3-2-36::N-A11::B-A11::B3-2-22::B-B08::N3-1-11::B-B07::B-A08::	13
chr11	60108100	60223100	chr11_60108100	17	115000	0.010129527750603	22	1.63757069225464e-06	20	6.24479891297841e-05	::B-A11::N-B08::B3-1-15::N-1-2::N3-1-3::B3-3::B-2-9::B3-17::B-B02::B-1-2::N-B09::B-B11::N3-2-36::N3-1-5::B3-1-5::N3-2-7::B3-2-36::	9
chr11	69570500	69685500	chr11_69570500	17	115000	0.010129527750603	22	1.63757069225464e-06	17	0.010129527750603	::B3-1-2::B3-17::B3-1-15::N-1-2::N3-3::N3-1-11::B-B04::N3-1-2::N-B07::B-B07::B3-2-2::B3-2-36::B3-2-22::N-A08::B3-6::N-B02::N3-2-2::	10
chr11	74671500	74786500	chr11_74671500	20	115000	6.24479891297841e-05	26	6.69876544545912e-10	19	0.000358828282866061	::N3-3::B-B02::B3-1-15::B3-1-2::B-A01::B-B04::N-B04::B-B10::B3-2-2::N3-1-5::B3-1-5::N-B07::N3-1-2::B-B07::N-B11::N-B02::B-1-2::N-A01::N-2-17::B3-18::	10
chr11	75682400	75797400	chr11_75682400	18	115000	0.00195874761477365	24	3.59405363343695e-08	22	1.63757069225464e-06	::N-B10::B-A11::B-A01::B3-2-22::N3-2-22::N3-17::N-B04::B-1-2::N3-1-5::B3-c-32::N-A01::B3-6::N-A08::B3-3::N-B11::B-B11::N-B08::B3-2-36::	11
chr11	77512700	77627700	chr11_77512700	18	115000	0.00195874761477365	28	1.07348640868975e-11	21	1.03504909691734e-05	::B3-2-2::B3-3::B-B10::B3-1-15::N3-1-15::B-B02::N-B07::B3-2-36::B3-17::N3-17::N-1-2::B-A01::N-A11::B-A11::N3-3::B-B11::N-2-17::N-B08::	15
chr11	79387200	79502200	chr11_79387200	20	115000	6.24479891297841e-05	30	1.49486120788863e-13	26	6.69876544545912e-10	::N-B10::N3-3::N3-2-2::N-A01::B-A08::B3-2-7::B3-3::N-B07::N-B08::B-A11::N-A11::B-B02::B-1-2::N3-1-11::B3-1-11::B3-1-3::B3-18::B-B09::B3-2-36::B3-c-10::	15
chr11	84770000	84885000	chr11_84770000	16	115000	0.049473921173396	21	1.03504909691734e-05	19	0.000358828282866061	::B-B04::B3-3::B-2-17::N3-1-2::B3-6::B-B10::B3-1-2::B-B02::N-B09::B3-1-5::N-2-17::B3-2-36::N-A08::B-A08::N-B02::N3-3::	6
chr11	86250700	86365700	chr11_86250700	16	115000	0.049473921173396	23	2.47818662240886e-07	19	0.000358828282866061	::N-A03::N-B02::B-B02::B3-2-2::N-B08::N3-c-10::B-1-2::N-2-17::N3-2-36::B3-1-5::N3-1-11::B3-1-11::B-A08::N3-1-3::B3-1-3::B-B08::	9
chr11	86670200	86785200	chr11_86670200	18	115000	0.00195874761477365	29	1.28842854948055e-12	23	2.47818662240886e-07	::N-B04::B-B02::N-2-17::B-B11::B-B10::B3-6::B3-2-7::N3-2-7::B3-2-2::B3-3::B3-1-3::N-B11::N3-3::N-2-26::B-2-26::B3-2-36::N-1-2::N-B09::	19
chr11	88050000	88165000	chr11_88050000	17	115000	0.010129527750603	27	8.63560550322146e-11	24	3.59405363343695e-08	::B3-6::N3-17::B3-3::B-B11::N-1-2::B-B02::N-B08::B-B08::N3-3::B-B07::N3-2-2::N-B04::N3-1-3::N-B11::B3-1-15::B-1-2::B-B10::	7
chr11	98132200	98247200	chr11_98132200	16	115000	0.049473921173396	18	0.00195874761477365	16	0.049473921173396	::N3-6::B3-1-11::B-B11::B-B10::B3-3::B3-2-36::N-A11::N3-18::B-B02::B-B09::N-2-17::N3-17::B3-1-15::N3-2-22::B-A08::N-A03::	10
chr11	105660500	105775500	chr11_105660500	17	115000	0.010129527750603	20	6.24479891297841e-05	18	0.00195874761477365	::N-2-17::N3-18::B-B02::B-2-17::N-B04::B3-2-36::B-B10::B-B04::N3-6::B3-2-2::N3-2-2::B3-1-11::B-B09::N3-1-5::N3-1-11::B3-2-7::B3-3::	12
chr11	106775900	106890900	chr11_106775900	18	115000	0.00195874761477365	26	6.69876544545912e-10	20	6.24479891297841e-05	::N3-2-36::B3-2-22::N-B07::N3-6::B3-6::N-B04::B3-1-11::N-2-26::B-2-26::B3-2-36::B-B11::B3-2-2::B-B04::B3-1-5::N3-1-5::B-A01::B-B02::N3-c-10::	11
chr11	107016700	107131700	chr11_107016700	17	115000	0.010129527750603	21	1.03504909691734e-05	19	0.000358828282866061	::N3-1-5::N-B07::B3-1-3::N3-1-3::B-1-2::N3-17::B3-1-5::B-B02::B-2-17::N-B02::N-B09::B3-18::B-B09::N3-6::N-B11::B-B10::B-B07::	9
chr12	8676400	8791400	chr12_8676400	16	115000	0.049473921173396	20	6.24479891297841e-05	17	0.010129527750603	::B-B02::N-B02::N3-1-5::B-2-9::B-B08::N-B08::B3-3::B3-1-5::N-B10::N-B11::B3-6::B3-1-2::B3-2-36::B-B11::B-B07::N-B07::	14
chr12	51629900	51744900	chr12_51629900	16	115000	0.049473921173396	17	0.010129527750603	17	0.010129527750603	::B-B02::B-B09::N3-1-5::B-1-2::B3-2-22::B3-1-5::B3-6::N3-3::N-A11::B3-1-15::B-2-9::B3-c-10::N-B11::B-A03::B3-2-2::B3-18::	11
chr12	83612800	83727800	chr12_83612800	17	115000	0.010129527750603	20	6.24479891297841e-05	17	0.010129527750603	::N-B07::B-A08::N3-1-5::N-B10::B-B11::N-1-2::N3-2-36::B3-1-2::B3-1-11::N3-1-11::N3-1-15::N-2-17::B3-2-36::N-2-26::B-B10::B3-2-2::N3-2-2::	17
chr12	87344500	87459500	chr12_87344500	16	115000	0.049473921173396	17	0.010129527750603	16	0.049473921173396	::B3-3::N3-1-5::B-B04::B-B02::B3-2-36::N3-1-2::N-A11::N3-2-2::N3-2-36::N-B04::N-A01::N3-2-22::B3-2-22::N3-3::B-A03::B3-6::	9
chr12	105758800	105873800	chr12_105758800	16	115000	0.049473921173396	18	0.00195874761477365	16	0.049473921173396	::B-B07::N3-6::N-B08::B-B02::N3-1-2::N3-2-36::N3-2-2::B-A01::N3-1-3::N3-2-7::B3-2-7::N3-1-5::B-A08::B3-6::B-B10::N-A03::	4
chr13	3544000	3659000	chr13_3544000	17	115000	0.010129527750603	19	0.000358828282866061	16	0.049473921173396	::N-B02::B3-18::N3-1-3::B3-1-3::B-B10::B-B02::B3-1-15::B-A03::B-A08::B-B09::N-2-17::N-B10::B-B07::N3-1-15::B-2-17::B3-2-22::N3-17::	7
chr13	14025200	14140200	chr13_14025200	17	115000	0.010129527750603	18	0.00195874761477365	15	0.227423075473648	::N3-1-15::N3-17::N3-18::B-B02::N-B02::N-B11::B-B09::N3-3::N-B04::N-A01::N3-2-36::B3-2-36::B3-2-22::N-B10::B-2-26::N3-1-2::B-B11::	8
chr13	24040300	24155300	chr13_24040300	19	115000	0.000358828282866061	25	5.00387361754331e-09	18	0.00195874761477365	::N3-1-2::B-A03::B3-1-15::B-A08::N3-1-15::N-A08::N-A03::N3-17::N-B11::N-2-17::B-2-17::B3-2-22::N3-2-22::B-B02::N3-1-3::B3-1-3::B3-17::B-A11::N-B08::	15
chr13	43400100	43515100	chr13_43400100	19	115000	0.000358828282866061	23	2.47818662240886e-07	19	0.000358828282866061	::N3-1-3::B-A03::N3-1-5::N-B10::N-B09::B-B04::B-2-17::N-A11::B3-1-5::B3-17::B-B02::B3-6::N3-1-2::N3-1-15::N-B07::N-A03::N-A08::B3-1-3::B-B09::	14
chr13	44780300	44895300	chr13_44780300	16	115000	0.049473921173396	24	3.59405363343695e-08	20	6.24479891297841e-05	::N-B02::B3-2-22::N3-2-22::B-B02::B3-6::B-B07::N-B04::B-1-2::N3-1-3::N-A01::N3-6::B3-2-2::B-B04::N-B07::B3-1-2::N3-18::	5
chr13	46685100	46800100	chr13_46685100	16	115000	0.049473921173396	19	0.000358828282866061	18	0.00195874761477365	::B3-2-22::B-B10::N-B10::B-B07::N3-6::N3-2-2::N3-2-36::B3-1-2::B-B11::B-A08::B3-6::N-B08::B3-3::B-B02::N-A11::N-B07::	14
chr13	63206900	63321900	chr13_63206900	18	115000	0.00195874761477365	22	1.63757069225464e-06	17	0.010129527750603	::B-A03::N-A11::B-A11::N-B08::B-A01::B3-2-2::B-B02::B-A08::B3-6::B-2-9::N-B02::B-B04::B3-1-5::N3-1-5::B3-1-3::B3-3::N3-3::B-1-2::	11
chr13	94488700	94603700	chr13_94488700	18	115000	0.00195874761477365	18	0.00195874761477365	6	5508.65480380924	::B-B10::B-A08::N-B08::B-B02::N-2-26::N-B04::N3-18::N-2-17::N-B07::N-A11::N-B10::N-1-2::N3-1-5::N3-2-36::N3-3::N3-2-2::N3-6::B-A11::	14
chr13	103803900	103918900	chr13_103803900	20	115000	6.24479891297841e-05	30	1.49486120788863e-13	21	1.03504909691734e-05	::B-B09::N3-1-2::B-B10::B3-2-36::B-A08::N3-1-15::B3-1-15::N-A03::B-A03::N3-6::B-2-9::B3-17::B-B11::N-B08::B-B08::B3-3::N-B09::N-B04::B3-6::N3-2-36::	10
chr13	114288100	114403100	chr13_114288100	16	115000	0.049473921173396	18	0.00195874761477365	16	0.049473921173396	::B-B04::B3-2-2::B-A03::N3-2-7::N-B09::B-B09::N-B10::B-A08::B3-c-10::B3-17::N3-1-5::B-A11::N-B11::B3-1-3::B-B10::B-1-2::	10
chr14	19323600	19438600	chr14_19323600	31	115000	1.67842123428464e-14	46	3.34410456546634e-30	23	2.47818662240886e-07	::B-A08::B3-6::N-A03::N-A01::N3-6::N3-1-3::N3-3::N3-2-36::B3-2-36::N3-1-15::N3-18::N3-1-5::N-B11::N3-2-22::B3-2-2::N3-17::N3-1-11::B-B04::N-2-17::N-B02::N-2-9::B-B11::N-B10::B3-3::N-1-2::B3-17::N-B04::N-B08::N-B07::N-A08::N3-2-7::	34
chr14	30993100	31108100	chr14_30993100	21	115000	1.03504909691734e-05	31	1.67842123428464e-14	25	5.00387361754331e-09	::B3-17::B-B09::N-B04::B3-c-10::N-A01::N3-1-5::N-2-17::N3-1-3::B3-1-3::N-B11::B-B11::B3-1-2::N-B02::B-B07::N-B07::N-B10::N3-c-10::B-B10::B-A08::B3-6::N3-1-2::	15
chr14	34408900	34523900	chr14_34408900	16	115000	0.049473921173396	24	3.59405363343695e-08	21	1.03504909691734e-05	::B3-2-36::B-2-9::N3-17::B3-17::B-B02::B-A01::N-B08::B-B08::B3-1-2::N3-18::B3-1-3::B-A08::B-A11::N-A11::N-B10::N3-1-5::	13
chr14	73206800	73321800	chr14_73206800	24	115000	3.59405363343695e-08	50	8.88018099773177e-35	33	1.92557580974217e-16	::N3-1-15::N-A01::B3-1-15::N-B02::B-B11::B-A08::N-B11::B-A03::N-A03::N-A08::B-B02::N-2-17::B3-3::N3-2-7::B3-2-22::B-A01::B3-c-10::N3-c-10::B-B04::N-B04::B-A11::B-B07::N3-1-5::B3-1-5::	41
chr14	121261300	121376300	chr14_121261300	17	115000	0.010129527750603	20	6.24479891297841e-05	18	0.00195874761477365	::N-B04::B3-2-2::N-1-2::N-2-17::N3-3::N3-17::N3-2-2::N-A11::B-A11::B-B04::B-B02::B3-1-2::B-B11::B-A08::N-B11::N-B02::B3-1-3::	11
chr15	8321500	8436500	chr15_8321500	22	115000	1.63757069225464e-06	24	3.59405363343695e-08	23	2.47818662240886e-07	::B3-2-2::B-B04::B3-18::B-A08::N3-c-32::B3-2-36::N-B04::N-B08::B-2-17::N-2-17::B-B02::B-B07::B3-1-11::B3-c-10::B-1-2::B-B08::N-A11::B-2-26::N3-6::B3-17::N3-2-36::B-B11::	18
chr15	12101300	12216300	chr15_12101300	20	115000	6.24479891297841e-05	26	6.69876544545912e-10	21	1.03504909691734e-05	::N3-2-2::B3-2-36::N3-2-36::B3-c-32::B-B11::B-B08::B3-6::N-B02::N-B04::N-B08::N-B09::N3-1-3::N3-1-11::N-A11::B-B02::B-A08::B-B07::N-B07::B-1-2::N-2-26::	13
chr15	37967800	38082800	chr15_37967800	17	115000	0.010129527750603	30	1.49486120788863e-13	26	6.69876544545912e-10	::B-A08::B-B11::B3-6::B-B04::B3-1-5::N3-1-15::N-B04::N3-1-5::N-2-26::N-A01::B-A01::N3-17::N-B02::N3-2-7::N3-3::B3-17::N-B08::	14
chr15	77111100	77226100	chr15_77111100	20	115000	6.24479891297841e-05	24	3.59405363343695e-08	19	0.000358828282866061	::B-1-2::B3-2-7::N3-2-7::B-B04::B3-3::B-A11::N-B07::N-B08::B-B08::N3-1-2::B-B07::B3-1-2::B-A03::N-B02::N3-1-15::N-A08::B3-2-36::B3-6::N-B11::B3-1-15::	9
chr15	80778300	80893300	chr15_80778300	20	115000	6.24479891297841e-05	28	1.07348640868975e-11	24	3.59405363343695e-08	::N-B09::B3-1-2::B3-17::B-B11::B3-1-3::N3-1-3::B3-6::N-B04::N-B08::N3-17::B3-1-11::B-A03::N3-6::B-A11::N-A11::N-1-2::N3-1-5::N3-1-2::B-A08::B3-2-22::	15
chr15	81582200	81697200	chr15_81582200	17	115000	0.010129527750603	21	1.03504909691734e-05	17	0.010129527750603	::B-A11::N-B08::B-B08::B3-2-7::N3-2-7::B-B02::N3-6::B3-6::N3-3::B3-2-2::N3-1-11::B3-1-2::B-B11::N-A01::B-B07::B-B04::N-B04::	11
chr15	96329600	96444600	chr15_96329600	18	115000	0.00195874761477365	26	6.69876544545912e-10	23	2.47818662240886e-07	::N3-2-22::B3-2-36::B-2-26::B-B02::N3-2-36::N-1-2::N-B04::N3-1-5::B-1-2::B3-3::N3-18::B-2-17::B-B04::N-A08::B3-c-32::B3-6::B-B11::B3-1-11::	16
chr15	99974300	100089300	chr15_99974300	18	115000	0.00195874761477365	21	1.03504909691734e-05	19	0.000358828282866061	::N-A08::B3-1-15::N3-1-15::N-2-17::N-B10::N-1-2::B3-2-2::B-2-17::N-B07::B-A11::B-B07::B-B09::B3-6::N-B11::B3-2-22::N-A11::B-A01::B-A08::	8
chr15	101983300	102098300	chr15_101983300	16	115000	0.049473921173396	19	0.000358828282866061	15	0.227423075473648	::N-B09::N-1-2::N3-1-5::N-B11::N-A11::B-A11::B3-2-22::B-B02::N3-17::N-B08::B-2-9::B-B10::N3-3::B3-3::B-2-26::N-2-26::	7
chr16	4097100	4212100	chr16_4097100	20	115000	6.24479891297841e-05	27	8.63560550322146e-11	27	8.63560550322146e-11	::B3-6::B-1-2::N-B10::N3-1-3::N-B02::B-A08::N-B08::B3-17::B3-c-10::B-B09::N-A01::N-1-2::B3-1-11::B-B10::B3-2-22::B3-1-2::N-2-17::B3-1-3::N3-6::N-B11::	13
chr16	35967200	36082200	chr16_35967200	16	115000	0.049473921173396	20	6.24479891297841e-05	17	0.010129527750603	::B-B02::N3-6::N3-1-2::N-1-2::B-B09::N3-2-7::N-A01::B-A01::N3-2-36::N-B02::B-2-17::B-B07::N-B09::N3-1-5::N-B10::B-B10::	9
chr16	38102800	38217800	chr16_38102800	18	115000	0.00195874761477365	24	3.59405363343695e-08	22	1.63757069225464e-06	::B-A11::B-B10::B-B04::B3-18::N3-2-7::B-B07::N3-2-22::B-A08::B-B09::B-B02::B-1-2::N-1-2::N-A08::N-2-17::N3-1-15::N3-6::N-B07::B-B08::	12
chr16	87380200	87495200	chr16_87380200	16	115000	0.049473921173396	24	3.59405363343695e-08	21	1.03504909691734e-05	::B-B04::B3-3::N-A01::B-A01::B-B10::B-A03::B3-1-11::B-A08::N3-1-11::B3-6::B-B07::B-B02::B-B09::N3-17::N-B04::N3-6::	8
chr17	5206300	5321300	chr17_5206300	19	115000	0.000358828282866061	25	5.00387361754331e-09	20	6.24479891297841e-05	::N3-1-3::B-A08::N3-1-15::N-A01::B-B02::B-B07::N-B07::B3-3::N3-3::B-B09::N-B11::B-B11::N-A08::N-B09::B3-1-3::N3-1-2::B-2-17::B3-c-32::N3-1-5::	9
chr17	10195800	10310800	chr17_10195800	17	115000	0.010129527750603	23	2.47818662240886e-07	21	1.03504909691734e-05	::B3-1-3::N-A03::N-B10::B3-6::B3-1-11::N-A01::B-B10::B3-17::N-A08::B-B04::N3-17::B-B08::N3-6::B-2-26::B-A03::N-1-2::B3-2-22::	13
chr17	13775700	13890700	chr17_13775700	23	115000	2.47818662240886e-07	28	1.07348640868975e-11	23	2.47818662240886e-07	::N3-1-3::B3-17::B3-1-3::B3-1-2::B3-2-36::B-2-17::N-2-17::B-2-9::N-2-9::N3-2-2::B3-6::B-1-2::B-B07::B3-2-2::N3-1-11::B-B09::B-B11::N-B11::B-B08::N-1-2::N-B04::N-B02::B-B02::	13
chr17	30006400	30121400	chr17_30006400	20	115000	6.24479891297841e-05	30	1.49486120788863e-13	27	8.63560550322146e-11	::B-B02::N3-1-5::N-A08::B3-17::B-B10::B-B11::N-A11::N-2-17::B3-1-3::N3-1-3::N-B07::N-A01::N-B04::N3-18::B3-3::B3-1-11::B-2-17::B3-2-2::B3-2-7::B-B04::	15
chr17	32215000	32330000	chr17_32215000	22	115000	1.63757069225464e-06	28	1.07348640868975e-11	24	3.59405363343695e-08	::B-1-2::B-A08::N3-c-10::N-B10::N-A01::B3-17::B-B07::B-A03::B-B02::B3-1-2::N3-1-2::N-B08::B-2-17::N-2-17::N-B09::N3-1-5::B3-6::N3-6::N3-3::N3-2-2::B3-1-11::B3-3::	17
chr17	33567700	33682700	chr17_33567700	17	115000	0.010129527750603	21	1.03504909691734e-05	18	0.00195874761477365	::B-A03::B3-c-10::N3-2-7::B-B07::N-B07::N-B09::B3-6::B3-17::B-2-17::B3-1-2::N3-6::B3-1-3::B-B10::N-B10::B-B02::N-1-2::B-1-2::	12
chr18	4940400	5055400	chr18_4940400	17	115000	0.010129527750603	20	6.24479891297841e-05	18	0.00195874761477365	::B-B11::B-A08::B-B10::B-1-2::N-A03::N3-17::N-A01::N-B08::B-B02::N-B10::B3-3::N3-1-5::N3-2-22::N-2-9::B-B04::B-A03::N3-2-7::	12
chr18	6433400	6548400	chr18_6433400	17	115000	0.010129527750603	22	1.63757069225464e-06	18	0.00195874761477365	::N3-1-5::B-B08::B3-6::B-1-2::N-1-2::N-B10::B-B10::N-B07::B-B04::N-B08::B-2-17::N-2-17::B-B07::B3-3::N3-3::N-B04::N3-17::	12
chr18	9344900	9459900	chr18_9344900	20	115000	6.24479891297841e-05	23	2.47818662240886e-07	16	0.049473921173396	::N-B08::N-B07::N3-1-2::B3-1-2::B-B07::B3-2-22::N-1-2::N-A03::N-A01::B-A08::B-1-2::B3-c-10::B3-17::B-B09::B-B04::B3-3::N3-3::B-A01::N-2-17::B-B11::	13
chr18	9972400	10087400	chr18_9972400	16	115000	0.049473921173396	17	0.010129527750603	13	3.94212370695129	::B-B10::N-B02::B-A03::N-A01::B3-2-7::N3-2-7::N-A11::B-B04::B-A08::B3-2-22::N3-3::B3-3::B-B02::N-B11::B-B11::N3-2-2::	9
chr18	31795200	31910200	chr18_31795200	18	115000	0.00195874761477365	20	6.24479891297841e-05	18	0.00195874761477365	::B3-2-36::B3-6::N3-18::B3-18::N3-6::B-B10::B-1-2::N3-2-2::B-B09::B3-1-3::N-B08::N-A11::B-A08::N3-1-5::B3-1-2::B-2-17::B3-2-7::B-B11::	10
chr18	35759600	35874600	chr18_35759600	18	115000	0.00195874761477365	22	1.63757069225464e-06	19	0.000358828282866061	::B-1-2::B3-2-22::B-A08::B3-6::N-A01::N3-2-7::B3-2-7::B-A11::N3-3::N-A08::N-B11::B-B11::N-B09::N-A11::B-A03::N-B07::B3-1-5::B3-2-2::	8
chr18	73571800	73686800	chr18_73571800	18	115000	0.00195874761477365	19	0.000358828282866061	15	0.227423075473648	::B-A11::B3-6::B3-18::B3-2-22::N3-2-22::B-B07::N-2-9::B-1-2::N-1-2::B-A03::N-A03::N3-1-15::B-2-26::B-B02::B3-1-2::B3-c-32::N-A01::B-B09::	12
chr19	3813400	3928400	chr19_3813400	18	115000	0.00195874761477365	20	6.24479891297841e-05	15	0.227423075473648	::N-B02::B-B11::B3-2-36::N-A11::N3-2-36::N-B10::N3-18::B-B10::N-2-17::N-B08::N3-2-7::B3-2-7::N3-17::B3-17::N-A08::B-1-2::N-2-26::B-2-26::	11
chr19	4315900	4430900	chr19_4315900	17	115000	0.010129527750603	21	1.03504909691734e-05	16	0.049473921173396	::B-2-17::B3-6::N-B10::N3-1-2::B-B11::B3-1-3::B-B09::N3-1-3::N-B09::N3-2-2::B-B02::N-B11::B-B10::B3-17::N-2-9::N-B04::N3-1-5::	17
chr19	12761200	12876200	chr19_12761200	16	115000	0.049473921173396	18	0.00195874761477365	15	0.227423075473648	::B-B10::B-2-26::B-A08::N-B04::N3-1-5::B3-1-5::B-B04::N-B09::N-B10::B-1-2::B3-6::B-2-17::B-A01::B-B09::B3-1-3::N3-1-15::	6
chr19	16161400	16276400	chr19_16161400	24	115000	3.59405363343695e-08	28	1.07348640868975e-11	24	3.59405363343695e-08	::N-2-9::B-A01::N-B07::N-B10::B-B07::N3-1-2::N-B04::N3-18::N3-2-7::B-A11::B3-17::N-B09::B-B11::B3-6::B3-3::B3-2-22::B-B02::B-B04::N3-1-15::B3-18::B-A08::B-B09::B3-1-2::N-B02::	15
chr19	32715800	32830800	chr19_32715800	16	115000	0.049473921173396	20	6.24479891297841e-05	17	0.010129527750603	::B3-1-3::N-A01::N-1-2::B-1-2::N-B08::B-B02::N-2-17::B-A08::B-2-17::N3-1-2::B3-1-2::B-B10::N3-1-3::B3-1-5::B3-6::N-A08::	8
chr2	6325400	6440400	chr2_6325400	19	115000	0.000358828282866061	24	3.59405363343695e-08	20	6.24479891297841e-05	::N-A01::B-A01::N3-6::N-1-2::B3-1-3::B-B04::B3-6::B-1-2::B3-2-22::N3-2-22::N3-18::B-B02::B-2-9::N-B07::B-A08::N-2-17::B-B07::B-2-17::B3-2-36::	10
chr2	18082700	18197700	chr2_18082700	24	115000	3.59405363343695e-08	35	1.96036632833073e-18	28	1.07348640868975e-11	::N3-2-36::B3-2-2::N-B04::N-A11::B-B02::B3-3::B-B11::N-A01::B-B10::N3-1-5::N-2-17::B-2-17::N-A03::N3-6::N-B08::B3-17::B-A01::B3-6::N3-18::B3-1-11::B-B07::B3-1-2::N-B07::N3-1-2::	19
chr2	48816400	48931400	chr2_48816400	16	115000	0.049473921173396	25	5.00387361754331e-09	21	1.03504909691734e-05	::B3-c-10::B-B11::N3-1-5::N3-2-36::N-2-17::B-2-17::B-A11::N-A11::B3-2-22::N3-6::B-B07::B3-1-11::B-A03::B-A01::N3-1-3::B3-1-3::	13
chr2	49456000	49571000	chr2_49456000	20	115000	6.24479891297841e-05	28	1.07348640868975e-11	25	5.00387361754331e-09	::B-B02::B3-c-10::N3-2-22::N-B04::B-A11::N-A11::B-2-26::B3-18::N3-2-7::B3-2-22::N3-1-3::N-A01::B-A01::B-B08::N-B08::B-B11::B-B10::N3-1-15::N3-1-2::N-B10::	15
chr2	98558700	98673700	chr2_98558700	50	115000	8.88018099773177e-35	328	0	29	1.28842854948055e-12	::B-1-2::N3-2-36::N-A08::B-A08::N3-2-2::N-1-2::N-A01::N-B07::N3-6::N-B10::N-2-26::N-A11::N-B04::N-B09::N-B08::N-B11::N3-2-7::N-A03::N3-1-11::N3-18::N3-1-15::N3-17::N3-1-3::N-2-17::N3-1-5::N-2-9::N-B02::B-B02::N3-2-22::N3-1-2::B3-1-11::B3-2-7::B3-17::B3-6::B3-2-2::B3-1-2::N3-3::B-B07::B-B11::B-B10::B3-1-3::B3-2-22::B-A01::B-B08::B3-1-5::B-B04::N3-c-10::B3-1-15::B-A11::B3-2-36::	156
chr2	109892600	110007600	chr2_109892600	17	115000	0.010129527750603	18	0.00195874761477365	17	0.010129527750603	::N3-1-3::B3-1-3::B3-1-11::N-1-2::N3-3::N-B02::B-A08::B3-c-10::B3-6::N-A11::B-A01::B-B02::B-B07::B3-2-36::N3-17::N3-2-36::B-1-2::	9
chr2	121898800	122013800	chr2_121898800	17	115000	0.010129527750603	21	1.03504909691734e-05	17	0.010129527750603	::B3-1-3::B-B07::B3-3::B3-c-10::N3-c-10::N-B04::B3-18::N3-18::B3-1-2::N3-1-2::B3-2-22::B-B04::B-A03::B-A08::N3-2-36::B3-2-36::B3-1-5::	7
chr2	154778300	154893300	chr2_154778300	18	115000	0.00195874761477365	24	3.59405363343695e-08	23	2.47818662240886e-07	::B-B09::B3-18::B3-1-11::B-A03::B-A01::B-B10::N-B04::B3-2-7::B-B04::N-B02::B-B02::N3-2-22::N-B08::N3-1-5::N-2-9::N3-1-11::B3-c-10::B3-6::	12
chr2	160645200	160760200	chr2_160645200	18	115000	0.00195874761477365	23	2.47818662240886e-07	19	0.000358828282866061	::N-B09::B3-2-2::B-B02::N-A01::N-2-17::N-B04::N-B08::B-B10::B3-1-11::B3-2-36::B3-1-5::N-A08::N-1-2::B-B07::N3-2-2::N3-17::N-A11::B-A11::	13
chr2	163549000	163664000	chr2_163549000	20	115000	6.24479891297841e-05	25	5.00387361754331e-09	10	160.42135144733	::N-1-2::B3-2-22::B3-6::N-B08::N-B09::B-B02::B3-2-7::B-B04::B-B09::B-B07::B3-1-2::B-B10::B-B08::B-A08::B-1-2::B3-2-2::B-B11::B3-3::B-A11::B3-1-3::	7
chr3	16185000	16300000	chr3_16185000	17	115000	0.010129527750603	17	0.010129527750603	16	0.049473921173396	::N3-3::B-B02::N-A11::N3-6::B3-6::B-B08::N3-1-11::B-1-2::B-B11::N-2-17::B3-1-15::N3-2-7::N-1-2::B-A08::N3-1-5::N-B10::N3-18::	9
chr3	32986800	33101800	chr3_32986800	17	115000	0.010129527750603	21	1.03504909691734e-05	14	0.980085581539643	::B3-1-5::N3-1-3::N-B04::B-B11::B-B07::N-B07::B3-1-3::B-B10::N-B11::N3-1-5::N-A01::B-B04::B3-6::B-A01::B3-1-2::B3-c-10::B3-2-7::	8
chr3	51367200	51482200	chr3_51367200	18	115000	0.00195874761477365	21	1.03504909691734e-05	19	0.000358828282866061	::N-2-17::B3-1-11::B-B04::B-B08::N3-3::B3-1-5::B-1-2::B-B02::B3-3::N-1-2::B3-1-2::B-B10::B-2-9::B-2-26::N3-1-3::N-B04::N-A01::B-A03::	7
chr3	60501700	60616700	chr3_60501700	16	115000	0.049473921173396	18	0.00195874761477365	14	0.980085581539643	::B3-2-7::B-B04::N-B04::B3-18::B-1-2::B-B02::B3-1-3::N-A08::B-B10::B-A11::N-A11::B3-2-36::B3-3::N3-3::N-2-17::B3-1-2::	9
chr3	69010300	69125300	chr3_69010300	21	115000	1.03504909691734e-05	31	1.67842123428464e-14	26	6.69876544545912e-10	::B3-3::N-B10::B-B10::B-1-2::B3-1-2::B-A08::N-B07::B-B02::B-2-17::N-A08::B3-c-10::B-B04::B3-1-3::N3-2-2::B3-6::B-B09::N-B09::N-B08::B-A01::N3-18::B-B08::	17
chr3	88920300	89035300	chr3_88920300	19	115000	0.000358828282866061	25	5.00387361754331e-09	19	0.000358828282866061	::B-B08::B3-6::B-B10::N3-18::N3-1-2::B3-1-2::N-B08::B-B02::B-B09::B3-2-36::N-B02::N3-1-3::B3-1-3::B3-1-11::N3-1-11::B-A08::B3-3::N3-6::B3-17::	13
chr3	90258800	90373800	chr3_90258800	17	115000	0.010129527750603	19	0.000358828282866061	18	0.00195874761477365	::B-B02::N-A11::N-B08::N-B07::B3-1-2::N-A01::N-1-2::B-1-2::B-B10::N-2-17::N3-2-36::B3-3::B-A01::N-B09::B-A03::B3-6::B-A08::	14
chr3	95726700	95841700	chr3_95726700	16	115000	0.049473921173396	18	0.00195874761477365	15	0.227423075473648	::B3-17::B-B07::B3-1-2::N-B02::N-A08::B3-1-15::B-1-2::N3-2-36::B-A01::N3-1-5::B-A08::N-A11::N-A01::B3-c-10::N-B09::B-B04::	6
chr3	103251200	103366200	chr3_103251200	21	115000	1.03504909691734e-05	30	1.49486120788863e-13	27	8.63560550322146e-11	::N3-2-22::N3-18::B3-2-2::B-B09::N3-3::B-B10::B3-3::B-1-2::B3-6::B3-1-5::N3-1-11::B-B07::N-B04::B-2-17::N-2-9::B-A11::N-A11::B-A08::B-2-9::N-B07::N-A08::	19
chr3	104821100	104936100	chr3_104821100	19	115000	0.000358828282866061	21	1.03504909691734e-05	19	0.000358828282866061	::B3-17::B-B02::B-A08::B-B09::B-B07::B-B11::N-B04::B-B04::B-A11::N-2-26::B3-18::B-2-9::B3-1-2::B-2-17::N-1-2::B-A01::N3-1-15::B3-1-15::N-A01::	14
chr3	135377600	135492600	chr3_135377600	19	115000	0.000358828282866061	25	5.00387361754331e-09	16	0.049473921173396	::B-B04::B-B02::B-A08::N3-1-15::B3-1-15::B3-6::B-A01::B3-3::N-B09::N-2-17::N-B02::B-A03::N-A08::N-A03::N3-2-36::N3-17::B3-18::N3-18::N3-1-2::	16
chr4	13756000	13871000	chr4_13756000	18	115000	0.00195874761477365	28	1.07348640868975e-11	17	0.010129527750603	::B-A08::N-A03::N3-1-15::N-A08::B-A03::B3-1-15::B3-1-5::B3-c-10::B-B10::B3-2-2::B-B08::N-B08::B-B07::B-2-9::B-2-17::N-2-17::B3-1-2::N3-3::	10
chr4	116250700	116365700	chr4_116250700	17	115000	0.010129527750603	17	0.010129527750603	16	0.049473921173396	::B-B11::N-B09::N-B07::B3-6::N-1-2::B3-1-5::B-B04::B-2-9::N3-6::N-B11::N-B04::N3-1-15::N3-18::B3-1-2::N3-1-5::N3-1-11::N-A11::	10
chr4	126929300	127044300	chr4_126929300	17	115000	0.010129527750603	22	1.63757069225464e-06	21	1.03504909691734e-05	::N3-1-5::B3-3::B3-18::B-B07::B-B10::N3-2-7::B3-2-36::N3-1-3::N-2-9::N-B07::N-B08::N-B09::B-B02::B3-2-2::B3-1-5::B-B04::B3-1-11::	11
chr4	129625600	129740600	chr4_129625600	17	115000	0.010129527750603	18	0.00195874761477365	16	0.049473921173396	::N-B04::B-B07::B3-2-2::N3-1-3::N-B09::B-B09::N-A01::N3-18::B-A08::N-2-9::B-2-9::N-B08::B-B08::B-B04::B-A11::N3-6::N-B02::	9
chr4	130666600	130781600	chr4_130666600	20	115000	6.24479891297841e-05	26	6.69876544545912e-10	20	6.24479891297841e-05	::B-B02::N-B10::B-B10::B-B07::N-A01::B3-17::N3-1-2::N-A08::B-A08::B3-2-36::N-B02::B-2-9::B3-1-11::B-1-2::N-B07::N-A11::N-B09::B-B09::B3-2-22::N3-2-22::	11
chr4	133664500	133779500	chr4_133664500	16	115000	0.049473921173396	23	2.47818662240886e-07	21	1.03504909691734e-05	::B-B07::N-B02::N-A08::B3-1-11::B-A08::B-B02::B-B09::N-B08::B-1-2::N3-2-2::B3-18::N-B09::B3-3::N3-2-36::B3-2-36::N-B04::	15
chr4	136472800	136587800	chr4_136472800	21	115000	1.03504909691734e-05	24	3.59405363343695e-08	15	0.227423075473648	::N3-1-3::B-2-26::N-2-26::N3-18::B3-2-36::N-B07::B-B07::B3-1-15::B-A08::B-A03::N3-1-15::N-A08::N-A03::B3-17::B3-6::N-B08::B-B08::N3-1-5::B-A01::B3-2-2::N-A01::	16
chr4	138125100	138240100	chr4_138125100	17	115000	0.010129527750603	21	1.03504909691734e-05	19	0.000358828282866061	::N-A08::N-A01::B3-2-36::B3-1-3::N-B10::B-B09::B-B02::B-1-2::B-B11::N-B07::N3-2-36::N3-1-3::B-B08::B3-18::N3-18::B-A08::N3-17::	11
chr4	155478300	155593300	chr4_155478300	19	115000	0.000358828282866061	24	3.59405363343695e-08	19	0.000358828282866061	::B-B09::B-2-9::N-2-9::B-B11::B3-17::B3-2-36::B3-c-32::N3-2-36::N-B04::B3-2-22::B3-3::N3-3::N-1-2::B-B02::N-A11::B-A11::N3-1-5::N3-2-7::B-1-2::	18
chr5	23420500	23535500	chr5_23420500	17	115000	0.010129527750603	20	6.24479891297841e-05	19	0.000358828282866061	::B-B02::B-A08::B-B07::B-A01::N-B09::B3-2-22::N-2-9::B3-2-36::N-A01::B-1-2::B3-18::N3-1-2::N3-3::B3-3::B3-6::N-B04::B-A03::	8
chr5	25319400	25434400	chr5_25319400	35	115000	1.96036632833073e-18	108	5.3184108544406e-113	71	7.52888799512269e-61	::N-2-17::B-2-9::N3-1-3::B-2-17::B3-1-2::N3-1-15::N3-2-7::B3-1-15::B3-2-36::B3-2-7::B-B02::N-B02::B3-2-2::N-2-9::N-A03::B-B10::B-B07::B-1-2::N3-2-2::B-A08::B-A03::N-A08::B-B08::B3-18::B3-1-11::N3-1-11::B-B09::B-A11::N3-1-2::N-B07::N-B10::B3-1-3::B3-2-22::N3-2-22::N-B08::	74
chr5	28084600	28199600	chr5_28084600	43	115000	7.22299824273856e-27	91	3.22591397347501e-88	7	2739.10894139235	::N-B04::N-A01::N-A08::N-B09::N3-1-5::N3-2-2::N-1-2::B-B10::B3-6::B-A08::B-1-2::B-B04::B3-1-2::N-A11::B3-1-3::B-2-9::N3-1-11::N3-3::B-B11::B-2-17::B-B08::B-B09::B-B07::B-A01::B3-2-36::B3-2-2::B-A11::B3-3::B3-17::B3-1-11::B3-18::B-B02::B3-1-5::B3-2-22::N-B02::N-B10::N-B08::N3-18::N-A03::B3-1-15::B3-c-10::N3-1-2::B3-2-7::	58
chr5	65565300	65680300	chr5_65565300	20	115000	6.24479891297841e-05	28	1.07348640868975e-11	21	1.03504909691734e-05	::N-A11::N-A01::N3-2-36::B3-2-36::N3-1-3::N3-1-11::N3-1-5::B-A11::B-B10::B3-1-3::B3-1-11::B3-6::N3-6::B-1-2::B3-18::N3-18::N-B02::B-B07::B-B09::N3-2-22::	20
chr5	86805300	86920300	chr5_86805300	17	115000	0.010129527750603	20	6.24479891297841e-05	16	0.049473921173396	::N-2-26::B3-1-3::B-B02::N-B02::N-1-2::B-B09::N-B09::B3-2-2::N3-2-2::B3-2-36::N3-2-36::B-B10::N3-1-3::N3-17::B3-3::N3-18::N3-2-22::	14
chr5	90258700	90373700	chr5_90258700	18	115000	0.00195874761477365	22	1.63757069225464e-06	22	1.63757069225464e-06	::N-2-17::B3-6::B3-17::B3-18::N-1-2::N3-3::B-1-2::B-A01::N3-6::B3-2-2::B3-1-2::N-B10::B-B09::B3-1-11::N3-17::B-A08::N3-18::N3-1-11::	9
chr5	96070200	96185200	chr5_96070200	18	115000	0.00195874761477365	22	1.63757069225464e-06	20	6.24479891297841e-05	::N-B08::N3-6::N-A01::B3-1-3::B3-18::N-B10::B-B10::N3-1-3::B-A03::N-2-17::B-B02::B3-17::B-B04::B-1-2::N-A11::B3-3::N-B02::N-B04::	9
chr5	105709500	105824500	chr5_105709500	16	115000	0.049473921173396	18	0.00195874761477365	14	0.980085581539643	::B-B02::N-A11::B-A11::B-B04::N-B04::B-B07::B3-1-3::N-2-9::B-2-9::N3-2-22::B-B10::B3-6::B-B11::N-B11::N3-6::N-B09::	8
chr5	121717000	121832000	chr5_121717000	21	115000	1.03504909691734e-05	24	3.59405363343695e-08	19	0.000358828282866061	::N-B02::N-2-26::B3-c-10::N-1-2::B-1-2::B3-2-22::B3-6::B-B09::N-B08::N3-c-32::N3-2-36::B3-2-36::B3-3::B-B10::B3-17::B-B11::B-A08::N-A08::B3-2-2::B3-1-5::N3-2-22::	10
chr5	122292600	122407600	chr5_122292600	16	115000	0.049473921173396	20	6.24479891297841e-05	14	0.980085581539643	::N3-1-2::N3-1-3::N-B08::N3-2-2::B-B04::B-B10::B-A11::N-A11::N-B02::B-A08::B-A03::B3-1-15::N-A08::N3-1-15::N-A03::B3-2-36::	14
chr5	122469000	122584000	chr5_122469000	16	115000	0.049473921173396	20	6.24479891297841e-05	17	0.010129527750603	::B3-1-3::B-A01::N-A01::B-B02::N-1-2::N-B08::N-B02::B3-3::B-A08::B-A11::B3-6::B-B09::B-B10::B-B07::N3-3::B3-2-2::	12
chr5	135152800	135267800	chr5_135152800	18	115000	0.00195874761477365	23	2.47818662240886e-07	20	6.24479891297841e-05	::N-B08::B-B02::N-A01::B3-1-2::N3-1-3::B3-1-3::B-A08::N3-2-22::N3-2-7::B3-1-5::B-B07::N3-17::B3-17::N3-2-2::N3-1-11::B3-1-11::B-B04::B-A03::	11
chr5	147433200	147548200	chr5_147433200	16	115000	0.049473921173396	18	0.00195874761477365	18	0.00195874761477365	::N-2-17::B-A08::B3-2-22::B3-1-15::B3-17::N3-1-2::B-B08::N3-2-2::N-B04::B-B02::B-B07::N3-17::N-B08::B3-6::B3-1-3::B-B04::	9
chr6	47410000	47525000	chr6_47410000	20	115000	6.24479891297841e-05	24	3.59405363343695e-08	19	0.000358828282866061	::N3-6::B3-1-15::N-B04::N3-3::B3-1-2::B-2-9::B-A01::B3-1-11::B-B04::N-2-17::B-B10::B-A08::N3-1-5::N-B07::B3-1-5::N-A03::N3-1-3::N-B10::B3-6::B-B09::	8
chr6	83904900	84019900	chr6_83904900	20	115000	6.24479891297841e-05	24	3.59405363343695e-08	23	2.47818662240886e-07	::N-B08::B3-1-11::B3-2-36::N-2-17::N-2-26::N3-1-15::B-A08::N3-2-7::B-A01::B3-17::N-B04::B3-1-2::B-1-2::N-A01::B-B09::B-B10::N3-2-36::B3-c-10::N-2-9::B-2-9::	13
chr6	113050900	113165900	chr6_113050900	20	115000	6.24479891297841e-05	24	3.59405363343695e-08	20	6.24479891297841e-05	::N3-2-2::B-B10::B-1-2::N-B11::B-B04::B-A11::N-1-2::N3-2-7::B-B11::N-A03::N-2-17::B-A08::B-B07::N3-18::N-B08::B-B08::B-A03::B-B02::B3-1-11::B3-18::	12
chr6	114887900	115002900	chr6_114887900	18	115000	0.00195874761477365	19	0.000358828282866061	17	0.010129527750603	::N3-2-2::N-A11::N-A08::B-B10::B3-1-3::B3-17::N3-1-5::B-1-2::B-B09::B-A11::B-B02::N3-1-3::N-2-17::B3-1-2::B3-6::N-A01::N-2-26::B-2-26::	11
chr6	119920400	120035400	chr6_119920400	16	115000	0.049473921173396	19	0.000358828282866061	19	0.000358828282866061	::B-A08::N-2-9::B3-2-36::B3-1-2::B-B10::B3-6::N-B09::N3-1-2::B-A11::N-B11::B3-1-11::B3-18::B3-3::B3-17::N-A01::N-A08::	7
chr6	134670800	134785800	chr6_134670800	17	115000	0.010129527750603	21	1.03504909691734e-05	14	0.980085581539643	::B-B04::B-A03::N3-18::N-A03::B-A08::N-A11::B3-1-15::N3-1-15::N-A08::N-A01::B3-3::B-B09::N3-1-5::N-2-26::N3-6::B-A01::B-1-2::	13
chr7	16504200	16619200	chr7_16504200	16	115000	0.049473921173396	23	2.47818662240886e-07	18	0.00195874761477365	::B-A11::B-B04::B3-1-5::B3-1-3::B-B10::N3-1-5::N-B04::N-2-17::B-2-17::B-A01::N-B09::B-1-2::N-A01::N-B08::B-B02::N-B10::	16
chr7	49249200	49364200	chr7_49249200	16	115000	0.049473921173396	17	0.010129527750603	10	160.42135144733	::N-B09::B3-1-15::B-A03::B-A08::N-A03::N3-1-15::N-A08::B3-2-36::N-2-26::B-2-26::B-A11::B-B11::B3-6::B3-2-7::N3-2-7::B-2-17::	11
chr7	67266800	67381800	chr7_67266800	22	115000	1.63757069225464e-06	24	3.59405363343695e-08	17	0.010129527750603	::N-B04::N3-1-5::B-B09::B-B07::N3-3::N3-17::B-A03::N-A01::B-B04::B-A11::N-A11::B-2-26::B3-6::B3-17::B3-1-15::B-A08::N-A03::N3-1-15::N-A08::N-B08::B3-2-36::N-B09::	16
chr7	90127300	90242300	chr7_90127300	21	115000	1.03504909691734e-05	28	1.07348640868975e-11	26	6.69876544545912e-10	::B3-17::N-B09::B-A08::N-1-2::N-B02::B-B07::B-B09::N3-c-32::N-A11::B3-6::B-A03::B-B02::N3-2-2::B-B10::B-1-2::N-A01::B-A01::B-A11::B3-2-36::N3-6::B3-1-11::	12
chr7	118128000	118243000	chr7_118128000	18	115000	0.00195874761477365	19	0.000358828282866061	18	0.00195874761477365	::B3-1-11::B-1-2::B-B04::B-B08::B3-6::B3-3::B-A01::B3-2-2::N-B08::B-A08::B3-1-2::B3-1-5::N-A08::B-B07::B-2-26::B3-2-36::N3-2-36::B-A11::	13
chr7	121724800	121839800	chr7_121724800	26	115000	6.69876544545912e-10	27	8.63560550322146e-11	3	15676.2233663888	::N-B04::B-B04::N3-1-15::N3-2-22::N-1-2::N3-1-2::N-A11::N3-6::N-B07::N-B08::N-2-9::N-2-26::N3-1-11::N-B11::N-B09::N3-2-7::N-B02::N3-2-36::N-B10::N3-c-10::N-2-17::N3-3::N3-1-3::N3-1-5::N3-17::N3-18::	25
chr7	126084800	126199800	chr7_126084800	19	115000	0.000358828282866061	23	2.47818662240886e-07	20	6.24479891297841e-05	::N3-1-15::N3-1-5::N3-18::B3-18::B-B04::B3-6::B-2-17::B3-2-36::N3-2-36::B-B10::B-A01::N-A01::B-B09::N-1-2::B-1-2::N-B08::N-A11::B3-1-2::N-2-9::	12
chr7	136277300	136392300	chr7_136277300	34	115000	1.97125810306317e-17	36	1.8953809912174e-19	7	2739.10894139235	::N-B07::B-2-17::B3-18::B3-6::B-B09::N3-c-10::N-B11::N3-2-36::N-A08::N-2-9::N-2-26::N-2-17::N-B04::N3-17::N-B09::N3-6::N-A11::N-B02::N3-1-11::N3-1-5::N-A01::N3-1-3::N3-1-15::N-1-2::N3-2-7::N3-2-2::N3-c-32::N-A03::N-B10::N3-3::N-B08::N3-1-2::N3-2-22::N3-18::	32
chr8	4211400	4326400	chr8_4211400	16	115000	0.049473921173396	18	0.00195874761477365	18	0.00195874761477365	::N-2-26::N-A08::B3-17::B3-2-2::B-1-2::B-B02::B-B10::N-B10::B3-6::B3-1-3::N-B04::B3-1-2::N3-1-3::B3-3::N3-3::N-B07::	8
chr8	22855300	22970300	chr8_22855300	18	115000	0.00195874761477365	22	1.63757069225464e-06	15	0.227423075473648	::N-B08::B-1-2::B-B04::B3-1-5::N-B04::N-A01::B-A01::B-2-17::N-2-17::B-B10::B3-1-2::B-B07::N-B07::N-1-2::N3-1-2::N-B09::N3-1-3::N3-2-7::	13
chr8	46742900	46857900	chr8_46742900	16	115000	0.049473921173396	18	0.00195874761477365	17	0.010129527750603	::B-B02::N3-6::N3-18::B3-6::B-B08::B3-3::B-B10::N-B07::B3-1-2::B-B07::B3-1-11::N3-1-11::B3-1-5::N-A01::N3-1-2::N-2-17::	8
chr8	69897200	70012200	chr8_69897200	17	115000	0.010129527750603	18	0.00195874761477365	13	3.94212370695129	::N-B10::N-A11::B3-3::N-A08::B3-1-3::B3-2-36::B3-2-22::N3-2-22::N3-2-7::N-B09::B-B09::B-B10::N3-1-5::N-B04::B-B04::B3-1-5::B-1-2::	7
chr8	95702200	95817200	chr8_95702200	18	115000	0.00195874761477365	22	1.63757069225464e-06	21	1.03504909691734e-05	::N3-17::B3-1-3::N-1-2::N-B10::B-B04::N3-6::B3-1-2::N-2-17::B3-1-11::B3-2-22::N3-2-22::B3-6::B-B10::B3-18::B-A01::B-1-2::B3-c-10::B-B02::	11
chr8	109767300	109882300	chr8_109767300	22	115000	1.63757069225464e-06	33	1.92557580974217e-16	26	6.69876544545912e-10	::N-B07::N3-1-11::N-B08::N-B11::B-B10::N3-1-5::B3-2-36::N-B10::B-B07::B3-1-2::N3-1-2::N-2-17::B-2-17::B3-c-10::B-B02::N3-2-36::B3-c-32::B3-2-7::B3-18::B3-17::B3-2-2::B3-2-22::	17
chr8	111514700	111629700	chr8_111514700	16	115000	0.049473921173396	16	0.049473921173396	15	0.227423075473648	::N-2-26::B-B07::N-A11::B-B10::B-1-2::N-B10::N-B09::B-B02::B-2-17::B3-1-2::B-B09::N3-17::B3-17::N3-2-2::B3-18::B-2-26::	8
chr8	117287200	117402200	chr8_117287200	18	115000	0.00195874761477365	24	3.59405363343695e-08	20	6.24479891297841e-05	::B-B04::B3-17::B-1-2::B-B07::N-B10::N-A01::B3-1-11::B-2-17::N-2-17::N-B09::N-A11::N-1-2::B3-1-3::N3-1-5::N-B04::B3-1-5::B-B02::N-2-26::	10
chr8	122895100	123010100	chr8_122895100	17	115000	0.010129527750603	21	1.03504909691734e-05	19	0.000358828282866061	::N-B02::N3-1-5::B3-6::B3-2-2::B-B07::B-B10::B-A08::B-B02::N-B04::B-1-2::B3-1-3::B3-17::B3-3::N3-2-2::N-B10::N-A01::B-2-17::	14
chr9	3000100	3115100	chr9_3000100	33	115000	1.92557580974217e-16	59	1.4602565929317e-45	18	0.00195874761477365	::N-A08::N-B08::B-B02::N-B07::N-2-17::N3-18::N3-6::B-B11::N-B11::N-A11::N3-2-22::N-A01::N-B04::N-2-26::N3-2-7::N3-1-3::N-B10::N3-1-15::N3-17::N3-2-2::N3-1-5::B-B10::N-B02::B3-17::B3-2-22::B-A08::N3-2-36::N3-1-2::B-B09::N-A03::B-2-17::N-B09::N3-1-11::	26
chr9	14259200	14374200	chr9_14259200	16	115000	0.049473921173396	18	0.00195874761477365	17	0.010129527750603	::B3-2-2::B3-1-11::B3-1-2::N3-18::N3-2-7::B-B07::B3-1-15::N-B11::B-B02::B-B10::N-B09::N-A11::B-A11::N3-1-2::B3-2-36::N3-6::	11
chr9	21432600	21547600	chr9_21432600	17	115000	0.010129527750603	21	1.03504909691734e-05	18	0.00195874761477365	::B-B07::B-B08::N-B08::N-2-17::B-B10::B-1-2::N3-2-7::N-1-2::B-B04::N3-1-5::N3-17::N3-2-36::N-B07::N-2-9::B-2-9::N-B04::N3-18::	13
chr9	21620300	21735300	chr9_21620300	19	115000	0.000358828282866061	26	6.69876544545912e-10	23	2.47818662240886e-07	::B3-1-15::N-2-17::B3-1-2::B3-18::N3-18::B-A08::B-B04::N-1-2::B-1-2::B-B02::N-A08::B-B10::N3-2-7::N-B02::N-B09::B-B08::B3-17::B3-2-36::B3-3::	14
chr9	32131900	32246900	chr9_32131900	16	115000	0.049473921173396	17	0.010129527750603	16	0.049473921173396	::N-B08::N-A08::N-2-17::B-B07::B-A03::B-2-9::N3-1-3::B3-6::B3-1-3::N-B04::N3-6::B3-1-2::B-B11::B3-18::N3-18::N-B10::	10
chr9	59368300	59483300	chr9_59368300	19	115000	0.000358828282866061	30	1.49486120788863e-13	29	1.28842854948055e-12	::B3-1-2::N-B08::N-A08::N-B10::B-B09::B-B02::B-A08::N-A01::B3-6::B3-3::N3-1-5::N3-1-2::N3-2-7::B3-1-5::N-B07::B-B10::N-2-17::B-2-17::N3-2-36::	13
chr9	65701900	65816900	chr9_65701900	17	115000	0.010129527750603	21	1.03504909691734e-05	18	0.00195874761477365	::N-B04::B3-17::N3-17::B3-18::N3-18::B-B09::B-1-2::B-B11::N-B11::B-B02::B-A01::N-1-2::N-A08::B-A03::N3-1-11::N-B02::N3-1-2::	10
chr9	66483500	66598500	chr9_66483500	17	115000	0.010129527750603	20	6.24479891297841e-05	18	0.00195874761477365	::N3-17::B-2-17::N-B04::B-A01::B-A08::B-B09::N-B08::B-B10::B3-1-2::B-1-2::N-1-2::N-2-17::N3-c-10::N-B10::N-A11::B3-2-36::N-B11::	11
chr9	70461800	70576800	chr9_70461800	19	115000	0.000358828282866061	21	1.03504909691734e-05	21	1.03504909691734e-05	::B-B02::N-1-2::B-A01::B3-3::B3-1-5::B-B10::B-A08::B3-2-2::B-A11::N-A03::B3-1-11::N3-1-5::B-B07::B-B04::N-B07::N-B11::B3-2-22::N-B09::N3-17::	9
chr9	70685400	70800400	chr9_70685400	17	115000	0.010129527750603	27	8.63560550322146e-11	26	6.69876544545912e-10	::B-B04::B3-3::B-A03::B-B02::N3-1-2::B3-17::B3-2-2::N3-2-36::N3-17::B-1-2::N-2-17::N3-1-15::B3-2-7::B-B07::B-B09::N-A03::N3-1-3::	9
chr9	71864700	71979700	chr9_71864700	18	115000	0.00195874761477365	26	6.69876544545912e-10	20	6.24479891297841e-05	::B3-2-36::N-A03::N3-2-2::N-B11::B3-1-2::N3-1-2::B-B10::B-A11::N-B08::B-A01::N-B09::B-B08::N3-18::B3-17::N-A11::B-2-17::N3-2-36::N3-c-32::	17
chr9	72026600	72141600	chr9_72026600	25	115000	5.00387361754331e-09	35	1.96036632833073e-18	29	1.28842854948055e-12	::N3-1-11::N-B10::N-B04::B-2-17::N-2-17::B-B02::B3-18::B3-17::B3-c-10::N3-17::B-B11::N3-1-3::B3-1-3::B-1-2::B3-6::B3-2-36::N3-2-36::B-B04::B3-1-5::N3-1-5::B3-2-2::B3-3::B-2-9::N-1-2::B3-2-7::	23
chr9	72510100	72625100	chr9_72510100	17	115000	0.010129527750603	21	1.03504909691734e-05	19	0.000358828282866061	::N-1-2::N3-1-3::B3-17::B-B10::B-B02::N-B08::B3-6::B-2-9::N3-2-2::B3-2-2::N3-2-7::N-A01::N-B10::N-2-26::N3-18::N3-1-11::B-A08::	11
chr9	80071700	80186700	chr9_80071700	16	115000	0.049473921173396	23	2.47818662240886e-07	17	0.010129527750603	::N3-3::B-B02::B3-3::N-2-17::B-1-2::B-B10::N-B10::B-B11::N-2-26::B-2-26::B3-6::N-A11::B-A11::B3-2-22::B-A08::B-B07::	11
chr9	82880500	82995500	chr9_82880500	16	115000	0.049473921173396	21	1.03504909691734e-05	18	0.00195874761477365	::B3-1-11::B3-18::B3-1-3::N-1-2::B-B04::N-B10::N-B04::N-2-17::B-A08::B3-3::B-2-9::N3-2-36::B-B09::N-B09::B-2-26::B3-2-36::	15
chr9	107749200	107864200	chr9_107749200	22	115000	1.63757069225464e-06	26	6.69876544545912e-10	21	1.03504909691734e-05	::B-1-2::N-B02::B-B02::B3-17::N3-17::B-B10::B3-3::B3-1-5::N3-c-10::N-B04::N3-3::N-A01::B-A01::N3-2-36::B3-6::B-A08::B3-2-2::B3-1-15::N-B11::B-2-9::B3-18::N3-18::	13
chr9	108526100	108641100	chr9_108526100	17	115000	0.010129527750603	23	2.47818662240886e-07	18	0.00195874761477365	::B-A08::B-B04::N3-6::N3-1-5::B3-1-11::B3-6::B-B10::B-B11::B-A01::N-A01::N-B04::B3-1-5::N-B10::B3-17::N-A11::B-A03::N-A03::	15
chrUn_GL456383	1100	116100	chrUn_GL456383_1100	16	115000	0.049473921173396	18	0.00195874761477365	11	50.7611289791807	::B-B07::B3-1-2::N3-1-3::B3-1-3::B3-18::N-A08::N3-1-5::B3-2-22::B3-2-2::N3-18::N-A01::N-2-17::N-A11::N3-2-2::N3-17::N3-2-7::	2
chrUn_GL456390	0	115000	chrUn_GL456390_0	38	115000	1.63318271333041e-21	80	6.70845610961158e-73	58	2.47525188658167e-44	::B3-18::N3-6::N3-1-2::N3-2-7::N3-1-3::B3-3::N-2-17::N3-2-2::N3-17::N-B09::N-A03::N3-1-15::N3-3::N-B08::N-B04::N-A08::N-A01::N-B10::N3-1-11::B-1-2::N3-2-22::N3-2-36::N3-18::N-B11::N-B02::B-A08::N3-1-5::B3-2-7::B-B02::B3-17::N-A11::B3-6::B-A03::B3-2-22::B-B11::N-2-26::B3-1-2::B-B04::	47
chrUn_GL456392	14600	129600	chrUn_GL456392_14600	17	115000	0.010129527750603	22	1.63757069225464e-06	13	3.94212370695129	::N-2-17::N3-2-2::N3-17::N-B09::N-A03::N3-1-15::N3-3::N-B08::N-B04::N-A08::N-A01::N-B10::N3-6::N3-1-11::B-1-2::N3-2-22::N3-1-3::	16
chrUn_GL456393	1400	116400	chrUn_GL456393_1400	32	115000	1.82563004364907e-15	52	4.05669047500715e-37	41	1.07674206726174e-24	::N3-2-36::N3-18::N-2-17::N3-1-3::N-B11::N-B02::N3-1-2::N3-2-2::B-A08::N3-1-15::N3-1-5::B-1-2::N3-6::B3-2-7::N-B10::N-B08::B-B02::B3-3::N-A03::B3-17::N-A11::B3-6::N-A01::B-A03::B3-2-22::B-B11::N-2-26::N-B09::B3-1-2::B-B04::N-A08::N3-17::	27
chrUn_JH584304	1500	116500	chrUn_JH584304_1500	24	115000	3.59405363343695e-08	32	1.82563004364907e-15	29	1.28842854948055e-12	::B-B02::B3-3::N-A03::B3-17::N-A11::B3-6::N-A01::B-A03::B3-2-22::N3-18::B-B11::N-B08::N-B11::N-2-26::N-B09::B3-1-2::B-A08::B-B04::B-1-2::N3-1-3::N-A08::N3-17::N-2-17::N3-1-2::	15
chrX	13074000	13189000	chrX_13074000	17	115000	0.010129527750603	19	0.000358828282866061	16	0.049473921173396	::N-A11::N-1-2::B-A08::B-A03::B3-1-15::N3-18::B3-1-2::N3-1-11::B-A01::N-A01::B3-c-10::N-2-9::B-2-9::B-A11::N3-2-36::N-B10::N-B04::	13
