chr10	7636500	7831500	chr10_7636500	27	195000	0.00431110977293835	38	5.77294860406598e-10	31	2.10485159686464e-05	::N3-13::N-A07::B3-16::B3-2::N3-2-21::B-2-27::B-2-15::B-A12::N-A12::N-3-1::B3-1::N-B03::B3-2-21::B-2-25::N-1-7::N3-7::N-2-15::B3-13::N-A04::N3-10::N-2-21::B3-7::B3-4::N3-9::B3-9::B-2-14::N-B05::	24
chr10	67094500	67289500	chr10_67094500	27	195000	0.00431110977293835	39	1.15345572364824e-10	34	2.77384493466169e-07	::B3-4::B3-15::N3-1-13::B-1-6::N3-11::N-2-15::N3-15::B-3-1::N-3-1::B-B03::B3-19::N-1-10::N3-13::N-A07::N3-10::B3-7::B3-14::B3-8::B-2-25::B-2-15::B3-12::N3-8::B3-11::N-A02::B-A02::B3-c-14::B-A12::	14
chr10	108171100	108366100	chr10_108171100	28	195000	0.00119977247561276	39	1.15345572364824e-10	33	1.21030060902397e-06	::N-2-15::N-2-14::B3-1::N-B03::N-A04::N3-9::N3-1::B3-7::B-2-25::B-3-4::B-A07::N3-5::B-A10::N-1-6::B-1-6::N-B05::B3-c-28::B-2-15::B3-13::N-A05::N3-11::B3-16::N3-8::N-3-1::B-3-1::B3-9::N-A12::B-A12::	21
chr10	116455000	116650000	chr10_116455000	29	195000	0.000322380482484512	48	2.00764913883282e-17	40	2.2470295384976e-11	::N-1-9::N-A12::B-3-4::N-B03::B-A10::B-1-6::N-B05::B-B05::B3-1::N-A02::B-A02::B-A05::B3-7::N3-7::N-2-15::N3-16::B-1-7::N3-4::B3-1-13::N-1-6::N3-2-21::B-A12::N-2-21::N-3-1::B3-16::B3-4::B3-11::B-2-21::B3-13::	32
chr10	123001200	123196200	chr10_123001200	25	195000	0.0498414312035926	33	1.21030060902397e-06	27	0.00431110977293835	::B-A07::N-2-12::B-2-12::B-1-4::B3-2-21::N3-1::N-B03::B-B03::N3-11::B3-11::N3-1-13::B-A05::B3-2::N-A07::N3-c-28::N3-16::B3-16::B3-4::N3-4::N-A02::B-A04::B3-5::B3-13::B3-15::N-A05::	17
chr11	3100400	3295400	chr11_3100400	35	195000	6.1756401103314e-08	58	8.75192246902403e-26	39	1.15345572364824e-10	::N3-9::N-2-23::N3-8::N3-10::N-B05::N-A10::N-2-25::B-A02::N3-13::B3-10::B3-21::B-2-14::N-2-15::N3-19::B3-19::N-A02::B3-c-9::B3-5::B3-8::B3-12::N-3-1::B-2-15::N-A12::N-A05::B3-14::B3-2::B-2-27::B-A10::B-2-23::B3-1-13::B3-13::B-1-6::B-1-7::N3-1::B-A04::	20
chr11	4397500	4592500	chr11_4397500	25	195000	0.0498414312035926	34	2.77384493466169e-07	30	8.37366014635995e-05	::B-B05::N3-13::B-2-25::N3-10::N-1-6::B-2-15::N-A02::B3-7::B-1-4::B-2-12::N3-4::N3-8::B-A04::B3-1-13::B-1-7::N-1-7::B-2-23::N-2-23::B3-2-21::B-A10::N3-19::N-B05::B3-19::N-A04::N-1-10::	18
chr11	20056700	20251700	chr11_20056700	28	195000	0.00119977247561276	33	1.21030060902397e-06	31	2.10485159686464e-05	::B-A05::B3-12::B3-19::B3-7::N3-13::B3-2::B-3-4::B-2-14::B-B05::B-1-6::B3-5::B-1-7::B-2-15::B-2-21::N-1-6::B3-2-21::N-B05::B3-c-9::N-1-4::N3-2::N3-16::B3-c-28::N-2-14::B-1-4::B3-8::N-1-7::N3-c-9::N-A02::	19
chr11	21080200	21275200	chr11_21080200	26	195000	0.0149377436140986	32	5.12553669740061e-06	27	0.00431110977293835	::B-2-15::B3-c-9::N-A02::B-A02::N3-2-21::B3-2-21::B-1-10::B3-11::B3-5::N3-9::B3-9::B3-12::N-2-23::B3-2-37::N3-11::N-3-4::N-A05::B-2-25::N-2-27::N-1-4::B-2-21::B-2-27::N-2-25::B3-c-28::N-2-15::B3-19::	15
chr11	23264600	23459600	chr11_23264600	31	195000	2.10485159686464e-05	41	4.27063808968409e-12	34	2.77384493466169e-07	::N-2-23::B3-c-28::B3-2::B3-7::B-2-14::N-A12::N-3-1::B3-1-13::N3-19::B3-19::B-3-1::N-1-7::N3-10::N3-16::B3-c-14::N3-c-14::B3-2-21::N3-c-9::B-1-6::N3-15::B-2-15::B3-8::B3-12::B3-1::N-1-6::N-B05::B-2-23::B-A07::B3-c-9::B-1-7::N3-2-21::	25
chr11	30091600	30286600	chr11_30091600	28	195000	0.00119977247561276	33	1.21030060902397e-06	29	0.000322380482484512	::B-1-6::B-2-27::N-B05::B-2-15::N3-1-13::B3-1-13::B-A07::N3-21::B-A05::N-A05::B-3-1::B3-11::B3-5::N3-16::B3-16::N-B03::B-B05::N3-1::B-1-10::B3-c-28::B3-2-21::B-2-14::B3-19::N3-19::N-1-6::N3-2-21::B-2-25::N-3-1::	16
chr11	53290100	53485100	chr11_53290100	27	195000	0.00431110977293835	32	5.12553669740061e-06	29	0.000322380482484512	::B3-10::N3-16::B-1-10::B3-7::B-2-23::B-B05::N-2-15::N-2-23::N-2-14::B-B03::B3-5::B-A04::B-2-14::B3-11::B3-19::N3-4::B3-13::B-2-15::B-A10::B3-4::B-3-4::B3-9::N3-9::N3-13::B-A07::B3-21::B3-2::	17
chr11	54432500	54627500	chr11_54432500	28	195000	0.00119977247561276	34	2.77384493466169e-07	33	1.21030060902397e-06	::B3-11::N-B05::B-B05::N3-19::B-2-23::B3-10::B-A10::B3-19::B3-1::B3-14::N3-16::N-2-15::N-2-14::B3-1-13::N-2-27::B-3-1::B-A05::B-2-15::B3-c-28::N-A02::B-A12::B3-9::N3-9::B-B03::N-1-6::B3-2-21::N3-21::B-1-6::	21
chr11	59654200	59849200	chr11_59654200	31	195000	2.10485159686464e-05	38	5.77294860406598e-10	34	2.77384493466169e-07	::B-A04::B-2-15::B-2-14::N3-4::B3-c-14::N3-c-14::N3-16::B3-2-21::N3-12::N-B05::B-2-21::B-A12::B3-19::N-2-15::B-3-4::B-1-6::B-2-23::B-2-27::B3-1-13::B-B03::N-2-21::B-1-10::B-2-25::N-2-25::N3-c-9::N3-13::N-2-23::B-1-7::N-3-1::N-B03::N3-1::	26
chr11	62279100	62474100	chr11_62279100	34	195000	2.77384493466169e-07	47	1.23669102729065e-16	41	4.27063808968409e-12	::B-1-7::N-1-7::N-A05::B-A05::N3-19::N3-c-28::B-2-21::N-2-21::B-A02::N3-c-14::B3-c-14::B3-7::B3-c-28::B3-10::B-2-14::B3-1::B3-c-9::N-2-23::B-A10::B-2-15::N3-9::B3-9::B-B05::B-2-27::B3-12::N3-8::B3-14::N-2-27::N-3-1::N-1-6::B-2-23::N-A02::B3-19::B-3-4::	19
chr11	70841200	71036200	chr11_70841200	31	195000	2.10485159686464e-05	36	1.33674116661794e-08	35	6.1756401103314e-08	::B3-1-13::B3-7::N3-5::B3-8::N-2-15::B-3-4::N-3-4::B-A02::B3-12::N3-19::B-B03::N3-4::B-2-25::B3-5::N3-14::B-2-23::B3-21::B3-11::N-2-12::B-2-21::N-2-27::B3-c-28::N3-12::N-3-1::N-A12::B3-10::B-2-14::N3-7::N3-8::N-A02::N3-16::	17
chr11	72563800	72758800	chr11_72563800	37	195000	2.81522715693017e-09	55	3.42444980448644e-23	49	3.19271079914012e-18	::N-A12::B-2-21::B3-21::N-3-1::N3-16::N-2-15::B-3-4::N-3-4::B3-c-28::B3-13::N3-19::N-A04::B-A04::B-2-15::N3-21::B-A05::B-1-6::B-A10::B-1-7::B-A02::N3-11::B3-11::N-A02::B3-1::N3-9::B3-9::B-2-12::N-2-12::B3-10::N-B05::N3-10::B-2-23::B3-14::B3-5::N-2-27::B-2-27::N3-8::	24
chr11	77533500	77728500	chr11_77533500	29	195000	0.000322380482484512	43	1.43585542057227e-13	36	1.33674116661794e-08	::N-2-25::B-2-15::N3-19::N3-c-28::N-2-15::B3-c-28::N-B03::B-2-23::N-A05::N-2-12::B-2-12::B3-2-21::N-A02::B-2-14::N3-10::N-1-7::B-2-25::N3-13::N-1-6::B3-11::B-3-4::N-3-4::N-A04::N-2-14::B3-5::B-B03::B-A02::B-3-1::N-3-1::	26
chr11	78492600	78687600	chr11_78492600	26	195000	0.0149377436140986	28	0.00119977247561276	27	0.00431110977293835	::N3-16::N3-13::N-3-4::B3-10::N3-c-9::N-A12::B-2-15::B-A12::N3-21::B-A04::B-3-1::B-2-25::B-2-21::B-A02::B-A07::N3-4::B3-21::B3-19::B-2-23::B3-c-9::N3-8::B3-2-21::B3-13::B-B05::B3-15::B3-1-13::	15
chr11	79337300	79532300	chr11_79337300	36	195000	1.33674116661794e-08	109	4.25412409498205e-78	88	6.23745043358731e-55	::N3-13::B3-c-9::N3-c-9::B-B03::N-2-23::B3-19::B3-1-13::N-A02::B-A02::N3-19::B3-21::N3-2-21::B-2-23::N-1-7::B-1-7::N-2-25::N3-c-28::N-A05::B3-2-21::N-2-15::B-3-4::B-1-6::B-A10::B3-13::B-A05::N3-1-13::B-2-27::N3-4::B3-1::B3-15::B-B05::N3-15::N3-21::N-B05::B3-14::B-2-25::	42
chr11	80384900	80579900	chr11_80384900	25	195000	0.0498414312035926	32	5.12553669740061e-06	30	8.37366014635995e-05	::B3-14::B3-1::B3-2-21::B-2-21::N-A02::B-A02::B-2-14::N-2-15::N-B03::B3-19::B-2-25::N-3-4::B3-2-37::B-3-4::B3-7::N-1-6::N3-16::B-B03::N-1-10::B-A05::N-2-12::N-3-1::N-B05::N3-10::B3-8::	12
chr11	86188900	86383900	chr11_86188900	26	195000	0.0149377436140986	37	2.81522715693017e-09	31	2.10485159686464e-05	::B3-19::B-2-12::B-1-7::N-1-7::B-3-4::N-3-1::N-2-21::B-A04::N-A02::N3-16::B3-15::N3-15::B-A07::B3-13::B3-2-21::B3-4::B-B05::B-2-15::B3-10::N3-4::B3-9::N3-9::B-A10::N3-10::B3-c-28::N3-13::	20
chr11	86579100	86774100	chr11_86579100	30	195000	8.37366014635995e-05	40	2.2470295384976e-11	34	2.77384493466169e-07	::N-B05::B-1-6::B3-15::B-A10::B-2-23::B-3-4::B-2-14::B3-7::B-2-15::N3-13::N3-10::N-2-15::B-B03::B-2-25::B-2-12::B-2-21::N3-16::N-B03::N-1-7::N-3-4::N-1-6::B-1-7::N-A02::B-A04::N-A04::N-2-23::B-B05::N3-4::B3-4::B3-c-9::	18
chr11	104354700	104549700	chr11_104354700	39	195000	1.15345572364824e-10	70	8.60764101594482e-37	55	3.42444980448644e-23	::B3-2-21::N-1-6::N3-2-21::B-2-12::B-B05::N-2-15::B-2-15::N3-10::B-2-14::B-3-1::B-3-4::B-1-6::N-2-12::B3-7::N3-c-14::N-B05::N3-7::B-2-25::B3-12::B-A12::N-2-25::N-1-7::B3-10::N3-13::B3-13::N-2-14::B-B03::B3-c-14::N3-21::B3-21::N-3-4::B-1-4::N-A02::B3-15::B3-19::N-A05::B3-11::N-2-27::B-2-27::	31
chr11	105547400	105742400	chr11_105547400	25	195000	0.0498414312035926	36	1.33674116661794e-08	31	2.10485159686464e-05	::N3-8::B-1-6::B-2-23::B-1-7::N-3-4::N-1-6::N-A04::B-A04::B3-1::B3-19::B3-12::B3-8::N-A02::N3-13::B3-7::N3-19::B-A07::B3-11::N-2-15::N3-10::B-2-25::B-A05::N3-2::N3-16::N3-11::	15
chr11	106065300	106260300	chr11_106065300	27	195000	0.00431110977293835	35	6.1756401103314e-08	29	0.000322380482484512	::N3-9::B3-7::N3-8::B3-9::B-1-7::B-3-4::B3-19::B3-1::B-A04::N-3-1::B3-8::B3-11::N3-11::B-2-15::N-A05::B3-2::N3-13::B3-c-28::N3-16::N-2-23::N-1-10::B-1-6::B-2-12::N3-10::N-3-4::B-2-21::N-2-27::	17
chr11	106404800	106599800	chr11_106404800	27	195000	0.00431110977293835	29	0.000322380482484512	26	0.0149377436140986	::N-2-15::N-B05::N3-9::N3-15::N-A10::N-1-7::B-B05::N3-11::B3-2::N3-2::N-3-1::N3-4::B-2-25::B-2-15::B3-14::B-2-21::B3-19::B3-1-13::B-2-27::N3-19::B-A04::B-A02::B3-9::B3-12::B3-5::N-A05::B-A05::	15
chr11	106881000	107076000	chr11_106881000	29	195000	0.000322380482484512	32	5.12553669740061e-06	25	0.0498414312035926	::N3-13::N-A10::B3-1::N-B03::N3-2-21::B-1-6::N-3-4::N-1-6::B3-c-28::B-2-27::N3-19::B3-7::N-A05::B-A05::B3-11::B3-8::N3-8::N3-11::N-3-1::B-3-4::B3-2-21::N-2-27::N3-4::N3-14::B-B03::B3-13::N-B05::B-B05::B3-16::	18
chr11	108103700	108298700	chr11_108103700	30	195000	8.37366014635995e-05	34	2.77384493466169e-07	21	4.10412797254057	::N3-10::B3-c-28::N-B05::B-B05::N-2-21::B-2-23::B-A02::N3-14::N3-11::N-2-27::N3-2-21::B3-2-37::B3-19::N3-5::N-A12::B-2-21::B3-5::N-2-12::N3-12::N3-9::N3-21::N3-13::N-2-23::N3-1::N-2-15::N-3-4::N3-4::N-3-1::N3-19::B-1-4::	6
chr12	51627100	51822100	chr12_51627100	31	195000	2.10485159686464e-05	46	7.45918233500722e-16	39	1.15345572364824e-10	::B-A12::B-2-14::B-1-6::B3-12::N-2-15::N3-12::B3-19::B3-15::B-A07::B3-1-13::B-2-21::B3-16::B-A02::N-2-14::B3-11::N-3-1::N-1-7::B3-10::N3-10::B-3-4::B3-1::N3-14::B3-14::B-1-10::N-1-10::B-2-25::N3-16::N-2-27::N-2-21::N-1-6::B-2-15::	25
chr12	75453600	75648600	chr12_75453600	27	195000	0.00431110977293835	34	2.77384493466169e-07	31	2.10485159686464e-05	::N3-19::B-2-14::B-A12::B-2-23::B-1-6::N-A12::B-A07::N3-16::B3-10::B-1-7::B-2-15::B3-1::N-A04::B3-1-13::B3-11::B3-7::B3-13::N-2-21::N-3-1::N-2-23::N-1-7::N-A07::N3-11::B3-2::N-2-12::N-2-15::N-2-27::	15
chr12	111049400	111244400	chr12_111049400	25	195000	0.0498414312035926	34	2.77384493466169e-07	28	0.00119977247561276	::B3-7::N-A07::B-2-15::N3-1::B3-12::N-1-7::B3-1::B-1-6::B3-16::N-2-15::B-2-21::N3-19::N3-9::N3-13::B-1-7::N-3-4::B-3-4::B3-19::B3-15::N3-15::N3-2-21::B3-13::B-B03::B3-2::N-B05::	14
chr13	8966700	9161700	chr13_8966700	27	195000	0.00431110977293835	34	2.77384493466169e-07	29	0.000322380482484512	::N-2-23::B3-19::B-A07::N-1-6::B-1-6::B-A02::B-B05::B-2-15::B-2-23::N3-19::N-2-15::N3-16::B3-16::B-A10::N-2-21::B-2-21::N-2-25::B3-2-21::N-2-27::N-1-10::N-2-12::N3-8::B3-8::N-3-4::B3-21::B3-7::N-2-14::	15
chr13	17608400	17803400	chr13_17608400	33	195000	1.21030060902397e-06	47	1.23669102729065e-16	37	2.81522715693017e-09	::B-A12::N-2-21::N-A12::N-A02::B-2-21::B-1-6::B3-12::B3-14::N3-14::B-A10::B-2-12::B3-8::B3-13::N3-8::B3-1::N3-19::B3-19::B3-21::B3-9::B3-2::B-3-4::N-3-4::B-2-15::B-A07::B3-7::N-1-7::N3-10::B-A02::B-1-7::N-A05::B-A05::B-3-1::N-3-1::	28
chr13	43285400	43480400	chr13_43285400	27	195000	0.00431110977293835	40	2.2470295384976e-11	28	0.00119977247561276	::B-A10::B-A05::N-A02::N3-19::B-2-14::N-2-14::B3-c-9::B3-7::B3-19::B-1-6::B-2-27::N-2-27::B-A12::N-A12::N3-2-21::B-B03::N3-13::B3-11::B3-8::N3-8::N3-11::B-A04::B-3-1::N3-16::B3-4::N3-4::B-1-10::	26
chr13	44726700	44921700	chr13_44726700	25	195000	0.0498414312035926	35	6.1756401103314e-08	31	2.10485159686464e-05	::B-3-1::N-2-15::N3-16::B3-5::B-1-7::B-A04::B-A07::B-2-15::B3-2-37::B-3-4::N3-13::B-A12::N-A12::N-A07::B-1-6::B-B05::B-2-25::B3-12::N-2-25::B3-14::B-B03::B3-9::N3-9::B-A02::B3-13::	17
chr13	94426500	94621500	chr13_94426500	35	195000	6.1756401103314e-08	41	4.27063808968409e-12	19	28.38798034137	::N-2-25::N-2-15::B3-7::B-1-7::B3-2-21::B3-c-28::N3-19::B-A07::B-A02::B3-12::B3-13::B-1-6::B-B05::N3-11::B3-2::N-B05::N-2-14::N3-8::N-A02::N-2-12::N-2-27::N-B03::N-1-6::N-A12::N-A04::N-3-4::N3-21::N-2-23::N3-4::N-2-21::N3-16::N3-1::N3-13::N3-2::B-A12::	28
chr13	98717600	98912600	chr13_98717600	28	195000	0.00119977247561276	44	2.54288008151951e-14	39	1.15345572364824e-10	::B-B05::B-2-25::B3-8::B3-14::B3-2::N-2-25::B3-7::B-2-23::B3-2-21::N-B03::B-B03::B-A07::B-1-6::N3-4::N-2-15::B-2-15::N-A07::B-2-21::N-1-6::B-A10::N-2-14::B-3-4::N3-15::B3-12::N3-16::B3-19::N-2-23::N3-2::	13
chr13	111723500	111918500	chr13_111723500	29	195000	0.000322380482484512	47	1.23669102729065e-16	28	0.00119977247561276	::B3-7::N-A04::B-B05::N3-16::B-1-4::N3-4::N-A02::N-2-15::B-2-15::B-A02::N-2-21::B-3-1::N-3-1::N-3-4::N3-21::B-1-6::B-A12::B-A10::B-1-7::B-1-10::B3-4::B3-19::B-3-4::B3-2::B-2-23::B-2-21::N-A05::N-A12::B3-11::	17
chr14	19231200	19426200	chr14_19231200	32	195000	5.12553669740061e-06	58	8.75192246902403e-26	26	0.0149377436140986	::N3-4::N3-19::B3-12::N-2-21::B-2-14::N-B05::N-2-27::N-A02::B-1-6::N-1-10::N-A05::N3-11::B-3-4::N-1-7::N3-16::N3-8::B3-11::N3-10::B-2-23::N3-12::N3-1::N-3-4::N-2-23::N-2-25::B-2-15::B3-2::N3-15::N3-1-13::N-A10::N3-2-21::N-1-6::N3-9::	27
chr14	20932300	21127300	chr14_20932300	26	195000	0.0149377436140986	40	2.2470295384976e-11	36	1.33674116661794e-08	::B3-7::B3-12::B-3-4::N3-7::B3-c-28::B-A10::N-1-6::B-1-6::B-2-23::B-A04::N-2-25::N-A07::B-B05::N-A05::B-A05::N-3-1::B-2-14::B3-15::B-1-10::B3-19::B3-14::B3-c-9::B-2-25::B-A07::B-3-1::N-3-4::	20
chr14	34324800	34519800	chr14_34324800	26	195000	0.0149377436140986	34	2.77384493466169e-07	32	5.12553669740061e-06	::B3-19::B-1-6::N-1-10::B-2-23::B3-11::B-2-15::B3-2::B-B05::B-2-21::N-2-25::B3-c-28::B-A07::N-1-6::B3-12::N-A05::B3-7::B-2-14::N-2-14::B-2-12::N3-21::N-A02::B-A02::B-1-4::B-3-4::B3-14::N-B05::	18
chr14	52056300	52251300	chr14_52056300	28	195000	0.00119977247561276	42	7.92339529443897e-13	37	2.81522715693017e-09	::B-A10::B3-1-13::N-3-4::B-2-15::B-1-7::B-2-14::B-2-25::B3-16::B3-4::N-1-7::N3-1-13::B-2-21::B-2-12::B-2-27::N3-21::N3-19::N-2-21::B-A07::N-A07::N-2-27::B3-12::N-2-15::B-1-10::N-1-10::N3-c-28::B3-c-28::N3-2-21::B3-11::	18
chr14	66967100	67162100	chr14_66967100	27	195000	0.00431110977293835	31	2.10485159686464e-05	23	0.492499808784844	::B-B05::N-2-15::N3-9::B3-9::B3-7::N3-1-13::N3-7::B3-12::N-2-21::B-2-14::N3-8::N3-11::B3-8::B3-11::B3-2-21::B-2-12::N3-21::B-3-4::B-2-25::B-1-10::B-A12::N-A12::N3-19::B-1-7::B3-c-9::B-B03::N-B03::	15
chr14	79356800	79551800	chr14_79356800	26	195000	0.0149377436140986	32	5.12553669740061e-06	26	0.0149377436140986	::B3-c-9::B3-21::B-3-4::B-1-4::B-A07::B-A10::B3-14::N-2-23::N-1-7::N-1-6::B3-12::B3-2-21::N-A12::B-1-6::N-A02::N3-19::N-3-4::N-3-1::B3-2::B-2-12::N-2-12::B-2-25::B3-5::B-1-7::B-2-15::N-2-15::	17
chr15	8261900	8456900	chr15_8261900	40	195000	2.2470295384976e-11	63	2.98110551360168e-30	57	6.51423783853687e-25	::B-A12::N3-21::B3-13::B3-1::N-2-15::B-B03::B3-12::B3-19::B3-1-13::N-2-21::B-3-1::B-1-4::B3-c-28::B-3-4::N-A12::B-2-14::B-2-15::N-B05::B-2-12::B-1-10::N-1-6::B3-2-21::N-2-23::N3-2-21::N3-1-13::N3-1::B3-11::N-2-14::B-A07::B-1-7::N3-13::N-A07::B-2-23::N3-10::B-B05::B3-7::B-2-25::N-2-25::N3-7::N-2-12::	35
chr15	37901500	38096500	chr15_37901500	25	195000	0.0498414312035926	43	1.43585542057227e-13	38	5.77294860406598e-10	::N3-15::B-B05::N-3-1::B-3-1::N3-16::B-3-4::B3-c-9::N3-10::B3-21::B-2-15::N3-5::B3-13::B-B03::N-3-4::B3-14::N3-4::B3-19::B3-10::B-2-14::N3-19::N-B03::B-A10::B3-15::B3-12::B-1-6::	21
chr15	50673600	50868600	chr15_50673600	31	195000	2.10485159686464e-05	36	1.33674116661794e-08	33	1.21030060902397e-06	::N-2-15::N-A05::B-B05::B-3-4::N-A12::B3-21::N-2-23::N3-15::B3-15::B-2-12::N-A07::B-2-25::N3-c-14::B3-14::B3-19::N-2-12::B-2-21::N-2-25::N-B05::B-2-15::B-3-1::N-3-1::B3-2-21::N3-7::B-2-14::N-2-14::B3-5::N3-19::B-1-6::N-A02::B3-7::	22
chr15	51791500	51986500	chr15_51791500	25	195000	0.0498414312035926	35	6.1756401103314e-08	30	8.37366014635995e-05	::B3-2-21::B-A10::B3-19::N3-19::B-B05::N-3-1::B-2-21::N-2-21::B-3-1::B-1-6::B3-8::N-B05::N-A10::B-A02::B-3-4::N3-16::N-2-25::B-2-15::B-1-10::B3-5::B3-11::B3-2::B-1-7::N-B03::B-B03::	17
chr15	53150900	53345900	chr15_53150900	25	195000	0.0498414312035926	33	1.21030060902397e-06	30	8.37366014635995e-05	::N-2-23::B3-12::B-2-14::N-2-14::N-1-6::B3-14::B-2-15::N-2-15::N3-19::B-B05::N3-16::B-1-6::B-2-21::B3-1::B-3-4::B3-19::B-2-23::N3-c-14::B-A02::N-A10::B-B03::B3-c-28::B-2-25::N-2-25::N-3-4::	19
chr15	73057500	73252500	chr15_73057500	26	195000	0.0149377436140986	35	6.1756401103314e-08	26	0.0149377436140986	::B3-9::N3-11::B3-11::B3-19::B-2-12::N3-16::B-2-14::N3-1::N3-13::N3-10::B3-10::B3-1::B3-13::B3-2-37::B-1-6::N-1-6::B-1-7::N-B05::N3-21::N3-19::N3-2-21::N3-c-14::B-2-15::B3-c-28::B-2-27::B3-14::	11
chr15	77070200	77265200	chr15_77070200	29	195000	0.000322380482484512	35	6.1756401103314e-08	32	5.12553669740061e-06	::B-1-6::N3-19::B3-12::N-A02::N-2-12::B-2-12::N-A10::B-A10::N3-13::B3-19::N3-2-21::B3-2-21::B-2-14::B-A04::B-2-25::N3-8::B-B05::B-2-23::B-A07::N-B05::B3-14::N3-7::N-2-21::B-A05::B3-21::B3-1-13::N3-16::B-3-4::N3-c-28::	14
chr15	80781900	80976900	chr15_80781900	29	195000	0.000322380482484512	43	1.43585542057227e-13	39	1.15345572364824e-10	::B-2-21::B3-21::B3-c-28::N-2-15::B-3-4::N3-10::B-2-23::N-2-12::B-2-12::B-2-15::B-1-6::B-A04::B3-1::N3-1::B-1-7::N3-21::B3-2-21::N-1-6::B-2-14::N3-13::B3-13::B3-10::N3-2-21::N3-c-28::B-A07::N-2-14::B3-1-13::N-A05::B3-15::	17
chr15	81059300	81254300	chr15_81059300	31	195000	2.10485159686464e-05	49	3.19271079914012e-18	44	2.54288008151951e-14	::N-2-27::B-B03::N3-8::N3-13::B-2-12::B-2-25::B-A07::N-2-15::N-1-6::B3-2-21::N3-1-13::B-A10::B-2-14::B-2-21::N3-2-21::N3-1::B3-19::B-1-7::N3-19::N-2-12::B3-c-28::B3-7::B-1-6::B3-13::B-B05::B-2-27::B-2-23::N-2-23::N-2-25::B3-11::B3-14::	25
chr15	96255900	96450900	chr15_96255900	30	195000	8.37366014635995e-05	45	4.40332976146501e-15	38	5.77294860406598e-10	::B-A04::B3-11::B-A10::B3-2-21::B3-19::B-1-6::N-2-21::B-2-14::B-A12::N-1-6::B3-1::N3-16::B3-10::B-2-15::B-2-27::N3-7::B3-7::B3-21::N3-9::B3-9::B3-c-14::N3-c-14::N3-19::N-2-14::N-3-4::B-B05::N-2-25::B-3-4::N-1-7::B-A05::	25
chr16	11064300	11259300	chr16_11064300	28	195000	0.00119977247561276	40	2.2470295384976e-11	37	2.81522715693017e-09	::N3-8::B3-15::B3-14::N3-13::B3-11::B-2-15::B-2-14::B-1-10::B-2-21::B3-1::B3-7::B3-5::N3-16::N-2-25::B-A07::N-2-27::N-A05::N-A02::N-2-15::N-B03::N3-11::B-A04::N3-1::B-A12::B-B03::B-3-1::N3-2-21::N3-4::	18
chr16	16984400	17179400	chr16_16984400	28	195000	0.00119977247561276	36	1.33674116661794e-08	33	1.21030060902397e-06	::B3-c-28::N-2-12::B-2-12::N-2-21::B3-19::B-2-15::B-A12::N-B03::N-2-23::B-B03::N-2-14::B-2-14::B-3-1::N-3-1::B-2-21::N3-13::N-A07::N3-1::N3-2-21::N3-21::N3-16::B3-2-21::B3-5::B3-1::N-1-7::N3-8::B-3-4::B-B05::	14
chr16	24378300	24573300	chr16_24378300	31	195000	2.10485159686464e-05	38	5.77294860406598e-10	35	6.1756401103314e-08	::N3-9::N-1-6::B-A12::B3-19::N3-19::N-2-14::B-2-14::N-A02::N-2-15::N-B03::B-1-6::B3-c-28::B3-11::B-3-4::N3-8::B-B05::N3-c-14::N3-7::N3-10::B3-1-13::B-A07::B-2-21::B3-2-21::N-1-7::B-A10::B3-12::N-2-21::B-3-1::N-3-1::B-2-15::N-3-4::	18
chr16	31657900	31852900	chr16_31657900	30	195000	8.37366014635995e-05	47	1.23669102729065e-16	40	2.2470295384976e-11	::N-A05::B-B03::B-2-15::N3-c-14::B3-19::B-A07::B-B05::B-1-6::B3-21::N-A07::N3-1-13::N-3-1::N3-19::B-3-4::N-3-4::N-B05::N-B03::B-2-12::B-A02::N-2-15::N-2-21::B3-11::B-2-21::B-A05::B-2-14::B3-2-21::N-A02::B-2-23::N3-c-28::N3-21::	20
chr16	33252400	33447400	chr16_33252400	27	195000	0.00431110977293835	42	7.92339529443897e-13	34	2.77384493466169e-07	::B3-8::N3-11::N-A02::B-B03::B3-21::B-1-6::N-B03::N-B05::B3-2-21::N3-2-21::B-2-15::B-A07::N-A12::N3-1-13::B3-1-13::B-B05::N3-16::B3-16::B-A12::N-A05::B3-c-28::B3-14::N3-4::B-A02::B-A10::B3-4::B-2-25::	18
chr16	38090900	38285900	chr16_38090900	29	195000	0.000322380482484512	48	2.00764913883282e-17	42	7.92339529443897e-13	::B3-7::B-2-25::N-1-6::B-1-6::B-B05::N-2-25::B3-11::B3-13::B-2-15::N3-9::N-A07::B-1-7::B-A10::N-A02::N-2-15::B3-c-9::B-3-1::B3-19::B-A05::B-A12::B-A07::N3-12::N3-16::N-B05::N-A05::N-2-21::B-2-14::B-2-23::B-A04::	14
chr16	43321700	43516700	chr16_43321700	26	195000	0.0149377436140986	36	1.33674116661794e-08	30	8.37366014635995e-05	::N-3-4::B3-1-13::B3-7::N-A12::B-3-4::N-1-7::N-1-6::N-2-15::B-A12::N-B03::B-B03::B-2-15::B-1-6::N-B05::B3-1::B-2-23::B3-10::B3-13::N3-1::N3-10::N3-13::B-B05::N3-1-13::N3-c-14::B-1-7::B-2-14::	21
chr16	94491700	94686700	chr16_94491700	26	195000	0.0149377436140986	36	1.33674116661794e-08	33	1.21030060902397e-06	::N-A10::N-A07::N-A12::N3-4::N-3-1::B-1-6::N-2-15::B3-7::B3-5::N3-1::B-3-1::B-2-15::B-1-4::B-A04::N3-9::B3-9::N3-2-21::B-1-10::B3-2-21::N-B05::N-1-6::N-3-4::N-2-25::B3-19::B3-11::N3-19::	15
chr17	3061400	3256400	chr17_3061400	37	195000	2.81522715693017e-09	49	3.19271079914012e-18	43	1.43585542057227e-13	::N3-1::B3-11::B3-2::B-A12::B3-19::N3-4::N-2-21::B3-8::N-3-1::N3-2-21::N-A05::N-1-6::B-1-6::N-2-15::B-2-12::N-3-4::N3-15::B3-15::N-B03::B-B03::B-2-21::B3-12::B-2-14::B-A10::B-3-4::N3-5::N3-16::B-B05::N-B05::B-A05::N-1-7::N3-19::N-A12::N3-9::B-A02::B3-1::B3-9::	23
chr17	5038300	5233300	chr17_5038300	33	195000	1.21030060902397e-06	46	7.45918233500722e-16	41	4.27063808968409e-12	::N3-16::N-2-21::B3-19::N-3-4::N-1-6::N-2-15::B-1-6::N3-4::B-B03::B3-7::B3-1::N3-1::N-2-25::B-3-1::B-2-21::B3-12::N-2-23::N-A02::N-1-4::B-A02::N-A05::N-3-1::B-2-15::B-A10::N-A04::B-A04::B-1-4::B-A05::B3-c-14::B3-14::B3-5::B-2-25::N3-13::	24
chr17	10198000	10393000	chr17_10198000	31	195000	2.10485159686464e-05	41	4.27063808968409e-12	37	2.81522715693017e-09	::B-A04::B-B05::N3-2-21::N3-16::N-A04::N-2-15::N3-13::B3-19::B3-14::N3-c-9::N-3-4::N-A10::B3-2-21::B-A07::N-3-1::N-2-23::N3-14::B-1-6::N-1-10::B-2-25::B-1-10::B-2-21::N-2-21::B-2-23::B-1-7::B3-9::B-A10::N-A02::B-A02::N3-c-28::B-A05::	14
chr17	32160500	32355500	chr17_32160500	27	195000	0.00431110977293835	35	6.1756401103314e-08	28	0.00119977247561276	::B3-1::B-A12::B-B05::B3-11::B-2-25::B-2-21::B3-9::N3-9::N-3-4::B3-c-28::N-2-23::B-2-12::B3-7::B-A10::B3-1-13::B3-15::N3-16::N3-12::N3-4::B3-13::B3-10::B3-2-37::N3-10::N3-13::B-2-15::B3-16::N-A05::	20
chr17	74190200	74385200	chr17_74190200	28	195000	0.00119977247561276	37	2.81522715693017e-09	35	6.1756401103314e-08	::B3-10::B-2-25::B3-c-9::B-A10::B-B05::N-A12::N3-8::B-2-27::N-B05::N3-7::B-3-4::B3-2-21::B3-7::B-2-23::N3-14::N-2-23::N-2-25::N3-19::B-2-15::B3-11::N3-11::N-A05::B-A05::N3-4::B-A04::B-B03::B3-c-28::N-2-15::	21
chr18	4886500	5081500	chr18_4886500	26	195000	0.0149377436140986	29	0.000322380482484512	23	0.492499808784844	::N-2-25::B3-11::N3-16::N-2-15::B3-7::B-A05::N-A05::B-1-6::N-1-10::B3-1::N-3-1::B-3-1::B-A02::N3-c-28::B-2-21::B-3-4::B-A10::B3-c-9::B3-5::N3-19::N3-14::B3-14::B3-15::B3-2::B3-c-28::B3-9::	13
chr18	7737500	7932500	chr18_7737500	27	195000	0.00431110977293835	44	2.54288008151951e-14	34	2.77384493466169e-07	::N-3-4::N-2-23::B-A07::N3-16::B3-7::N3-7::B-A10::N-A10::N-2-15::B-2-25::N-1-6::N-3-1::B-2-21::N-2-14::B-3-1::B3-12::B-2-15::B-2-27::B-1-7::B-2-23::N-A02::B3-11::N3-15::B3-15::B3-4::N3-4::B3-1::	23
chr18	9278800	9473800	chr18_9278800	25	195000	0.0498414312035926	33	1.21030060902397e-06	30	8.37366014635995e-05	::B-2-15::B-3-1::B3-1::B3-c-9::B-B05::B3-c-28::N-2-12::B-2-12::N-2-23::N-2-21::N-3-1::B-2-25::B3-21::B3-12::B3-10::N3-10::B-2-23::B3-8::N-2-25::N3-c-9::N-A02::B-A02::B3-2::N3-1::B-A12::	15
chr18	9986700	10181700	chr18_9986700	40	195000	2.2470295384976e-11	54	2.41705008524788e-22	51	7.6024765568674e-20	::B3-7::B3-2-21::N-1-6::B3-c-9::B-1-6::N3-8::B-3-4::N3-9::B3-5::N3-13::N-2-21::N-2-23::B-1-7::N-2-27::B-B05::N3-19::B-2-25::N-B05::N3-16::N-2-15::N3-10::B-2-14::N-2-14::B-2-15::B3-16::B-2-23::B3-c-28::N3-2-21::B-3-1::N-3-1::B3-10::N3-4::N-A05::N-B03::N-A02::B3-1-13::B-A02::N-1-7::B-2-27::B3-1::	30
chr18	31764100	31959100	chr18_31764100	30	195000	8.37366014635995e-05	36	1.33674116661794e-08	32	5.12553669740061e-06	::N3-1::B3-1-13::N-1-7::N-1-10::N-3-4::B-A02::N-1-6::B-B05::N-2-27::N3-8::N3-11::B3-8::B3-11::N3-19::B-2-21::N-2-21::N-2-23::N3-13::B3-19::B-A05::B3-7::B-3-4::N-B05::B-A10::N-2-15::N3-9::B3-5::N3-2-21::B3-14::B-2-15::	14
chr18	34222800	34417800	chr18_34222800	28	195000	0.00119977247561276	39	1.15345572364824e-10	32	5.12553669740061e-06	::N3-13::N-2-23::B3-12::B-2-21::B-A10::B-B03::N-B03::N-2-15::B3-2::B-B05::N3-1-13::N3-8::B-A07::N-1-7::B3-8::B3-11::N-A07::B3-1-13::N3-21::B3-19::B-A05::N-A05::B-2-14::N3-4::B3-1::B3-21::N-A02::N3-10::	18
chr18	34760900	34955900	chr18_34760900	25	195000	0.0498414312035926	27	0.00431110977293835	24	0.159905230192932	::B3-1::B-A07::N3-11::N3-1::B-3-4::N-1-6::N-A02::B-1-4::B-2-21::B-1-7::B-B03::B3-15::N-2-23::N-2-25::N3-4::B-1-10::N3-13::B3-10::B-1-6::N3-16::B-A05::B-A04::B3-1-13::N3-1-13::N-3-4::	12
chr18	42185400	42380400	chr18_42185400	28	195000	0.00119977247561276	36	1.33674116661794e-08	31	2.10485159686464e-05	::N-A10::B3-7::N-2-23::B-A02::N3-15::B3-15::N-A12::B-1-6::B-B05::N-A02::B3-8::B3-21::B-A07::N3-2::B3-1::B-2-21::N-2-21::B3-c-9::N-1-7::N-2-15::B-A05::B3-2::B-2-25::N-B05::B-3-4::B-1-7::N3-13::B-A12::	20
chr19	3453200	3648200	chr19_3453200	30	195000	8.37366014635995e-05	49	3.19271079914012e-18	43	1.43585542057227e-13	::B3-5::N3-c-9::N3-4::B3-19::B-B05::N-B05::N3-12::B-1-6::N-A10::N-2-15::B-A05::B-2-15::B-A10::N-B03::B-B03::N3-8::B3-c-9::N3-16::B-1-10::N-2-21::B-1-4::B3-21::B-2-14::B-2-21::N-2-14::B-2-23::B-A07::B-2-25::N-A02::B3-2::	31
chr19	16135900	16330900	chr19_16135900	26	195000	0.0149377436140986	36	1.33674116661794e-08	34	2.77384493466169e-07	::N3-7::B3-11::B3-10::N-2-15::B3-13::N-B03::N3-4::N-A07::B-3-1::N3-10::N3-21::B3-14::B-2-25::B-3-4::B3-1::N-2-23::N-2-27::B-2-27::N3-1::B3-19::B-A10::B3-5::N-A12::B-2-23::N-A02::N3-16::	18
chr19	29914900	30109900	chr19_29914900	29	195000	0.000322380482484512	39	1.15345572364824e-10	29	0.000322380482484512	::B-A12::B3-1::N-2-15::B-3-1::B-2-25::B3-2-21::B-2-15::N3-10::B-1-6::N-A10::N-B05::N-2-25::N3-11::B-B05::B3-c-9::B3-19::B3-21::B3-13::B3-11::B-1-7::N-2-12::B-2-12::B-A02::B-A10::B3-10::N3-1::N3-13::N-A02::N3-1-13::	14
chr2	37377800	37572800	chr2_37377800	28	195000	0.00119977247561276	39	1.15345572364824e-10	38	5.77294860406598e-10	::B3-14::N-2-15::B3-c-9::B3-1::B3-8::B-3-1::N3-19::N-2-21::N3-10::N3-13::N-A05::B3-7::N3-14::B-2-15::N-A04::N-3-4::N3-11::B3-11::B-2-14::B-A07::N3-16::N-1-6::N-2-12::N-3-1::B-2-23::B-2-27::N3-5::N-B03::	23
chr2	48791200	48986200	chr2_48791200	25	195000	0.0498414312035926	37	2.81522715693017e-09	34	2.77384493466169e-07	::B3-19::B-B05::B-A12::N-A12::B-3-1::B3-1::B3-2::B-2-12::B-2-27::B-A10::B3-7::N-2-27::N3-11::B-2-25::N3-21::N-2-15::N-A02::B-A02::B-2-15::B3-11::B3-5::N-A05::N3-19::B-3-4::N3-8::	21
chr2	60749100	60944100	chr2_60749100	26	195000	0.0149377436140986	34	2.77384493466169e-07	29	0.000322380482484512	::B-2-23::N-2-15::B-B03::N-A12::N-2-23::N-3-4::B-A05::N-A05::B-2-27::B-2-15::N-2-27::B-A10::B3-1::N3-c-14::B3-c-14::B-2-14::N-A02::B-B05::N3-5::N-B05::B-2-25::N-2-25::N3-7::N-3-1::B-A07::B3-14::	22
chr2	90824700	91019700	chr2_90824700	29	195000	0.000322380482484512	32	5.12553669740061e-06	28	0.00119977247561276	::B-1-7::N3-16::B-A04::B3-1::B3-1-13::B-1-6::N-A12::B-A12::N3-4::N-B05::N-3-4::B-2-14::N-2-14::N-2-15::N-2-21::B-A02::N-A05::B-B03::N-B03::N3-13::B3-14::N3-2::B-2-21::B3-19::B3-12::B3-c-9::N-3-1::B-3-4::B-2-27::	21
chr2	91763900	91958900	chr2_91763900	25	195000	0.0498414312035926	36	1.33674116661794e-08	31	2.10485159686464e-05	::B-A07::B-1-6::B-1-10::B3-7::B-2-12::N-A02::N-B05::B-2-21::B-1-7::B-A12::B3-13::B3-10::N3-10::N-1-7::B-A10::N3-8::B-2-25::N3-19::B-2-15::B-3-4::B3-11::B3-9::N3-9::N3-16::N3-1::	16
chr2	98644700	98839700	chr2_98644700	66	195000	5.13740276166415e-33	358	nan	33	1.21030060902397e-06	::B-A07::N-A05::N3-16::N3-14::N-1-7::N-B05::N-2-14::N3-9::N-A02::N-2-12::N3-10::N3-7::N3-1-13::N-1-6::N3-13::N3-8::N3-19::N-A10::N-A12::N3-1::N3-4::N3-c-14::N3-2-21::N-2-15::N3-15::N3-21::N-3-1::N-2-25::B-2-21::B3-12::N-1-10::N3-11::N3-12::N-2-27::N-2-21::N3-5::N-3-4::N-B03::N-2-23::N3-c-9::B3-1-13::B3-1::B-2-23::B-3-1::N-A07::B3-c-28::N-A04::B3-13::B3-10::B-A02::B3-8::B-1-10::N-1-4::B-2-15::B3-11::B-1-7::B-1-6::B3-9::B-A05::B-2-27::B-B03::B3-19::B-2-12::B3-14::B-3-4::B-A12::	173
chr2	117079600	117274600	chr2_117079600	27	195000	0.00431110977293835	40	2.2470295384976e-11	36	1.33674116661794e-08	::B3-2-37::N3-16::N3-12::B-A05::B-1-7::B3-19::N3-15::N-A02::B-3-4::N-3-4::N-2-23::B-2-23::N3-8::B-1-6::B3-11::N3-1::B3-1::B-A04::B-2-21::B-A02::B-B05::B-2-25::N-2-27::N-3-1::B-3-1::B-2-12::B3-c-9::	15
chr2	152161500	152356500	chr2_152161500	29	195000	0.000322380482484512	34	2.77384493466169e-07	33	1.21030060902397e-06	::B-1-4::N-A12::N3-8::B3-5::B-2-27::N-2-27::N-A05::B-A10::B-2-14::N-2-21::B-2-25::B-2-23::B-1-6::B3-7::N3-7::N-1-6::B-2-12::N3-16::N3-13::B3-13::N3-c-14::B-2-15::N-A02::B3-1::B3-2-21::N-3-4::B-3-4::B3-21::N3-11::	13
chr2	154682700	154877700	chr2_154682700	30	195000	8.37366014635995e-05	41	4.27063808968409e-12	33	1.21030060902397e-06	::B-B03::B3-19::N-A07::N-2-21::B3-8::B3-11::N3-8::N3-11::N-3-1::B-A02::B-B05::B-2-15::B-A07::B3-c-9::B-1-6::B3-21::N-2-27::N-2-15::B3-9::N-B05::B3-2-21::B3-14::B-3-4::B-3-1::N-A05::B-A05::B3-12::N3-2-21::B3-1::N3-1::	27
chr2	156085800	156280800	chr2_156085800	26	195000	0.0149377436140986	29	0.000322380482484512	23	0.492499808784844	::B3-12::B-B03::B-1-6::N3-16::N-A02::B-1-7::N-1-7::N3-10::N-3-1::B-2-14::N-2-14::B3-7::B-3-4::N3-c-14::B3-c-14::B3-19::B-B05::N-B03::N3-11::B3-8::B3-11::B3-2::B-A07::B-A12::N-A07::B3-c-9::	13
chr3	19129800	19324800	chr3_19129800	28	195000	0.00119977247561276	34	2.77384493466169e-07	31	2.10485159686464e-05	::B-3-4::B-A07::B-1-7::B3-11::B3-1::N-A02::B-2-14::N-3-1::B-B05::B-2-27::N-B05::B3-c-28::B-2-15::N-1-10::N-2-15::N3-4::N3-13::B3-1-13::N-A12::B-A12::B-1-6::B3-14::N-3-4::B3-2::B3-13::N-A10::B-2-21::N3-19::	17
chr3	27512200	27707200	chr3_27512200	32	195000	5.12553669740061e-06	49	3.19271079914012e-18	41	4.27063808968409e-12	::N3-c-14::N-2-25::N-A07::N3-1-13::B3-1-13::B-A07::N3-19::B-2-25::N-A02::B-A02::B3-19::N-A05::N3-11::N-3-4::B-2-15::B-2-21::N-2-21::B-1-7::N-2-15::N3-21::B3-c-14::N3-8::B-2-14::B-B05::N-B05::B3-5::N-2-14::B3-2-21::B3-7::B3-13::B-A10::B-2-23::	17
chr3	51363300	51558300	chr3_51363300	27	195000	0.00431110977293835	39	1.15345572364824e-10	33	1.21030060902397e-06	::N-2-14::B3-11::N-2-25::B3-8::N3-8::B3-19::B-2-14::B-A12::N3-19::B3-21::N3-13::B-2-25::B-1-6::N-1-6::B-B05::B-2-15::N3-11::B-2-21::N-3-1::N3-4::B-3-1::N-B03::B3-7::N3-7::B3-c-14::B-A02::B-A07::	20
chr3	58413500	58608500	chr3_58413500	25	195000	0.0498414312035926	36	1.33674116661794e-08	29	0.000322380482484512	::N-A02::N3-9::B3-1-13::B3-9::B-2-14::B3-19::B-A12::B3-2-21::N3-1-13::N-2-15::N3-c-14::B3-c-14::B-1-7::N-B05::N3-16::B3-1::N-2-27::B-2-25::N3-19::B3-13::N3-13::N-1-7::B3-21::B-2-15::B-A10::	18
chr3	60460700	60655700	chr3_60460700	31	195000	2.10485159686464e-05	47	1.23669102729065e-16	34	2.77384493466169e-07	::B-1-6::B-2-14::N-2-14::N-1-6::N-2-21::B-2-27::B-2-23::B-1-7::N-B03::B-B03::B3-11::B3-19::N-1-7::B3-21::N-2-12::B-2-12::B-A02::N-2-15::N3-2-21::B3-2-21::N3-21::N-3-4::B-3-4::N-A02::N-2-23::B-A07::N3-10::N3-19::N3-4::B-A05::N-A07::	20
chr3	69014600	69209600	chr3_69014600	30	195000	8.37366014635995e-05	39	1.15345572364824e-10	33	1.21030060902397e-06	::N-1-6::B3-c-28::N3-19::B-2-12::N-2-12::N3-1-13::N3-7::N-2-23::B-2-25::B-2-14::N-2-14::B-A10::N-A10::B-A02::B-B03::N-B03::N-2-21::N3-4::N3-10::B-2-15::B3-1::N3-15::B3-15::B3-21::N3-21::B3-19::N-2-25::N-3-1::N3-11::N-A07::	23
chr3	84395700	84590700	chr3_84395700	26	195000	0.0149377436140986	28	0.00119977247561276	24	0.159905230192932	::N3-13::N-2-15::N-A02::N3-8::B3-19::B3-2-21::N3-2-21::B-A10::B-2-21::B3-13::N3-10::B-2-12::N3-21::B3-1-13::B-3-4::B3-5::B3-21::B-1-6::N3-9::B3-9::B-2-23::B-2-15::N-B05::B3-1::N3-16::B3-16::	10
chr3	90205800	90400800	chr3_90205800	33	195000	1.21030060902397e-06	45	4.40332976146501e-15	38	5.77294860406598e-10	::B-A02::B-A07::B3-11::B3-2-21::B-A10::B-A12::B-2-23::B3-8::B-2-27::B-2-14::N3-19::B-2-25::N-B05::B-B05::N3-1-13::B3-5::B3-7::N3-8::B-3-4::N-1-6::N-2-27::N3-16::B3-16::B3-1::B3-2::B3-4::B3-14::B-2-15::B-1-7::N-1-7::B3-21::N3-21::N3-1::	27
chr3	96083100	96278100	chr3_96083100	27	195000	0.00431110977293835	33	1.21030060902397e-06	29	0.000322380482484512	::B-2-27::N-A02::N3-12::B-2-25::B3-4::N-B05::N-A05::N-2-15::B3-1::B-3-4::B3-2-21::N3-4::B-A10::B3-14::N-1-6::B3-15::B-1-6::N-A12::B-A02::N-1-7::B3-19::B-A04::N3-10::B3-1-13::B-2-15::N3-11::B3-7::	14
chr3	103253100	103448100	chr3_103253100	27	195000	0.00431110977293835	33	1.21030060902397e-06	30	8.37366014635995e-05	::B3-1::N-2-23::B3-c-28::B-A10::N3-11::B-A07::N-2-25::B3-12::B-2-23::B-2-15::B-1-6::B-B03::N-B03::N-B05::N-2-15::B-2-21::B3-7::B3-13::B-2-25::B-2-14::B3-10::N-A12::B3-2-21::N-2-27::B-2-27::B-A05::N3-19::	16
chr3	104826200	105021200	chr3_104826200	25	195000	0.0498414312035926	28	0.00119977247561276	25	0.0498414312035926	::B-3-1::B-A07::B-B05::N-B03::B-B03::B-A12::N-1-6::B-2-21::N-A12::B-2-15::B-2-25::N-2-25::B-A10::B3-12::N-3-4::B3-15::B3-2-21::B-A04::N3-8::B-2-27::B3-11::N3-16::N-2-15::N-B05::B-1-6::	15
chr3	135406400	135601400	chr3_135406400	28	195000	0.00119977247561276	35	6.1756401103314e-08	28	0.00119977247561276	::N-A05::B3-c-28::B-A10::B-B05::N3-13::N3-4::B-A05::B-1-10::N3-10::B3-10::N-2-23::B3-16::B3-4::N3-8::N3-11::B3-7::B3-8::B3-11::B-2-21::B-2-14::N3-16::B3-19::B-2-25::N-1-6::N-2-15::B3-c-9::B3-1-13::B-2-15::	14
chr4	41110800	41305800	chr4_41110800	29	195000	0.000322380482484512	39	1.15345572364824e-10	37	2.81522715693017e-09	::N-2-25::N3-8::N-A05::B3-13::N-3-1::B-3-1::N3-11::B3-2-21::B-1-7::B-2-21::B-A12::B3-19::N3-7::B-2-12::B-2-23::N-2-27::B3-1-13::B-2-14::N3-13::B-B05::N-2-21::N-2-15::B-2-27::B3-11::N3-16::N3-14::B-2-15::N-B03::B3-14::	15
chr4	44765600	44960600	chr4_44765600	26	195000	0.0149377436140986	38	5.77294860406598e-10	35	6.1756401103314e-08	::B3-2-21::B-1-6::B-2-15::B3-1::B3-16::N3-16::B-A05::B-1-4::N3-13::B3-13::B-B05::B-2-27::B-1-7::B3-11::N3-14::B-3-1::N-3-1::B3-19::B-2-14::B-A07::N-2-15::N3-7::N-2-23::B-2-23::B3-7::N-3-4::	19
chr4	82297000	82492000	chr4_82297000	33	195000	1.21030060902397e-06	48	2.00764913883282e-17	42	7.92339529443897e-13	::N3-19::N-A12::B3-2-21::B-3-4::B-2-21::N-A07::B-2-15::B3-c-9::B3-19::N-3-1::B3-1-13::B-A07::B3-15::N-2-21::B3-12::N-2-25::B-2-25::N-B03::N-1-7::B-1-10::B-B03::B-1-7::N3-c-9::N3-1-13::N-2-27::B-2-27::N3-16::B3-16::N-2-14::B-A05::N-A02::N-2-23::B3-4::	19
chr4	120389200	120584200	chr4_120389200	27	195000	0.00431110977293835	30	8.37366014635995e-05	24	0.159905230192932	::B3-10::B3-11::N-1-7::N3-16::N-A05::N-A04::B-2-15::N3-14::N-3-1::N3-2-21::N3-10::N-A02::B-B05::N3-1::B-3-1::B-A10::B-2-12::N3-13::B3-13::B3-1::B3-14::B3-2-37::B3-c-9::N-B05::B-2-14::N3-11::B-1-7::	12
chr4	130669700	130864700	chr4_130669700	29	195000	0.000322380482484512	45	4.40332976146501e-15	39	1.15345572364824e-10	::N-2-21::N-3-1::B-3-1::B3-c-28::B-A10::N-1-6::N3-8::B3-12::N-2-15::B-2-15::N3-13::B3-11::N3-11::B-1-4::B3-2::N3-16::B-A05::B3-13::B-1-6::B3-5::B-A07::B3-7::N3-7::N-1-10::B-B05::B3-2-37::N3-1-13::N3-21::N3-4::	23
chr4	135174600	135369600	chr4_135174600	28	195000	0.00119977247561276	36	1.33674116661794e-08	28	0.00119977247561276	::B3-15::B3-14::B-2-27::B-3-4::B3-5::B3-4::B3-c-28::N3-13::B3-13::B3-1::N3-1::N-3-1::B-A04::N-A04::B-2-12::N-2-12::B3-7::B-1-7::N3-19::B-A10::N-A10::N-B05::B-B05::B-1-6::B-A05::N-A05::B-A07::B-2-25::	25
chr4	136449400	136644400	chr4_136449400	31	195000	2.10485159686464e-05	52	1.13925145101466e-20	44	2.54288008151951e-14	::B-1-7::N-2-15::B3-c-9::N-1-7::N-3-4::B-3-4::N3-12::N3-19::B3-1::N3-16::B-2-15::B-2-27::B3-12::N3-8::N3-13::B3-7::B-A10::N3-c-9::N-3-1::N3-4::B-A12::N3-2-21::N3-c-14::B3-13::B-2-23::N-A07::N3-2::B3-2::N-2-12::B-2-25::B3-10::	25
chr4	137248100	137443100	chr4_137248100	26	195000	0.0149377436140986	31	2.10485159686464e-05	27	0.00431110977293835	::B3-11::N3-c-28::B3-12::B-2-15::B3-5::N3-2-21::N3-7::N-1-6::N-2-25::B3-7::B-1-6::B3-c-28::B3-1::B-3-4::B3-21::N-2-15::N3-c-9::B-A12::B3-4::N-A10::B-A10::N3-13::B3-13::N3-4::N-3-1::N-2-12::	11
chr5	20856200	21051200	chr5_20856200	29	195000	0.000322380482484512	37	2.81522715693017e-09	34	2.77384493466169e-07	::B-2-25::B-3-1::N-2-27::N-1-6::B-2-15::B3-10::B3-7::N3-10::N3-4::N-1-10::B-1-10::B-A10::B-B03::B3-19::N3-19::B-B05::N-3-4::B-2-27::B3-2-21::B3-4::N-A05::N-A12::B-3-4::N3-11::N-2-14::B-A02::B-1-6::B3-12::B-2-23::	24
chr5	23421800	23616800	chr5_23421800	29	195000	0.000322380482484512	40	2.2470295384976e-11	38	5.77294860406598e-10	::B-1-7::B-A10::B3-7::B3-12::N-2-15::B-2-15::B3-14::B3-1::B3-2-21::N3-11::B3-11::B3-2::N-2-21::B-2-14::B-A05::N-A07::B-3-4::B3-19::B-B05::B-2-25::B3-c-28::B-A07::N-A05::B-A12::N3-10::N-2-27::N-A02::B-1-6::N-2-23::	19
chr5	25301000	25496000	chr5_25301000	34	195000	2.77384493466169e-07	80	1.18915893565876e-46	61	1.91767010463997e-28	::B-2-15::N3-21::N3-9::B-A10::N-A05::N3-10::B3-13::B3-7::B3-1::B3-12::N3-12::B3-14::B-1-6::N3-13::B3-10::N3-1::N-2-25::N-2-15::B-2-27::N-3-1::B-A02::B-1-10::B3-c-9::B-2-25::B3-9::N3-2-21::N-A07::B-3-1::B3-5::N-2-23::B-B05::B-B03::B-2-21::B-2-23::	39
chr5	28143100	28338100	chr5_28143100	69	195000	7.73240053011556e-36	163	4.32926306862557e-145	17	159.891329257732	::N-2-23::N3-14::B3-7::N-2-15::N3-4::N-2-25::N3-16::N3-11::N-3-4::N-2-21::B3-c-28::B-2-21::B-2-12::B-2-15::B3-12::B3-c-9::B3-5::N3-15::B3-14::B3-16::B-2-25::B-A10::N-2-14::N-1-7::N-B03::N-B05::N-1-6::N-1-4::N3-c-14::B-A04::B-2-14::B3-15::B-B03::B3-11::B-B05::B-1-7::B-1-10::B-1-6::B-1-4::B-2-23::B-A02::B3-4::B3-13::B-3-4::B3-2-21::B-3-1::B3-2::B3-19::B-A05::B-2-27::B-A07::N-3-1::N3-5::B3-10::B3-1-13::B3-2-37::N-2-12::N3-12::N3-10::N3-7::N-2-27::N-1-10::N-A02::N-A10::B-A12::N3-13::N-A12::N3-21::N3-2-21::	100
chr5	32330200	32525200	chr5_32330200	26	195000	0.0149377436140986	32	5.12553669740061e-06	27	0.00431110977293835	::B3-1::N3-11::N-2-25::B-1-10::B-2-21::B-A12::N-A12::N-3-1::N-1-6::B-3-1::N-A05::B-A05::B-2-25::B-A07::B3-1-13::B-3-4::N-2-23::B-2-15::N3-16::B3-16::B-A10::N3-9::B3-9::B3-14::N3-19::N-2-15::	13
chr5	65525400	65720400	chr5_65525400	33	195000	1.21030060902397e-06	65	4.35130680558311e-32	60	1.50119078034515e-27	::N-1-7::N-3-1::N-2-21::B3-7::B-A10::B3-2-21::B-2-15::N-2-15::B-A02::B-3-1::B-B05::N3-c-14::B3-13::B-A07::B-2-21::N3-2-21::B3-14::B-2-25::N-A12::N-1-6::B-1-10::B3-c-14::B-1-6::B3-c-28::B3-12::B3-1-13::B-1-7::N3-13::N-1-10::N3-14::B-2-23::N-B05::B-A05::	36
chr5	90225400	90420400	chr5_90225400	27	195000	0.00431110977293835	45	4.40332976146501e-15	42	7.92339529443897e-13	::N-1-6::B-A04::B-B05::N-B05::B3-c-9::B3-1::B-A10::N3-13::B-A12::B3-19::N-A10::N-2-23::B-2-25::B3-12::N-2-21::B-2-15::N-1-7::B3-7::B-A02::B-1-6::N3-19::B-1-7::N3-c-14::N-A02::N-2-25::N-A07::N-3-1::	23
chr5	99950600	100145600	chr5_99950600	26	195000	0.0149377436140986	35	6.1756401103314e-08	28	0.00119977247561276	::B-2-25::B-2-15::N-A04::N-A02::B-A02::N-2-15::N3-13::B-B05::N-B05::B3-1-13::B3-14::B3-1::B3-13::B3-10::N3-1::N3-10::B3-5::N-A05::N3-4::B-2-21::B-1-6::B3-7::B3-2-21::B-A05::N-2-25::N-2-23::	21
chr5	103659200	103854200	chr5_103659200	27	195000	0.00431110977293835	36	1.33674116661794e-08	30	8.37366014635995e-05	::N3-4::B-2-12::B3-c-9::N3-13::N-B03::B-2-15::B-2-23::B3-7::N-3-4::N-2-15::B3-2-21::B3-c-28::B-2-21::B3-12::B3-5::B-A07::N-A07::B-1-6::N-2-23::N-B05::B-1-7::N-1-7::N-1-6::B-A04::B3-19::N3-19::N-3-1::	20
chr5	147366400	147561400	chr5_147366400	26	195000	0.0149377436140986	43	1.43585542057227e-13	37	2.81522715693017e-09	::B-2-25::B3-13::B3-21::B-A02::B3-c-9::N-2-15::B3-19::N3-19::N3-2::B-A05::N3-4::N3-c-14::B3-5::B-B03::B-1-7::N-2-23::B-2-23::N-1-7::B3-7::B-3-1::B-A12::B-1-6::B3-c-28::N3-1::B-A10::B-3-4::	23
chr6	17508200	17703200	chr6_17508200	25	195000	0.0498414312035926	45	4.40332976146501e-15	41	4.27063808968409e-12	::N3-9::B-2-25::B-A12::B3-12::N3-19::B3-10::N-2-15::N3-2-21::B3-2-21::N3-11::B-2-27::B3-c-14::N3-c-14::B3-13::B-A02::B3-8::B-1-6::N-B03::B-1-10::B-3-4::B-2-21::N-A10::B-A10::B-A04::N-A02::	22
chr6	28526900	28721900	chr6_28526900	26	195000	0.0149377436140986	37	2.81522715693017e-09	36	1.33674116661794e-08	::B-2-15::B3-1::B-1-6::N-A02::B3-19::B3-c-28::B-1-7::B-B05::N3-8::N3-19::B-2-21::B3-2-21::B3-7::N3-12::N3-14::B-A04::B-A10::B-2-23::N-2-14::B-3-4::B3-1-13::B-A07::N-B05::N-2-21::B3-5::N-2-15::	12
chr6	31396100	31591100	chr6_31396100	27	195000	0.00431110977293835	41	4.27063808968409e-12	39	1.15345572364824e-10	::N3-10::N-B03::B-B03::B-B05::B3-14::B3-1-13::B-A10::N-2-15::B3-11::B3-19::B3-1::B-A02::B3-2::B3-2-21::B3-7::N3-12::B-2-27::N3-1::B-2-21::N-1-6::B-2-15::B-1-6::N-3-4::N-2-23::B3-5::N-3-1::N3-4::	11
chr6	38440300	38635300	chr6_38440300	28	195000	0.00119977247561276	36	1.33674116661794e-08	29	0.000322380482484512	::B-2-25::B3-c-28::B-B05::N-3-1::N3-4::B3-14::B-1-6::B3-7::N-2-27::N-2-25::N-B03::B-1-7::B3-19::B3-2-21::N3-16::N-3-4::N3-2-21::B-2-14::N-A12::N3-1::B3-1::N3-11::B3-13::N3-13::N-A04::N3-15::B-B03::N3-12::	16
chr6	38733100	38928100	chr6_38733100	27	195000	0.00431110977293835	34	2.77384493466169e-07	33	1.21030060902397e-06	::B-A10::N3-21::B3-21::B3-19::N-B05::B3-13::N3-8::N3-16::N-2-15::N3-11::N3-13::N-A05::N-A07::N3-19::B-2-15::N-2-25::N-2-23::B-2-23::B-2-14::B-2-25::B-B03::N-2-21::N3-1::B-1-6::B-3-4::B3-14::N3-5::	18
chr6	47455900	47650900	chr6_47455900	32	195000	5.12553669740061e-06	41	4.27063808968409e-12	35	6.1756401103314e-08	::N3-19::B-2-23::B-2-21::B3-c-28::B-1-10::N-A02::B3-2::B-2-15::B3-15::B3-1::B3-12::B3-14::B3-7::N-3-4::B-2-12::N3-2-21::N-1-7::B-B03::N-B03::N3-13::B-A02::N-B05::N-A10::N-1-6::B-A07::B-2-25::N-2-15::N3-c-9::B3-c-14::B3-c-9::B-B05::N3-16::	18
chr6	103593900	103788900	chr6_103593900	28	195000	0.00119977247561276	33	1.21030060902397e-06	15	716.23926902104	::B-B05::B-1-7::B3-19::N3-8::B3-c-28::N-2-14::N-3-1::N3-13::N-2-12::N3-10::N3-16::N-A05::N3-1-13::N-2-21::N-B05::N-1-7::N-2-15::N-A12::N3-11::N-A02::B3-1::B3-2-21::N-2-23::N3-19::B-A10::B-A07::B3-11::B-3-4::	19
chr6	113025600	113220600	chr6_113025600	34	195000	2.77384493466169e-07	48	2.00764913883282e-17	42	7.92339529443897e-13	::B-1-6::B3-1-13::B-B05::B3-8::N-1-6::B3-c-9::N3-c-9::B-2-12::N3-16::B3-1::B3-c-14::N3-c-14::N-2-15::B-2-21::B-2-15::N3-10::B-A12::B-A07::B3-c-28::B-2-23::N-1-4::B-A05::B-2-27::N-2-27::N-2-25::N3-13::N-1-7::B3-2::N3-11::B-2-25::N-1-10::B-B03::N-A05::N3-8::	29
chr6	119838400	120033400	chr6_119838400	29	195000	0.000322380482484512	41	4.27063808968409e-12	32	5.12553669740061e-06	::B3-19::N-B03::B-2-15::B-1-6::B3-4::B-B05::N3-19::B-A07::B3-9::B-A12::B3-7::N-2-21::B-2-21::B3-13::N-2-23::N-2-15::N3-4::B-2-12::N-2-12::B-2-14::N-2-14::B3-8::N3-11::N-B05::N3-12::B3-2-21::N3-1-13::B3-1-13::B-2-25::	22
chr6	134435400	134630400	chr6_134435400	28	195000	0.00119977247561276	37	2.81522715693017e-09	33	1.21030060902397e-06	::N-1-7::B3-c-28::N-A04::B-A04::B3-2-21::N3-13::N-2-21::B-2-15::B-2-23::B-A12::B-2-21::N-2-25::B3-7::N3-7::B-2-12::N-3-1::N-2-12::N-2-23::B3-5::N-A02::B3-12::B-1-7::B3-19::N3-16::B3-1::B-1-6::N3-c-9::B-1-10::	16
chr7	80600500	80795500	chr7_80600500	26	195000	0.0149377436140986	33	1.21030060902397e-06	26	0.0149377436140986	::N-A04::B-3-1::N3-2::B3-2::N3-19::B3-c-9::B-A07::B-1-6::B-3-4::N3-12::B-2-21::N-2-15::B-2-15::B3-19::B3-13::N3-16::N3-13::B-A02::N3-1-13::N-A07::B3-1-13::N-1-6::N-A02::N-A10::B3-10::B-2-12::	13
chr7	90020100	90215100	chr7_90020100	27	195000	0.00431110977293835	43	1.43585542057227e-13	27	0.00431110977293835	::B-A04::B3-1::N-A02::B-2-21::B3-1-13::N3-11::B3-8::B3-11::N-1-4::B-A02::B-2-23::B3-c-9::N-2-25::N3-8::N3-16::N3-10::B3-7::N-3-1::B-3-1::N-2-21::B3-13::B3-10::N3-13::N3-1::B3-2-21::N-1-6::B-1-10::	20
chr7	97586100	97781100	chr7_97586100	25	195000	0.0498414312035926	31	2.10485159686464e-05	29	0.000322380482484512	::B-3-1::N3-1-13::B-B05::B3-14::N3-9::B-A04::B-2-12::N-2-27::B3-8::N3-8::N3-11::N3-7::B3-7::B-A05::N-1-10::B-A10::B3-19::B-2-15::B3-1-13::B3-2::B-2-23::N3-4::B3-4::N-2-21::B-A12::	14
chr7	102053900	102248900	chr7_102053900	25	195000	0.0498414312035926	35	6.1756401103314e-08	31	2.10485159686464e-05	::N3-13::B3-7::B-A05::N-2-25::B3-1-13::N-2-15::N3-10::B-1-10::B-2-21::N-A02::B-3-1::B-A07::B-B05::N-B05::N3-c-9::B3-c-9::B-2-15::N-1-6::N-2-27::N3-21::B-2-27::B3-2-21::B-3-4::B3-12::N-2-21::	15
chr7	111942600	112137600	chr7_111942600	26	195000	0.0149377436140986	31	2.10485159686464e-05	29	0.000322380482484512	::B3-19::N3-13::N3-19::N-A02::B-A02::B-B05::N3-21::B-1-7::B3-13::N-B03::B-B03::B3-1-13::N-2-25::B-A04::B3-8::B-2-14::B3-1::B-1-6::B-1-10::B-2-27::N3-7::N3-4::B3-12::N-2-21::N-2-27::B-2-23::	16
chr7	118102100	118297100	chr7_118102100	29	195000	0.000322380482484512	37	2.81522715693017e-09	33	1.21030060902397e-06	::N-2-25::B-2-14::B-2-23::B-B05::B3-16::N3-16::N3-19::N3-1::B-3-1::N-A05::B-A05::B-3-4::N-1-6::B3-11::B3-1::N-2-23::B-B03::N-2-14::B3-7::N3-11::B-1-10::N3-5::N3-13::N-3-1::N-3-4::B-2-27::N-2-27::B3-1-13::N-A12::	13
chr7	121641700	121836700	chr7_121641700	38	195000	5.77294860406598e-10	48	2.00764913883282e-17	17	159.891329257732	::N-3-4::N3-5::N3-4::N-A02::N3-13::B-A04::B-B05::B-2-27::N-2-27::B3-1-13::N-2-15::B3-12::B-2-25::B-3-1::N-3-1::N3-9::B3-9::N-2-12::N-2-21::N-A10::N-2-25::N-1-6::N3-16::N-2-14::N-B05::N-1-9::N3-11::N3-21::N-A12::N-1-7::N-A07::N3-2-21::N-A05::N3-2::N-A04::N3-19::N-2-23::N3-14::	38
chr7	136358100	136553100	chr7_136358100	46	195000	7.45918233500722e-16	47	1.23669102729065e-16	5	9455.79502186122	::N-A05::N3-1::N-A02::N-2-12::N3-4::N-2-14::N3-13::N-2-27::N-2-25::N3-9::N-B05::N3-5::N-2-23::N3-8::N-B03::N-A10::N3-1-13::N-3-4::N3-19::N-A07::N-3-1::N3-11::N3-2-21::N3-10::N-2-15::N3-16::N-1-6::N3-2-37::N-2-21::N-A12::N-A04::N-1-10::N3-c-28::N-1-4::N3-21::N3-2::N-1-7::N3-7::N3-c-9::N3-12::N3-c-14::N3-15::N3-14::B-A10::B3-11::B3-2::	46
chr8	106889200	107084200	chr8_106889200	27	195000	0.00431110977293835	30	8.37366014635995e-05	26	0.0149377436140986	::B-1-6::B-1-7::N3-2-21::B-2-14::B3-1::N3-1::N-1-4::N3-5::N-2-23::N3-9::B3-9::B-A12::B-2-15::N-2-25::B-2-12::N-2-12::N3-10::B3-2-21::N3-4::N3-16::N-2-21::B-2-25::B3-1-13::N-2-15::B-3-1::N3-21::N-B05::	17
chr8	107157100	107352100	chr8_107157100	29	195000	0.000322380482484512	39	1.15345572364824e-10	26	0.0149377436140986	::B3-7::N-2-23::B-2-23::N-B03::B-B03::B-3-1::N3-2-21::N-1-6::N-2-15::N3-12::N3-16::N-2-21::B3-1-13::B3-14::B-2-15::B3-2-21::B-2-21::N3-13::N3-15::B-A05::N-A05::N-A12::N-B05::B-B05::B-A10::B-2-14::B3-4::B3-16::N3-4::	26
chr8	109673400	109868400	chr8_109673400	37	195000	2.81522715693017e-09	60	1.50119078034515e-27	42	7.92339529443897e-13	::B-1-6::N-A02::B-A10::B-1-7::B-2-25::B-1-4::B3-1-13::N3-1-13::N-2-15::B3-8::N3-8::B3-2-37::N3-19::B-2-21::B-2-14::N-2-14::N-1-6::B3-19::B-A02::N3-11::B3-11::B-2-15::N-2-25::B3-12::N-1-7::B-A12::N-3-1::B-3-1::N3-14::B-B05::N-2-21::N-1-4::N-1-9::B3-c-14::N3-c-14::N-A04::B-A07::	28
chr8	122903100	123098100	chr8_122903100	26	195000	0.0149377436140986	32	5.12553669740061e-06	29	0.000322380482484512	::N-3-1::B-3-1::B3-2-21::N3-19::B3-19::B3-14::B-2-15::B3-7::B-B05::N-2-14::B3-15::N-A05::B-B03::N-A02::B-A02::B3-1::B3-5::B-A07::N3-1::B-2-25::N3-4::N3-13::B3-13::B-A10::B-2-14::B-2-23::	13
chr9	3001100	3196100	chr9_3001100	48	195000	2.00764913883282e-17	91	4.0488970320483e-58	30	8.37366014635995e-05	::N3-2-21::N-3-4::N-A05::N-A04::N-A02::N-2-23::N-2-15::N3-16::N-B05::N3-11::B-A02::B-A10::B3-2-21::N3-9::B3-7::N-2-21::N3-19::N-2-12::N3-8::N-2-14::N3-1::N3-5::N-A07::N3-13::N3-2::N-1-10::N-2-27::B3-5::B3-11::B-2-15::B-1-10::B3-10::B3-c-28::B-2-23::B3-1::N-A12::N3-21::N-2-25::N-1-6::N-1-4::N-B03::N3-1-13::N3-15::B-B05::N3-10::B-2-25::N3-c-28::N-1-7::	44
chr9	59389300	59584300	chr9_59389300	31	195000	2.10485159686464e-05	37	2.81522715693017e-09	35	6.1756401103314e-08	::N-1-7::B-2-23::B-2-12::N-2-12::B3-12::N-A02::B3-14::N3-14::B-3-1::N3-13::B-2-14::N-A07::N-2-14::N-1-4::B3-15::N-2-15::B3-10::B-2-27::N3-16::B-2-15::N-2-23::B3-2::B-B03::B3-5::B-A10::B3-16::B-B05::B-2-21::B3-19::N3-2-21::N-3-1::	19
chr9	65675300	65870300	chr9_65675300	27	195000	0.00431110977293835	31	2.10485159686464e-05	26	0.0149377436140986	::N3-13::B-2-23::B3-10::N3-10::N-B03::N-1-10::B-A04::B-3-4::B3-12::B-B05::B3-15::N-2-25::N-A10::B-2-14::B3-7::B-2-27::N-2-27::B3-c-28::B-2-15::N3-2-21::B3-13::B-A07::B3-1-13::N3-1-13::N-A07::B-1-7::B-A10::	18
chr9	66398000	66593000	chr9_66398000	31	195000	2.10485159686464e-05	40	2.2470295384976e-11	34	2.77384493466169e-07	::B3-11::B3-1::N-B05::B-B05::N3-1-13::B3-1-13::N3-8::N-1-6::B-2-15::N3-4::B3-19::N3-16::N-2-27::B3-7::B3-15::N3-15::B-1-7::B-2-14::N3-13::B-1-6::B3-9::N3-9::N-2-23::B3-8::B-A07::N3-19::N-2-15::B3-14::B-A02::B-2-21::N3-1::	22
chr9	70430700	70625700	chr9_70430700	29	195000	0.000322380482484512	43	1.43585542057227e-13	35	6.1756401103314e-08	::N-1-6::N3-1::N3-4::B3-13::B-A07::N-2-15::B-A05::B3-1-13::N3-1-13::N-A07::B-B05::N-A05::B3-7::N3-2-21::N3-c-9::B3-c-9::N-3-4::B-1-7::N-B05::B-3-1::N-3-1::B-2-23::N-2-21::B-2-15::B-A10::B3-c-28::B-2-21::B3-5::N3-10::	19
chr9	71932700	72127700	chr9_71932700	31	195000	2.10485159686464e-05	52	1.13925145101466e-20	43	1.43585542057227e-13	::B-3-1::N-A05::N-A07::B-A05::B-A12::N-A12::N-1-7::B3-2::N3-13::B3-5::N-2-15::B3-11::B-2-14::B-1-6::N-1-4::B-2-25::N-B03::N-2-14::B3-12::B-2-21::B3-2-21::N-2-25::B3-1-13::N3-1-13::N-1-6::B-2-15::B3-1::N-B05::B-3-4::N3-9::B3-c-28::	29
chr9	100465100	100660100	chr9_100465100	25	195000	0.0498414312035926	30	8.37366014635995e-05	24	0.159905230192932	::B-A12::N-3-1::N-A05::N-A10::B3-19::N3-13::N-A02::B-A02::N3-8::B3-9::N-2-14::N3-9::N-1-7::B-1-6::B-A10::N-A07::B-A07::N3-5::B3-7::B3-1::B-A04::N-2-12::B-2-12::N-2-25::B-2-25::	12
chr9	100706900	100901900	chr9_100706900	28	195000	0.00119977247561276	33	1.21030060902397e-06	30	8.37366014635995e-05	::B-3-1::B-B03::B-1-7::B-A02::B3-c-28::B3-c-9::B-A07::B3-5::N3-10::B-2-14::B-1-6::N-A07::B3-1-13::N3-9::B3-9::N-3-4::N3-8::N-2-15::N-A04::B-A04::B3-11::N-1-7::B-A10::B-2-25::B3-12::N3-11::B-A12::B-A05::	12
chr9	107714200	107909200	chr9_107714200	35	195000	6.1756401103314e-08	54	2.41705008524788e-22	44	2.54288008151951e-14	::B3-13::B-A04::N-2-25::B-2-25::B-2-23::N-2-21::N3-11::B3-11::N3-4::B-A05::B-B03::N-A07::B-1-7::B3-5::B-1-4::N-1-7::B-A12::B3-16::B-2-15::N3-7::B3-4::N-A12::N-2-15::B-2-21::N3-1::B3-1::B-1-6::B-3-4::N-1-6::N-A02::B-A02::N3-13::B-A07::N3-16::N3-c-14::	27
chr9	108495400	108690400	chr9_108495400	27	195000	0.00431110977293835	32	5.12553669740061e-06	27	0.00431110977293835	::B-1-10::N-A07::B3-13::N-2-25::N-1-6::B3-1::N3-1::N-2-23::B3-10::B-3-1::B-A10::N-2-21::B-2-21::B-2-23::B3-16::N-2-15::B3-c-9::N3-4::B3-4::N3-10::B3-21::B-A07::N-B03::B-1-7::N-1-7::N3-c-9::B3-5::	14
chrUn_GL456393	200	195200	chrUn_GL456393_200	42	195000	7.92339529443897e-13	63	2.98110551360168e-30	52	1.13925145101466e-20	::B3-11::N-2-23::N-B03::N3-1::N3-8::N-A05::N-2-25::N3-10::N-A04::N3-21::N3-1-13::N3-19::N-3-4::N3-14::N3-2-21::N-2-15::B3-14::B-1-10::B-1-7::B3-7::N3-4::N-2-21::N-B05::N3-16::B3-15::N3-13::B-1-6::B-B05::B-2-21::B-3-1::N-1-7::B-A07::N3-c-28::B-A12::B3-21::B3-1::B-A04::N-1-6::B-2-15::N3-11::B3-19::N3-c-14::	33
chrUn_GL456394	1000	196000	chrUn_GL456394_1000	33	195000	1.21030060902397e-06	46	7.45918233500722e-16	44	2.54288008151951e-14	::B3-14::B-1-10::B-1-7::B3-7::N3-4::N-2-21::N3-19::N-B05::N3-16::B3-15::N3-13::N-2-23::B-1-6::B-B05::B-2-21::N3-1::N-2-15::B-3-1::N-1-7::B-A07::N3-c-28::B-A12::N3-2-21::B3-21::B3-1::B-A04::N-1-6::B-2-15::N3-8::N3-11::B3-19::N-3-4::N3-c-14::	20
chrUn_GL456396	5600	200600	chrUn_GL456396_5600	33	195000	1.21030060902397e-06	44	2.54288008151951e-14	42	7.92339529443897e-13	::B3-14::B-1-10::B-1-7::B3-7::N3-4::N-2-21::N3-19::N-B05::N3-16::B3-15::N3-13::N-2-23::B-1-6::B-B05::B-2-21::N3-1::N-2-15::B-3-1::N-1-7::B-A07::N3-c-28::B-A12::N3-2-21::B3-21::B3-1::B-A04::N-1-6::B-2-15::N3-8::N3-11::B3-19::N-3-4::N3-c-14::	18
chrUn_JH584304	6500	201500	chrUn_JH584304_6500	25	195000	0.0498414312035926	35	6.1756401103314e-08	33	1.21030060902397e-06	::B3-15::N3-13::N-2-23::B-1-6::B-B05::B-2-21::N3-1::N3-16::N-2-15::B-3-1::N-1-7::B-A07::N3-c-28::B-A12::N3-2-21::B3-21::B3-1::B-A04::N-1-6::B-2-15::N3-8::N3-11::B3-19::N-3-4::N3-c-14::	16
chrX	18168500	18363500	chrX_18168500	37	195000	2.81522715693017e-09	61	1.91767010463997e-28	46	7.45918233500722e-16	::N-2-21::N-A04::N-1-6::N3-8::B3-8::B-1-6::N-B03::B3-1::B3-15::N-A02::B-2-14::B3-19::B3-12::B-A05::B-A10::B3-7::N3-7::B3-5::N3-c-9::B3-c-9::B3-1-13::B3-2::B-A02::N-2-15::B-2-23::N3-c-14::B-2-15::N-3-1::N3-12::B-A07::B-3-1::N-A05::B-1-7::N-2-23::N3-1::N-1-7::B3-11::	24
chrX	77490500	77685500	chrX_77490500	29	195000	0.000322380482484512	33	1.21030060902397e-06	30	8.37366014635995e-05	::B-B05::B3-2::N-B05::N-A10::N3-4::B-3-4::N3-13::B3-13::B-A02::B-2-21::N3-12::B3-7::B-1-10::B3-12::B3-2-21::N-A05::B-2-14::N-2-14::B-A05::B-A10::N3-1-13::N-2-21::B-A07::B3-4::N3-19::N-A02::B-3-1::B-2-15::B-1-9::	17
