chr11	3100400	3277400	chr11_3100400	15	177000	0.0477373215322882	26	5.27225216394359e-11	19	5.27221427670077e-05	::N3-9::N3-8::N3-1-2::N3-10::N3-1-3::N3-18::B3-10::B3-21::N3-2-2::B3-8::B3-14::B3-2-36::B3-1-13::B3-1-3::N3-1::	7
chr11	54530300	54707300	chr11_54530300	16	177000	0.00949883992303959	19	5.27221427670077e-05	15	0.0477373215322882	::B3-2-22::N3-1-15::B3-1-15::B3-9::N3-9::B3-10::B3-1-3::N3-1-11::B3-2-21::N3-21::N3-18::B3-1-13::B3-8::B3-2-2::N3-1-2::B3-1-2::	9
chr11	72549400	72726400	chr11_72549400	16	177000	0.00949883992303959	21	1.27235637459941e-06	18	0.000314640156910571	::N3-1-2::N3-1-3::B3-21::B3-2-22::B3-1-15::B3-18::N3-18::B3-1-2::N3-1-15::N3-21::B3-1::N3-9::B3-9::B3-10::N3-10::B3-14::	5
chr11	79351800	79528800	chr11_79351800	18	177000	0.000314640156910571	27	6.21677161993777e-12	24	3.38099495561644e-09	::B3-1-13::N3-1-5::N3-2-2::B3-21::N3-2-21::B3-2-21::B3-2-7::N3-1-13::N3-4::B3-1::N3-1-11::B3-1-11::B3-1-3::N3-21::B3-18::B3-2-36::B3-14::B3-2-2::	10
chr11	86208200	86385200	chr11_86208200	17	177000	0.00177891071609706	24	3.38099495561644e-09	19	5.27221427670077e-05	::B3-18::B3-2-2::B3-2-7::N3-2-7::N3-2-36::B3-2-21::B3-4::B3-10::N3-4::B3-1-5::B3-9::N3-9::N3-10::N3-1-11::B3-1-11::N3-1-3::B3-1-3::	10
chr11	106887900	107064900	chr11_106887900	15	177000	0.0477373215322882	20	8.39258137605763e-06	16	0.00949883992303959	::B3-1::N3-2-36::N3-2-21::N3-2-22::N3-1-5::B3-1-2::N3-1-2::B3-8::N3-8::B3-1-3::B3-2-21::N3-1-3::N3-4::N3-14::B3-1-5::	12
chr11	108160000	108337000	chr11_108160000	15	177000	0.0477373215322882	17	0.00177891071609706	11	15.2220072936035	::N3-1-2::N3-14::B3-2-2::N3-2-21::B3-2-37::N3-1-5::B3-1-2::N3-2-36::N3-10::N3-2-7::N3-9::N3-21::N3-1::N3-4::N3-1-11::	4
chr14	19358400	19535400	chr14_19358400	17	177000	0.00177891071609706	34	7.6016982603041e-19	20	8.39258137605763e-06	::N3-4::N3-1-3::N3-2-36::B3-2-36::N3-1-15::N3-18::N3-1-5::N3-2-22::B3-2-2::N3-1-11::N3-8::N3-10::N3-1::N3-1-13::N3-2-21::N3-9::N3-2-7::	22
chr15	43240500	43417500	chr15_43240500	18	177000	0.000314640156910571	20	8.39258137605763e-06	17	0.00177891071609706	::N3-2-21::N3-10::B3-2-37::B3-21::N3-21::B3-1::N3-9::B3-9::B3-18::B3-2-22::N3-2-36::B3-8::N3-2-22::B3-2-21::N3-1-5::N3-1-15::N3-8::B3-2-2::	9
chr15	77100100	77277100	chr15_77100100	17	177000	0.00177891071609706	19	5.27221427670077e-05	15	0.0477373215322882	::B3-1-5::B3-2-2::B3-2-7::N3-2-7::N3-2-21::B3-2-21::N3-1-2::B3-1-2::N3-1-15::N3-8::B3-14::B3-2-36::B3-1-15::B3-21::B3-1-13::N3-1-5::B3-2-22::	7
chr16	33350500	33527500	chr16_33350500	15	177000	0.0477373215322882	20	8.39258137605763e-06	16	0.00949883992303959	::B3-2-2::B3-21::B3-2-21::N3-2-21::N3-1-13::B3-1-13::B3-2-36::B3-14::N3-4::B3-4::B3-1-3::N3-2-7::B3-2-7::N3-8::B3-8::	6
chr17	3104200	3281200	chr17_3104200	15	177000	0.0477373215322882	19	5.27221427670077e-05	17	0.00177891071609706	::N3-1-15::B3-2-2::N3-4::B3-8::N3-2-21::B3-1-3::N3-1-3::N3-1-5::B3-1-11::B3-18::N3-1::N3-9::B3-1::B3-9::B3-2-36::	14
chr17	32159100	32336100	chr17_32159100	15	177000	0.0477373215322882	20	8.39258137605763e-06	15	0.0477373215322882	::N3-1-15::B3-1::N3-1-11::B3-9::N3-9::B3-1-13::B3-1-2::N3-1-2::N3-4::N3-1-5::B3-10::B3-2-37::N3-10::N3-2-2::B3-1-11::	14
chr18	9986700	10163700	chr18_9986700	16	177000	0.00949883992303959	17	0.00177891071609706	15	0.0477373215322882	::B3-2-7::N3-2-7::B3-2-21::B3-2-22::N3-8::N3-9::N3-2-2::N3-1-5::N3-10::N3-2-22::N3-1-2::B3-18::N3-2-21::N3-1-3::B3-10::N3-4::	7
chr18	31764100	31941100	chr18_31764100	15	177000	0.0477373215322882	17	0.00177891071609706	15	0.0477373215322882	::N3-1::B3-1-3::B3-1-13::B3-2-36::N3-8::B3-8::N3-18::B3-18::N3-2-2::N3-1-5::B3-1-2::N3-9::N3-2-21::B3-2-7::B3-14::	6
chr18	80759000	80936000	chr18_80759000	15	177000	0.0477373215322882	16	0.00949883992303959	15	0.0477373215322882	::N3-21::B3-2-21::B3-2-2::B3-2-36::N3-10::B3-14::N3-8::B3-1-3::B3-18::N3-1-3::N3-4::N3-1::B3-1-2::N3-2-7::N3-2-2::	7
chr19	7203200	7380200	chr19_7203200	15	177000	0.0477373215322882	21	1.27235637459941e-06	19	5.27221427670077e-05	::N3-2-22::B3-8::N3-2-7::N3-10::B3-10::N3-4::N3-1-5::B3-1-3::B3-2-37::N3-2-36::B3-1-5::N3-1-13::B3-2-22::N3-14::B3-1::	10
chr19	16176700	16353700	chr19_16176700	16	177000	0.00949883992303959	20	8.39258137605763e-06	20	8.39258137605763e-06	::N3-1-2::N3-10::N3-21::N3-18::N3-2-7::B3-10::B3-14::B3-2-22::N3-1-15::B3-1::B3-18::N3-4::B3-1-2::N3-1::B3-2-36::N3-1-5::	7
chr2	37595700	37772700	chr2_37595700	15	177000	0.0477373215322882	20	8.39258137605763e-06	16	0.00949883992303959	::N3-8::B3-8::B3-2-37::B3-10::N3-10::N3-2-7::N3-1-11::N3-1-5::N3-9::B3-9::B3-2-36::N3-2-36::B3-1-2::N3-1-2::N3-1::	9
chr2	98519800	98696800	chr2_98519800	34	177000	7.6016982603041e-19	204	0	27	6.21677161993777e-12	::B3-2-36::N3-8::N3-2-36::N3-2-2::N3-14::N3-9::N3-10::N3-1-13::N3-2-7::N3-1-11::N3-18::N3-1::N3-1-15::N3-4::N3-2-21::N3-1-3::N3-21::N3-1-5::N3-2-22::N3-1-2::B3-1-11::B3-1-13::B3-1::B3-2-7::B3-2-2::B3-1-2::B3-10::B3-8::B3-1-3::B3-2-22::B3-1-5::B3-9::B3-1-15::B3-14::	97
chr2	154705900	154882900	chr2_154705900	15	177000	0.0477373215322882	16	0.00949883992303959	14	0.224914162433964	::N3-18::B3-2-36::B3-21::B3-18::B3-1-11::B3-9::B3-2-21::B3-2-7::B3-14::N3-2-22::N3-1-5::N3-1-11::N3-2-21::B3-1::N3-1::	11
chr3	135441100	135618100	chr3_135441100	16	177000	0.00949883992303959	20	8.39258137605763e-06	14	0.224914162433964	::N3-4::N3-1-15::B3-1-15::N3-10::B3-10::B3-4::N3-8::B3-8::N3-2-36::B3-18::N3-18::N3-1-2::N3-1-5::B3-1-13::N3-1-11::N3-9::	8
chr5	25291800	25468800	chr5_25291800	26	177000	5.27225216394359e-11	85	3.55492159037141e-83	58	1.12275173377415e-46	::N3-2-7::B3-1-2::N3-2-2::B3-2-2::N3-21::N3-9::N3-10::B3-1::N3-1-3::N3-1-15::B3-14::B3-1-15::B3-10::B3-2-36::N3-1::B3-2-7::B3-18::B3-1-11::N3-1-11::B3-9::N3-1-2::B3-1-3::N3-2-21::B3-2-22::N3-2-22::N3-1-5::	52
chr5	65539200	65716200	chr5_65539200	15	177000	0.0477373215322882	35	6.91472776197677e-20	29	7.76021746525822e-14	::N3-2-36::B3-2-21::N3-2-21::B3-2-36::B3-14::N3-1-3::N3-1-11::N3-1-5::B3-1-13::B3-1-3::B3-1-11::B3-18::N3-18::N3-14::N3-2-22::	21
chr7	121667200	121844200	chr7_121667200	17	177000	0.00177891071609706	24	3.38099495561644e-09	9	165.196028919387	::N3-2-36::B3-1-13::N3-1-11::B3-2-36::N3-4::N3-9::B3-9::N3-1-15::N3-2-22::N3-1-2::N3-21::N3-2-7::N3-2-21::N3-1-3::N3-1-5::N3-14::N3-18::	19
chr7	136329000	136506000	chr7_136329000	21	177000	1.27235637459941e-06	23	2.54872665403849e-08	4	7636.40363169101	::B3-18::N3-1::N3-2-36::N3-4::N3-9::N3-1-11::N3-8::N3-1-5::N3-1-13::N3-1-3::N3-1-15::N3-2-21::N3-10::N3-2-7::N3-2-2::N3-2-37::N3-21::N3-1-2::N3-2-22::N3-18::N3-14::	21
chr8	106891000	107068000	chr8_106891000	15	177000	0.0477373215322882	16	0.00949883992303959	15	0.0477373215322882	::B3-2-2::N3-2-21::B3-1::N3-1::B3-1-11::N3-9::B3-9::B3-1-2::N3-10::N3-1-5::B3-2-21::N3-4::N3-1-3::B3-1-13::N3-21::	10
chr8	109715600	109892600	chr8_109715600	18	177000	0.000314640156910571	27	6.21677161993777e-12	22	1.84127473042304e-07	::N3-18::B3-8::N3-8::B3-1-3::B3-1-2::B3-2-37::N3-1-11::N3-1-5::B3-2-36::N3-1-2::N3-14::N3-2-36::B3-2-7::B3-18::B3-2-2::B3-2-22::B3-14::N3-2-21::	13
chr9	3001100	3178100	chr9_3001100	21	177000	1.27235637459941e-06	33	8.11814941182663e-18	11	15.2220072936035	::N3-2-21::N3-18::B3-2-21::N3-9::N3-2-22::N3-2-7::N3-1-3::N3-8::N3-1::N3-1-15::N3-2-2::N3-1-5::B3-10::B3-2-22::B3-1::N3-21::N3-2-36::N3-1-2::N3-1-13::N3-10::N3-1-11::	15
chr9	35150000	35327000	chr9_35150000	15	177000	0.0477373215322882	19	5.27221427670077e-05	10	52.593504093127	::B3-2-36::B3-2-22::N3-1-2::B3-1-15::N3-1-11::N3-1-3::N3-18::B3-1::N3-1-15::N3-10::N3-8::N3-1::N3-4::N3-1-5::N3-2-21::	10
chrUn_GL456390	0	177000	chrUn_GL456390_0	26	177000	5.27225216394359e-11	50	8.22091994292231e-37	36	6.1151214851177e-21	::B3-18::N3-1-2::N3-9::N3-2-7::N3-1-3::N3-1::N3-4::N3-2-2::N3-10::N3-1-15::N3-1-11::N3-2-22::N3-2-36::N3-18::N3-8::N3-21::N3-1-13::N3-14::N3-2-21::B3-14::N3-1-5::B3-2-7::B3-2-22::B3-21::B3-1::B3-1-2::	28
chrX	143444500	143621500	chrX_143444500	20	177000	8.39258137605763e-06	32	8.41469688098761e-17	5	4862.40775020201	::N3-2-7::N3-4::N3-10::N3-1::N3-2-36::N3-18::N3-2-2::B3-2-36::N3-8::N3-1-5::N3-1-2::N3-21::N3-2-22::N3-1-15::B3-1::N3-1-13::N3-14::N3-1-3::B3-2-21::B3-2-7::	27
