chr11	23249300	23438300	chr11_23249300	15	189000	1.40539514148754e-05	27	1.48473014233551e-18	23	6.52667221826531e-14	::B3-c-28::B3-c-32::B3-18::N3-17::B3-17::N3-16::B3-c-14::N3-c-14::B3-c-10::B3-2-2::N3-c-9::N3-2-2::N3-15::B3-12::B3-c-9::	15
chr11	62301200	62490200	chr11_62301200	12	189000	0.00704495187119207	14	0.000119819826233481	12	0.00704495187119207	::N3-c-28::N3-c-14::B3-c-14::B3-c-28::B3-17::B3-c-9::N3-9::B3-9::B3-12::B3-14::B3-18::N3-17::	5
chr11	86208200	86397200	chr11_86208200	13	189000	0.000953445118682471	19	1.44759649722616e-09	14	0.000119819826233481	::B3-18::B3-2-2::B3-2-7::N3-2-7::N3-16::B3-15::N3-15::N3-c-10::B3-4::N3-4::B3-9::N3-9::B3-c-28::	11
chr12	51633600	51822600	chr12_51633600	11	189000	0.0480505380507299	14	0.000119819826233481	12	0.00704495187119207	::B3-12::N3-12::B3-15::B3-16::B3-c-10::N3-14::B3-2-2::B3-18::B3-14::N3-16::N3-c-10::	4
chr13	85175900	85364900	chr13_85175900	11	189000	0.0480505380507299	13	0.000953445118682471	11	0.0480505380507299	::N3-17::N3-c-10::B3-2-7::N3-2-7::B3-17::B3-c-10::B3-15::N3-15::N3-14::N3-4::B3-c-28::	8
chr14	19231200	19420200	chr14_19231200	11	189000	0.0480505380507299	17	1.59937972666741e-07	15	1.40539514148754e-05	::N3-4::B3-12::N3-18::B3-2-2::N3-17::N3-16::N3-12::B3-17::N3-15::N3-9::N3-2-7::	11
chr14	121137800	121326800	chr14_121137800	12	189000	0.00704495187119207	13	0.000953445118682471	10	0.300420745012054	::B3-16::B3-2-2::B3-4::N3-4::B3-15::N3-15::B3-12::N3-17::N3-2-2::B3-9::N3-9::B3-c-28::	11
chr17	3116300	3305300	chr17_3116300	11	189000	0.0480505380507299	16	1.54539494250832e-06	14	0.000119819826233481	::B3-2-2::N3-4::N3-17::N3-15::B3-15::B3-12::B3-18::N3-16::B3-17::N3-9::B3-9::	7
chr18	4930400	5119400	chr18_4930400	11	189000	0.0480505380507299	12	0.00704495187119207	10	0.300420745012054	::N3-16::N3-17::N3-c-28::B3-c-9::N3-2-7::B3-17::N3-14::B3-14::B3-15::B3-c-28::B3-9::	4
chr18	80778100	80967100	chr18_80778100	12	189000	0.00704495187119207	15	1.40539514148754e-05	15	1.40539514148754e-05	::B3-c-28::N3-c-9::B3-12::N3-12::B3-2-2::B3-14::B3-18::N3-4::N3-2-7::N3-2-2::B3-c-9::N3-16::	8
chr2	18069900	18258900	chr2_18069900	11	189000	0.0480505380507299	13	0.000953445118682471	13	0.000953445118682471	::B3-12::B3-16::B3-2-2::B3-15::B3-c-9::N3-9::B3-17::N3-16::N3-18::N3-c-14::B3-14::	7
chr2	98662200	98851200	chr2_98662200	20	189000	1.27344018180578e-10	100	1.41247649059075e-130	22	8.53215264697597e-13	::N3-2-2::N3-16::N3-14::N3-9::N3-2-7::N3-18::N3-17::N3-4::N3-c-14::N3-15::B3-12::N3-12::N3-c-9::B3-2-7::B3-17::B3-2-2::B3-c-28::N3-c-10::B3-9::B3-14::	48
chr2	160975600	161164600	chr2_160975600	11	189000	0.0480505380507299	13	0.000953445118682471	10	0.300420745012054	::N3-16::B3-16::B3-2-7::N3-2-7::B3-14::B3-17::N3-18::B3-c-28::B3-9::N3-9::N3-12::	6
chr5	25291800	25480800	chr5_25291800	12	189000	0.00704495187119207	46	1.34871451463547e-43	34	2.8575435810427e-27	::N3-2-7::N3-2-2::B3-2-2::N3-9::B3-12::N3-12::B3-14::B3-2-7::B3-c-9::B3-18::B3-9::B3-17::	29
chr5	28169800	28358800	chr5_28169800	21	189000	1.06689155158052e-11	47	5.04874219574874e-45	12	0.00704495187119207	::N3-4::N3-2-2::N3-16::B3-c-28::B3-12::B3-c-9::N3-15::B3-14::B3-16::N3-c-14::B3-15::B3-4::B3-2-2::B3-17::B3-18::N3-12::N3-18::B3-c-10::B3-2-7::N3-9::N3-14::	30
chr5	147402900	147591900	chr5_147402900	11	189000	0.0480505380507299	11	0.0480505380507299	10	0.300420745012054	::N3-18::B3-c-9::N3-4::N3-c-14::B3-17::N3-2-2::B3-c-28::N3-17::N3-9::B3-9::B3-14::	5
chr7	121647600	121836600	chr7_121647600	11	189000	0.0480505380507299	14	0.000119819826233481	6	158.021568928253	::N3-4::B3-c-32::B3-12::N3-9::B3-9::N3-16::N3-2-7::N3-c-10::N3-17::N3-14::N3-18::	10
chr7	136329000	136518000	chr7_136329000	16	189000	1.54539494250832e-06	16	1.54539494250832e-06	2	5937.10574755624	::B3-18::N3-c-10::N3-4::N3-17::N3-9::N3-2-7::N3-2-2::N3-16::N3-c-32::N3-c-28::N3-c-9::N3-18::N3-12::N3-c-14::N3-15::N3-14::	15
chr8	109715600	109904600	chr8_109715600	13	189000	0.000953445118682471	13	0.000953445118682471	11	0.0480505380507299	::N3-18::B3-12::B3-c-10::N3-14::B3-c-32::B3-2-7::B3-c-14::N3-c-14::B3-18::B3-17::B3-2-2::B3-14::N3-4::	5
chr9	32019000	32208000	chr9_32019000	11	189000	0.0480505380507299	17	1.59937972666741e-07	16	1.54539494250832e-06	::N3-16::N3-4::B3-c-28::N3-18::B3-18::B3-2-2::B3-16::N3-17::B3-4::N3-9::B3-15::	11
chr9	66404900	66593900	chr9_66404900	12	189000	0.00704495187119207	15	1.40539514148754e-05	11	0.0480505380507299	::B3-17::B3-18::N3-18::N3-4::N3-17::N3-16::B3-15::N3-15::B3-9::N3-9::N3-c-10::B3-14::	12
chr9	107751700	107940700	chr9_107751700	11	189000	0.0480505380507299	17	1.59937972666741e-07	13	0.000953445118682471	::N3-4::B3-17::N3-17::N3-c-10::B3-16::B3-4::B3-2-2::N3-16::B3-18::N3-18::N3-c-14::	12
chrUn_GL456366	5100	194100	chrUn_GL456366_5100	11	189000	0.0480505380507299	12	0.00704495187119207	8	8.734748107299	::B3-12::B3-18::B3-c-14::N3-9::B3-2-2::N3-16::N3-18::N3-2-2::N3-17::N3-4::N3-2-7::	4
chrUn_GL456390	0	189000	chrUn_GL456390_0	16	189000	1.54539494250832e-06	29	5.65996230923653e-21	25	3.36715101484544e-16	::B3-18::N3-9::N3-2-7::N3-4::N3-2-2::N3-16::N3-17::B3-12::N3-18::N3-14::B3-14::B3-2-7::B3-15::B3-17::N3-c-28::N3-c-14::	17
chrX	18201400	18390400	chrX_18201400	11	189000	0.0480505380507299	19	1.44759649722616e-09	14	0.000119819826233481	::B3-15::N3-2-7::B3-2-7::B3-12::B3-17::N3-c-9::B3-c-9::N3-c-14::N3-17::N3-12::N3-16::	5
chrX	143379500	143568500	chrX_143379500	14	189000	0.000119819826233481	19	1.44759649722616e-09	5	538.898032907233	::B3-17::N3-2-7::N3-4::N3-18::N3-c-10::N3-2-2::N3-16::N3-12::N3-c-14::B3-c-10::N3-17::N3-15::N3-c-9::N3-14::	16
