chr10	7788600	7806600	chr10_7788600	6	18000	0.0498289555028183	6	0.0498289555028183	5	0.923424284530958	::N3-10::N3-1-2::B3-2-21::B3-4::N3-9::B3-9::	3
chr10	39785400	39803400	chr10_39785400	6	18000	0.0498289555028183	6	0.0498289555028183	5	0.923424284530958	::B3-2-2::N3-2-36::N3-8::B3-8::B3-2-21::N3-10::	1
chr10	108172200	108190200	chr10_108172200	8	18000	9.32732784068392e-05	9	3.3554168018566e-06	8	9.32732784068392e-05	::B3-1::N3-1-5::B3-1-15::N3-1-15::N3-9::N3-1::B3-1-2::B3-2-22::	6
chr11	3100400	3118400	chr11_3100400	7	18000	0.00230470575483822	7	0.00230470575483822	3	176.184542155695	::N3-9::N3-8::N3-1-2::N3-10::N3-1-3::N3-18::B3-10::	1
chr11	3185300	3203300	chr11_3185300	8	18000	9.32732784068392e-05	10	1.08637113392386e-07	9	3.3554168018566e-06	::N3-2-2::B3-8::N3-18::N3-1-3::B3-14::N3-9::N3-10::B3-2-36::	3
chr11	21096000	21114000	chr11_21096000	6	18000	0.0498289555028183	8	9.32732784068392e-05	6	0.0498289555028183	::N3-2-21::B3-2-21::N3-1-11::N3-9::B3-9::B3-2-37::	1
chr11	30129000	30147000	chr11_30129000	6	18000	0.0498289555028183	6	0.0498289555028183	4	14.260657627961	::N3-1-13::B3-1-13::N3-21::N3-2-2::N3-18::B3-18::	1
chr11	74685200	74703200	chr11_74685200	6	18000	0.0498289555028183	8	9.32732784068392e-05	6	0.0498289555028183	::B3-1-2::N3-4::B3-2-2::N3-1-5::B3-1-5::N3-1-2::	4
chr11	79486300	79504300	chr11_79486300	6	18000	0.0498289555028183	6	0.0498289555028183	5	0.923424284530958	::B3-1-11::B3-1-3::B3-21::N3-21::B3-18::B3-2-36::	3
chr11	86322800	86340800	chr11_86322800	6	18000	0.0498289555028183	7	0.00230470575483822	5	0.923424284530958	::B3-10::N3-4::B3-4::B3-1-5::B3-9::N3-9::	4
chr11	97170900	97188900	chr11_97170900	7	18000	0.00230470575483822	7	0.00230470575483822	5	0.923424284530958	::B3-10::B3-1-13::N3-18::B3-18::B3-2-21::N3-2-36::B3-2-36::	1
chr11	105218700	105236700	chr11_105218700	6	18000	0.0498289555028183	6	0.0498289555028183	6	0.0498289555028183	::N3-1-5::B3-2-2::B3-1-11::B3-2-36::N3-1::B3-2-21::	1
chr11	105733800	105751800	chr11_105733800	6	18000	0.0498289555028183	7	0.00230470575483822	5	0.923424284530958	::B3-8::N3-8::B3-2-2::N3-2-2::B3-1-11::N3-1-5::	7
chr11	108274500	108292500	chr11_108274500	8	18000	9.32732784068392e-05	9	3.3554168018566e-06	3	176.184542155695	::N3-2-36::N3-10::N3-2-7::N3-9::N3-21::N3-1::N3-4::N3-1-11::	1
chr11	121280600	121298600	chr11_121280600	6	18000	0.0498289555028183	6	0.0498289555028183	4	14.260657627961	::B3-1-2::N3-1-2::N3-1-3::B3-1-3::N3-1-11::B3-14::	3
chr12	32961800	32979800	chr12_32961800	6	18000	0.0498289555028183	9	3.3554168018566e-06	7	0.00230470575483822	::B3-2-2::N3-1-3::B3-21::N3-21::B3-14::B3-2-36::	7
chr12	72770300	72788300	chr12_72770300	6	18000	0.0498289555028183	7	0.00230470575483822	6	0.0498289555028183	::N3-2-7::N3-1-2::N3-2-22::B3-2-36::B3-1-2::B3-2-22::	3
chr12	83661000	83679000	chr12_83661000	8	18000	9.32732784068392e-05	9	3.3554168018566e-06	7	0.00230470575483822	::B3-1-13::N3-2-36::B3-1-2::B3-1-11::N3-1-11::N3-1-15::N3-10::B3-2-36::	8
chr12	105802800	105820800	chr12_105802800	6	18000	0.0498289555028183	6	0.0498289555028183	5	0.923424284530958	::N3-1-2::N3-2-36::N3-2-2::N3-1-3::N3-2-7::B3-2-7::	1
chr13	17697500	17715500	chr13_17697500	6	18000	0.0498289555028183	7	0.00230470575483822	5	0.923424284530958	::B3-14::N3-14::B3-2-2::B3-8::N3-8::B3-1::	4
chr13	44884900	44902900	chr13_44884900	6	18000	0.0498289555028183	6	0.0498289555028183	5	0.923424284530958	::B3-2-2::B3-1-2::N3-18::B3-14::B3-9::N3-9::	3
chr13	94600200	94618200	chr13_94600200	8	18000	9.32732784068392e-05	8	9.32732784068392e-05	1	10084.5277998224	::N3-8::N3-18::N3-1-5::N3-2-36::N3-21::N3-2-2::N3-4::N3-1::	8
chr13	107006000	107024000	chr13_107006000	6	18000	0.0498289555028183	6	0.0498289555028183	5	0.923424284530958	::B3-1-15::B3-2-21::N3-2-21::B3-2-2::B3-2-36::N3-1-5::	3
chr14	19415800	19433800	chr14_19415800	16	18000	2.17026172735643e-17	33	2.46823008451025e-49	19	1.26687075796302e-22	::N3-1-3::N3-2-36::B3-2-36::N3-1-15::N3-18::N3-1-5::N3-2-22::B3-2-2::N3-1-11::N3-8::N3-10::N3-1::N3-1-13::N3-2-21::N3-9::N3-2-7::	21
chr14	73254200	73272200	chr14_73254200	6	18000	0.0498289555028183	6	0.0498289555028183	4	14.260657627961	::B3-8::N3-8::N3-2-7::B3-2-22::N3-9::B3-9::	4
chr14	115317100	115335100	chr14_115317100	6	18000	0.0498289555028183	6	0.0498289555028183	1	10084.5277998224	::N3-18::N3-4::N3-1-5::N3-2-37::N3-1-3::N3-1-11::	0
chr15	8347400	8365400	chr15_8347400	6	18000	0.0498289555028183	11	3.19754948847324e-09	8	9.32732784068392e-05	::B3-2-21::B3-2-36::N3-2-21::N3-1-13::B3-1::N3-1::	2
chr15	43250900	43268900	chr15_43250900	10	18000	1.08637113392386e-07	10	1.08637113392386e-07	8	9.32732784068392e-05	::N3-10::B3-2-37::B3-21::N3-21::B3-1::N3-9::B3-9::B3-18::B3-2-22::N3-2-36::	6
chr15	73155500	73173500	chr15_73155500	6	18000	0.0498289555028183	6	0.0498289555028183	2	1632.51550372489	::N3-1::N3-10::B3-10::B3-1::B3-2-37::N3-21::	0
chr16	8718700	8736700	chr16_8718700	7	18000	0.00230470575483822	7	0.00230470575483822	5	0.923424284530958	::B3-4::B3-2-36::B3-2-22::B3-2-37::N3-2-22::N3-18::B3-2-2::	7
chr16	17454600	17472600	chr16_17454600	7	18000	0.00230470575483822	9	3.3554168018566e-06	8	9.32732784068392e-05	::N3-1::B3-1::N3-8::B3-1-3::N3-2-21::N3-2-36::B3-8::	4
chr16	44146000	44164000	chr16_44146000	9	18000	3.3554168018566e-06	9	3.3554168018566e-06	7	0.00230470575483822	::N3-9::B3-1::B3-1-2::B3-2-22::N3-2-22::B3-14::N3-4::B3-4::B3-10::	6
chr17	3122500	3140500	chr17_3122500	6	18000	0.0498289555028183	6	0.0498289555028183	5	0.923424284530958	::N3-4::B3-8::N3-2-21::B3-1-3::N3-1-3::N3-1-5::	6
chr17	32271400	32289400	chr17_32271400	7	18000	0.00230470575483822	7	0.00230470575483822	4	14.260657627961	::B3-1-2::N3-4::N3-1-5::B3-10::B3-1::B3-2-37::N3-10::	5
chr17	33670600	33688600	chr17_33670600	6	18000	0.0498289555028183	6	0.0498289555028183	4	14.260657627961	::N3-2-7::B3-1-2::N3-21::B3-21::B3-1-3::B3-2-21::	2
chr17	80036700	80054700	chr17_80036700	6	18000	0.0498289555028183	7	0.00230470575483822	7	0.00230470575483822	::N3-2-36::N3-1-2::B3-2-21::B3-14::B3-2-36::N3-2-2::	4
chr18	3005100	3023100	chr18_3005100	10	18000	1.08637113392386e-07	10	1.08637113392386e-07	5	0.923424284530958	::B3-8::B3-2-2::B3-1::B3-2-36::B3-1-3::B3-2-22::N3-2-36::N3-10::N3-1::B3-1-15::	7
chr18	34263800	34281800	chr18_34263800	8	18000	9.32732784068392e-05	11	3.19754948847324e-09	9	3.3554168018566e-06	::B3-2-22::N3-1-13::N3-8::B3-8::N3-1-5::B3-2-36::N3-1-11::B3-1-13::	4
chr19	7309500	7327500	chr19_7309500	8	18000	9.32732784068392e-05	8	9.32732784068392e-05	7	0.00230470575483822	::B3-1-3::B3-2-37::N3-2-36::N3-1-5::B3-1-5::N3-1-13::N3-2-22::B3-2-22::	3
chr19	30089600	30107600	chr19_30089600	6	18000	0.0498289555028183	10	1.08637113392386e-07	6	0.0498289555028183	::B3-10::N3-1-3::N3-1::N3-10::B3-1::N3-1-13::	2
chr2	35177000	35195000	chr2_35177000	6	18000	0.0498289555028183	7	0.00230470575483822	7	0.00230470575483822	::B3-18::N3-2-36::N3-1-3::B3-2-36::B3-2-22::N3-4::	3
chr2	78880000	78898000	chr2_78880000	6	18000	0.0498289555028183	7	0.00230470575483822	4	14.260657627961	::B3-21::N3-9::N3-2-36::B3-1-5::N3-1::N3-1-5::	3
chr2	98662200	98680200	chr2_98662200	34	18000	2.35038207843046e-51	201	0	24	8.83649376850961e-32	::N3-2-36::N3-2-2::N3-14::N3-9::N3-10::N3-1-13::N3-8::N3-2-7::N3-1-11::N3-18::N3-1::N3-1-15::N3-4::N3-2-21::N3-1-3::N3-21::N3-1-5::N3-2-22::N3-1-2::B3-1-11::B3-1-13::B3-1::B3-2-7::B3-2-2::B3-1-2::B3-10::B3-8::B3-1-3::B3-2-22::B3-1-5::B3-9::B3-1-15::B3-14::B3-2-36::	96
chr2	121959800	121977800	chr2_121959800	6	18000	0.0498289555028183	6	0.0498289555028183	5	0.923424284530958	::B3-21::B3-18::N3-18::B3-1-2::N3-1-2::B3-2-22::	3
chr2	160694400	160712400	chr2_160694400	7	18000	0.00230470575483822	9	3.3554168018566e-06	8	9.32732784068392e-05	::N3-21::B3-1-11::B3-14::B3-2-36::N3-14::B3-2-2::B3-1-5::	6
chr2	163635900	163653900	chr2_163635900	8	18000	9.32732784068392e-05	8	9.32732784068392e-05	3	176.184542155695	::N3-21::B3-2-7::B3-1::B3-10::B3-1-2::B3-4::B3-2-2::B3-1-3::	1
chr2	181917300	181935300	chr2_181917300	6	18000	0.0498289555028183	6	0.0498289555028183	5	0.923424284530958	::N3-2-36::B3-2-36::N3-1-2::B3-2-22::B3-1-11::B3-1::	3
chr3	84537500	84555500	chr3_84537500	6	18000	0.0498289555028183	6	0.0498289555028183	5	0.923424284530958	::N3-10::N3-21::B3-1-13::B3-21::N3-9::B3-9::	2
chr3	90327600	90345600	chr3_90327600	6	18000	0.0498289555028183	6	0.0498289555028183	6	0.0498289555028183	::N3-8::B3-1-2::B3-1::B3-4::N3-2-36::B3-14::	4
chr3	103031600	103049600	chr3_103031600	6	18000	0.0498289555028183	6	0.0498289555028183	6	0.0498289555028183	::B3-18::B3-2-22::B3-1-11::B3-1::B3-2-36::B3-2-21::	2
chr4	34858100	34876100	chr4_34858100	7	18000	0.00230470575483822	8	9.32732784068392e-05	7	0.00230470575483822	::B3-2-36::N3-2-2::N3-1::B3-1::B3-1-13::N3-8::B3-2-21::	2
chr4	74323200	74341200	chr4_74323200	6	18000	0.0498289555028183	7	0.00230470575483822	5	0.923424284530958	::N3-18::B3-2-7::N3-2-7::N3-10::B3-10::B3-2-22::	4
chr4	99029700	99047700	chr4_99029700	6	18000	0.0498289555028183	6	0.0498289555028183	5	0.923424284530958	::B3-1-3::N3-1-5::N3-2-2::B3-1::N3-10::N3-2-36::	5
chr4	103125800	103143800	chr4_103125800	7	18000	0.00230470575483822	7	0.00230470575483822	6	0.0498289555028183	::B3-2-22::N3-1-5::B3-1-15::N3-1-15::B3-1-3::N3-4::N3-1::	4
chr4	106907100	106925100	chr4_106907100	7	18000	0.00230470575483822	7	0.00230470575483822	4	14.260657627961	::N3-9::N3-2-2::B3-10::B3-1::N3-1::N3-10::N3-1-5::	5
chr4	110274200	110292200	chr4_110274200	6	18000	0.0498289555028183	6	0.0498289555028183	3	176.184542155695	::N3-1-5::B3-1-5::N3-4::N3-2-7::B3-4::B3-2-7::	0
chr4	120494800	120512800	chr4_120494800	7	18000	0.00230470575483822	7	0.00230470575483822	4	14.260657627961	::N3-1-5::N3-1::N3-10::B3-1::B3-14::B3-10::B3-2-37::	2
chr4	127029000	127047000	chr4_127029000	7	18000	0.00230470575483822	7	0.00230470575483822	7	0.00230470575483822	::B3-2-2::B3-1-5::N3-8::N3-2-21::B3-1-11::N3-1-3::B3-2-21::	2
chr4	152293900	152311900	chr4_152293900	8	18000	9.32732784068392e-05	8	9.32732784068392e-05	4	14.260657627961	::B3-4::N3-4::N3-21::B3-1-11::B3-1::B3-10::N3-1::N3-10::	7
chr4	154349000	154367000	chr4_154349000	6	18000	0.0498289555028183	6	0.0498289555028183	3	176.184542155695	::N3-1-2::B3-1-2::B3-2-36::N3-10::N3-1-5::B3-1-5::	1
chr4	155508800	155526800	chr4_155508800	9	18000	3.3554168018566e-06	12	8.62715838473548e-11	8	9.32732784068392e-05	::B3-2-36::N3-2-36::N3-8::B3-10::B3-2-22::N3-10::N3-1::B3-1::B3-2-21::	7
chr5	25275800	25293800	chr5_25275800	6	18000	0.0498289555028183	7	0.00230470575483822	5	0.923424284530958	::N3-2-22::B3-2-7::N3-2-7::B3-1-2::N3-2-2::B3-2-2::	3
chr5	25326100	25344100	chr5_25326100	11	18000	3.19754948847324e-09	15	1.07250753441444e-15	11	3.19754948847324e-09	::B3-1::N3-1-3::B3-1-2::N3-1-15::B3-14::N3-2-7::B3-1-15::N3-10::B3-10::B3-2-36::N3-1::	8
chr5	25377100	25395100	chr5_25377100	10	18000	1.08637113392386e-07	11	3.19754948847324e-09	8	9.32732784068392e-05	::N3-2-2::B3-1-2::B3-1-15::N3-1-15::N3-2-7::B3-18::N3-9::B3-1-11::N3-1-11::B3-9::	8
chr5	25408000	25426000	chr5_25408000	12	18000	8.62715838473548e-11	24	8.83649376850961e-32	16	2.17026172735643e-17	::N3-1-2::B3-1-2::B3-2-2::N3-2-2::B3-1-3::B3-1-15::N3-1-15::N3-2-21::B3-2-22::N3-2-22::B3-2-7::N3-2-7::	22
chr5	25457000	25475000	chr5_25457000	6	18000	0.0498289555028183	7	0.00230470575483822	4	14.260657627961	::N3-1::N3-1-5::N3-10::B3-10::B3-1-3::N3-1-3::	2
chr5	25484800	25502800	chr5_25484800	6	18000	0.0498289555028183	6	0.0498289555028183	6	0.0498289555028183	::B3-2-36::B3-1-2::B3-1::N3-1-3::N3-2-36::N3-2-7::	4
chr5	28169800	28187800	chr5_28169800	25	18000	1.14438382139534e-33	43	4.48995597724296e-70	7	0.00230470575483822	::N3-4::N3-1-5::N3-2-2::B3-14::B3-1-2::B3-1-3::N3-1-11::B3-4::B3-2-21::B3-2-36::B3-2-2::B3-1-11::B3-18::B3-1-5::B3-2-22::B3-10::B3-1-13::B3-2-37::N3-10::N3-18::B3-1-15::N3-21::N3-1-2::B3-2-7::N3-2-21::	27
chr5	32481800	32499800	chr5_32481800	6	18000	0.0498289555028183	6	0.0498289555028183	5	0.923424284530958	::B3-1-13::N3-9::B3-9::B3-18::B3-1-3::B3-14::	0
chr5	65629000	65647000	chr5_65629000	6	18000	0.0498289555028183	6	0.0498289555028183	5	0.923424284530958	::B3-1-13::B3-1-3::B3-2-21::B3-1-11::B3-18::N3-18::	5
chr5	65654400	65672400	chr5_65654400	6	18000	0.0498289555028183	10	1.08637113392386e-07	6	0.0498289555028183	::N3-2-21::B3-2-21::B3-14::N3-14::B3-1-3::N3-1-3::	6
chr5	99965400	99983400	chr5_99965400	9	18000	3.3554168018566e-06	10	1.08637113392386e-07	7	0.00230470575483822	::N3-1-11::B3-2-36::B3-1-13::B3-14::B3-1::B3-10::N3-1::N3-10::N3-4::	7
chr5	124374600	124392600	chr5_124374600	6	18000	0.0498289555028183	9	3.3554168018566e-06	5	0.923424284530958	::B3-14::B3-1-11::N3-1-11::N3-1-3::B3-1-3::B3-2-22::	4
chr5	131513000	131531000	chr5_131513000	6	18000	0.0498289555028183	6	0.0498289555028183	6	0.0498289555028183	::B3-2-21::N3-8::N3-1-15::B3-2-22::B3-1-15::B3-2-36::	4
chr5	144267500	144285500	chr5_144267500	8	18000	9.32732784068392e-05	9	3.3554168018566e-06	7	0.00230470575483822	::N3-2-36::N3-1-5::B3-1-3::N3-1-3::N3-1-2::B3-1-2::N3-2-2::B3-2-2::	1
chr6	83313000	83331000	chr6_83313000	6	18000	0.0498289555028183	7	0.00230470575483822	6	0.0498289555028183	::B3-2-2::B3-2-7::B3-1::B3-14::B3-1-3::N3-1-2::	2
chr6	83924500	83942500	chr6_83924500	6	18000	0.0498289555028183	7	0.00230470575483822	6	0.0498289555028183	::B3-1-11::B3-4::N3-4::N3-2-21::N3-1-15::N3-2-7::	3
chr6	103636500	103654500	chr6_103636500	8	18000	9.32732784068392e-05	9	3.3554168018566e-06	4	14.260657627961	::B3-2-36::N3-18::N3-10::N3-1-11::N3-1-13::N3-1-15::B3-1-2::B3-1::	4
chr6	120003700	120021700	chr6_120003700	6	18000	0.0498289555028183	7	0.00230470575483822	6	0.0498289555028183	::B3-18::B3-8::B3-2-21::N3-1-13::B3-1-13::B3-1-2::	2
chr7	121827000	121845000	chr7_121827000	15	18000	1.07250753441444e-15	16	2.17026172735643e-17	2	1632.51550372489	::N3-9::B3-9::N3-1-15::N3-4::N3-2-22::N3-1-2::N3-1-11::N3-21::N3-2-7::N3-2-21::N3-2-36::N3-1-3::N3-1-5::N3-14::N3-18::	14
chr7	136389300	136407300	chr7_136389300	20	18000	2.05085076331166e-24	21	3.16188817580935e-26	2	1632.51550372489	::N3-1::N3-2-36::N3-4::N3-9::N3-1-11::N3-8::N3-1-5::N3-1-13::N3-1-3::N3-1-15::N3-2-21::N3-10::N3-2-7::N3-2-2::N3-2-37::N3-21::N3-1-2::N3-2-22::N3-18::N3-14::	20
chr8	4299000	4317000	chr8_4299000	7	18000	0.00230470575483822	7	0.00230470575483822	6	0.0498289555028183	::B3-1-2::N3-1-3::N3-1::B3-1::B3-2-2::N3-4::N3-2-21::	4
chr8	106936900	106954900	chr8_106936900	6	18000	0.0498289555028183	6	0.0498289555028183	5	0.923424284530958	::B3-1::N3-1::B3-1-11::N3-9::B3-9::B3-1-2::	5
chr9	13808500	13826500	chr9_13808500	7	18000	0.00230470575483822	8	9.32732784068392e-05	6	0.0498289555028183	::N3-2-7::B3-1-3::B3-2-22::B3-10::N3-10::B3-4::N3-4::	7
chr9	35305200	35323200	chr9_35305200	12	18000	8.62715838473548e-11	14	4.96889555794872e-14	5	0.923424284530958	::N3-1-11::N3-1-3::N3-18::B3-1::N3-1-2::N3-1-15::N3-10::N3-8::N3-1::N3-4::N3-1-5::N3-2-21::	7
chr9	66548600	66566600	chr9_66548600	6	18000	0.0498289555028183	8	9.32732784068392e-05	5	0.923424284530958	::B3-1-13::B3-9::N3-9::B3-1-2::B3-8::N3-8::	8
chr9	70431300	70449300	chr9_70431300	7	18000	0.00230470575483822	7	0.00230470575483822	6	0.0498289555028183	::N3-1::N3-4::B3-2-2::N3-2-2::B3-2-36::N3-1-3::N3-1-11::	4
chr9	72077400	72095400	chr9_72077400	6	18000	0.0498289555028183	6	0.0498289555028183	5	0.923424284530958	::B3-1::B3-18::N3-1-3::B3-1-3::B3-2-36::N3-2-36::	2
chr9	108622600	108640600	chr9_108622600	6	18000	0.0498289555028183	7	0.00230470575483822	4	14.260657627961	::N3-1-5::N3-4::B3-4::B3-1-5::N3-10::B3-21::	3
chrUn_GL456389	10700	28700	chrUn_GL456389_10700	7	18000	0.00230470575483822	7	0.00230470575483822	1	10084.5277998224	::N3-18::N3-10::N3-1-3::N3-1::N3-2-2::N3-4::N3-2-7::	0
chrUn_GL456392	10100	28100	chrUn_GL456392_10100	8	18000	9.32732784068392e-05	10	1.08637113392386e-07	8	9.32732784068392e-05	::N3-1::N3-4::N3-2-2::N3-10::N3-1-15::N3-1-11::N3-2-22::N3-1-3::	6
chrUn_GL456393	1400	19400	chrUn_GL456393_1400	13	18000	2.14860291935669e-12	15	1.07250753441444e-15	5	0.923424284530958	::N3-2-36::N3-18::N3-1::N3-8::N3-1-3::N3-10::N3-21::N3-1-2::N3-2-2::N3-1-13::N3-14::N3-1-15::N3-2-21::	9
chrX	143483000	143501000	chrX_143483000	18	18000	7.43454116110649e-21	29	2.20600015251435e-41	2	1632.51550372489	::N3-4::N3-10::N3-1::N3-2-36::N3-2-7::N3-18::N3-2-2::B3-2-36::N3-8::N3-1-5::N3-1-2::N3-21::N3-2-22::N3-1-15::B3-1::N3-1-13::N3-14::N3-1-3::	25
