chr10	39766700	39787700	chr10_39766700	5	21000	0.0435999491598267	5	0.0435999491598267	5	0.0435999491598267	::B3-12::N3-2-7::B3-15::B3-c-9::B3-2-2::	3
chr10	116567500	116588500	chr10_116567500	5	21000	0.0435999491598267	6	0.00142053927144196	3	22.8180724369193	::B3-2-2::B3-16::B3-4::N3-4::N3-16::	5
chr10	123134500	123155500	chr10_123134500	6	21000	0.00142053927144196	7	3.96710519280313e-05	4	1.11516074972116	::N3-c-28::N3-16::B3-16::B3-4::N3-4::B3-2-2::	6
chr11	3185300	3206300	chr11_3185300	7	21000	3.96710519280313e-05	8	9.69398272632164e-07	8	9.69398272632164e-07	::N3-2-2::B3-c-9::B3-12::N3-18::B3-14::N3-9::N3-17::	4
chr11	23336800	23357800	chr11_23336800	6	21000	0.00142053927144196	6	0.00142053927144196	4	1.11516074972116	::N3-16::N3-17::B3-17::B3-c-14::N3-c-14::B3-c-10::	4
chr11	23375900	23396900	chr11_23375900	5	21000	0.0435999491598267	5	0.0435999491598267	5	0.0435999491598267	::N3-17::B3-2-2::N3-c-9::B3-17::N3-2-2::	4
chr11	29216100	29237100	chr11_29216100	5	21000	0.0435999491598267	5	0.0435999491598267	5	0.0435999491598267	::N3-14::N3-17::B3-c-28::N3-2-2::N3-4::	2
chr11	59672800	59693800	chr11_59672800	6	21000	0.00142053927144196	6	0.00142053927144196	5	0.0435999491598267	::N3-4::B3-c-14::N3-c-14::N3-16::B3-2-2::N3-12::	5
chr11	86278200	86299200	chr11_86278200	6	21000	0.00142053927144196	6	0.00142053927144196	5	0.0435999491598267	::N3-16::B3-2-2::B3-15::N3-15::N3-c-10::B3-4::	4
chr11	86325600	86346600	chr11_86325600	5	21000	0.0435999491598267	6	0.00142053927144196	3	22.8180724369193	::N3-4::B3-4::B3-15::B3-9::N3-9::	3
chr11	120252400	120273400	chr11_120252400	5	21000	0.0435999491598267	5	0.0435999491598267	2	350.172226201483	::B3-c-10::B3-4::B3-16::N3-4::N3-16::	5
chr12	8931700	8952700	chr12_8931700	5	21000	0.0435999491598267	5	0.0435999491598267	3	22.8180724369193	::B3-14::N3-14::N3-2-7::B3-2-7::N3-17::	2
chr12	56860400	56881400	chr12_56860400	5	21000	0.0435999491598267	5	0.0435999491598267	3	22.8180724369193	::B3-2-7::N3-2-7::N3-c-9::N3-18::B3-18::	3
chr12	112822800	112843800	chr12_112822800	5	21000	0.0435999491598267	6	0.00142053927144196	4	1.11516074972116	::N3-9::B3-9::B3-c-9::N3-16::N3-c-9::	1
chr13	17697500	17718500	chr13_17697500	5	21000	0.0435999491598267	5	0.0435999491598267	3	22.8180724369193	::B3-12::B3-14::N3-14::B3-2-2::N3-c-32::	4
chr13	37906300	37927300	chr13_37906300	5	21000	0.0435999491598267	5	0.0435999491598267	2	350.172226201483	::B3-4::B3-16::N3-16::N3-4::B3-17::	5
chr13	44884900	44905900	chr13_44884900	5	21000	0.0435999491598267	5	0.0435999491598267	4	1.11516074972116	::B3-2-2::N3-18::B3-14::B3-9::N3-9::	3
chr13	94600200	94621200	chr13_94600200	5	21000	0.0435999491598267	5	0.0435999491598267	2	350.172226201483	::N3-18::N3-2-2::N3-4::N3-16::B3-c-28::	4
chr14	19416100	19437100	chr14_19416100	9	21000	2.10561150105014e-08	13	1.79198763509065e-15	11	7.3151390018055e-12	::N3-18::B3-2-2::N3-17::N3-16::N3-12::B3-17::N3-15::N3-9::N3-2-7::	8
chr14	29225500	29246500	chr14_29225500	5	21000	0.0435999491598267	5	0.0435999491598267	5	0.0435999491598267	::B3-c-10::B3-14::N3-2-2::B3-2-2::N3-16::	2
chr14	70931800	70952800	chr14_70931800	5	21000	0.0435999491598267	5	0.0435999491598267	2	350.172226201483	::B3-4::B3-16::N3-16::N3-4::N3-c-9::	5
chr14	73253900	73274900	chr14_73253900	7	21000	3.96710519280313e-05	7	3.96710519280313e-05	5	0.0435999491598267	::B3-12::B3-c-14::N3-2-7::N3-9::B3-9::B3-c-10::N3-c-10::	4
chr15	81580000	81601000	chr15_81580000	5	21000	0.0435999491598267	5	0.0435999491598267	2	350.172226201483	::N3-9::B3-15::B3-9::B3-2-7::N3-2-7::	2
chr15	96390700	96411700	chr15_96390700	5	21000	0.0435999491598267	5	0.0435999491598267	3	22.8180724369193	::N3-18::N3-9::B3-9::B3-c-14::N3-c-14::	3
chr16	33398700	33419700	chr16_33398700	6	21000	0.00142053927144196	7	3.96710519280313e-05	5	0.0435999491598267	::N3-16::B3-16::B3-c-28::B3-14::B3-17::N3-4::	3
chr16	44146000	44167000	chr16_44146000	5	21000	0.0435999491598267	5	0.0435999491598267	4	1.11516074972116	::N3-9::N3-16::B3-14::N3-4::B3-4::	1
chr16	90077700	90098700	chr16_90077700	5	21000	0.0435999491598267	5	0.0435999491598267	2	350.172226201483	::N3-2-7::N3-16::N3-4::B3-16::B3-4::	0
chr17	3203500	3224500	chr17_3203500	5	21000	0.0435999491598267	5	0.0435999491598267	4	1.11516074972116	::B3-18::N3-16::B3-2-2::N3-17::B3-17::	2
chr17	12970500	12991500	chr17_12970500	5	21000	0.0435999491598267	7	3.96710519280313e-05	6	0.00142053927144196	::B3-17::B3-18::N3-17::B3-c-14::B3-c-10::	1
chr17	13799000	13820000	chr17_13799000	5	21000	0.0435999491598267	5	0.0435999491598267	5	0.0435999491598267	::B3-17::B3-c-28::N3-4::N3-16::N3-2-2::	2
chr17	32210800	32231800	chr17_32210800	5	21000	0.0435999491598267	5	0.0435999491598267	4	1.11516074972116	::B3-9::N3-9::N3-c-10::B3-c-28::B3-17::	2
chr17	74678100	74699100	chr17_74678100	5	21000	0.0435999491598267	5	0.0435999491598267	4	1.11516074972116	::B3-c-28::N3-9::B3-9::N3-16::B3-15::	3
chr18	5057600	5078600	chr18_5057600	7	21000	3.96710519280313e-05	7	3.96710519280313e-05	5	0.0435999491598267	::B3-17::N3-14::B3-14::B3-15::N3-c-28::B3-c-28::B3-9::	3
chr18	35120600	35141600	chr18_35120600	6	21000	0.00142053927144196	6	0.00142053927144196	4	1.11516074972116	::N3-17::B3-17::B3-4::B3-c-28::N3-18::B3-18::	1
chr18	49906800	49927800	chr18_49906800	5	21000	0.0435999491598267	5	0.0435999491598267	4	1.11516074972116	::N3-16::B3-c-28::N3-18::N3-2-7::B3-2-7::	0
chr19	4350100	4371100	chr19_4350100	5	21000	0.0435999491598267	5	0.0435999491598267	4	1.11516074972116	::B3-4::B3-16::N3-2-2::N3-16::B3-17::	3
chr19	24391800	24412800	chr19_24391800	5	21000	0.0435999491598267	5	0.0435999491598267	2	350.172226201483	::B3-2-2::N3-4::N3-16::B3-16::B3-4::	1
chr2	98662200	98683200	chr2_98662200	20	21000	5.00403446597982e-29	100	2.5405176466095e-225	22	4.13918979629656e-33	::N3-2-2::N3-16::N3-14::N3-9::N3-2-7::N3-18::N3-17::N3-4::N3-c-14::N3-15::B3-12::N3-12::N3-c-9::B3-2-7::B3-17::B3-2-2::B3-c-28::N3-c-10::B3-9::B3-14::	48
chr2	121959600	121980600	chr2_121959600	5	21000	0.0435999491598267	8	9.69398272632164e-07	6	0.00142053927144196	::B3-c-10::N3-c-10::B3-18::N3-18::B3-12::	6
chr2	160975600	160996600	chr2_160975600	5	21000	0.0435999491598267	6	0.00142053927144196	4	1.11516074972116	::N3-16::B3-16::B3-2-7::N3-2-7::B3-14::	2
chr2	163634300	163655300	chr2_163634300	5	21000	0.0435999491598267	5	0.0435999491598267	2	350.172226201483	::N3-12::B3-2-7::B3-16::B3-4::B3-2-2::	1
chr3	69102500	69123500	chr3_69102500	5	21000	0.0435999491598267	5	0.0435999491598267	4	1.11516074972116	::B3-c-28::N3-2-2::N3-15::B3-15::N3-18::	2
chr3	135447800	135468800	chr3_135447800	7	21000	3.96710519280313e-05	7	3.96710519280313e-05	4	1.11516074972116	::B3-16::N3-4::B3-4::N3-17::N3-16::B3-18::N3-18::	4
chr3	138538000	138559000	chr3_138538000	5	21000	0.0435999491598267	6	0.00142053927144196	5	0.0435999491598267	::N3-16::B3-16::B3-9::B3-12::B3-17::	5
chr4	38525000	38546000	chr4_38525000	5	21000	0.0435999491598267	5	0.0435999491598267	1	3582.5575930917	::B3-4::B3-16::N3-4::N3-16::N3-9::	5
chr4	83455100	83476100	chr4_83455100	5	21000	0.0435999491598267	8	9.69398272632164e-07	4	1.11516074972116	::N3-16::N3-4::B3-4::B3-16::N3-2-2::	4
chr4	131828800	131849800	chr4_131828800	5	21000	0.0435999491598267	5	0.0435999491598267	1	3582.5575930917	::N3-4::N3-16::B3-16::B3-4::B3-9::	0
chr5	25281900	25302900	chr5_25281900	5	21000	0.0435999491598267	6	0.00142053927144196	4	1.11516074972116	::B3-2-7::N3-2-7::N3-2-2::B3-2-2::N3-9::	3
chr5	25329200	25350200	chr5_25329200	6	21000	0.00142053927144196	9	2.10561150105014e-08	6	0.00142053927144196	::B3-12::N3-12::B3-14::N3-2-7::B3-2-7::B3-2-2::	6
chr5	25361100	25382100	chr5_25361100	6	21000	0.00142053927144196	14	2.50221996516539e-17	10	4.11620272768243e-10	::B3-2-7::B3-12::N3-2-7::B3-14::N3-2-2::B3-c-9::	9
chr5	28169800	28190800	chr5_28169800	19	21000	5.11954984741524e-27	40	9.91220057271369e-73	5	0.0435999491598267	::N3-4::N3-2-2::N3-16::B3-c-28::B3-12::B3-c-9::N3-15::B3-14::B3-16::N3-c-14::B3-15::B3-4::B3-2-2::B3-17::B3-18::N3-12::N3-18::B3-c-10::B3-2-7::	28
chr5	32490200	32511200	chr5_32490200	6	21000	0.00142053927144196	7	3.96710519280313e-05	5	0.0435999491598267	::N3-16::B3-16::N3-9::B3-9::B3-18::B3-14::	1
chr5	33370100	33391100	chr5_33370100	5	21000	0.0435999491598267	5	0.0435999491598267	4	1.11516074972116	::B3-c-10::B3-c-32::N3-16::B3-16::N3-17::	1
chr5	63901200	63922200	chr5_63901200	5	21000	0.0435999491598267	5	0.0435999491598267	2	350.172226201483	::B3-12::N3-16::N3-4::B3-4::B3-16::	1
chr5	90334000	90355000	chr5_90334000	5	21000	0.0435999491598267	5	0.0435999491598267	5	0.0435999491598267	::N3-17::B3-12::B3-17::N3-c-14::N3-18::	3
chr5	113106400	113127400	chr5_113106400	6	21000	0.00142053927144196	7	3.96710519280313e-05	2	350.172226201483	::B3-17::N3-17::N3-16::N3-4::B3-4::B3-16::	2
chr5	119652800	119673800	chr5_119652800	5	21000	0.0435999491598267	5	0.0435999491598267	2	350.172226201483	::B3-c-10::N3-16::N3-4::B3-4::B3-16::	1
chr5	123947800	123968800	chr5_123947800	5	21000	0.0435999491598267	5	0.0435999491598267	2	350.172226201483	::B3-18::B3-16::B3-4::N3-4::N3-16::	4
chr5	124868700	124889700	chr5_124868700	5	21000	0.0435999491598267	6	0.00142053927144196	5	0.0435999491598267	::B3-17::N3-14::B3-12::B3-14::N3-16::	2
chr6	17645400	17666400	chr6_17645400	5	21000	0.0435999491598267	8	9.69398272632164e-07	6	0.00142053927144196	::B3-c-14::N3-c-14::B3-12::B3-18::N3-18::	4
chr6	35099600	35120600	chr6_35099600	5	21000	0.0435999491598267	5	0.0435999491598267	5	0.0435999491598267	::B3-c-9::B3-18::N3-17::B3-17::N3-4::	3
chr6	51458200	51479200	chr6_51458200	7	21000	3.96710519280313e-05	7	3.96710519280313e-05	3	22.8180724369193	::N3-9::B3-9::B3-18::B3-16::B3-4::N3-16::N3-4::	5
chr6	85591600	85612600	chr6_85591600	5	21000	0.0435999491598267	6	0.00142053927144196	5	0.0435999491598267	::N3-2-2::B3-c-9::B3-17::N3-2-7::B3-2-7::	2
chr6	113080100	113101100	chr6_113080100	5	21000	0.0435999491598267	6	0.00142053927144196	4	1.11516074972116	::B3-c-9::N3-c-9::N3-16::B3-c-14::N3-c-14::	6
chr7	44648600	44669600	chr7_44648600	5	21000	0.0435999491598267	5	0.0435999491598267	2	350.172226201483	::N3-4::N3-16::B3-16::B3-4::N3-2-2::	0
chr7	121827000	121848000	chr7_121827000	9	21000	2.10561150105014e-08	10	4.11620272768243e-10	2	350.172226201483	::N3-9::B3-9::N3-4::N3-16::N3-2-7::N3-c-10::N3-17::N3-14::N3-18::	8
chr7	122093500	122114500	chr7_122093500	5	21000	0.0435999491598267	5	0.0435999491598267	3	22.8180724369193	::B3-c-28::N3-9::B3-14::B3-9::N3-16::	2
chr7	136389300	136410300	chr7_136389300	15	21000	3.2610145606121e-19	15	3.2610145606121e-19	1	3582.5575930917	::N3-c-10::N3-4::N3-17::N3-9::N3-2-7::N3-2-2::N3-16::N3-c-32::N3-c-28::N3-c-9::N3-18::N3-12::N3-c-14::N3-15::N3-14::	15
chr8	26037500	26058500	chr8_26037500	6	21000	0.00142053927144196	7	3.96710519280313e-05	6	0.00142053927144196	::B3-17::B3-18::B3-c-28::N3-4::B3-15::N3-15::	5
chr8	83201500	83222500	chr8_83201500	5	21000	0.0435999491598267	5	0.0435999491598267	2	350.172226201483	::B3-18::N3-16::N3-4::B3-16::B3-4::	0
chr8	107313000	107334000	chr8_107313000	5	21000	0.0435999491598267	5	0.0435999491598267	2	350.172226201483	::N3-15::B3-4::B3-16::N3-16::N3-4::	4
chr8	109828700	109849700	chr8_109828700	6	21000	0.00142053927144196	6	0.00142053927144196	4	1.11516074972116	::B3-c-10::N3-14::B3-c-32::B3-2-7::B3-c-14::N3-c-14::	2
chr8	117285600	117306600	chr8_117285600	5	21000	0.0435999491598267	5	0.0435999491598267	2	350.172226201483	::N3-16::N3-4::B3-16::B3-4::B3-17::	1
chr8	122381400	122402400	chr8_122381400	6	21000	0.00142053927144196	6	0.00142053927144196	1	3582.5575930917	::N3-16::N3-4::B3-16::B3-4::B3-17::B3-9::	0
chr9	3018400	3039400	chr9_3018400	10	21000	4.11620272768243e-10	15	3.2610145606121e-19	6	0.00142053927144196	::N3-9::N3-2-7::N3-16::N3-17::N3-2-2::B3-c-28::B3-17::N3-15::N3-c-28::N3-18::	7
chr9	9796300	9817300	chr9_9796300	5	21000	0.0435999491598267	5	0.0435999491598267	5	0.0435999491598267	::N3-c-9::B3-12::B3-14::N3-16::B3-15::	1
chr9	32084400	32105400	chr9_32084400	6	21000	0.00142053927144196	6	0.00142053927144196	5	0.0435999491598267	::B3-c-28::N3-18::B3-18::B3-2-2::B3-16::N3-17::	3
chr9	32237900	32258900	chr9_32237900	5	21000	0.0435999491598267	5	0.0435999491598267	3	22.8180724369193	::B3-18::N3-18::B3-4::N3-4::N3-16::	4
chr9	53035400	53056400	chr9_53035400	5	21000	0.0435999491598267	5	0.0435999491598267	5	0.0435999491598267	::B3-18::N3-4::N3-12::N3-18::B3-12::	2
chrUn_GL456385	10200	31200	chrUn_GL456385_10200	7	21000	3.96710519280313e-05	7	3.96710519280313e-05	3	22.8180724369193	::B3-2-2::N3-16::N3-18::N3-2-2::N3-17::N3-4::N3-2-7::	0
chrUn_GL456385	10200	31200	chrUn_GL456385_10200	7	21000	3.96710519280313e-05	7	3.96710519280313e-05	3	22.8180724369193	::B3-2-2::N3-16::N3-18::N3-2-2::N3-17::N3-4::N3-2-7::	0
chrUn_GL456389	10400	31400	chrUn_GL456389_10400	6	21000	0.00142053927144196	6	0.00142053927144196	2	350.172226201483	::N3-16::N3-18::N3-2-2::N3-17::N3-4::N3-2-7::	0
chrUn_GL456390	18600	39600	chrUn_GL456390_18600	7	21000	3.96710519280313e-05	10	4.11620272768243e-10	8	9.69398272632164e-07	::N3-9::N3-2-7::N3-4::N3-2-2::N3-16::N3-17::B3-12::	5
chrUn_GL456390	18600	39600	chrUn_GL456390_18600	7	21000	3.96710519280313e-05	10	4.11620272768243e-10	8	9.69398272632164e-07	::N3-9::N3-2-7::N3-4::N3-2-2::N3-16::N3-17::B3-12::	5
chrUn_GL456392	19500	40500	chrUn_GL456392_19500	5	21000	0.0435999491598267	8	9.69398272632164e-07	6	0.00142053927144196	::N3-4::N3-2-2::N3-16::N3-17::B3-12::	4
chrUn_GL456394	1000	22000	chrUn_GL456394_1000	7	21000	3.96710519280313e-05	11	7.3151390018055e-12	11	7.3151390018055e-12	::B3-14::B3-2-7::N3-4::N3-16::B3-15::B3-17::N3-c-28::	7
chrUn_GL456396	5600	26600	chrUn_GL456396_5600	7	21000	3.96710519280313e-05	9	2.10561150105014e-08	9	2.10561150105014e-08	::B3-14::B3-2-7::N3-4::N3-16::B3-15::B3-17::N3-c-28::	5
chrX	18201400	18222400	chrX_18201400	7	21000	3.96710519280313e-05	7	3.96710519280313e-05	5	0.0435999491598267	::B3-15::N3-2-7::B3-2-7::B3-12::B3-17::N3-c-9::B3-c-9::	1
chrX	18232200	18253200	chrX_18232200	5	21000	0.0435999491598267	9	2.10561150105014e-08	7	3.96710519280313e-05	::N3-c-14::B3-12::N3-17::B3-17::N3-12::	4
chrX	142771100	142792100	chrX_142771100	6	21000	0.00142053927144196	7	3.96710519280313e-05	4	1.11516074972116	::B3-c-28::N3-16::B3-2-2::B3-4::B3-16::N3-4::	6
