chr11	79401300	79680300	chr11_79401300	21	279000	0.00287123847121514	31	1.80728154671647e-10	27	2.15184521740583e-07	::B3-21::B3-2-21::B3-2-7::N3-1-13::N3-4::B3-1::N3-1-11::B3-1-11::B3-1-3::N3-21::B3-18::B3-2-36::B3-1-13::N3-2-21::B3-14::B3-2-2::N3-2-2::N3-1-5::B3-8::B3-10::N3-1::	12
chr11	86159600	86438600	chr11_86159600	20	279000	0.0120150371630274	27	2.15184521740583e-07	22	0.000654952831875468	::N3-1-15::N3-1-5::B3-18::B3-2-2::B3-2-7::N3-2-7::N3-2-36::B3-2-21::B3-4::B3-10::N3-4::B3-1-5::B3-9::N3-9::N3-10::N3-1-11::B3-1-11::N3-1-3::B3-1-3::N3-2-22::	12
chr15	43240500	43519500	chr15_43240500	20	279000	0.0120150371630274	22	0.000654952831875468	18	0.181293333122245	::N3-2-21::N3-10::B3-2-37::B3-21::N3-21::B3-1::N3-9::B3-9::B3-18::B3-2-22::N3-2-36::B3-8::N3-2-22::B3-2-21::N3-1-5::N3-1-15::N3-8::B3-2-2::B3-1-2::N3-1-2::	11
chr16	33180400	33459400	chr16_33180400	20	279000	0.0120150371630274	31	1.80728154671647e-10	28	3.85670515734749e-08	::B3-2-21::N3-4::N3-8::B3-8::N3-9::B3-1-11::B3-1-15::B3-21::N3-1-3::B3-2-36::N3-2-36::N3-1-5::B3-2-2::N3-2-21::N3-1-13::B3-1-13::B3-14::B3-4::B3-1-3::N3-2-7::	13
chr19	7203200	7482200	chr19_7203200	19	279000	0.0478841379612001	28	3.85670515734749e-08	25	5.99820438484505e-06	::N3-2-22::B3-8::N3-2-7::N3-10::B3-10::N3-4::N3-1-5::B3-1-3::B3-2-37::N3-2-36::B3-1-5::N3-1-13::B3-2-22::N3-14::B3-1::N3-21::B3-21::N3-1-2::N3-1-15::	14
chr2	98461100	98740100	chr2_98461100	35	279000	9.12155114214712e-14	206	0	29	6.67393359879849e-09	::B3-8::B3-21::B3-2-36::N3-8::N3-2-36::N3-2-2::N3-14::N3-9::N3-10::N3-1-13::N3-2-7::N3-1-11::N3-18::N3-1::N3-1-15::N3-4::N3-2-21::N3-1-3::N3-21::N3-1-5::N3-2-22::N3-1-2::B3-1-11::B3-1-13::B3-1::B3-2-7::B3-2-2::B3-1-2::B3-10::B3-1-3::B3-2-22::B3-1-5::B3-9::B3-1-15::B3-14::	98
chr5	25275800	25554800	chr5_25275800	27	279000	2.15184521740583e-07	100	3.47473218158598e-86	70	2.60385463090066e-49	::N3-2-22::B3-2-7::N3-2-7::B3-1-2::N3-2-2::B3-2-2::N3-21::N3-9::N3-10::B3-1::N3-1-3::N3-1-15::B3-14::B3-1-15::B3-10::B3-2-36::N3-1::B3-18::B3-1-11::N3-1-11::B3-9::N3-1-2::B3-1-3::N3-2-21::B3-2-22::N3-1-5::N3-2-36::	63
chr5	28146800	28425800	chr5_28146800	28	279000	3.85670515734749e-08	51	9.83266738783901e-29	15	7.02316579206132	::N3-14::N3-4::N3-1-5::N3-2-2::B3-14::B3-1-2::B3-1-3::N3-1-11::B3-4::B3-2-21::B3-2-36::B3-2-2::B3-1-11::B3-18::B3-1-5::B3-2-22::B3-10::B3-1-13::B3-2-37::N3-10::N3-18::B3-1-15::N3-21::N3-1-2::B3-2-7::N3-2-21::N3-9::B3-21::	29
chr7	136127400	136406400	chr7_136127400	22	279000	0.000654952831875468	25	5.99820438484505e-06	6	6318.71939026061	::B3-1-3::N3-1-3::N3-1-15::B3-18::N3-1::N3-2-36::N3-4::N3-9::N3-1-11::N3-8::N3-1-5::N3-1-13::N3-2-21::N3-10::N3-2-7::N3-2-2::N3-2-37::N3-21::N3-1-2::N3-2-22::N3-18::N3-14::	21
chr8	109605100	109884100	chr8_109605100	21	279000	0.00287123847121514	30	1.11641089829672e-09	24	2.98811857993273e-05	::N3-10::B3-1-13::N3-1-13::N3-18::B3-8::N3-8::B3-1-3::B3-1-2::B3-2-37::N3-1-11::N3-1-5::B3-2-36::N3-1-2::N3-14::N3-2-36::B3-2-7::B3-18::B3-2-2::B3-2-22::B3-14::N3-2-21::	15
chr9	3001100	3280100	chr9_3001100	21	279000	0.00287123847121514	36	1.27153886006813e-14	14	20.9923345522164	::N3-2-21::N3-18::B3-2-21::N3-9::N3-2-22::N3-2-7::N3-1-3::N3-8::N3-1::N3-1-15::N3-2-2::N3-1-5::B3-10::B3-2-22::B3-1::N3-21::N3-2-36::N3-1-2::N3-1-13::N3-10::N3-1-11::	17
chr9	71853100	72132100	chr9_71853100	20	279000	0.0120150371630274	33	4.31011420142781e-12	26	1.15774083771417e-06	::B3-14::B3-2-36::N3-2-2::B3-1-2::N3-1-2::N3-18::N3-2-36::B3-18::N3-1-11::B3-2-21::B3-1-13::N3-1-13::B3-1::N3-1-3::B3-1-3::N3-9::B3-1-5::N3-1-5::B3-2-2::B3-2-7::	25
chrUn_GL456390	0	279000	chrUn_GL456390_0	26	279000	1.15774083771417e-06	50	9.99259035249182e-28	36	1.27153886006813e-14	::B3-18::N3-1-2::N3-9::N3-2-7::N3-1-3::N3-1::N3-4::N3-2-2::N3-10::N3-1-15::N3-1-11::N3-2-22::N3-2-36::N3-18::N3-8::N3-21::N3-1-13::N3-14::N3-2-21::B3-14::N3-1-5::B3-2-7::B3-2-22::B3-21::B3-1::B3-1-2::	28
