chr10	20136600	20379600	chr10_20136600	27	243000	0.00106245220324475	30	1.73517298993674e-05	29	7.07772709620092e-05	::N-B04::N3-1-2::N-B11::N-A11::B3-1-15::B-B02::N-2-17::B3-2-36::B3-17::N3-1-15::N3-6::B-2-26::B3-6::B-1-2::N-1-2::N-A03::B3-18::B3-1-2::B3-1-3::N-B09::B-B09::B-A01::N-B02::N-2-26::N-B10::N-A01::N3-3::	20
chr10	67036100	67279100	chr10_67036100	27	243000	0.00106245220324475	36	1.95834420418534e-09	34	4.56162028589515e-08	::B-A08::B-B09::N-A08::N3-2-22::N-B08::B3-1-15::B3-2-2::B-B11::B3-1-2::N-2-17::B-2-17::B3-6::N3-1-5::N3-2-36::N-B11::N-A11::B-1-2::B-A03::N-1-2::N-B07::B-B07::N3-2-2::B3-3::N-A01::N3-6::B-B10::B3-18::	22
chr10	108167700	108410700	chr10_108167700	27	243000	0.00106245220324475	44	2.34631648585258e-15	30	1.73517298993674e-05	::N-A01::N-B04::N-B09::N3-1-5::B3-1-15::B-A03::N-A08::N3-1-15::N-A03::N-1-2::B3-3::B-B11::B3-1-2::B3-2-22::B3-6::B-B10::N-B10::B3-1-3::B-2-17::N-B08::B-A08::B3-17::B-B09::N-B02::B-B04::B-2-9::N3-2-36::	21
chr11	23161900	23404900	chr11_23161900	26	243000	0.00390034429526136	35	9.58564425659199e-09	32	9.46175171131799e-07	::B-B02::N3-2-2::N3-1-5::N3-2-36::B-B11::B-A01::N-A01::B3-c-32::B3-18::N-B08::N3-17::B-B09::B3-2-22::N3-6::N-B02::B-B07::N-A03::B3-6::B3-17::N-2-17::B-1-2::B3-c-10::B3-2-2::B-B04::N-A08::N-1-2::	21
chr11	54530300	54773300	chr11_54530300	28	243000	0.00027907542226353	37	3.89275905292243e-10	27	0.00106245220324475	::B3-2-22::B-1-2::N3-1-15::N-A03::N-A08::B3-1-15::B-A03::B-A08::B-A11::N-A11::B-A01::B-2-17::B3-1-3::N3-1-11::B-B10::B3-6::B3-17::B-B04::N3-18::B3-2-2::B-B02::N3-1-2::B3-1-2::N-A01::B3-18::N-B11::N-B09::N-B04::	21
chr11	60108100	60351100	chr11_60108100	25	243000	0.0137881523291491	33	2.10876326715616e-07	30	1.73517298993674e-05	::B-A11::N-B08::B3-1-15::N-1-2::N3-1-3::B3-3::B-2-9::B3-17::B-B02::B-1-2::N-B09::B-B11::N3-2-36::N3-1-5::B3-1-5::N3-2-7::B3-2-36::B3-18::N-B02::N-B11::B3-2-7::N3-2-2::B3-1-3::N-A08::N3-1-15::	12
chr11	74671500	74914500	chr11_74671500	25	243000	0.0137881523291491	35	9.58564425659199e-09	28	0.00027907542226353	::N3-3::B-B02::B3-1-15::B3-1-2::B-A01::B-B04::N-B04::B-B10::B3-2-2::N3-1-5::B3-1-5::N-B07::N3-1-2::B-B07::N-B11::N-B02::B-1-2::N-A01::N-2-17::B3-18::B-B09::B3-2-22::N3-6::B3-17::B-A11::	17
chr11	77362700	77605700	chr11_77362700	27	243000	0.00106245220324475	42	8.20667591569381e-14	34	4.56162028589515e-08	::B3-18::N-2-9::B-A08::B3-1-2::B-2-17::N-2-17::B3-6::N3-1-15::B-1-2::N-A01::N3-1-5::B3-2-2::B3-3::B-B10::B3-1-15::B-B02::N-B07::B3-2-36::B3-17::N3-17::N-1-2::B-A01::N-A11::B-A11::N3-3::B-B11::N-B08::	21
chr11	79342900	79585900	chr11_79342900	24	243000	0.0468679395428857	53	9.18742192217194e-23	44	2.34631648585258e-15	::B-1-2::B-A11::N-A11::B3-3::B-B11::B-A08::N3-1-5::N3-2-2::N-A01::N-B10::N3-3::B3-2-7::N-B07::N-B08::B-B02::N3-1-11::B3-1-11::B3-1-3::B3-18::B-B09::B3-2-36::B3-c-10::B3-2-2::B-B10::	24
chr11	86503600	86746600	chr11_86503600	26	243000	0.00390034429526136	37	3.89275905292243e-10	30	1.73517298993674e-05	::B3-2-36::N3-6::N3-3::B3-3::N-B07::N-B10::B-1-2::N-1-2::B3-17::B-A08::B3-1-2::N-A11::N3-2-36::N-B04::B-B02::N-2-17::B-B11::B-B10::B3-6::B3-2-7::N3-2-7::B3-2-2::B3-1-3::N-B11::N-2-26::B-2-26::	20
chr11	106823700	107066700	chr11_106823700	27	243000	0.00106245220324475	42	8.20667591569381e-14	34	4.56162028589515e-08	::N-B04::B3-1-11::N3-6::B3-6::N-2-26::B-2-26::B3-2-36::B-B11::B3-2-2::B-B04::B3-1-5::N3-1-5::B-A01::B-B02::N3-c-10::N3-2-36::B3-c-10::B3-3::B3-17::N3-2-22::N3-17::B3-1-2::N3-1-2::N-B07::B3-1-3::N3-1-3::B-1-2::	22
chr12	51629900	51872900	chr12_51629900	24	243000	0.0468679395428857	30	1.73517298993674e-05	30	1.73517298993674e-05	::B-B02::B-B09::N3-1-5::B-1-2::B3-2-22::B3-1-5::B3-6::N3-3::N-A11::B3-1-15::B-2-9::B3-c-10::N-B11::B-A03::B3-2-2::B3-18::N-B07::N3-6::N3-c-10::N3-1-3::B-B10::B3-1-2::N-1-2::B3-3::	20
chr13	13957400	14200400	chr13_13957400	24	243000	0.0468679395428857	32	9.46175171131799e-07	26	0.00390034429526136	::B3-2-36::B-B09::B-B10::B-A08::B-1-2::B-A01::N3-1-15::N3-17::N3-18::B-B02::N-B02::N-B11::N3-3::N-B04::N-A01::N3-2-36::B3-2-22::N-B10::B-2-26::N3-1-2::B-B11::B-B04::B3-1-5::N3-1-5::	15
chr13	24040300	24283300	chr13_24040300	26	243000	0.00390034429526136	41	4.68647552544651e-13	34	4.56162028589515e-08	::N3-1-2::B-A03::B3-1-15::B-A08::N3-1-15::N-A08::N-A03::N3-17::N-B11::N-2-17::B-2-17::B3-2-22::N3-2-22::B-B02::N3-1-3::B3-1-3::B3-17::B-A11::N-B08::B3-2-7::N3-6::B-2-9::N-2-26::B3-1-11::B3-6::N3-2-2::	25
chr13	103701200	103944200	chr13_103701200	27	243000	0.00106245220324475	41	4.68647552544651e-13	30	1.73517298993674e-05	::B-1-2::B3-1-15::B3-2-22::B-A08::B-A03::N3-2-7::N3-c-10::B3-2-7::N-B11::N-B02::B-B09::N3-1-2::B-B10::B3-2-36::N3-1-15::N-A03::N3-6::B-2-9::B3-17::B-B11::N-B08::B-B08::B3-3::N-B09::N-B04::B3-6::N3-2-36::	14
chr14	19288700	19531700	chr14_19288700	33	243000	2.10876326715616e-07	49	2.20664349029241e-19	26	0.00390034429526136	::B-A08::N-B09::B-B02::B3-6::N-A03::N-A01::N3-6::N3-1-3::N3-3::N3-2-36::B3-2-36::N3-1-15::N3-18::N3-1-5::N-B11::N3-2-22::B3-2-2::N3-17::N3-1-11::B-B04::N-2-17::N-B02::N-2-9::B-B11::N-B10::B3-3::N-1-2::B3-17::N-B04::N-B08::N-B07::N-A08::N3-2-7::	35
chr14	30973900	31216900	chr14_30973900	26	243000	0.00390034429526136	38	7.53432148167466e-11	32	9.46175171131799e-07	::B3-1-11::B3-17::B-B09::N-B04::B3-c-10::N-A01::N3-1-5::N-2-17::N3-1-3::B3-1-3::N-B11::B-B11::B3-1-2::N-B02::B-B07::N-B07::N-B10::N3-c-10::B-B10::B-A08::B3-6::N3-1-2::N-A11::N3-3::B3-2-2::N3-18::	19
chr14	73181200	73424200	chr14_73181200	25	243000	0.0137881523291491	54	1.25132500164279e-23	37	3.89275905292243e-10	::N-B09::N-A01::N3-1-15::B3-1-15::N-B02::B-B11::B-A08::N-B11::B-A03::N-A03::N-A08::B-B02::N-2-17::B3-3::N3-2-7::B3-2-22::B-A01::B3-c-10::N3-c-10::B-B04::N-B04::B-A11::B-B07::N3-1-5::B3-1-5::	44
chr15	8207500	8450500	chr15_8207500	27	243000	0.00106245220324475	33	2.10876326715616e-07	32	9.46175171131799e-07	::B3-2-22::B-B07::N-A08::B-B10::B3-2-2::B-B04::B3-18::B-A08::N3-c-32::B3-2-36::N-B04::N-B08::B-2-17::N-2-17::B-B02::B3-1-11::B3-c-10::B-1-2::B-B08::N-A11::B-2-26::N3-6::B3-17::N3-2-36::B-B11::B-A11::B3-6::	23
chr15	12122200	12365200	chr15_12122200	26	243000	0.00390034429526136	38	7.53432148167466e-11	32	9.46175171131799e-07	::B3-2-36::N3-2-36::B3-c-32::B-B11::B-B08::B3-6::N-B02::N-B04::N-B08::N-B09::N3-1-3::N3-1-11::N-A11::B-B02::B-A08::B-B07::N-B07::B-1-2::N-2-26::B3-2-2::N-A01::B-A01::N3-2-22::B3-1-5::B3-3::N-1-2::	21
chr15	77070100	77313100	chr15_77070100	31	243000	4.11671977241721e-06	43	1.40368302572267e-14	33	2.10876326715616e-07	::N-B08::B-B10::B-1-2::B3-2-2::N3-17::B3-1-5::B3-2-7::N3-2-7::B-B04::B3-3::B-A11::N-B07::B-B08::N3-1-2::B-B07::B3-1-2::B-A03::N-B02::N3-1-15::N-A08::B3-2-36::B3-6::N-B11::B3-1-15::N3-6::N-1-2::N3-1-5::B3-2-22::B-A08::N-A03::B-B02::	20
chr15	80696300	80939300	chr15_80696300	30	243000	1.73517298993674e-05	54	1.25132500164279e-23	45	3.83481395157683e-16	::B-B09::N-B04::N-B10::N-B09::B3-1-2::B3-17::B-B11::B3-1-3::N3-1-3::B3-6::N-B08::N3-17::B3-1-11::B-A03::N3-6::B-A11::N-A11::N-1-2::N3-1-5::N3-1-2::B-A08::B3-2-22::B-B04::B3-1-5::B-B07::B-1-2::N3-2-22::B-B08::N-A01::B-B10::	25
chr15	96215300	96458300	chr15_96215300	24	243000	0.0468679395428857	37	3.89275905292243e-10	33	2.10876326715616e-07	::B-B10::B3-17::B-1-2::B-A08::N3-1-5::N3-18::N3-6::B3-18::N3-2-22::B3-2-36::B-2-26::B-B02::N3-2-36::N-1-2::N-B04::B3-3::B-2-17::B-B04::N-A08::B3-c-32::B3-6::B-B11::B3-1-11::N-B02::	24
chr16	94405300	94648300	chr16_94405300	26	243000	0.00390034429526136	31	4.11671977241721e-06	27	0.00106245220324475	::N3-2-7::B-A08::B3-2-36::B-B02::B-B10::B-B09::N3-6::N-B09::B3-1-3::N-B07::B3-6::B-A01::N-A01::N3-2-22::N3-1-5::B-B07::B-1-2::N-1-2::N-B08::B3-2-2::N3-2-2::N-B04::B-A11::N-A11::N-B02::N-B10::	21
chr17	5087200	5330200	chr17_5087200	31	243000	4.11671977241721e-06	44	2.34631648585258e-15	37	3.89275905292243e-10	::N3-17::B-B08::B-B02::B3-2-36::B-A11::N-A11::N-B09::B-B09::N3-6::N-B08::B3-6::B3-17::N3-1-3::B3-18::B-1-2::N-2-17::B-A08::N3-1-15::N-A01::B-B07::N-B07::B3-3::N3-3::N-B11::B-B11::N-A08::B3-1-3::N3-1-2::B-2-17::B3-c-32::N3-1-5::	18
chr17	13665100	13908100	chr17_13665100	24	243000	0.0468679395428857	31	4.11671977241721e-06	26	0.00390034429526136	::N3-1-3::B-A08::N-B02::B3-17::B3-1-3::B3-1-2::B3-2-36::B-2-17::N-2-17::B-2-9::N-2-9::N3-2-2::B3-6::B-1-2::B-B07::B3-2-2::N3-1-11::B-B09::B-B11::N-B11::B-B08::N-1-2::N-B04::B-B02::	16
chr17	32126500	32369500	chr17_32126500	26	243000	0.00390034429526136	37	3.89275905292243e-10	33	2.10876326715616e-07	::B3-1-3::B3-3::N3-1-15::N3-1-11::B-A08::B-1-2::N3-c-10::N-B10::N-A01::B3-17::B-B07::B-A03::B-B02::B3-1-2::N3-1-2::N-B08::B-2-17::N-2-17::N-B09::N3-1-5::B3-6::N3-6::N3-3::N3-2-2::B3-1-11::N-1-2::	21
chr18	9972400	10215400	chr18_9972400	26	243000	0.00390034429526136	31	4.11671977241721e-06	26	0.00390034429526136	::B-B10::N-B02::B-A03::N-A01::B3-2-7::N3-2-7::N-A11::B-B04::B-A08::B3-2-22::N3-3::B3-3::B-B02::N-B11::B-B11::N3-2-2::N3-1-5::N3-2-22::N-B08::N3-1-2::B3-18::N-1-2::B-1-2::N3-1-3::N-2-17::B3-6::	11
chr18	35067100	35310100	chr18_35067100	24	243000	0.0468679395428857	34	4.56162028589515e-08	26	0.00390034429526136	::B-A08::B-B04::N3-17::B3-17::B3-6::N3-18::B3-18::B-A01::N-A01::B-B09::N-A11::N3-1-5::N-A08::B-1-2::N-B10::B3-2-2::N3-2-22::B-B10::B-B07::N-1-2::N-B02::B3-1-5::B-B02::N3-2-7::	15
chr19	11775300	12018300	chr19_11775300	24	243000	0.0468679395428857	30	1.73517298993674e-05	24	0.0468679395428857	::N-B07::B-B02::B3-1-15::B3-3::N3-3::N3-1-3::N3-2-36::B3-2-36::B-B10::N-A11::B-A01::B-B04::B3-1-5::N3-6::N3-1-5::N-B04::B3-6::B-2-9::N-2-9::B-B07::N-B02::B-1-2::B-A08::N-A08::	17
chr19	16143700	16386700	chr19_16143700	30	243000	1.73517298993674e-05	43	1.40368302572267e-14	38	7.53432148167466e-11	::N-A01::N-2-9::B-A01::N-B07::N-B10::B-B07::N3-1-2::N-B04::N3-18::N3-2-7::B-A11::B3-17::N-B09::B-B11::B3-6::B3-3::B3-2-22::B-B02::B-B04::N3-1-15::B3-18::B-A08::B-B09::B3-1-2::N-B02::B3-2-36::B-2-9::B-1-2::N3-1-5::N3-2-36::	20
chr19	24301500	24544500	chr19_24301500	24	243000	0.0468679395428857	27	0.00106245220324475	26	0.00390034429526136	::N3-2-2::B-B07::N-2-17::B-2-17::N3-2-22::N-B04::B-A01::B3-1-3::B3-2-2::N3-2-36::N-B08::B3-c-10::N-B07::N3-1-5::B3-1-15::B3-6::B-B10::B3-2-7::B-B11::B3-17::B3-18::B3-2-36::N-B10::B3-1-5::	14
chr2	18022400	18265400	chr2_18022400	29	243000	7.07772709620092e-05	44	2.34631648585258e-15	37	3.89275905292243e-10	::B-1-2::B-B07::B3-6::N3-2-36::B3-2-2::N-B04::N-A11::B-B02::B3-3::B-B11::N-A01::B-B10::N3-1-5::N-2-17::B-2-17::N-A03::N3-6::N-B08::B3-17::B-A01::N3-18::B3-1-11::B3-1-2::N-B07::N3-1-2::B3-2-36::N-B02::B3-1-3::B3-1-15::	22
chr2	49415100	49658100	chr2_49415100	24	243000	0.0468679395428857	35	9.58564425659199e-09	32	9.46175171131799e-07	::B-B09::B-B02::B3-c-10::N3-2-22::N-B04::B-A11::N-A11::B-2-26::B3-18::N3-2-7::B3-2-22::N3-1-3::N-A01::B-A01::B-B08::N-B08::B-B11::B-B10::N3-1-15::N3-1-2::N-B10::B3-3::B-A08::N3-1-5::	19
chr2	98439800	98682800	chr2_98439800	50	243000	3.24587947294296e-20	332	0	33	2.10876326715616e-07	::B-A01::B3-17::B3-2-36::B-1-2::N3-2-36::N-A08::B-A08::N3-2-2::N-1-2::N-A01::N-B07::N3-6::N-B10::N-2-26::N-A11::N-B04::N-B09::N-B08::N-B11::N3-2-7::N-A03::N3-1-11::N3-18::N3-1-15::N3-17::N3-1-3::N-2-17::N3-1-5::N-2-9::N-B02::B-B02::N3-2-22::N3-1-2::B3-1-11::B3-2-7::B3-6::B3-2-2::B3-1-2::N3-3::B-B07::B-B11::B-B10::B3-1-3::B3-2-22::B-B08::B3-1-5::B-B04::N3-c-10::B3-1-15::B-A11::	157
chr2	154669100	154912100	chr2_154669100	24	243000	0.0468679395428857	32	9.46175171131799e-07	31	4.11671977241721e-06	::N3-3::B-A11::N-B10::B-2-9::N-B02::N3-18::B3-2-36::B-B10::B-B09::B3-18::B3-1-11::B-A03::B-A01::N-B04::B3-2-7::B-B04::B-B02::N3-2-22::N-B08::N3-1-5::N-2-9::N3-1-11::B3-c-10::B3-6::	17
chr2	163518700	163761700	chr2_163518700	24	243000	0.0468679395428857	31	4.11671977241721e-06	16	162.330517861137	::N3-2-2::B3-1-11::N-1-2::B3-2-22::B3-6::N-B08::N-B09::B-B02::B3-2-7::B-B04::B-B09::B-B07::B3-1-2::B-B10::B-B08::B-A08::B-1-2::B3-2-2::B-B11::B3-3::B-A11::B3-1-3::N3-1-3::N-B04::	9
chr3	51246800	51489800	chr3_51246800	28	243000	0.00027907542226353	42	8.20667591569381e-14	37	3.89275905292243e-10	::N3-2-7::B-B09::B3-17::B-B10::N3-1-2::N3-1-15::N3-18::B-B07::B3-1-2::N-B07::N-B04::B-B04::N3-1-5::B3-18::N-2-17::B3-1-11::B-B08::N3-3::B3-1-5::B-1-2::B-B02::B3-3::N-1-2::B-2-9::B-2-26::N3-1-3::N-A01::B-A03::	17
chr3	68971600	69214600	chr3_68971600	24	243000	0.0468679395428857	39	1.42085500209191e-11	34	4.56162028589515e-08	::B3-1-2::N3-1-3::N3-2-2::B-B09::B3-3::N-B10::B-B10::B-1-2::B-A08::N-B07::B-B02::B-2-17::N-A08::B3-c-10::B-B04::B3-1-3::B3-6::N-B09::N-B08::B-A01::N3-18::B-B08::N-2-17::N-A01::	20
chr3	88852400	89095400	chr3_88852400	24	243000	0.0468679395428857	34	4.56162028589515e-08	27	0.00106245220324475	::N-1-2::B3-1-15::B-B02::B-B07::B3-18::B-B08::B3-6::B-B10::N3-18::N3-1-2::B3-1-2::N-B08::B-B09::B3-2-36::N-B02::N3-1-3::B3-1-3::B3-1-11::N3-1-11::B-A08::B3-3::N3-6::B3-17::N-B07::	15
chr4	130647100	130890100	chr4_130647100	25	243000	0.0137881523291491	31	4.11671977241721e-06	24	0.0468679395428857	::N3-17::B-B02::N-B10::B-B10::B-B07::N-A01::B3-17::N3-1-2::N-A08::B-A08::B3-2-36::N-B02::B-2-9::B3-1-11::B-1-2::N-B07::N-A11::N-B09::B-B09::B3-2-22::N3-2-22::N3-1-5::B3-1-5::N-B04::B3-18::	12
chr4	136329900	136572900	chr4_136329900	24	243000	0.0468679395428857	34	4.56162028589515e-08	23	0.152938519707078	::B3-1-11::B-B11::N-B04::B-B04::B-B08::B-A01::N-B07::B3-c-32::N-A01::B-B07::B-2-26::N-2-26::N3-1-3::N3-18::B3-2-36::B3-1-15::B-A08::B-A03::N3-1-15::N-A08::N-A03::B3-17::B3-6::N-B08::	20
chr5	25268300	25511300	chr5_25268300	39	243000	1.42085500209191e-11	155	2.01382908591307e-138	107	1.99634280585875e-78	::B3-6::N3-2-22::B-A11::B3-2-7::B-B09::N3-2-7::N-2-17::N-2-9::B-2-9::B3-1-2::B-1-2::N3-2-2::B3-2-2::N3-1-3::B-2-17::N3-1-15::B3-1-15::B3-2-36::B-B02::N-B02::N-A03::B-B10::B-B07::B-A08::B-A03::N-A08::B-B08::B3-18::B3-1-11::N3-1-11::N3-1-2::N-B07::N-B10::B3-1-3::B3-2-22::N-B08::B3-17::N3-1-5::N3-2-36::	100
chr5	122292600	122535600	chr5_122292600	25	243000	0.0137881523291491	37	3.89275905292243e-10	29	7.07772709620092e-05	::N3-1-2::N3-1-3::N-B08::N3-2-2::B-B04::B-B10::B-A11::N-A11::N-B02::B-A08::B-A03::B3-1-15::N-A08::N3-1-15::N-A03::B3-2-36::N-B09::B3-1-3::B-A01::N-A01::B-B02::N-1-2::B3-3::B3-6::B-B09::	23
chr5	136348500	136591500	chr5_136348500	24	243000	0.0468679395428857	29	7.07772709620092e-05	26	0.00390034429526136	::B-2-9::B-A11::N-A11::N3-1-2::B3-18::B-A01::B3-2-22::B-B10::B-1-2::B3-17::N-2-9::B-B02::N3-1-5::B3-1-3::B3-3::N3-2-22::N3-1-11::B-2-26::N-A01::N3-6::N-B04::N3-18::B-B09::N3-2-7::	16
chr6	47304200	47547200	chr6_47304200	25	243000	0.0137881523291491	31	4.11671977241721e-06	26	0.00390034429526136	::N3-17::B3-3::N-1-2::N-A01::B-B02::N3-6::B3-1-15::N-B04::N3-3::B3-1-2::B-2-9::B-A01::B3-1-11::B-B04::N-2-17::B-B10::B-A08::N3-1-5::N-B07::B3-1-5::N-A03::N3-1-3::N-B10::B3-6::B-B09::	10
chr6	83787100	84030100	chr6_83787100	24	243000	0.0468679395428857	29	7.07772709620092e-05	28	0.00027907542226353	::B3-17::B-B04::N3-17::N-B07::N3-18::N-B08::B3-1-11::B3-2-36::N-2-17::N-2-26::N3-1-15::B-A08::N3-2-7::B-A01::N-B04::B3-1-2::B-1-2::N-A01::B-B09::B-B10::N3-2-36::B3-c-10::N-2-9::B-2-9::	15
chr6	112931600	113174600	chr6_112931600	24	243000	0.0468679395428857	31	4.11671977241721e-06	27	0.00106245220324475	::B3-17::B-B09::B3-2-22::N3-18::B-B10::N3-1-15::B-B02::N3-2-2::B-1-2::N-B11::B-B04::B-A11::N-1-2::N3-2-7::B-B11::N-A03::N-2-17::B-A08::B-B07::N-B08::B-B08::B-A03::B3-1-11::B3-18::	17
chr7	89954000	90197000	chr7_89954000	25	243000	0.0137881523291491	35	9.58564425659199e-09	32	9.46175171131799e-07	::N-A03::B-A03::B-B04::N-B04::B-B11::N-1-2::B-B09::N3-1-15::B-1-2::B-B02::B3-17::N-B09::B-A08::N-B02::B-B07::N3-c-32::N-A11::B3-6::N3-2-2::B-B10::N-A01::B-A01::B-A11::B3-2-36::N3-6::	16
chr7	121602000	121845000	chr7_121602000	32	243000	9.46175171131799e-07	44	2.34631648585258e-15	18	28.6958562739995	::N3-6::B-B07::N3-18::B-B10::B3-2-22::N-2-17::N-B09::N-1-2::N3-2-36::N3-1-11::N-B04::B-2-9::B3-2-36::B3-c-32::B-B04::N3-1-15::N3-2-22::N3-1-2::N-A11::N-B07::N-B08::N-2-9::N-2-26::N-B11::N3-2-7::N-B02::N-B10::N3-c-10::N3-3::N3-1-3::N3-1-5::N3-17::	36
chr7	136154600	136397600	chr7_136154600	35	243000	9.58564425659199e-09	42	8.20667591569381e-14	13	1370.97264776893	::N3-1-3::N-2-17::N3-1-15::N3-6::B-B04::N-B07::B-2-17::B3-18::B3-6::B-B09::N3-c-10::N-B11::N3-2-36::N-A08::N-2-9::N-2-26::N-B04::N3-17::N-B09::N-A11::N-B02::N3-1-11::N3-1-5::N-A01::N-1-2::N3-2-7::N3-2-2::N3-c-32::N-A03::N-B10::N3-3::N-B08::N3-1-2::N3-2-22::N3-18::	34
chr8	109669800	109912800	chr8_109669800	26	243000	0.00390034429526136	42	8.20667591569381e-14	35	9.58564425659199e-09	::B-2-9::N3-17::B3-c-10::N-B08::B-B10::N-B10::N3-18::B3-1-3::B3-1-2::N-B07::N3-1-11::N-B11::N3-1-5::B3-2-36::B-B07::N3-1-2::N-2-17::B-2-17::B-B02::N3-2-36::B3-c-32::B3-2-7::B3-18::B3-17::B3-2-2::B3-2-22::	22
chr9	3000100	3243100	chr9_3000100	33	243000	2.10876326715616e-07	60	5.49458146271892e-29	19	11.1079983847411	::N-A08::N-B08::B-B02::N-B07::N-2-17::N3-18::N3-6::B-B11::N-B11::N-A11::N3-2-22::N-A01::N-B04::N-2-26::N3-2-7::N3-1-3::N-B10::N3-1-15::N3-17::N3-2-2::N3-1-5::B-B10::N-B02::B3-17::B3-2-22::B-A08::N3-2-36::N3-1-2::B-B09::N-A03::B-2-17::N-B09::N3-1-11::	27
chr9	21479500	21722500	chr9_21479500	27	243000	0.00106245220324475	40	2.6125222003506e-12	36	1.95834420418534e-09	::N3-1-5::N3-17::N3-2-36::N-2-17::N-B07::N-2-9::B-2-9::N-B04::B-B07::N3-18::B-B04::B3-3::B-A08::B3-1-15::B3-1-2::B3-18::N-1-2::B-1-2::B-B02::N-A08::B-B10::N3-2-7::N-B02::N-B09::B-B08::B3-17::B3-2-36::	21
chr9	35102200	35345200	chr9_35102200	25	243000	0.0137881523291491	30	1.73517298993674e-05	21	1.43062878276742	::B-B10::B3-1-11::N-B09::B-1-2::N-1-2::B3-2-36::B-A03::B-A08::B3-2-22::B3-3::N3-1-2::B3-c-32::B-2-9::B3-17::B3-1-15::B-B11::N3-1-11::N3-1-3::N3-18::N3-1-15::N-B04::N-B11::N-B07::N3-1-5::N-A11::	15
chr9	66348500	66591500	chr9_66348500	27	243000	0.00106245220324475	37	3.89275905292243e-10	35	9.58564425659199e-09	::B-1-2::B3-2-36::N3-2-22::B3-6::N3-2-36::B3-3::N-B08::B-B07::N-B07::B3-17::B-B10::B3-18::B3-2-22::N3-18::N3-17::B-2-17::N-B04::B-A01::B-A08::B-B09::B3-1-2::N-1-2::N-2-17::N3-c-10::N-B10::N-A11::N-B11::	20
chr9	70366700	70609700	chr9_70366700	31	243000	4.11671977241721e-06	40	2.6125222003506e-12	38	7.53432148167466e-11	::B3-2-2::B-B07::B-B02::N-B02::N3-2-2::B3-2-36::B-1-2::N3-1-3::N3-1-11::N-A11::B-B09::B3-6::B3-1-3::N-1-2::B-A01::B3-3::B3-1-5::B-B10::B-A08::B-A11::N-A03::B3-1-11::N3-1-5::B-B04::N-B07::N-B11::B3-2-22::N-B09::N3-17::B3-18::N3-18::	23
chr9	71881400	72124400	chr9_71881400	37	243000	3.89275905292243e-10	62	7.85875107809085e-31	51	4.68093309475338e-21	::N-B11::B3-1-2::N3-1-2::B-B10::B-A11::N-B08::B-A01::N-B09::B-B08::N3-18::B3-17::N-A11::B-2-17::N3-2-36::B3-2-36::N3-c-32::B-B02::B3-18::B3-6::N3-1-11::N-B10::N-B04::N-2-17::B3-c-10::N3-17::B-B11::N3-1-3::B3-1-3::B-1-2::B-B04::B3-1-5::N3-1-5::B3-2-2::B3-3::B-2-9::N-1-2::B3-2-7::	43
chr9	72510100	72753100	chr9_72510100	26	243000	0.00390034429526136	34	4.56162028589515e-08	29	7.07772709620092e-05	::N-1-2::N3-1-3::B3-17::B-B10::B-B02::N-B08::B3-6::B-2-9::N3-2-2::B3-2-2::N3-2-7::N-A01::N-B10::N-2-26::N3-18::N3-1-11::B-A08::B3-2-22::B3-1-2::B3-2-36::N3-2-36::N3-6::N-B02::B3-3::N3-3::N-A08::	21
chr9	107659900	107902900	chr9_107659900	28	243000	0.00027907542226353	39	1.42085500209191e-11	34	4.56162028589515e-08	::N-B07::B-B09::N3-1-5::N3-18::B3-2-2::N-2-17::N-A01::B-1-2::N-B02::B-B02::B3-17::N3-17::B-B10::B3-3::B3-1-5::N3-c-10::N-B04::N3-3::B-A01::N3-2-36::B3-6::B-A08::B3-1-15::N-B11::B-2-9::B3-18::N-A11::B3-1-2::	20
chrUn_GL456390	0	243000	chrUn_GL456390_0	38	243000	7.53432148167466e-11	80	1.37020690492934e-48	58	3.59581581202569e-27	::B3-18::N3-6::N3-1-2::N3-2-7::N3-1-3::B3-3::N-2-17::N3-2-2::N3-17::N-B09::N-A03::N3-1-15::N3-3::N-B08::N-B04::N-A08::N-A01::N-B10::N3-1-11::B-1-2::N3-2-22::N3-2-36::N3-18::N-B11::N-B02::B-A08::N3-1-5::B3-2-7::B-B02::B3-17::N-A11::B3-6::B-A03::B3-2-22::B-B11::N-2-26::B3-1-2::B-B04::	47
chrUn_GL456393	1400	244400	chrUn_GL456393_1400	32	243000	9.46175171131799e-07	52	6.62062989180373e-22	41	4.68647552544651e-13	::N3-2-36::N3-18::N-2-17::N3-1-3::N-B11::N-B02::N3-1-2::N3-2-2::B-A08::N3-1-15::N3-1-5::B-1-2::N3-6::B3-2-7::N-B10::N-B08::B-B02::B3-3::N-A03::B3-17::N-A11::B3-6::N-A01::B-A03::B3-2-22::B-B11::N-2-26::N-B09::B3-1-2::B-B04::N-A08::N3-17::	27
chrUn_JH584304	1500	244500	chrUn_JH584304_1500	24	243000	0.0468679395428857	32	9.46175171131799e-07	29	7.07772709620092e-05	::B-B02::B3-3::N-A03::B3-17::N-A11::B3-6::N-A01::B-A03::B3-2-22::N3-18::B-B11::N-B08::N-B11::N-2-26::N-B09::B3-1-2::B-A08::B-B04::B-1-2::N3-1-3::N-A08::N3-17::N-2-17::N3-1-2::	15
chrX	18123700	18366700	chrX_18123700	28	243000	0.00027907542226353	63	9.17451687660402e-32	49	2.20664349029241e-19	::N-B04::N3-3::B3-1-11::B-B07::N-A01::B3-2-36::B-A08::N-B09::B-B09::B-1-2::N3-2-7::B3-2-7::B-B10::N-B10::B-B04::B3-17::N-1-2::B-2-26::N3-1-2::B-A11::N-A11::N-2-17::B-2-17::N3-17::N-B08::B3-3::N3-1-5::B3-1-2::	26
