chr10	7777800	7801800	chr10_7777800	4	24000	0.0453350792926459	4	0.0453350792926459	3	1.74547641238702	::B-A03::B-A08::B-B02::B3-7::	2
chr10	42767500	42791500	chr10_42767500	8	24000	3.14374017132496e-09	8	3.14374017132496e-09	6	1.63107487634991e-05	::B-2-25::N-2-25::B-A11::N-A11::N-B02::B3-12::N3-6::B-2-21::	6
chr10	67131100	67155100	chr10_67131100	4	24000	0.0453350792926459	4	0.0453350792926459	3	1.74547641238702	::N3-15::B3-15::B-3-1::N-1-10::	1
chr10	93172800	93196800	chr10_93172800	5	24000	0.000941986680489056	5	0.000941986680489056	3	1.74547641238702	::B3-12::B3-3::N3-3::N-2-21::B-2-21::	3
chr10	108195700	108219700	chr10_108195700	5	24000	0.000941986680489056	5	0.000941986680489056	3	1.74547641238702	::B-B10::N3-5::N-A08::N-A03::B-A03::	2
chr10	116564000	116588000	chr10_116564000	5	24000	0.000941986680489056	5	0.000941986680489056	3	1.74547641238702	::B-A12::N3-7::N-A12::B3-16::B-2-21::	5
chr10	117346200	117370200	chr10_117346200	5	24000	0.000941986680489056	5	0.000941986680489056	4	0.0453350792926459	::B3-7::B-B09::B-A10::N-B10::B-B10::	2
chr10	121584500	121608500	chr10_121584500	4	24000	0.0453350792926459	4	0.0453350792926459	2	50.4028219494095	::N-A12::B-A12::N-3-4::B-3-4::	0
chr10	121847200	121871200	chr10_121847200	4	24000	0.0453350792926459	4	0.0453350792926459	2	50.4028219494095	::N-2-26::N-A03::N-B11::B3-2::	1
chr11	5086400	5110400	chr11_5086400	5	24000	0.000941986680489056	5	0.000941986680489056	3	1.74547641238702	::N-A10::B-A10::N3-c-14::N-B05::B-B05::	0
chr11	29174600	29198600	chr11_29174600	8	24000	3.14374017132496e-09	8	3.14374017132496e-09	6	1.63107487634991e-05	::N3-19::B3-19::N-2-12::B-2-21::B-1-4::B3-7::B3-2::N3-2::	3
chr11	35799800	35823800	chr11_35799800	5	24000	0.000941986680489056	6	1.63107487634991e-05	4	0.0453350792926459	::B-2-9::N-A04::B-A04::B-B10::N-B10::	3
chr11	59769200	59793200	chr11_59769200	4	24000	0.0453350792926459	4	0.0453350792926459	3	1.74547641238702	::B-2-21::B-1-10::B-2-25::N-2-25::	4
chr11	60123100	60147100	chr11_60123100	4	24000	0.0453350792926459	4	0.0453350792926459	3	1.74547641238702	::N-A12::B-2-27::N-A02::B-A02::	2
chr11	69597100	69621100	chr11_69597100	4	24000	0.0453350792926459	4	0.0453350792926459	3	1.74547641238702	::N3-3::B3-7::N-B07::B-B07::	1
chr11	69643000	69667000	chr11_69643000	4	24000	0.0453350792926459	4	0.0453350792926459	2	50.4028219494095	::N-B03::B-B03::N-B07::B-B07::	0
chr11	77574400	77598400	chr11_77574400	4	24000	0.0453350792926459	5	0.000941986680489056	4	0.0453350792926459	::N-B03::N-A11::B3-3::N3-3::	4
chr11	79340800	79364800	chr11_79340800	4	24000	0.0453350792926459	4	0.0453350792926459	3	1.74547641238702	::B3-c-9::N3-c-9::N-A11::N-A02::	3
chr11	79376200	79400200	chr11_79376200	5	24000	0.000941986680489056	7	2.42078514092789e-07	5	0.000941986680489056	::B-2-23::B-1-7::N-1-7::N-2-23::N3-c-28::	2
chr11	79420500	79444500	chr11_79420500	6	24000	1.63107487634991e-05	8	3.14374017132496e-09	5	0.000941986680489056	::N3-c-9::B-A05::N-A05::B3-19::B-A11::N-A11::	6
chr11	79487000	79511000	chr11_79487000	4	24000	0.0453350792926459	4	0.0453350792926459	3	1.74547641238702	::N-A11::N3-15::B3-15::B3-c-10::	0
chr11	79553600	79577600	chr11_79553600	4	24000	0.0453350792926459	4	0.0453350792926459	4	0.0453350792926459	::B3-3::B3-19::N-A07::B-A11::	0
chr11	86729000	86753000	chr11_86729000	5	24000	0.000941986680489056	5	0.000941986680489056	4	0.0453350792926459	::B3-3::B-A04::N-A04::B-2-26::N-B11::	4
chr11	88076900	88100900	chr11_88076900	6	24000	1.63107487634991e-05	6	1.63107487634991e-05	3	1.74547641238702	::B3-15::N3-15::N-B08::B-B08::N3-3::B3-3::	2
chr11	88553700	88577700	chr11_88553700	5	24000	0.000941986680489056	5	0.000941986680489056	3	1.74547641238702	::B-1-2::B-A03::B-A08::N-A03::B-2-25::	4
chr11	100900900	100924900	chr11_100900900	4	24000	0.0453350792926459	4	0.0453350792926459	3	1.74547641238702	::B-A10::N3-c-9::B3-11::N3-11::	3
chr11	104398300	104422300	chr11_104398300	7	24000	2.42078514092789e-07	7	2.42078514092789e-07	7	2.42078514092789e-07	::N3-c-14::N3-7::N-2-25::N-2-14::B3-c-14::B-1-6::B-3-4::	4
chr11	105188000	105212000	chr11_105188000	4	24000	0.0453350792926459	4	0.0453350792926459	3	1.74547641238702	::B3-c-14::N-A08::B-B03::N-B03::	3
chr11	106862400	106886400	chr11_106862400	4	24000	0.0453350792926459	4	0.0453350792926459	4	0.0453350792926459	::B-2-23::B-B04::N-A10::N3-c-10::	2
chr11	115530000	115554000	chr11_115530000	4	24000	0.0453350792926459	4	0.0453350792926459	2	50.4028219494095	::B-3-4::N-3-4::N-B03::B-B03::	2
chr11	118224600	118248600	chr11_118224600	4	24000	0.0453350792926459	4	0.0453350792926459	3	1.74547641238702	::N3-5::B3-7::N3-7::B3-5::	3
chr11	120975300	120999300	chr11_120975300	5	24000	0.000941986680489056	5	0.000941986680489056	3	1.74547641238702	::N3-11::B3-11::B-B10::N-B10::B-1-7::	3
chr12	8735100	8759100	chr12_8735100	4	24000	0.0453350792926459	4	0.0453350792926459	3	1.74547641238702	::B-2-23::N-3-1::B-3-1::B-B07::	2
chr12	8921200	8945200	chr12_8921200	5	24000	0.000941986680489056	5	0.000941986680489056	4	0.0453350792926459	::N-1-2::B-1-2::N-B09::B-A01::N-1-10::	2
chr12	17517100	17541100	chr12_17517100	5	24000	0.000941986680489056	5	0.000941986680489056	1	970.296492287246	::N-1-4::N3-5::N3-7::N-1-10::N-1-9::	5
chr12	21287400	21311400	chr12_21287400	4	24000	0.0453350792926459	4	0.0453350792926459	1	970.296492287246	::B-A08::B-A03::N-A03::N-A08::	4
chr12	21363600	21387600	chr12_21363600	4	24000	0.0453350792926459	4	0.0453350792926459	3	1.74547641238702	::B-1-4::B3-5::N-A10::B-A10::	1
chr12	83638000	83662000	chr12_83638000	4	24000	0.0453350792926459	4	0.0453350792926459	2	50.4028219494095	::N-B05::B-B05::B-A12::N-A12::	2
chr12	101057800	101081800	chr12_101057800	4	24000	0.0453350792926459	4	0.0453350792926459	2	50.4028219494095	::B-1-7::N-1-7::B3-6::N3-6::	4
chr12	111202400	111226400	chr12_111202400	4	24000	0.0453350792926459	4	0.0453350792926459	2	50.4028219494095	::B3-15::N3-15::N3-13::B3-13::	2
chr13	3562500	3586500	chr13_3562500	4	24000	0.0453350792926459	4	0.0453350792926459	3	1.74547641238702	::N-2-21::B-2-21::B-A03::N3-2::	0
chr13	9101600	9125600	chr13_9101600	7	24000	2.42078514092789e-07	7	2.42078514092789e-07	4	0.0453350792926459	::B-2-23::N3-19::B3-19::N-A03::B-A03::B-A08::N-1-10::	2
chr13	14067000	14091000	chr13_14067000	5	24000	0.000941986680489056	5	0.000941986680489056	4	0.0453350792926459	::B3-7::N-B02::B-2-25::N3-12::B3-12::	1
chr13	17777300	17801300	chr13_17777300	4	24000	0.0453350792926459	4	0.0453350792926459	2	50.4028219494095	::B-3-4::N-3-4::B3-19::N3-19::	4
chr13	34882800	34906800	chr13_34882800	4	24000	0.0453350792926459	4	0.0453350792926459	3	1.74547641238702	::N-3-4::B-3-4::N-1-6::N-B10::	1
chr13	43402400	43426400	chr13_43402400	4	24000	0.0453350792926459	4	0.0453350792926459	2	50.4028219494095	::B-2-14::N-2-14::B3-19::N3-19::	4
chr13	43436500	43460500	chr13_43436500	5	24000	0.000941986680489056	6	1.63107487634991e-05	4	0.0453350792926459	::N-A12::B-A12::B3-11::N3-11::N-A03::	2
chr13	46692400	46716400	chr13_46692400	4	24000	0.0453350792926459	4	0.0453350792926459	3	1.74547641238702	::B-B10::N-B10::B-3-4::B3-5::	3
chr13	48539200	48563200	chr13_48539200	4	24000	0.0453350792926459	4	0.0453350792926459	3	1.74547641238702	::B-2-23::N3-c-14::B3-c-14::N-B02::	1
chr13	85207300	85231300	chr13_85207300	5	24000	0.000941986680489056	7	2.42078514092789e-07	6	1.63107487634991e-05	::N3-c-10::N3-2::N-B03::B-B03::N-1-10::	5
chr13	94600200	94624200	chr13_94600200	8	24000	3.14374017132496e-09	8	3.14374017132496e-09	1	970.296492287246	::N-2-14::N-B03::N-A04::N-3-4::N3-3::N-2-23::N3-16::N3-2::	8
chr13	102839700	102863700	chr13_102839700	4	24000	0.0453350792926459	4	0.0453350792926459	3	1.74547641238702	::N-A11::B-A11::N3-3::N3-c-10::	1
chr14	19415800	19439800	chr14_19415800	5	24000	0.000941986680489056	6	1.63107487634991e-05	5	0.000941986680489056	::N3-6::N-1-10::N3-12::N-2-21::B3-2::	2
chr14	20679500	20703500	chr14_20679500	6	24000	1.63107487634991e-05	7	2.42078514092789e-07	5	0.000941986680489056	::N-B05::B-B05::B3-5::B3-c-10::N3-c-14::B3-c-14::	2
chr14	34469700	34493700	chr14_34469700	4	24000	0.0453350792926459	4	0.0453350792926459	3	1.74547641238702	::B-2-14::N-A02::B-A02::B-1-4::	2
chr14	61367700	61391700	chr14_61367700	4	24000	0.0453350792926459	4	0.0453350792926459	3	1.74547641238702	::B-3-1::B-A08::B-B03::N-B03::	3
chr14	65367100	65391100	chr14_65367100	4	24000	0.0453350792926459	4	0.0453350792926459	3	1.74547641238702	::B-2-25::B-1-10::B3-16::N3-16::	3
chr14	67024800	67048800	chr14_67024800	4	24000	0.0453350792926459	4	0.0453350792926459	3	1.74547641238702	::B-B02::N3-7::N3-11::B3-11::	1
chr14	73220300	73244300	chr14_73220300	7	24000	2.42078514092789e-07	9	3.62897955808176e-11	7	2.42078514092789e-07	::N-B02::B-B11::N-B11::N-A03::N-A08::N3-19::B-B02::	8
chr14	73253900	73277900	chr14_73253900	4	24000	0.0453350792926459	4	0.0453350792926459	3	1.74547641238702	::B3-12::B3-c-14::B3-c-10::N3-c-10::	3
chr15	38019700	38043700	chr15_38019700	5	24000	0.000941986680489056	5	0.000941986680489056	3	1.74547641238702	::B-3-1::N-3-1::B-A01::N-A01::B-B04::	5
chr15	51837400	51861400	chr15_51837400	6	24000	1.63107487634991e-05	6	1.63107487634991e-05	4	0.0453350792926459	::N-2-21::N-3-1::B-3-1::N-2-9::N-B05::B-B05::	1
chr15	51968100	51992100	chr15_51968100	4	24000	0.0453350792926459	4	0.0453350792926459	3	1.74547641238702	::B-1-10::B-B03::N-B03::N3-3::	4
chr15	73154100	73178100	chr15_73154100	10	24000	3.77020450919847e-13	12	3.08284543248144e-17	6	1.63107487634991e-05	::N3-3::B3-3::N3-13::B3-13::B-1-6::N-1-6::B3-19::N3-19::B-A08::N-A08::	4
chr15	77283300	77307300	chr15_77283300	4	24000	0.0453350792926459	4	0.0453350792926459	3	1.74547641238702	::N-3-4::B-A04::B-A03::N-A03::	3
chr15	81603700	81627700	chr15_81603700	5	24000	0.000941986680489056	5	0.000941986680489056	4	0.0453350792926459	::N3-6::N3-c-9::B-2-25::N-2-25::B-1-10::	4
chr15	96407000	96431000	chr15_96407000	4	24000	0.0453350792926459	5	0.000941986680489056	4	0.0453350792926459	::B3-c-14::B-2-14::N-2-14::B3-c-32::	4
chr15	100143000	100167000	chr15_100143000	4	24000	0.0453350792926459	4	0.0453350792926459	3	1.74547641238702	::N-B11::B3-c-9::B-B09::N-B09::	3
chr15	102075700	102099700	chr15_102075700	6	24000	1.63107487634991e-05	6	1.63107487634991e-05	5	0.000941986680489056	::N3-13::B3-5::B-1-4::N3-3::B3-3::B-2-26::	2
chr15	102474800	102498800	chr15_102474800	5	24000	0.000941986680489056	5	0.000941986680489056	3	1.74547641238702	::B-2-25::N-2-25::N3-19::B3-19::B3-c-9::	3
chr16	16991000	17015000	chr16_16991000	4	24000	0.0453350792926459	4	0.0453350792926459	3	1.74547641238702	::N-B02::N-A08::B-3-1::N-3-1::	2
chr16	17461100	17485100	chr16_17461100	4	24000	0.0453350792926459	4	0.0453350792926459	4	0.0453350792926459	::N3-c-28::B3-c-28::N3-c-14::N3-3::	2
chr16	32055500	32079500	chr16_32055500	5	24000	0.000941986680489056	5	0.000941986680489056	3	1.74547641238702	::B-B05::N-B05::N-3-4::B-3-4::B-B10::	3
chr16	33398700	33422700	chr16_33398700	5	24000	0.000941986680489056	5	0.000941986680489056	3	1.74547641238702	::N3-16::B3-16::N-A12::B-A12::N-A05::	1
chr16	38205800	38229800	chr16_38205800	4	24000	0.0453350792926459	4	0.0453350792926459	3	1.74547641238702	::N3-12::N-B05::N-A05::B-A05::	1
chr16	85131000	85155000	chr16_85131000	4	24000	0.0453350792926459	4	0.0453350792926459	3	1.74547641238702	::N-2-25::B-2-25::B-A04::B-2-21::	1
chr16	94596900	94620900	chr16_94596900	4	24000	0.0453350792926459	4	0.0453350792926459	3	1.74547641238702	::B3-5::B-1-2::N-1-2::B-A04::	2
chr17	3198900	3222900	chr17_3198900	4	24000	0.0453350792926459	4	0.0453350792926459	3	1.74547641238702	::B-3-4::N-3-4::N-B05::B-A05::	3
chr17	5120000	5144000	chr17_5120000	4	24000	0.0453350792926459	4	0.0453350792926459	3	1.74547641238702	::N-A02::B-A02::N3-6::N-3-1::	0
chr17	5242000	5266000	chr17_5242000	4	24000	0.0453350792926459	4	0.0453350792926459	4	0.0453350792926459	::N-B11::B3-5::N3-3::B3-7::	0
chr17	10244700	10268700	chr17_10244700	5	24000	0.000941986680489056	5	0.000941986680489056	4	0.0453350792926459	::N3-c-9::N-A10::N3-17::B3-17::B-B08::	0
chr17	10311200	10335200	chr17_10311200	4	24000	0.0453350792926459	4	0.0453350792926459	2	50.4028219494095	::N-A02::B-A02::N-A10::B-A10::	0
chr17	26684400	26708400	chr17_26684400	4	24000	0.0453350792926459	4	0.0453350792926459	3	1.74547641238702	::B-2-23::N-B07::N-B11::B-B11::	1
chr17	33660500	33684500	chr17_33660500	7	24000	2.42078514092789e-07	7	2.42078514092789e-07	4	0.0453350792926459	::B3-c-10::B-2-23::N-2-23::N-3-4::B-3-4::B-B10::N-B10::	5
chr17	46194000	46218000	chr17_46194000	4	24000	0.0453350792926459	4	0.0453350792926459	2	50.4028219494095	::N3-2::B3-2::N-A04::B-A04::	0
chr17	65800900	65824900	chr17_65800900	5	24000	0.000941986680489056	5	0.000941986680489056	4	0.0453350792926459	::N3-c-28::B-B02::N-A05::B-A05::N-A04::	2
chr18	6452000	6476000	chr18_6452000	4	24000	0.0453350792926459	4	0.0453350792926459	3	1.74547641238702	::B-1-2::N-1-2::B-B10::N-B07::	2
chr18	7891500	7915500	chr18_7891500	5	24000	0.000941986680489056	5	0.000941986680489056	4	0.0453350792926459	::N-3-1::B-1-7::N3-15::B3-15::N-1-2::	2
chr18	12146200	12170200	chr18_12146200	5	24000	0.000941986680489056	5	0.000941986680489056	3	1.74547641238702	::B-B09::N-B09::B3-c-28::B3-c-9::N3-c-9::	5
chr18	34251700	34275700	chr18_34251700	4	24000	0.0453350792926459	4	0.0453350792926459	4	0.0453350792926459	::N-B03::B3-11::B3-c-32::N-A07::	2
chr18	35556000	35580000	chr18_35556000	7	24000	2.42078514092789e-07	7	2.42078514092789e-07	5	0.000941986680489056	::N3-c-28::B3-7::B-A10::N-A10::B-A01::N-A01::B3-c-10::	6
chr18	38422200	38446200	chr18_38422200	4	24000	0.0453350792926459	4	0.0453350792926459	3	1.74547641238702	::N3-6::N-A01::B-A01::B-1-10::	2
chr18	61566900	61590900	chr18_61566900	4	24000	0.0453350792926459	4	0.0453350792926459	2	50.4028219494095	::N-A02::B-A02::N-B07::B-B07::	0
chr18	73582800	73606800	chr18_73582800	4	24000	0.0453350792926459	4	0.0453350792926459	3	1.74547641238702	::N-1-2::B-2-12::N-2-12::B-1-7::	4
chr18	73645600	73669600	chr18_73645600	8	24000	3.14374017132496e-09	8	3.14374017132496e-09	5	0.000941986680489056	::N-A12::B-A12::B-A05::B3-c-32::B-A02::N-A02::B-3-1::N-3-1::	5
chr19	3472700	3496700	chr19_3472700	5	24000	0.000941986680489056	5	0.000941986680489056	4	0.0453350792926459	::B3-5::N-B10::N-B05::N3-12::N-A10::	3
chr19	3515800	3539800	chr19_3515800	7	24000	2.42078514092789e-07	7	2.42078514092789e-07	7	2.42078514092789e-07	::B-B03::B3-c-9::N3-16::B-1-10::N-2-21::B-1-4::B-A08::	3
chr19	4772900	4796900	chr19_4772900	4	24000	0.0453350792926459	4	0.0453350792926459	2	50.4028219494095	::N-B03::B-B03::B-A01::N-1-6::	1
chr19	11969800	11993800	chr19_11969800	4	24000	0.0453350792926459	4	0.0453350792926459	2	50.4028219494095	::B-2-9::N-2-9::B-B02::N-B02::	4
chr19	30071000	30095000	chr19_30071000	4	24000	0.0453350792926459	4	0.0453350792926459	3	1.74547641238702	::N-B09::N-A10::B-A10::N3-13::	0
chr2	18128000	18152000	chr2_18128000	5	24000	0.000941986680489056	5	0.000941986680489056	4	0.0453350792926459	::B3-c-9::N-2-17::B-2-17::N-A03::N3-6::	1
chr2	26459300	26483300	chr2_26459300	5	24000	0.000941986680489056	5	0.000941986680489056	4	0.0453350792926459	::B3-5::N-A04::B-3-1::N-3-1::B-1-10::	5
chr2	35188600	35212600	chr2_35188600	4	24000	0.0453350792926459	4	0.0453350792926459	3	1.74547641238702	::B-3-1::B-A11::N-A11::B3-7::	4
chr2	48816400	48840400	chr2_48816400	5	24000	0.000941986680489056	5	0.000941986680489056	3	1.74547641238702	::B3-c-10::B-A12::N-A12::B-A11::N-A11::	5
chr2	49502600	49526600	chr2_49502600	5	24000	0.000941986680489056	5	0.000941986680489056	4	0.0453350792926459	::N3-c-9::B-A01::B-B08::N-B08::N-3-4::	3
chr2	72921700	72945700	chr2_72921700	4	24000	0.0453350792926459	4	0.0453350792926459	4	0.0453350792926459	::N3-c-28::B-2-21::B3-7::B-2-17::	3
chr2	80552600	80576600	chr2_80552600	4	24000	0.0453350792926459	4	0.0453350792926459	3	1.74547641238702	::B-1-6::N3-c-9::N-B03::B-B03::	1
chr2	90949000	90973000	chr2_90949000	4	24000	0.0453350792926459	4	0.0453350792926459	3	1.74547641238702	::B-2-14::N-2-14::N-2-21::N-B02::	4
chr2	98662300	98686300	chr2_98662300	36	24000	9.92391065484978e-74	69	7.60437909342305e-163	16	8.22224981294387e-26	::N-B05::N-B10::N3-7::N-A10::N3-17::N3-c-14::N-B09::N-2-17::N-A01::N-B02::N-1-10::N-A11::N-B07::N-2-15::N-1-2::N3-11::N3-12::N3-5::N-B03::N3-c-9::N3-13::N3-19::N-1-7::N-A08::N3-15::N-B08::N-2-23::N-3-1::N-2-21::N-B11::N-A03::B-1-10::N-1-4::N-A04::B3-11::N3-c-10::	30
chr2	102855900	102879900	chr2_102855900	4	24000	0.0453350792926459	4	0.0453350792926459	3	1.74547641238702	::N-2-14::B-2-14::N-B10::N-A10::	1
chr2	103763600	103787600	chr2_103763600	6	24000	1.63107487634991e-05	6	1.63107487634991e-05	5	0.000941986680489056	::N-1-2::B-1-2::N3-12::N-A07::N-2-15::B3-c-10::	2
chr2	125109000	125133000	chr2_125109000	4	24000	0.0453350792926459	4	0.0453350792926459	2	50.4028219494095	::B-B10::N-B10::N-2-12::B-2-12::	2
chr2	153366000	153390000	chr2_153366000	4	24000	0.0453350792926459	4	0.0453350792926459	2	50.4028219494095	::N-2-27::B-2-27::B-A12::N-A12::	2
chr2	154850400	154874400	chr2_154850400	6	24000	1.63107487634991e-05	6	1.63107487634991e-05	5	0.000941986680489056	::B-B02::N-A05::B3-12::B3-c-10::N-A07::B-A07::	1
chr2	155399400	155423400	chr2_155399400	5	24000	0.000941986680489056	5	0.000941986680489056	4	0.0453350792926459	::N-3-1::N-2-27::B-2-27::B-3-4::N-B09::	0
chr2	156157900	156181900	chr2_156157900	4	24000	0.0453350792926459	4	0.0453350792926459	2	50.4028219494095	::B-2-14::N-2-14::N3-c-14::B3-c-14::	2
chr2	157281900	157305900	chr2_157281900	4	24000	0.0453350792926459	4	0.0453350792926459	2	50.4028219494095	::B-B03::N-B03::N-2-12::B-2-12::	2
chr2	162935600	162959600	chr2_162935600	5	24000	0.000941986680489056	5	0.000941986680489056	4	0.0453350792926459	::N-A12::B-A12::B3-7::B-B05::N-A04::	0
chr2	163638800	163662800	chr2_163638800	4	24000	0.0453350792926459	4	0.0453350792926459	2	50.4028219494095	::N-3-1::B-3-1::B-1-7::B3-6::	0
chr2	165854600	165878600	chr2_165854600	6	24000	1.63107487634991e-05	6	1.63107487634991e-05	3	1.74547641238702	::B-2-27::B-A07::N-2-27::N-A07::B-1-10::B-1-7::	6
chr2	168177200	168201200	chr2_168177200	6	24000	1.63107487634991e-05	6	1.63107487634991e-05	4	0.0453350792926459	::B3-7::B-2-23::N-2-23::B-2-25::N-2-25::B-1-4::	5
chr3	31088300	31112300	chr3_31088300	5	24000	0.000941986680489056	6	1.63107487634991e-05	4	0.0453350792926459	::B3-6::N3-6::N-2-21::B-A04::N-A04::	6
chr3	51239100	51263100	chr3_51239100	4	24000	0.0453350792926459	4	0.0453350792926459	3	1.74547641238702	::B-A02::N-A02::N3-19::N-1-6::	4
chr3	58429500	58453500	chr3_58429500	5	24000	0.000941986680489056	5	0.000941986680489056	4	0.0453350792926459	::N-B10::B-B02::N-B09::N3-c-14::B3-c-14::	1
chr3	58579300	58603300	chr3_58579300	4	24000	0.0453350792926459	4	0.0453350792926459	3	1.74547641238702	::B-1-7::N-A11::B-A11::N-B02::	2
chr3	69059600	69083600	chr3_69059600	6	24000	1.63107487634991e-05	6	1.63107487634991e-05	5	0.000941986680489056	::N3-7::B-2-14::N-A10::B-A10::B-B03::N-B03::	4
chr3	69115500	69139500	chr3_69115500	5	24000	0.000941986680489056	5	0.000941986680489056	3	1.74547641238702	::N3-15::B3-15::B-B09::B-B08::N-B08::	3
chr3	88701600	88725600	chr3_88701600	4	24000	0.0453350792926459	4	0.0453350792926459	3	1.74547641238702	::N3-c-9::B3-7::B-2-12::N-2-12::	2
chr3	90003300	90027300	chr3_90003300	5	24000	0.000941986680489056	5	0.000941986680489056	3	1.74547641238702	::B-1-10::N-A04::B-A04::N3-12::B3-12::	0
chr3	98112400	98136400	chr3_98112400	4	24000	0.0453350792926459	4	0.0453350792926459	3	1.74547641238702	::N-1-6::N-B09::B-B09::B3-2::	0
chr3	103023100	103047100	chr3_103023100	4	24000	0.0453350792926459	4	0.0453350792926459	3	1.74547641238702	::N-A12::B-A12::N-B09::B3-7::	0
chr3	103337500	103361500	chr3_103337500	4	24000	0.0453350792926459	4	0.0453350792926459	3	1.74547641238702	::B-2-25::N-B07::B-A08::B-B03::	4
chr3	105954100	105978100	chr3_105954100	4	24000	0.0453350792926459	5	0.000941986680489056	3	1.74547641238702	::N3-c-28::B3-c-28::B-2-17::N-2-17::	3
chr3	107309200	107333200	chr3_107309200	4	24000	0.0453350792926459	4	0.0453350792926459	3	1.74547641238702	::B3-12::N3-2::N-B08::B-B08::	0
chr3	108119700	108143700	chr3_108119700	8	24000	3.14374017132496e-09	8	3.14374017132496e-09	4	0.0453350792926459	::N-B02::B-B02::N-2-26::B-2-26::B-B10::N-B10::N-2-12::B-2-12::	2
chr3	135440200	135464200	chr3_135440200	10	24000	3.77020450919847e-13	10	3.77020450919847e-13	6	1.63107487634991e-05	::B-B05::B-1-10::N3-11::B3-7::B3-11::B-2-14::B-B02::B-A03::N-A08::N-A03::	6
chr3	144589500	144613500	chr3_144589500	4	24000	0.0453350792926459	4	0.0453350792926459	2	50.4028219494095	::N-B03::B-B03::N-B10::B-B10::	0
chr3	152227000	152251000	chr3_152227000	6	24000	1.63107487634991e-05	6	1.63107487634991e-05	5	0.000941986680489056	::N-1-10::N-B10::B-A08::N3-12::N-B03::B-B03::	2
chr4	13757000	13781000	chr4_13757000	4	24000	0.0453350792926459	5	0.000941986680489056	3	1.74547641238702	::N-A03::N-A08::B-A03::B3-c-10::	1
chr4	47357200	47381200	chr4_47357200	7	24000	2.42078514092789e-07	9	3.62897955808176e-11	5	0.000941986680489056	::N-A11::B-A11::N3-2::B3-2::N-A08::B-A08::B-B08::	0
chr4	47396800	47420800	chr4_47396800	4	24000	0.0453350792926459	4	0.0453350792926459	3	1.74547641238702	::N3-2::N-A11::B-A11::B3-7::	0
chr4	55358300	55382300	chr4_55358300	4	24000	0.0453350792926459	4	0.0453350792926459	3	1.74547641238702	::N3-c-9::B-2-17::N-2-17::B-A01::	3
chr4	59515200	59539200	chr4_59515200	4	24000	0.0453350792926459	6	1.63107487634991e-05	6	1.63107487634991e-05	::N-A07::N-1-4::N3-c-14::N-A02::	4
chr4	62687800	62711800	chr4_62687800	4	24000	0.0453350792926459	4	0.0453350792926459	3	1.74547641238702	::B-1-10::B3-13::N3-13::N-A10::	3
chr4	83455100	83479100	chr4_83455100	4	24000	0.0453350792926459	4	0.0453350792926459	2	50.4028219494095	::N-2-27::B-2-27::N3-16::B3-16::	0
chr4	88910000	88934000	chr4_88910000	4	24000	0.0453350792926459	4	0.0453350792926459	3	1.74547641238702	::N-3-1::N-B02::N-A08::B-A08::	1
chr4	117757600	117781600	chr4_117757600	4	24000	0.0453350792926459	4	0.0453350792926459	1	970.296492287246	::N3-3::N-B10::N-B05::N-A05::	4
chr4	126678700	126702700	chr4_126678700	6	24000	1.63107487634991e-05	6	1.63107487634991e-05	3	1.74547641238702	::N-B08::B-B08::N-1-2::B-1-2::B-3-4::N-3-4::	2
chr4	127024200	127048200	chr4_127024200	4	24000	0.0453350792926459	4	0.0453350792926459	3	1.74547641238702	::N3-12::B-2-27::N-2-27::B-B04::	2
chr4	130739600	130763600	chr4_130739600	5	24000	0.000941986680489056	5	0.000941986680489056	4	0.0453350792926459	::B-3-1::B3-5::N-1-10::N-B09::B-B09::	2
chr4	131806200	131830200	chr4_131806200	4	24000	0.0453350792926459	4	0.0453350792926459	3	1.74547641238702	::N3-c-9::N3-7::N3-16::B3-16::	2
chr4	133710500	133734500	chr4_133710500	6	24000	1.63107487634991e-05	7	2.42078514092789e-07	5	0.000941986680489056	::B-B09::B-A10::N-A10::N3-7::N-B09::N3-5::	6
chr4	135319800	135343800	chr4_135319800	4	24000	0.0453350792926459	4	0.0453350792926459	3	1.74547641238702	::N-B10::B-B10::B3-c-10::N-A10::	2
chr4	136552900	136576900	chr4_136552900	5	24000	0.000941986680489056	5	0.000941986680489056	2	50.4028219494095	::B-A08::B-A03::N-A08::N-A03::B3-13::	5
chr4	137322500	137346500	chr4_137322500	5	24000	0.000941986680489056	5	0.000941986680489056	4	0.0453350792926459	::B3-5::B-B08::N-B08::B3-7::N3-c-9::	3
chr4	139104500	139128500	chr4_139104500	4	24000	0.0453350792926459	4	0.0453350792926459	3	1.74547641238702	::N3-3::N3-16::B3-16::B3-7::	1
chr4	155496500	155520500	chr4_155496500	5	24000	0.000941986680489056	5	0.000941986680489056	4	0.0453350792926459	::B-2-27::B3-c-32::B-2-25::N-2-25::N3-13::	3
chr4	155711200	155735200	chr4_155711200	5	24000	0.000941986680489056	5	0.000941986680489056	3	1.74547641238702	::B3-c-28::N3-c-28::B-B04::N-B04::B-1-4::	5
chr5	25319400	25343400	chr5_25319400	5	24000	0.000941986680489056	6	1.63107487634991e-05	4	0.0453350792926459	::N-A05::N3-12::B3-12::N3-13::B3-13::	3
chr5	28169900	28193900	chr5_28169900	28	24000	8.92142192436373e-54	36	9.92391065484978e-74	4	0.0453350792926459	::N-3-4::N-1-2::B3-5::B3-16::N-1-7::B-2-15::B-2-14::B-1-10::B3-12::B-1-4::B3-7::B-2-21::B3-2::B3-19::B-B02::B3-c-9::N3-5::B3-6::B-B10::N-B04::N-B02::N3-7::N-B05::N-2-15::N-1-10::N-A02::B-B09::B3-c-10::	23
chr5	31891200	31915200	chr5_31891200	4	24000	0.0453350792926459	4	0.0453350792926459	3	1.74547641238702	::B3-c-10::B-A11::N-A11::B-1-2::	4
chr5	32354300	32378300	chr5_32354300	4	24000	0.0453350792926459	4	0.0453350792926459	4	0.0453350792926459	::N-2-25::B3-17::B-1-10::B-A12::	3
chr5	52147900	52171900	chr5_52147900	4	24000	0.0453350792926459	4	0.0453350792926459	3	1.74547641238702	::N-B08::B-B08::B3-c-9::N-A11::	2
chr5	99959500	99983500	chr5_99959500	4	24000	0.0453350792926459	4	0.0453350792926459	4	0.0453350792926459	::N-A02::B-B05::B3-13::B3-5::	3
chr5	103693200	103717200	chr5_103693200	4	24000	0.0453350792926459	4	0.0453350792926459	3	1.74547641238702	::B-B09::N-B08::B-B08::B3-c-9::	0
chr5	103791300	103815300	chr5_103791300	4	24000	0.0453350792926459	4	0.0453350792926459	4	0.0453350792926459	::N-B10::B3-5::N-A07::N-1-7::	4
chr5	105737700	105761700	chr5_105737700	5	24000	0.000941986680489056	5	0.000941986680489056	3	1.74547641238702	::N-A11::B-A11::N-B04::N-2-9::B-2-9::	1
chr5	113106400	113130400	chr5_113106400	5	24000	0.000941986680489056	5	0.000941986680489056	3	1.74547641238702	::N3-17::N3-16::B3-16::N3-6::B3-6::	1
chr5	121790700	121814700	chr5_121790700	4	24000	0.0453350792926459	4	0.0453350792926459	2	50.4028219494095	::B-B03::N-B03::B-A08::N-A08::	4
chr5	135218700	135242700	chr5_135218700	4	24000	0.0453350792926459	4	0.0453350792926459	3	1.74547641238702	::N3-15::B3-15::B-2-21::B3-17::	0
chr5	135699900	135723900	chr5_135699900	4	24000	0.0453350792926459	4	0.0453350792926459	2	50.4028219494095	::N-1-7::B-1-7::N3-17::B3-17::	0
chr5	137303300	137327300	chr5_137303300	5	24000	0.000941986680489056	5	0.000941986680489056	3	1.74547641238702	::B-A12::N-A12::B-2-21::N-2-21::N-A10::	4
chr5	137514000	137538000	chr5_137514000	6	24000	1.63107487634991e-05	6	1.63107487634991e-05	3	1.74547641238702	::N-1-2::B-A12::N-A12::B-1-2::B-2-9::N-2-9::	5
chr5	137669800	137693800	chr5_137669800	5	24000	0.000941986680489056	5	0.000941986680489056	2	50.4028219494095	::B-A03::B-A08::N-A03::N3-12::B3-12::	3
chr6	17086000	17110000	chr6_17086000	4	24000	0.0453350792926459	4	0.0453350792926459	3	1.74547641238702	::N-3-1::N-B11::B-B11::N-2-12::	1
chr6	17644900	17668900	chr6_17644900	8	24000	3.14374017132496e-09	8	3.14374017132496e-09	6	1.63107487634991e-05	::N-B10::B3-c-14::N3-c-14::N-1-2::B-1-10::B-2-21::N-A10::B-A10::	4
chr6	47463900	47487900	chr6_47463900	4	24000	0.0453350792926459	4	0.0453350792926459	3	1.74547641238702	::B-1-10::N-A02::N-B07::N-B04::	1
chr6	47575300	47599300	chr6_47575300	4	24000	0.0453350792926459	4	0.0453350792926459	3	1.74547641238702	::N3-c-9::B3-c-14::B-2-15::B-B04::	2
chr6	52746400	52770400	chr6_52746400	4	24000	0.0453350792926459	4	0.0453350792926459	3	1.74547641238702	::N-1-7::B-2-21::N3-c-28::B3-c-28::	2
chr6	66918700	66942700	chr6_66918700	4	24000	0.0453350792926459	5	0.000941986680489056	3	1.74547641238702	::N-A05::N-1-7::B-1-7::B-A05::	3
chr6	113110800	113134800	chr6_113110800	5	24000	0.000941986680489056	5	0.000941986680489056	4	0.0453350792926459	::B3-c-9::B-1-2::N-1-2::B-2-27::N-2-25::	4
chr6	115658900	115682900	chr6_115658900	5	24000	0.000941986680489056	5	0.000941986680489056	4	0.0453350792926459	::B-A11::N-B05::B-B05::N-A10::N-A12::	2
chr7	6134400	6158400	chr7_6134400	4	24000	0.0453350792926459	4	0.0453350792926459	4	0.0453350792926459	::B3-16::B3-7::B-1-4::N3-c-10::	1
chr7	19656400	19680400	chr7_19656400	4	24000	0.0453350792926459	4	0.0453350792926459	2	50.4028219494095	::B-A03::B-A08::N-A03::B3-c-10::	3
chr7	35051000	35075000	chr7_35051000	4	24000	0.0453350792926459	4	0.0453350792926459	2	50.4028219494095	::B-B09::N-B09::N-A12::B-A12::	2
chr7	49478400	49502400	chr7_49478400	5	24000	0.000941986680489056	5	0.000941986680489056	3	1.74547641238702	::N-A07::B-A05::N-A05::N-3-1::B-3-1::	3
chr7	59293000	59317000	chr7_59293000	4	24000	0.0453350792926459	4	0.0453350792926459	4	0.0453350792926459	::N-B02::B3-c-10::B-A04::N3-12::	1
chr7	90132300	90156300	chr7_90132300	5	24000	0.000941986680489056	6	1.63107487634991e-05	5	0.000941986680489056	::N3-11::B3-11::B-2-23::B3-c-9::B-B09::	3
chr7	90164600	90188600	chr7_90164600	7	24000	2.42078514092789e-07	7	2.42078514092789e-07	5	0.000941986680489056	::B3-7::B-A02::N-2-21::B-2-21::N-A01::B3-13::N3-13::	4
chr7	120849400	120873400	chr7_120849400	4	24000	0.0453350792926459	5	0.000941986680489056	3	1.74547641238702	::N-1-7::B-1-7::N-3-1::B-3-1::	0
chr7	121043000	121067000	chr7_121043000	4	24000	0.0453350792926459	4	0.0453350792926459	3	1.74547641238702	::B3-17::N3-17::B3-c-10::N3-6::	2
chr7	121836500	121860500	chr7_121836500	21	24000	4.07538162639209e-37	21	4.07538162639209e-37	1	970.296492287246	::N-2-21::N-A10::N-B04::N-3-1::N-A11::N-2-15::N3-16::N-2-14::N-B05::N-A02::N-B07::N-B09::N-A12::N-1-7::N-A07::N-A04::N-B10::N3-19::N3-c-10::N3-5::N-2-23::	21
chr7	132947700	132971700	chr7_132947700	4	24000	0.0453350792926459	4	0.0453350792926459	2	50.4028219494095	::N-A03::B-A08::B-A03::N-2-25::	1
chr7	136389300	136413300	chr7_136389300	53	24000	1.6525716812395e-118	53	1.6525716812395e-118	1	970.296492287246	::N3-c-10::N-A02::N-2-12::N-A05::N-B11::N-A08::N-2-9::N-2-14::N3-13::N-2-26::N-B07::N-2-17::N-B04::N3-17::N-2-27::N-2-25::N-B09::N3-6::N-B05::N-A11::N3-5::N-B02::N-2-23::N-B03::N-A10::N-3-4::N3-19::N-A07::N-3-1::N-A01::N3-11::N-1-2::N-2-15::N3-16::N-1-6::N-2-21::N-A12::N3-c-32::N-A03::N-A04::N-1-10::N3-c-28::N-1-4::N3-2::N-1-7::N-B10::N3-3::N-B08::N3-7::N3-c-9::N3-12::N3-c-14::N3-15::	53
chr8	22863900	22887900	chr8_22863900	4	24000	0.0453350792926459	4	0.0453350792926459	3	1.74547641238702	::B-1-2::B-A01::B3-c-9::N3-c-9::	2
chr8	79657700	79681700	chr8_79657700	4	24000	0.0453350792926459	4	0.0453350792926459	3	1.74547641238702	::B-3-4::B3-5::B-B09::N-B09::	3
chr8	85418700	85442700	chr8_85418700	4	24000	0.0453350792926459	4	0.0453350792926459	3	1.74547641238702	::B-A05::N-A05::B-3-4::N-A10::	2
chr8	90878100	90902100	chr8_90878100	5	24000	0.000941986680489056	5	0.000941986680489056	3	1.74547641238702	::B3-7::N-A11::B-A11::B-2-27::N-2-27::	2
chr8	95753100	95777100	chr8_95753100	4	24000	0.0453350792926459	4	0.0453350792926459	3	1.74547641238702	::N3-7::B-A07::N-A07::B3-16::	3
chr8	105192200	105216200	chr8_105192200	4	24000	0.0453350792926459	4	0.0453350792926459	3	1.74547641238702	::N-A05::B3-c-9::N-A02::B-A02::	0
chr8	107313000	107337000	chr8_107313000	4	24000	0.0453350792926459	4	0.0453350792926459	2	50.4028219494095	::N3-15::N-A05::B3-16::N3-16::	3
chr8	108887300	108911300	chr8_108887300	4	24000	0.0453350792926459	4	0.0453350792926459	3	1.74547641238702	::B3-13::B3-5::B-B02::N-B02::	3
chr8	109788000	109812000	chr8_109788000	7	24000	2.42078514092789e-07	7	2.42078514092789e-07	4	0.0453350792926459	::B-1-6::N-1-6::B3-19::N3-19::N3-11::B-1-7::N-1-7::	6
chr8	111540800	111564800	chr8_111540800	4	24000	0.0453350792926459	4	0.0453350792926459	3	1.74547641238702	::N-1-10::B3-13::N3-16::B3-16::	1
chr8	117283200	117307200	chr8_117283200	4	24000	0.0453350792926459	4	0.0453350792926459	3	1.74547641238702	::N-A10::N3-16::B3-16::N-B10::	1
chr8	128711400	128735400	chr8_128711400	4	24000	0.0453350792926459	4	0.0453350792926459	3	1.74547641238702	::B-B03::N-B07::B-B07::N-1-6::	2
chr9	3005600	3029600	chr9_3005600	9	24000	3.62897955808176e-11	9	3.62897955808176e-11	3	1.74547641238702	::N3-6::N-B05::N3-5::N-A07::N-A08::N-1-10::N-A12::N-2-21::N-1-4::	4
chr9	21441600	21465600	chr9_21441600	4	24000	0.0453350792926459	4	0.0453350792926459	2	50.4028219494095	::B-B08::N-B08::B-1-2::N-1-2::	4
chr9	36734300	36758300	chr9_36734300	4	24000	0.0453350792926459	4	0.0453350792926459	4	0.0453350792926459	::N3-12::N-2-12::B-B05::N3-c-9::	2
chr9	50601500	50625500	chr9_50601500	4	24000	0.0453350792926459	4	0.0453350792926459	3	1.74547641238702	::N-A02::B-A02::N3-c-14::N-B07::	1
chr9	54588600	54612600	chr9_54588600	4	24000	0.0453350792926459	4	0.0453350792926459	2	50.4028219494095	::B-B07::N-B07::N-1-7::N3-c-28::	3
chr9	54875800	54899800	chr9_54875800	4	24000	0.0453350792926459	4	0.0453350792926459	3	1.74547641238702	::N3-3::N3-c-28::B3-3::N3-c-14::	0
chr9	56126200	56150200	chr9_56126200	4	24000	0.0453350792926459	4	0.0453350792926459	2	50.4028219494095	::N-A02::B-A02::N3-11::B3-11::	0
chr9	57758000	57782000	chr9_57758000	4	24000	0.0453350792926459	4	0.0453350792926459	2	50.4028219494095	::N-B07::B-B07::B-A07::N-A07::	2
chr9	58584200	58608200	chr9_58584200	4	24000	0.0453350792926459	4	0.0453350792926459	3	1.74547641238702	::N-1-2::B-1-2::N3-17::B3-17::	2
chr9	62892100	62916100	chr9_62892100	4	24000	0.0453350792926459	4	0.0453350792926459	2	50.4028219494095	::N-2-26::B-2-26::N3-16::B3-16::	0
chr9	70455800	70479800	chr9_70455800	4	24000	0.0453350792926459	4	0.0453350792926459	2	50.4028219494095	::B-A07::N-A07::N3-c-9::B3-c-9::	2
chr9	70717400	70741400	chr9_70717400	5	24000	0.000941986680489056	5	0.000941986680489056	3	1.74547641238702	::N-1-4::B-2-25::N-2-25::N3-17::B3-17::	3
chr9	71946600	71970600	chr9_71946600	4	24000	0.0453350792926459	4	0.0453350792926459	2	50.4028219494095	::B-A05::B-A12::N-A12::N3-c-32::	4
chr9	72053700	72077700	chr9_72053700	6	24000	1.63107487634991e-05	6	1.63107487634991e-05	5	0.000941986680489056	::B-2-25::B-2-17::N-A05::B-A05::N-1-6::B3-c-10::	3
chr9	90090000	90114000	chr9_90090000	5	24000	0.000941986680489056	5	0.000941986680489056	3	1.74547641238702	::N-B02::N-2-26::B-2-26::B-2-12::N-2-12::	2
chr9	106175100	106199100	chr9_106175100	4	24000	0.0453350792926459	4	0.0453350792926459	4	0.0453350792926459	::B-B10::B-2-21::B-2-25::N3-7::	3
chr9	108301200	108325200	chr9_108301200	5	24000	0.000941986680489056	5	0.000941986680489056	3	1.74547641238702	::N3-13::B3-13::N-B09::B3-3::N3-3::	3
chr9	108623600	108647600	chr9_108623600	7	24000	2.42078514092789e-07	7	2.42078514092789e-07	5	0.000941986680489056	::B-B04::N-B04::N-B10::B-2-23::B-1-7::N-1-7::N3-c-9::	6
chr9	110536800	110560800	chr9_110536800	4	24000	0.0453350792926459	4	0.0453350792926459	4	0.0453350792926459	::N3-12::B-2-12::B-2-14::N-2-23::	1
chr9	113940800	113964800	chr9_113940800	4	24000	0.0453350792926459	4	0.0453350792926459	3	1.74547641238702	::B-A10::N-B02::B-A11::N-A11::	2
chr9	116164600	116188600	chr9_116164600	7	24000	2.42078514092789e-07	7	2.42078514092789e-07	4	0.0453350792926459	::N-A07::B3-5::B-3-1::B-1-7::B3-6::N3-6::N-1-7::	6
chrUn_GL456389	10700	34700	chrUn_GL456389_10700	4	24000	0.0453350792926459	4	0.0453350792926459	4	0.0453350792926459	::N3-5::N3-16::N-B10::N-A05::	2
chrUn_GL456393	1400	25400	chrUn_GL456393_1400	5	24000	0.000941986680489056	5	0.000941986680489056	5	0.000941986680489056	::N-B11::B-1-10::B3-7::N3-c-28::N-A03::	3
chrUn_GL456393	1400	25400	chrUn_GL456393_1400	5	24000	0.000941986680489056	5	0.000941986680489056	5	0.000941986680489056	::N-B11::B-1-10::B3-7::N3-c-28::N-A03::	3
chrUn_GL456396	8900	32900	chrUn_GL456396_8900	4	24000	0.0453350792926459	4	0.0453350792926459	4	0.0453350792926459	::B-1-10::B3-7::N3-c-28::N-A03::	2
chrX	18196000	18220000	chrX_18196000	10	24000	3.77020450919847e-13	11	3.56084123115517e-15	8	3.14374017132496e-09	::N-B09::N-B10::B-1-2::N-1-2::B-1-6::B3-7::N3-7::N3-c-9::B3-c-9::B-A02::	6
chrX	75813700	75837700	chrX_75813700	4	24000	0.0453350792926459	4	0.0453350792926459	3	1.74547641238702	::N-2-25::B-2-25::N-B10::B3-c-9::	1
chrX	77564400	77588400	chrX_77564400	4	24000	0.0453350792926459	5	0.000941986680489056	4	0.0453350792926459	::B3-7::B-1-10::N-B07::B-B07::	4
chrX	143483000	143507000	chrX_143483000	11	24000	3.56084123115517e-15	12	3.08284543248144e-17	2	50.4028219494095	::N-3-1::N-2-15::N-B02::N3-11::N3-c-10::N3-12::N-2-23::N3-6::N-A10::N-A08::N-B11::	9
chrX	151815400	151839400	chrX_151815400	5	24000	0.000941986680489056	5	0.000941986680489056	4	0.0453350792926459	::N3-7::N-B02::B-A08::N-A08::N-A12::	3
