chr10	20136600	20362600	chr10_20136600	27	226000	0.00025079933204825	30	3.29508217220954e-06	29	1.44515729062316e-05	::N-B04::N3-1-2::N-B11::N-A11::B3-1-15::B-B02::N-2-17::B3-2-36::B3-17::N3-1-15::N3-6::B-2-26::B3-6::B-1-2::N-1-2::N-A03::B3-18::B3-1-2::B3-1-3::N-B09::B-B09::B-A01::N-B02::N-2-26::N-B10::N-A01::N3-3::	20
chr10	67036100	67262100	chr10_67036100	26	226000	0.000989960243252195	35	1.2666470202859e-09	33	3.22149747495869e-08	::B-A08::B-B09::N-A08::N3-2-22::N-B08::B3-1-15::B3-2-2::B-B11::B3-1-2::N-2-17::B-2-17::B3-6::N3-1-5::N3-2-36::N-B11::N-A11::B-1-2::B-A03::N-1-2::N-B07::B-B07::N3-2-2::B3-3::N-A01::N3-6::B-B10::	21
chr10	108167700	108393700	chr10_108167700	27	226000	0.00025079933204825	44	1.61413695441917e-16	30	3.29508217220954e-06	::N-A01::N-B04::N-B09::N3-1-5::B3-1-15::B-A03::N-A08::N3-1-15::N-A03::N-1-2::B3-3::B-B11::B3-1-2::B3-2-22::B3-6::B-B10::N-B10::B3-1-3::B-2-17::N-B08::B-A08::B3-17::B-B09::N-B02::B-B04::B-2-9::N3-2-36::	21
chr10	122979200	123205200	chr10_122979200	23	226000	0.0482530971708789	27	0.00025079933204825	23	0.0482530971708789	::B-B11::N-B02::B-A01::B3-6::B-1-2::B3-2-2::N3-3::B-2-17::N-2-17::N3-2-7::B3-1-3::B-B02::B-A11::B3-2-22::N3-2-22::B-B09::N-B09::N3-1-3::N3-1-15::B3-1-15::N3-1-5::N-B04::B-A08::	17
chr11	3100500	3326500	chr11_3100500	23	226000	0.0482530971708789	35	1.2666470202859e-09	29	1.44515729062316e-05	::N3-1-2::N-2-26::N3-1-3::N3-18::N-A11::B-B07::N3-2-2::N-A03::B-B09::B-A03::B-2-17::B-B10::B3-2-36::N3-17::B-A08::N-A08::N-B04::B3-1-3::B-2-9::B-1-2::B3-3::B3-2-7::N3-2-7::	17
chr11	23203400	23429400	chr11_23203400	26	226000	0.000989960243252195	40	2.40217761599749e-13	35	1.2666470202859e-09	::N3-2-36::B-B11::B-A01::N-A01::B3-c-32::B3-18::N-B08::N3-17::B-B09::B3-2-22::N3-6::N-B02::B-B07::N-A03::B3-6::B3-17::N-2-17::B-1-2::B3-c-10::B3-2-2::B-B04::N-A08::N-1-2::N3-2-2::N3-3::B-2-26::	23
chr11	54481200	54707200	chr11_54481200	25	226000	0.0037628656781059	36	2.40671957884637e-10	26	0.000989960243252195	::B3-3::N3-1-15::N-A03::B-A03::N-B04::B3-2-22::B-1-2::N-A08::B3-1-15::B-A08::B-A11::N-A11::B-A01::B-2-17::B3-1-3::N3-1-11::B-B10::B3-6::B3-17::B-B04::N3-18::B3-2-2::B-B02::N3-1-2::B3-1-2::	20
chr11	60122000	60348000	chr11_60122000	24	226000	0.013752648351265	31	7.27071198993152e-07	28	6.1268991261589e-05	::B3-1-15::N-B08::N-1-2::N3-1-3::B3-3::B-2-9::B3-17::B-B02::B-1-2::N-B09::B-B11::N3-2-36::N3-1-5::B3-1-5::N3-2-7::B3-2-36::B3-18::N-B02::N-B11::B3-2-7::N3-2-2::B3-1-3::N-A08::N3-1-15::	10
chr11	74671500	74897500	chr11_74671500	23	226000	0.0482530971708789	32	1.55417296179073e-07	25	0.0037628656781059	::N3-3::B-B02::B3-1-15::B3-1-2::B-A01::B-B04::N-B04::B-B10::B3-2-2::N3-1-5::B3-1-5::N-B07::N3-1-2::B-B07::N-B11::N-B02::B-1-2::N-A01::N-2-17::B3-18::B-B09::B3-2-22::N3-6::	14
chr11	75593300	75819300	chr11_75593300	23	226000	0.0482530971708789	33	3.22149747495869e-08	31	7.27071198993152e-07	::B-1-2::N3-17::B-B02::B-B10::N-1-2::N3-3::N-B10::B-A11::B-A01::B3-2-22::N3-2-22::N-B04::N3-1-5::B3-c-32::N-A01::B3-6::N-A08::B3-3::N-B11::B-B11::N-B08::B3-2-36::N3-1-2::	14
chr11	77384200	77610200	chr11_77384200	25	226000	0.0037628656781059	40	2.40217761599749e-13	32	1.55417296179073e-07	::B-A08::B3-1-2::B-2-17::N-2-17::B3-6::N3-1-15::B-1-2::N-A01::N3-1-5::B3-2-2::B3-3::B-B10::B3-1-15::B-B02::N-B07::B3-2-36::B3-17::N3-17::N-1-2::B-A01::N-A11::B-A11::N3-3::B-B11::N-B08::	21
chr11	79308400	79534400	chr11_79308400	24	226000	0.013752648351265	45	2.45358016806496e-17	39	1.40472955906193e-12	::N-B08::N3-1-2::B-1-2::B-A11::N-A11::B3-3::B-B11::B-A08::N3-1-5::N3-2-2::N-A01::N-B10::N3-3::B3-2-7::N-B07::B-B02::N3-1-11::B3-1-11::B3-1-3::B3-18::B-B09::B3-2-36::B3-c-10::B3-2-2::	24
chr11	86575100	86801100	chr11_86575100	25	226000	0.0037628656781059	41	4.00768560861819e-14	34	6.48113793142713e-09	::N-B10::B-1-2::N-1-2::B3-17::B-A08::B3-1-2::N-A11::N3-2-36::N-B04::B-B02::N-2-17::B-B11::B-B10::B3-6::B3-2-7::N3-2-7::B3-2-2::B3-3::B3-1-3::N-B11::N3-3::N-2-26::B-2-26::B3-2-36::N-B09::	28
chr12	51629900	51855900	chr12_51629900	24	226000	0.013752648351265	29	1.44515729062316e-05	29	1.44515729062316e-05	::B-B02::B-B09::N3-1-5::B-1-2::B3-2-22::B3-1-5::B3-6::N3-3::N-A11::B3-1-15::B-2-9::B3-c-10::N-B11::B-A03::B3-2-2::B3-18::N-B07::N3-6::N3-c-10::N3-1-3::B-B10::B3-1-2::N-1-2::B3-3::	19
chr13	13969300	14195300	chr13_13969300	24	226000	0.013752648351265	31	7.27071198993152e-07	25	0.0037628656781059	::B-B09::B-B10::B-A08::B-1-2::B3-2-36::B-A01::N3-1-15::N3-17::N3-18::B-B02::N-B02::N-B11::N3-3::N-B04::N-A01::N3-2-36::B3-2-22::N-B10::B-2-26::N3-1-2::B-B11::B-B04::B3-1-5::N3-1-5::	14
chr13	24040300	24266300	chr13_24040300	25	226000	0.0037628656781059	38	8.00912260999009e-12	31	7.27071198993152e-07	::N3-1-2::B-A03::B3-1-15::B-A08::N3-1-15::N-A08::N-A03::N3-17::N-B11::N-2-17::B-2-17::B3-2-22::N3-2-22::B-B02::N3-1-3::B3-1-3::B3-17::B-A11::N-B08::B3-2-7::N3-6::B-2-9::N-2-26::B3-1-11::B3-6::	23
chr13	43286000	43512000	chr13_43286000	23	226000	0.0482530971708789	28	6.1268991261589e-05	24	0.013752648351265	::B-B10::B3-2-22::N3-6::N-2-9::B-B04::N3-1-3::B-A03::N3-1-5::N-B10::N-B09::B-2-17::N-A11::B3-1-5::B3-17::B-B02::B3-6::N3-1-2::N3-1-15::N-B07::N-A03::N-A08::B3-1-3::B-B09::	15
chr13	103701200	103927200	chr13_103701200	27	226000	0.00025079933204825	41	4.00768560861819e-14	30	3.29508217220954e-06	::B-1-2::B3-1-15::B3-2-22::B-A08::B-A03::N3-2-7::N3-c-10::B3-2-7::N-B11::N-B02::B-B09::N3-1-2::B-B10::B3-2-36::N3-1-15::N-A03::N3-6::B-2-9::B3-17::B-B11::N-B08::B-B08::B3-3::N-B09::N-B04::B3-6::N3-2-36::	14
chr14	19288700	19514700	chr14_19288700	33	226000	3.22149747495869e-08	49	1.0563231298935e-20	26	0.000989960243252195	::B-A08::N-B09::B-B02::B3-6::N-A03::N-A01::N3-6::N3-1-3::N3-3::N3-2-36::B3-2-36::N3-1-15::N3-18::N3-1-5::N-B11::N3-2-22::B3-2-2::N3-17::N3-1-11::B-B04::N-2-17::N-B02::N-2-9::B-B11::N-B10::B3-3::N-1-2::B3-17::N-B04::N-B08::N-B07::N-A08::N3-2-7::	35
chr14	30993100	31219100	chr14_30993100	25	226000	0.0037628656781059	37	4.44934572598034e-11	31	7.27071198993152e-07	::B3-17::B-B09::N-B04::B3-c-10::N-A01::N3-1-5::N-2-17::N3-1-3::B3-1-3::N-B11::B-B11::B3-1-2::N-B02::B-B07::N-B07::N-B10::N3-c-10::B-B10::B-A08::B3-6::N3-1-2::N-A11::N3-3::B3-2-2::N3-18::	19
chr14	73159100	73385100	chr14_73159100	25	226000	0.0037628656781059	53	3.29053822071692e-24	36	2.40671957884637e-10	::N-2-17::N-B09::N-A01::N3-1-15::B3-1-15::N-B02::B-B11::B-A08::N-B11::B-A03::N-A03::N-A08::B-B02::B3-3::N3-2-7::B3-2-22::B-A01::B3-c-10::N3-c-10::B-B04::N-B04::B-A11::B-B07::N3-1-5::B3-1-5::	43
chr15	8245400	8471400	chr15_8245400	26	226000	0.000989960243252195	32	1.55417296179073e-07	31	7.27071198993152e-07	::B-B07::N-A08::B-B10::B3-2-2::B-B04::B3-18::B-A08::N3-c-32::B3-2-36::N-B04::N-B08::B-2-17::N-2-17::B-B02::B3-1-11::B3-c-10::B-1-2::B-B08::N-A11::B-2-26::N3-6::B3-17::N3-2-36::B-B11::B-A11::B3-6::	23
chr15	12122200	12348200	chr15_12122200	26	226000	0.000989960243252195	37	4.44934572598034e-11	31	7.27071198993152e-07	::B3-2-36::N3-2-36::B3-c-32::B-B11::B-B08::B3-6::N-B02::N-B04::N-B08::N-B09::N3-1-3::N3-1-11::N-A11::B-B02::B-A08::B-B07::N-B07::B-1-2::N-2-26::B3-2-2::N-A01::B-A01::N3-2-22::B3-1-5::B3-3::N-1-2::	21
chr15	77070100	77296100	chr15_77070100	31	226000	7.27071198993152e-07	43	1.03829478089438e-15	33	3.22149747495869e-08	::N-B08::B-B10::B-1-2::B3-2-2::N3-17::B3-1-5::B3-2-7::N3-2-7::B-B04::B3-3::B-A11::N-B07::B-B08::N3-1-2::B-B07::B3-1-2::B-A03::N-B02::N3-1-15::N-A08::B3-2-36::B3-6::N-B11::B3-1-15::N3-6::N-1-2::N3-1-5::B3-2-22::B-A08::N-A03::B-B02::	20
chr15	80719000	80945000	chr15_80719000	29	226000	1.44515729062316e-05	53	3.29053822071692e-24	44	1.61413695441917e-16	::N-B04::N-B10::N-B09::B3-1-2::B3-17::B-B11::B3-1-3::N3-1-3::B3-6::N-B08::N3-17::B3-1-11::B-A03::N3-6::B-A11::N-A11::N-1-2::N3-1-5::N3-1-2::B-A08::B3-2-22::B-B04::B3-1-5::B-B07::B-1-2::N3-2-22::B-B08::N-A01::B-B10::	25
chr15	96275000	96501000	chr15_96275000	23	226000	0.0482530971708789	36	2.40671957884637e-10	32	1.55417296179073e-07	::B3-17::B-1-2::B-A08::N3-1-5::N3-18::N3-6::B3-18::N3-2-22::B3-2-36::B-2-26::B-B02::N3-2-36::N-1-2::N-B04::B3-3::B-2-17::B-B04::N-A08::B3-c-32::B3-6::B-B11::B3-1-11::N-B02::	23
chr15	99819100	100045100	chr15_99819100	25	226000	0.0037628656781059	28	6.1268991261589e-05	24	0.013752648351265	::B-A08::B3-17::N3-17::N3-2-22::B3-2-22::B3-c-10::N-1-2::B3-1-11::N3-2-36::N-B02::N3-2-2::N-B11::N3-1-5::N-A08::B3-1-15::N3-1-15::N-2-17::N-B10::B3-2-2::B-2-17::N-B07::B-A11::B-B07::B-B09::B3-6::	11
chr16	10914800	11140800	chr16_10914800	23	226000	0.0482530971708789	25	0.0037628656781059	24	0.013752648351265	::B-1-2::N-B11::B3-2-36::B-B10::B3-1-11::B3-3::B-B09::N3-c-10::B-B02::N-2-26::B-2-26::B3-2-22::N3-2-36::N3-18::N3-2-22::B-B11::B3-c-10::B3-1-3::N3-1-5::N3-2-2::B3-1-15::B-B07::N3-1-2::	10
chr16	94514500	94740500	chr16_94514500	26	226000	0.000989960243252195	29	1.44515729062316e-05	25	0.0037628656781059	::N3-6::B-A08::N-B09::B3-1-3::N-B07::B3-6::B3-2-36::B-A01::N-A01::N3-2-22::N3-1-5::B-B07::B-1-2::N-1-2::N-B08::B3-2-2::N3-2-2::N-B04::B-B02::B-A11::N-A11::N-B02::N-B10::B-B09::B3-17::N3-1-15::	19
chr17	5102400	5328400	chr17_5102400	29	226000	1.44515729062316e-05	42	6.52704700947622e-15	35	1.2666470202859e-09	::B-B02::B3-2-36::B-A11::N-A11::N-B09::B-B09::N3-6::N-B08::B3-6::B3-17::N3-1-3::B3-18::B-1-2::N-2-17::B-A08::N3-1-15::N-A01::B-B07::N-B07::B3-3::N3-3::N-B11::B-B11::N-A08::B3-1-3::N3-1-2::B-2-17::B3-c-32::N3-1-5::	16
chr17	13665100	13891100	chr17_13665100	24	226000	0.013752648351265	31	7.27071198993152e-07	26	0.000989960243252195	::N3-1-3::B-A08::N-B02::B3-17::B3-1-3::B3-1-2::B3-2-36::B-2-17::N-2-17::B-2-9::N-2-9::N3-2-2::B3-6::B-1-2::B-B07::B3-2-2::N3-1-11::B-B09::B-B11::N-B11::B-B08::N-1-2::N-B04::B-B02::	16
chr17	30006400	30232400	chr17_30006400	25	226000	0.0037628656781059	38	8.00912260999009e-12	32	1.55417296179073e-07	::B-B02::N3-1-5::N-A08::B3-17::B-B10::B-B11::N-A11::N-2-17::B3-1-3::N3-1-3::N-B07::N-A01::N-B04::N3-18::B3-3::B3-1-11::B-2-17::B3-2-2::B3-2-7::B-B04::B-2-26::B3-1-5::N3-3::B3-1-2::N-2-26::	20
chr17	32154600	32380600	chr17_32154600	25	226000	0.0037628656781059	36	2.40671957884637e-10	32	1.55417296179073e-07	::B3-3::N3-1-15::N3-1-11::B-A08::B-1-2::N3-c-10::N-B10::N-A01::B3-17::B-B07::B-A03::B-B02::B3-1-2::N3-1-2::N-B08::B-2-17::N-2-17::N-B09::N3-1-5::B3-6::N3-6::N3-3::N3-2-2::B3-1-11::N-1-2::	20
chr18	4940400	5166400	chr18_4940400	24	226000	0.013752648351265	33	3.22149747495869e-08	28	6.1268991261589e-05	::B-B11::B-A08::B-B10::B-1-2::N-A03::N3-17::N-A01::N-B08::B-B02::N-B10::B3-3::N3-1-5::N3-2-22::N-2-9::B-B04::B-A03::N3-2-7::B3-17::B-B07::N3-1-15::B3-1-15::B3-2-22::N-B04::B-2-9::	20
chr18	9972400	10198400	chr18_9972400	25	226000	0.0037628656781059	29	1.44515729062316e-05	24	0.013752648351265	::B-B10::N-B02::B-A03::N-A01::B3-2-7::N3-2-7::N-A11::B-B04::B-A08::B3-2-22::N3-3::B3-3::B-B02::N-B11::B-B11::N3-2-2::N3-1-5::N3-2-22::N-B08::N3-1-2::B3-18::N-1-2::B-1-2::N3-1-3::N-2-17::	10
chr18	35067100	35293100	chr18_35067100	23	226000	0.0482530971708789	33	3.22149747495869e-08	25	0.0037628656781059	::B-A08::B-B04::N3-17::B3-17::B3-6::N3-18::B3-18::B-A01::N-A01::B-B09::N-A11::N3-1-5::N-A08::B-1-2::N-B10::B3-2-2::N3-2-22::B-B10::B-B07::N-1-2::N-B02::B3-1-5::B-B02::	14
chr19	5819100	6045100	chr19_5819100	23	226000	0.0482530971708789	28	6.1268991261589e-05	25	0.0037628656781059	::B-B11::B-A08::N-1-2::N-B04::B3-6::N-2-17::N3-1-3::B3-1-3::N3-6::N-A11::N3-2-36::N3-c-32::B-B02::N3-18::B-A01::N-A01::B-B07::N-B11::B3-2-22::N-B02::N-B08::N3-1-15::B3-3::	15
chr19	11775300	12001300	chr19_11775300	24	226000	0.013752648351265	30	3.29508217220954e-06	24	0.013752648351265	::N-B07::B-B02::B3-1-15::B3-3::N3-3::N3-1-3::N3-2-36::B3-2-36::B-B10::N-A11::B-A01::B-B04::B3-1-5::N3-6::N3-1-5::N-B04::B3-6::B-2-9::N-2-9::B-B07::N-B02::B-1-2::B-A08::N-A08::	17
chr19	16136600	16362600	chr19_16136600	29	226000	1.44515729062316e-05	41	4.00768560861819e-14	37	4.44934572598034e-11	::B3-3::N-A01::N-2-9::B-A01::N-B07::N-B10::B-B07::N3-1-2::N-B04::N3-18::N3-2-7::B-A11::B3-17::N-B09::B-B11::B3-6::B3-2-22::B-B02::B-B04::N3-1-15::B3-18::B-A08::B-B09::B3-1-2::N-B02::B3-2-36::B-2-9::B-1-2::N3-1-5::	20
chr19	24301500	24527500	chr19_24301500	23	226000	0.0482530971708789	26	0.000989960243252195	25	0.0037628656781059	::N3-2-2::B-B07::N-2-17::B-2-17::N3-2-22::N-B04::B-A01::B3-1-3::B3-2-2::N3-2-36::N-B08::B3-c-10::N-B07::N3-1-5::B3-1-15::B3-6::B-B10::B3-2-7::B-B11::B3-17::B3-18::B3-2-36::N-B10::	14
chr2	18022400	18248400	chr2_18022400	29	226000	1.44515729062316e-05	43	1.03829478089438e-15	36	2.40671957884637e-10	::B-1-2::B-B07::B3-6::N3-2-36::B3-2-2::N-B04::N-A11::B-B02::B3-3::B-B11::N-A01::B-B10::N3-1-5::N-2-17::B-2-17::N-A03::N3-6::N-B08::B3-17::B-A01::N3-18::B3-1-11::B3-1-2::N-B07::N3-1-2::B3-2-36::N-B02::B3-1-3::B3-1-15::	22
chr2	31579900	31805900	chr2_31579900	23	226000	0.0482530971708789	33	3.22149747495869e-08	27	0.00025079933204825	::N3-17::B-B09::N-B09::N3-1-11::B3-1-11::N-B08::N3-2-36::B3-2-36::N3-1-2::B-A01::N-A01::B-B10::B-B02::N3-3::N-B02::B3-17::B-1-2::B3-2-22::N3-2-22::N-B10::B3-3::N-2-9::B-A08::	12
chr2	49456000	49682000	chr2_49456000	24	226000	0.013752648351265	35	1.2666470202859e-09	32	1.55417296179073e-07	::B-B02::B3-c-10::N3-2-22::N-B04::B-A11::N-A11::B-2-26::B3-18::N3-2-7::B3-2-22::N3-1-3::N-A01::B-A01::B-B08::N-B08::B-B11::B-B10::N3-1-15::N3-1-2::N-B10::B3-3::B-A08::N3-1-5::B-B07::	19
chr2	98461100	98687100	chr2_98461100	50	226000	1.44510422608895e-21	331	0	32	1.55417296179073e-07	::B3-17::B3-2-36::B-1-2::N3-2-36::N-A08::B-A08::N3-2-2::N-1-2::N-A01::N-B07::N3-6::N-B10::N-2-26::N-A11::N-B04::N-B09::N-B08::N-B11::N3-2-7::N-A03::N3-1-11::N3-18::N3-1-15::N3-17::N3-1-3::N-2-17::N3-1-5::N-2-9::N-B02::B-B02::N3-2-22::N3-1-2::B3-1-11::B3-2-7::B3-6::B3-2-2::B3-1-2::N3-3::B-B07::B-B11::B-B10::B3-1-3::B3-2-22::B-A01::B-B08::B3-1-5::B-B04::N3-c-10::B3-1-15::B-A11::	157
chr2	154669100	154895100	chr2_154669100	24	226000	0.013752648351265	32	1.55417296179073e-07	31	7.27071198993152e-07	::N3-3::B-A11::N-B10::B-2-9::N-B02::N3-18::B3-2-36::B-B10::B-B09::B3-18::B3-1-11::B-A03::B-A01::N-B04::B3-2-7::B-B04::B-B02::N3-2-22::N-B08::N3-1-5::N-2-9::N3-1-11::B3-c-10::B3-6::	17
chr2	163443000	163669000	chr2_163443000	24	226000	0.013752648351265	32	1.55417296179073e-07	17	34.2386625522574	::B3-6::B3-2-36::B-B07::N-A11::N3-2-2::B3-1-11::N-1-2::B3-2-22::N-B08::N-B09::B-B02::B3-2-7::B-B04::B-B09::B3-1-2::B-B10::B-B08::B-A08::B-1-2::B3-2-2::B-B11::B3-3::B-A11::B3-1-3::	11
chr3	51246800	51472800	chr3_51246800	26	226000	0.000989960243252195	39	1.40472955906193e-12	35	1.2666470202859e-09	::N3-2-7::B-B09::B3-17::B-B10::N3-1-2::N3-1-15::N3-18::B-B07::B3-1-2::N-B07::N-B04::B-B04::N3-1-5::B3-18::N-2-17::B3-1-11::B-B08::N3-3::B3-1-5::B-1-2::B-B02::B3-3::N-1-2::B-2-9::B-2-26::N3-1-3::	15
chr3	68971600	69197600	chr3_68971600	23	226000	0.0482530971708789	38	8.00912260999009e-12	33	3.22149747495869e-08	::B3-1-2::N3-1-3::N3-2-2::B-B09::B3-3::N-B10::B-B10::B-1-2::B-A08::N-B07::B-B02::B-2-17::N-A08::B3-c-10::B-B04::B3-1-3::B3-6::N-B09::N-B08::B-A01::N3-18::B-B08::N-2-17::	20
chr3	88852400	89078400	chr3_88852400	24	226000	0.013752648351265	34	6.48113793142713e-09	27	0.00025079933204825	::N-1-2::B3-1-15::B-B02::B-B07::B3-18::B-B08::B3-6::B-B10::N3-18::N3-1-2::B3-1-2::N-B08::B-B09::B3-2-36::N-B02::N3-1-3::B3-1-3::B3-1-11::N3-1-11::B-A08::B3-3::N3-6::B3-17::N-B07::	15
chr3	103168700	103394700	chr3_103168700	23	226000	0.0482530971708789	33	3.22149747495869e-08	30	3.29508217220954e-06	::N3-1-15::N-B04::N3-2-22::N3-18::B3-2-2::B-B09::N3-3::B-B10::B3-3::B-1-2::B3-6::B3-1-5::N3-1-11::B-B07::B-2-17::N-2-9::B-A11::N-A11::B-A08::B-2-9::N-B07::N-A08::B3-18::	21
chr3	135455700	135681700	chr3_135455700	23	226000	0.0482530971708789	30	3.29508217220954e-06	21	0.521832278195872	::B3-6::B-A01::B3-3::N-B09::N-2-17::N-B02::B-B02::B3-1-15::B-A08::B-A03::N-A08::N3-1-15::N-A03::N3-2-36::N3-17::B3-18::N3-18::N3-1-2::N3-1-5::N3-1-11::B-1-2::B-B09::N-B11::	19
chr4	130647100	130873100	chr4_130647100	25	226000	0.0037628656781059	31	7.27071198993152e-07	24	0.013752648351265	::N3-17::B-B02::N-B10::B-B10::B-B07::N-A01::B3-17::N3-1-2::N-A08::B-A08::B3-2-36::N-B02::B-2-9::B3-1-11::B-1-2::N-B07::N-A11::N-B09::B-B09::B3-2-22::N3-2-22::N3-1-5::B3-1-5::N-B04::B3-18::	12
chr5	25275800	25501800	chr5_25275800	39	226000	1.40472955906193e-12	154	1.00132736641016e-141	106	2.22708467139251e-80	::N3-2-22::B-A11::B3-2-7::B-B09::N3-2-7::N-2-17::N-2-9::B-2-9::B3-1-2::B-1-2::N3-2-2::B3-2-2::N3-1-3::B-2-17::N3-1-15::B3-1-15::B3-2-36::B-B02::N-B02::N-A03::B-B10::B-B07::B-A08::B-A03::N-A08::B-B08::B3-18::B3-1-11::N3-1-11::N3-1-2::N-B07::N-B10::B3-1-3::B3-2-22::N-B08::B3-17::N3-1-5::B3-6::N3-2-36::	99
chr5	122292600	122518600	chr5_122292600	25	226000	0.0037628656781059	37	4.44934572598034e-11	29	1.44515729062316e-05	::N3-1-2::N3-1-3::N-B08::N3-2-2::B-B04::B-B10::B-A11::N-A11::N-B02::B-A08::B-A03::B3-1-15::N-A08::N3-1-15::N-A03::B3-2-36::N-B09::B3-1-3::B-A01::N-A01::B-B02::N-1-2::B3-3::B3-6::B-B09::	23
chr5	136348500	136574500	chr5_136348500	23	226000	0.0482530971708789	28	6.1268991261589e-05	25	0.0037628656781059	::B-2-9::B-A11::N-A11::N3-1-2::B3-18::B-A01::B3-2-22::B-B10::B-1-2::B3-17::N-2-9::B-B02::N3-1-5::B3-1-3::B3-3::N3-2-22::N3-1-11::B-2-26::N-A01::N3-6::N-B04::N3-18::B-B09::	16
chr6	47304200	47530200	chr6_47304200	25	226000	0.0037628656781059	30	3.29508217220954e-06	25	0.0037628656781059	::N3-17::B3-3::N-1-2::N-A01::B-B02::N3-6::B3-1-15::N-B04::N3-3::B3-1-2::B-2-9::B-A01::B3-1-11::B-B04::N-2-17::B-B10::B-A08::N3-1-5::N-B07::B3-1-5::N-A03::N3-1-3::N-B10::B3-6::B-B09::	10
chr6	83820400	84046400	chr6_83820400	25	226000	0.0037628656781059	29	1.44515729062316e-05	28	6.1268991261589e-05	::B-B04::N3-17::N-B07::N3-18::N-B08::B3-1-11::B3-2-36::N-2-17::N-2-26::N3-1-15::B-A08::N3-2-7::B-A01::B3-17::N-B04::B3-1-2::B-1-2::N-A01::B-B09::B-B10::N3-2-36::B3-c-10::N-2-9::B-2-9::N3-1-11::	15
chr6	112970900	113196900	chr6_112970900	23	226000	0.0482530971708789	30	3.29508217220954e-06	26	0.000989960243252195	::B-B09::B3-2-22::N3-18::B-B10::N3-1-15::B-B02::N3-2-2::B-1-2::N-B11::B-B04::B-A11::N-1-2::N3-2-7::B-B11::N-A03::N-2-17::B-A08::B-B07::N-B08::B-B08::B-A03::B3-1-11::B3-18::	16
chr7	121631200	121857200	chr7_121631200	32	226000	1.55417296179073e-07	43	1.03829478089438e-15	17	34.2386625522574	::B-B07::N3-18::B-B10::B3-2-22::N-2-17::N-B09::N-1-2::N3-2-36::N3-1-11::N-B04::B-2-9::B3-2-36::B3-c-32::B-B04::N3-1-15::N3-2-22::N3-1-2::N-A11::N3-6::N-B07::N-B08::N-2-9::N-2-26::N-B11::N3-2-7::N-B02::N-B10::N3-c-10::N3-3::N3-1-3::N3-1-5::N3-17::	36
chr7	136195200	136421200	chr7_136195200	35	226000	1.2666470202859e-09	42	6.52704700947622e-15	13	893.337256663544	::N-2-17::N3-1-15::N3-6::B-B04::N-B07::B-2-17::B3-18::B3-6::B-B09::N3-c-10::N-B11::N3-2-36::N-A08::N-2-9::N-2-26::N-B04::N3-17::N-B09::N-A11::N-B02::N3-1-11::N3-1-5::N-A01::N3-1-3::N-1-2::N3-2-7::N3-2-2::N3-c-32::N-A03::N-B10::N3-3::N-B08::N3-1-2::N3-2-22::N3-18::	35
chr8	109669800	109895800	chr8_109669800	26	226000	0.000989960243252195	42	6.52704700947622e-15	35	1.2666470202859e-09	::B-2-9::N3-17::B3-c-10::N-B08::B-B10::N-B10::N3-18::B3-1-3::B3-1-2::N-B07::N3-1-11::N-B11::N3-1-5::B3-2-36::B-B07::N3-1-2::N-2-17::B-2-17::B-B02::N3-2-36::B3-c-32::B3-2-7::B3-18::B3-17::B3-2-2::B3-2-22::	22
chr9	3000100	3226100	chr9_3000100	33	226000	3.22149747495869e-08	60	1.18446724075394e-30	19	4.68420030011619	::N-A08::N-B08::B-B02::N-B07::N-2-17::N3-18::N3-6::B-B11::N-B11::N-A11::N3-2-22::N-A01::N-B04::N-2-26::N3-2-7::N3-1-3::N-B10::N3-1-15::N3-17::N3-2-2::N3-1-5::B-B10::N-B02::B3-17::B3-2-22::B-A08::N3-2-36::N3-1-2::B-B09::N-A03::B-2-17::N-B09::N3-1-11::	27
chr9	21479500	21705500	chr9_21479500	26	226000	0.000989960243252195	38	8.00912260999009e-12	34	6.48113793142713e-09	::N3-1-5::N3-17::N3-2-36::N-2-17::N-B07::N-2-9::B-2-9::N-B04::B-B07::N3-18::B-B04::B3-3::B-A08::B3-1-15::B3-1-2::B3-18::N-1-2::B-1-2::B-B02::N-A08::B-B10::N3-2-7::N-B02::N-B09::B-B08::B3-17::	19
chr9	35102200	35328200	chr9_35102200	25	226000	0.0037628656781059	30	3.29508217220954e-06	21	0.521832278195872	::B-B10::B3-1-11::N-B09::B-1-2::N-1-2::B3-2-36::B-A03::B-A08::B3-2-22::B3-3::N3-1-2::B3-c-32::B-2-9::B3-17::B3-1-15::B-B11::N3-1-11::N3-1-3::N3-18::N3-1-15::N-B04::N-B11::N-B07::N3-1-5::N-A11::	15
chr9	66348500	66574500	chr9_66348500	26	226000	0.000989960243252195	32	1.55417296179073e-07	31	7.27071198993152e-07	::B-1-2::B3-2-36::N3-2-22::B3-6::N3-2-36::B3-3::N-B08::B-B07::N-B07::B3-17::B-B10::B3-18::B3-2-22::N3-18::N3-17::B-2-17::N-B04::B-A01::B-A08::B-B09::B3-1-2::N-1-2::N-2-17::N3-c-10::N-B10::N-A11::	18
chr9	70366700	70592700	chr9_70366700	30	226000	3.29508217220954e-06	37	4.44934572598034e-11	35	1.2666470202859e-09	::B3-2-2::B-B07::B-B02::N-B02::N3-2-2::B3-2-36::B-1-2::N3-1-3::N3-1-11::N-A11::B-B09::B3-6::B3-1-3::N-1-2::B-A01::B3-3::B3-1-5::B-B10::B-A08::B-A11::N-A03::B3-1-11::N3-1-5::B-B04::N-B07::N-B11::B3-2-22::N-B09::N3-17::B3-18::	21
chr9	71864700	72090700	chr9_71864700	31	226000	7.27071198993152e-07	53	3.29053822071692e-24	45	2.45358016806496e-17	::B3-2-36::N-A03::N3-2-2::N-B11::B3-1-2::N3-1-2::B-B10::B-A11::N-B08::B-A01::N-B09::B-B08::N3-18::B3-17::N-A11::B-2-17::N3-2-36::N3-c-32::B-B02::B3-18::B3-6::N3-1-11::N-B10::N-B04::N-2-17::B3-c-10::N3-17::B-B11::N3-1-3::B3-1-3::B-1-2::	35
chr9	72510100	72736100	chr9_72510100	26	226000	0.000989960243252195	33	3.22149747495869e-08	28	6.1268991261589e-05	::N-1-2::N3-1-3::B3-17::B-B10::B-B02::N-B08::B3-6::B-2-9::N3-2-2::B3-2-2::N3-2-7::N-A01::N-B10::N-2-26::N3-18::N3-1-11::B-A08::B3-2-22::B3-1-2::B3-2-36::N3-2-36::N3-6::N-B02::B3-3::N3-3::N-A08::	20
chr9	100654100	100880100	chr9_100654100	23	226000	0.0482530971708789	27	0.00025079933204825	25	0.0037628656781059	::N-B10::B3-17::B-2-9::N-A01::N3-1-3::B-B11::B3-1-15::N3-2-7::B3-1-3::N3-17::N-A08::N-B09::B3-3::B3-c-10::B-B09::N-1-2::B-A11::B-1-2::B3-1-2::B3-2-36::N3-2-22::N3-1-2::N-2-17::	12
chr9	107659900	107885900	chr9_107659900	27	226000	0.00025079933204825	36	2.40671957884637e-10	31	7.27071198993152e-07	::N-B07::B-B09::N3-1-5::N3-18::B3-2-2::N-2-17::N-A01::B-1-2::N-B02::B-B02::B3-17::N3-17::B-B10::B3-3::B3-1-5::N3-c-10::N-B04::N3-3::B-A01::N3-2-36::B3-6::B-A08::B3-1-15::N-B11::B-2-9::B3-18::N-A11::	18
chrUn_GL456390	0	226000	chrUn_GL456390_0	38	226000	8.00912260999009e-12	80	6.92497005698072e-51	58	8.96151722498619e-29	::B3-18::N3-6::N3-1-2::N3-2-7::N3-1-3::B3-3::N-2-17::N3-2-2::N3-17::N-B09::N-A03::N3-1-15::N3-3::N-B08::N-B04::N-A08::N-A01::N-B10::N3-1-11::B-1-2::N3-2-22::N3-2-36::N3-18::N-B11::N-B02::B-A08::N3-1-5::B3-2-7::B-B02::B3-17::N-A11::B3-6::B-A03::B3-2-22::B-B11::N-2-26::B3-1-2::B-B04::	47
chrUn_GL456393	1400	227400	chrUn_GL456393_1400	32	226000	1.55417296179073e-07	52	2.54959044736446e-23	41	4.00768560861819e-14	::N3-2-36::N3-18::N-2-17::N3-1-3::N-B11::N-B02::N3-1-2::N3-2-2::B-A08::N3-1-15::N3-1-5::B-1-2::N3-6::B3-2-7::N-B10::N-B08::B-B02::B3-3::N-A03::B3-17::N-A11::B3-6::N-A01::B-A03::B3-2-22::B-B11::N-2-26::N-B09::B3-1-2::B-B04::N-A08::N3-17::	27
chrUn_JH584304	1500	227500	chrUn_JH584304_1500	24	226000	0.013752648351265	32	1.55417296179073e-07	29	1.44515729062316e-05	::B-B02::B3-3::N-A03::B3-17::N-A11::B3-6::N-A01::B-A03::B3-2-22::N3-18::B-B11::N-B08::N-B11::N-2-26::N-B09::B3-1-2::B-A08::B-B04::B-1-2::N3-1-3::N-A08::N3-17::N-2-17::N3-1-2::	15
chrX	18123700	18349700	chrX_18123700	28	226000	6.1268991261589e-05	63	1.5910291539097e-33	49	1.0563231298935e-20	::N-B04::N3-3::B3-1-11::B-B07::N-A01::B3-2-36::B-A08::N-B09::B-B09::B-1-2::N3-2-7::B3-2-7::B-B10::N-B10::B-B04::B3-17::N-1-2::B-2-26::N3-1-2::B-A11::N-A11::N-2-17::B-2-17::N3-17::N-B08::B3-3::N3-1-5::B3-1-2::	26
