chr10	7606700	7856700	chr10_7606700	29	250000	0.0482077044576883	41	1.25923053938175e-08	34	0.000143666951562671	::B3-2-21::N-A10::N3-13::N-A07::B3-16::B3-2::N3-2-21::B-2-27::B-2-15::B-A12::N-A12::N-3-1::B3-1::N-B03::B-2-25::N-1-7::N3-7::N-2-15::B3-13::N-A04::N3-10::N-2-21::B3-7::B3-4::N3-9::B3-9::B-2-14::N-B05::B-A04::	27
chr10	67076100	67326100	chr10_67076100	29	250000	0.0482077044576883	42	2.99522325644726e-09	37	3.07258801808748e-06	::B-A10::B3-4::B3-15::N3-1-13::B-1-6::N3-11::N-2-15::N3-15::B-3-1::N-3-1::B-B03::B3-19::N-1-10::N3-13::N-A07::N3-10::B3-7::B3-14::B3-8::B-2-25::B-2-15::B3-12::N3-8::B3-11::N-A02::B-A02::B3-c-14::B-A12::N3-c-9::	15
chr10	108171100	108421100	chr10_108171100	31	250000	0.00517344679123127	45	3.50764213618844e-11	39	2.06920067990227e-07	::N-2-15::N-2-14::B3-1::N-B03::N-A04::N3-9::N3-1::B3-7::B-2-25::B-3-4::B-A07::N3-5::B-A10::N-1-6::B-1-6::N-B05::B3-c-28::B-2-15::B3-13::N-A05::N3-11::B3-16::N3-8::N-3-1::B-3-1::B3-9::N-A12::B-A12::N-2-21::N3-10::B3-5::	24
chr10	116455000	116705000	chr10_116455000	29	250000	0.0482077044576883	50	1.37283542003438e-14	42	2.99522325644726e-09	::N-1-9::N-A12::B-3-4::N-B03::B-A10::B-1-6::N-B05::B-B05::B3-1::N-A02::B-A02::B-A05::B3-7::N3-7::N-2-15::N3-16::B-1-7::N3-4::B3-1-13::N-1-6::N3-2-21::B-A12::N-2-21::N-3-1::B3-16::B3-4::B3-11::B-2-21::B3-13::	33
chr11	3100400	3350400	chr11_3100400	35	250000	4.10073848477024e-05	59	2.98420686207478e-21	40	5.16792096054931e-08	::N3-9::N-2-23::N3-8::N3-10::N-B05::N-A10::N-2-25::B-A02::N3-13::B3-10::B3-21::B-2-14::N-2-15::N3-19::B3-19::N-A02::B3-c-9::B3-5::B3-8::B3-12::N-3-1::B-2-15::N-A12::N-A05::B3-14::B3-2::B-2-27::B-A10::B-2-23::B3-1-13::B3-13::B-1-6::B-1-7::N3-1::B-A04::	21
chr11	19991900	20241900	chr11_19991900	34	250000	0.000143666951562671	44	1.57999077230836e-10	40	5.16792096054931e-08	::B3-2-21::B-1-7::B-A05::N-A05::N-2-25::B-2-12::B-B03::N-B03::N-3-4::N3-16::B3-12::B3-19::B3-7::N3-13::B3-2::B-3-4::B-2-14::B-B05::B-1-6::B3-5::B-2-15::B-2-21::N-1-6::N-B05::B3-c-9::N-1-4::N3-2::B3-c-28::N-2-14::B-1-4::B3-8::N-1-7::N3-c-9::N-A02::	24
chr11	21066700	21316700	chr11_21066700	29	250000	0.0482077044576883	37	3.07258801808748e-06	32	0.00161511425464744	::N-B03::B-2-15::B3-c-9::N-A02::B-A02::N3-2-21::B3-2-21::B-1-10::B3-11::B3-5::N3-9::B3-9::B3-12::N-2-23::B3-2-37::N3-11::N-3-4::N-A05::B-2-25::N-2-27::N-1-4::B-2-21::B-2-27::N-2-25::B3-c-28::N-2-15::B3-19::B-B03::N-2-21::	18
chr11	23249300	23499300	chr11_23249300	35	250000	4.10073848477024e-05	50	1.37283542003438e-14	43	6.95879407944253e-10	::B3-c-28::B-2-15::N-2-23::B3-2::B3-7::B-2-14::N-A12::N-3-1::B3-1-13::N3-19::B3-19::B-3-1::N-1-7::N3-10::N3-16::B3-c-14::N3-c-14::B3-2-21::N3-c-9::B-1-6::N3-15::B3-8::B3-12::B3-1::N-1-6::N-B05::B-2-23::B-A07::B3-c-9::B-1-7::N3-2-21::N-2-14::N-2-21::B-A05::N-A02::	28
chr11	53252200	53502200	chr11_53252200	29	250000	0.0482077044576883	36	1.13797524570783e-05	33	0.000488947862600752	::N-2-27::N-A12::B-A10::B3-10::N3-16::B-1-10::B3-7::B-2-23::B-B05::N-2-15::N-2-23::N-2-14::B-B03::B3-5::B-A04::B-2-14::B3-11::B3-19::N3-4::B3-13::B-2-15::B3-4::B-3-4::B3-9::N3-9::N3-13::B-A07::B3-21::B3-2::	17
chr11	54424200	54674200	chr11_54424200	30	250000	0.016053452185451	38	8.07781639702479e-07	37	3.07258801808748e-06	::N3-11::B3-11::N-B05::B-B05::N3-19::B-2-23::B3-10::B-A10::B3-19::B3-1::B3-14::N3-16::N-2-15::N-2-14::B3-1-13::N-2-27::B-3-1::B-A05::B-2-15::B3-c-28::N-A02::B-A12::B3-9::N3-9::B-B03::N-1-6::B3-2-21::N3-21::B-1-6::B3-8::	22
chr11	59603000	59853000	chr11_59603000	34	250000	0.000143666951562671	43	6.95879407944253e-10	39	2.06920067990227e-07	::B-3-1::N3-13::B3-10::B-A07::B-A04::B-2-15::B-2-14::N3-4::B3-c-14::N3-c-14::N3-16::B3-2-21::N3-12::N-B05::B-2-21::B-A12::B3-19::N-2-15::B-3-4::B-1-6::B-2-23::B-2-27::B3-1-13::B-B03::N-2-21::B-1-10::B-2-25::N-2-25::N3-c-9::N-2-23::B-1-7::N-3-1::N-B03::N3-1::	28
chr11	62279100	62529100	chr11_62279100	35	250000	4.10073848477024e-05	50	1.37283542003438e-14	44	1.57999077230836e-10	::B-1-7::N-1-7::N-A05::B-A05::N3-19::N3-c-28::B-2-21::N-2-21::B-A02::N3-c-14::B3-c-14::B3-7::B3-c-28::B3-10::B-2-14::B3-1::B3-c-9::N-2-23::B-A10::B-2-15::N3-9::B3-9::B-B05::B-2-27::B3-12::N3-8::B3-14::N-2-27::N-3-1::N-1-6::B-2-23::N-A02::B3-19::B-3-4::B3-2-21::	20
chr11	70799600	71049600	chr11_70799600	34	250000	0.000143666951562671	39	2.06920067990227e-07	38	8.07781639702479e-07	::B-B05::B-2-27::B3-1-13::B3-7::N3-5::B3-8::N-2-15::B-3-4::N-3-4::B-A02::B3-12::N3-19::B-B03::N3-4::B-2-25::B3-5::N3-14::B-2-23::B3-21::B3-11::N-2-12::B-2-21::N-2-27::B3-c-28::N3-12::N-3-1::N-A12::B3-10::B-2-14::N3-7::N3-8::N-A02::N3-16::N-A05::	18
chr11	72478000	72728000	chr11_72478000	38	250000	8.07781639702479e-07	53	9.73842696532003e-17	47	1.61922079365026e-12	::N3-15::N-3-4::B-A02::B-B05::N-A12::B-2-21::B3-21::N-3-1::N3-16::N-2-15::B-3-4::B3-c-28::B3-13::N3-19::N-A04::B-A04::B-2-15::N3-21::B-A05::B-1-6::B-A10::B-1-7::N3-11::B3-11::N-A02::B3-1::N3-9::B3-9::B-2-12::N-2-12::B3-10::N-B05::N3-10::B-2-23::B3-14::B3-5::N-2-27::B-2-27::	19
chr11	76598600	76848600	chr11_76598600	31	250000	0.00517344679123127	40	5.16792096054931e-08	19	353.857360454793	::N-1-6::B-1-6::B3-14::B3-1::N3-1::B3-1-13::N3-4::B-B03::B-2-21::B-A04::N-2-27::B-2-27::B3-2-37::B-1-10::B3-7::B-1-9::B3-c-14::B3-2::B-3-4::B3-5::B3-21::B-1-4::B-1-7::B3-c-28::B3-c-9::N3-21::N-3-4::B-3-1::B-A12::B-B05::B3-11::	26
chr11	77511200	77761200	chr11_77511200	31	250000	0.00517344679123127	46	7.61781968306815e-12	39	2.06920067990227e-07	::B3-c-9::N3-16::N-2-25::B-2-15::N3-19::N3-c-28::N-2-15::B3-c-28::N-B03::B-2-23::N-A05::N-2-12::B-2-12::B3-2-21::N-A02::B-2-14::N3-10::N-1-7::B-2-25::N3-13::N-1-6::B3-11::B-3-4::N-3-4::N-A04::N-2-14::B3-5::B-B03::B-A02::B-3-1::N-3-1::	28
chr11	79337300	79587300	chr11_79337300	41	250000	1.25923053938175e-08	127	1.28493996440202e-86	103	4.00232852762786e-61	::N3-13::B3-c-9::N3-c-9::B-B03::N-2-23::B3-19::B3-1-13::N-A02::B-A02::N3-19::B3-21::N3-2-21::B-2-23::N-1-7::B-1-7::N-2-25::N3-c-28::N-A05::B3-2-21::N-2-15::B-3-4::B-1-6::B-A10::B3-13::B-A05::N3-1-13::B-2-27::N3-4::B3-1::B3-15::B-B05::N3-15::N3-21::N-B05::B3-14::B-2-25::B-A04::N-A07::N-1-6::N-2-12::B-2-14::	49
chr11	86498200	86748200	chr11_86498200	32	250000	0.00161511425464744	46	7.61781968306815e-12	39	2.06920067990227e-07	::N-3-4::B3-2-21::B-2-25::B-2-15::B-A07::B-2-23::B-1-6::B3-8::N-B05::B3-15::B-A10::B-3-4::B-2-14::B3-7::N3-13::N3-10::N-2-15::B-B03::B-2-12::B-2-21::N3-16::N-B03::N-1-7::N-1-6::B-1-7::N-A02::B-A04::N-A04::N-2-23::B-B05::N3-4::B3-4::	19
chr11	104321300	104571300	chr11_104321300	40	250000	5.16792096054931e-08	77	2.80062417379996e-36	60	4.96879313283418e-22	::N3-10::N-2-12::B-2-12::N-2-15::B-2-15::B-1-6::N3-4::B3-2-21::N-1-6::N3-2-21::B-B05::B-2-14::B-3-1::B-3-4::B3-7::N3-c-14::N-B05::N3-7::B-2-25::B3-12::B-A12::N-2-25::N-1-7::B3-10::N3-13::B3-13::N-2-14::B-B03::B3-c-14::N3-21::B3-21::N-3-4::B-1-4::N-A02::B3-15::B3-19::N-A05::B3-11::N-2-27::B-2-27::	33
chr11	106373400	106623400	chr11_106373400	29	250000	0.0482077044576883	33	0.000488947862600752	30	0.016053452185451	::N-A05::B-3-4::N-2-15::N-B05::N3-9::N3-15::N-A10::N-1-7::B-B05::N3-11::B3-2::N3-2::N-3-1::N3-4::B-2-25::B-2-15::B3-14::B-2-21::B3-19::B3-1-13::B-2-27::N3-19::B-A04::B-A02::B3-9::B3-12::B3-5::B-A05::N-A12::	15
chr11	106881000	107131000	chr11_106881000	35	250000	4.10073848477024e-05	44	1.57999077230836e-10	36	1.13797524570783e-05	::N3-13::N-A10::B3-1::N-B03::N3-2-21::B-1-6::N-3-4::N-1-6::B3-c-28::B-2-27::N3-19::B3-7::N-A05::B-A05::B3-11::B3-8::N3-8::N3-11::N-3-1::B-3-4::B3-2-21::N-2-27::N3-4::N3-14::B-B03::B3-13::N-B05::B-B05::B3-16::N3-2::B3-2::B3-1-13::B3-21::N3-10::B3-10::	23
chr11	108035300	108285300	chr11_108035300	33	250000	0.000488947862600752	38	8.07781639702479e-07	25	2.75877718885643	::B-A10::B-1-6::B-3-1::B-3-4::N-2-14::N3-21::N3-10::B3-c-28::N-B05::B-B05::N-2-21::B-2-23::B-A02::N3-14::N3-11::N-2-27::N3-2-21::B3-2-37::B3-19::N3-5::N-A12::B-2-21::B3-5::N-2-12::N3-12::N3-9::N3-13::N-2-23::N3-1::N-2-15::N-3-4::N3-4::N-3-1::	9
chr12	51622300	51872300	chr12_51622300	34	250000	0.000143666951562671	51	2.68919033268034e-15	44	1.57999077230836e-10	::B-2-15::B-A12::B-2-14::B-1-6::B3-12::N-2-15::N3-12::B3-19::B3-15::B-A07::B3-1-13::B-2-21::B3-16::B-A02::N-2-14::B3-11::N-3-1::N-1-7::B3-10::N3-10::B-3-4::B3-1::N3-14::B3-14::B-1-10::N-1-10::B-2-25::N3-16::N-2-27::N-2-21::N-1-6::N3-13::N-A10::N-A12::	28
chr12	75313400	75563400	chr12_75313400	29	250000	0.0482077044576883	36	1.13797524570783e-05	33	0.000488947862600752	::N3-10::N-A02::B3-2-21::B-2-21::B3-11::N3-19::B-2-14::B-A12::B-2-23::B-1-6::N-A12::B-A07::N3-16::B3-10::B-1-7::B-2-15::B3-1::N-A04::B3-1-13::B3-7::B3-13::N-2-21::N-3-1::N-2-23::N-1-7::N-A07::N3-11::B3-2::N-2-12::	16
chr13	17669200	17919200	chr13_17669200	37	250000	3.07258801808748e-06	52	5.16644058673297e-16	42	2.99522325644726e-09	::N-A02::N-2-21::B-2-21::B-1-6::B3-12::B3-14::N3-14::B-A10::B-2-12::B3-8::B3-13::N3-8::B3-1::N3-19::B3-19::B3-21::B3-9::B3-2::B-3-4::N-3-4::B-2-15::B-A07::B3-7::N-1-7::N3-10::B-A02::B-1-7::N-A05::B-A05::B-3-1::N-3-1::B3-2-21::B-B05::B3-11::B-2-27::N-2-27::N-2-15::	30
chr13	44750900	45000900	chr13_44750900	29	250000	0.0482077044576883	39	2.06920067990227e-07	34	0.000143666951562671	::B-1-7::B-A04::B-A07::B-2-15::B3-2-37::B-3-4::N3-13::B-A12::N-A12::N-A07::N-2-15::B-1-6::B-B05::B-2-25::B3-12::N-2-25::B3-14::B-B03::B3-9::N3-9::B-A02::B3-13::N3-16::B-3-1::B3-19::B-1-4::B3-c-28::N-2-12::B-2-12::	17
chr13	94426500	94676500	chr13_94426500	35	250000	4.10073848477024e-05	43	6.95879407944253e-10	21	84.0863355829068	::N-2-25::N-2-15::B3-7::B-1-7::B3-2-21::B3-c-28::N3-19::B-A07::B-A02::B3-12::B3-13::B-1-6::B-B05::N3-11::B3-2::N-B05::N-2-14::N3-8::N-A02::N-2-12::N-2-27::N-B03::N-1-6::N-A12::N-A04::N-3-4::N3-21::N-2-23::N3-4::N-2-21::N3-16::N3-1::N3-13::N3-2::B-A12::	29
chr13	111643800	111893800	chr13_111643800	31	250000	0.00517344679123127	48	3.37006344226671e-13	29	0.0482077044576883	::B-2-25::N3-5::B3-7::N-A04::B-B05::N3-16::B-1-4::N3-4::N-A02::N-2-15::B-2-15::B-A02::N-2-21::B-3-1::N-3-1::N-3-4::N3-21::B-1-6::B-A12::B-A10::B-1-7::B-1-10::B3-4::B3-19::B-3-4::B3-2::B-2-23::B-2-21::N-A05::N-A12::B3-11::	18
chr14	19231200	19481200	chr14_19231200	32	250000	0.00161511425464744	58	1.76241302833196e-20	26	1.06002600597294	::N3-4::N3-19::B3-12::N-2-21::B-2-14::N-B05::N-2-27::N-A02::B-1-6::N-1-10::N-A05::N3-11::B-3-4::N-1-7::N3-16::N3-8::B3-11::N3-10::B-2-23::N3-12::N3-1::N-3-4::N-2-23::N-2-25::B-2-15::B3-2::N3-15::N3-1-13::N-A10::N3-2-21::N-1-6::N3-9::	27
chr14	20940300	21190300	chr14_20940300	29	250000	0.0482077044576883	46	7.61781968306815e-12	41	1.25923053938175e-08	::B-3-4::N3-7::B3-12::B3-c-28::B-A10::N-1-6::B-1-6::B-2-23::B-A04::N-2-25::N-A07::B-B05::N-A05::B-A05::N-3-1::B-2-14::B3-15::B-1-10::B3-19::B3-14::B3-c-9::B-2-25::B-A07::B-3-1::B3-7::N-3-4::B-1-4::N-A10::B-B03::	23
chr14	31010100	31260100	chr14_31010100	29	250000	0.0482077044576883	34	0.000143666951562671	28	0.13993978683371	::N-3-1::N-2-21::B-2-21::N3-7::B3-11::B-3-1::N-2-15::B-A02::B3-2-21::N-A02::N3-13::N-2-12::B3-13::B3-12::N-2-25::N3-1-13::B3-1-13::N-2-23::N3-c-28::B3-c-28::N-A05::N3-21::N-3-4::B3-21::B-3-4::B3-2::N3-9::N3-12::N-1-6::	14
chr14	51996600	52246600	chr14_51996600	30	250000	0.016053452185451	47	1.61922079365026e-12	42	2.99522325644726e-09	::B3-14::B-2-15::B-A07::B-A05::B-2-14::B-A10::B3-1-13::N-3-4::B-1-7::B-2-25::B3-16::B3-4::N-1-7::N3-1-13::B-2-21::B-2-12::B-2-27::N3-21::N3-19::N-2-21::N-A07::N-2-27::B3-12::N-2-15::B-1-10::N-1-10::N3-c-28::B3-c-28::N3-2-21::B3-11::	20
chr14	66860800	67110800	chr14_66860800	29	250000	0.0482077044576883	33	0.000488947862600752	25	2.75877718885643	::B-1-6::B-3-1::B-2-23::B-B05::N-2-15::N3-9::B3-9::B3-7::N3-1-13::N3-7::B3-12::N-2-21::B-2-14::N3-8::N3-11::B3-8::B3-11::B3-2-21::B-2-12::N3-21::B-3-4::B-2-25::B-1-10::B-A12::N-A12::N3-19::B-1-7::B3-c-9::B-B03::	15
chr14	79356800	79606800	chr14_79356800	31	250000	0.00517344679123127	43	6.95879407944253e-10	37	3.07258801808748e-06	::B3-c-9::B3-21::B-3-4::B-1-4::B-A07::B-A10::B3-14::N-2-23::N-1-7::N-1-6::B3-12::B3-2-21::N-A12::B-1-6::N-A02::N3-19::N-3-4::N-3-1::B3-2::B-2-12::N-2-12::B-2-25::B3-5::B-1-7::B-2-15::N-2-15::B-1-10::N3-9::B3-10::B-B03::B-2-23::	23
chr15	8231600	8481600	chr15_8231600	41	250000	1.25923053938175e-08	68	1.65406965479565e-28	62	1.31122093612114e-23	::B3-2-21::B3-19::B3-1::B-A12::N3-21::B3-13::N-2-15::B-B03::B3-12::B3-1-13::N-2-21::B-3-1::B-1-4::B3-c-28::B-3-4::N-A12::B-2-14::B-2-15::N-B05::B-2-12::B-1-10::N-1-6::N-2-23::N3-2-21::N3-1-13::N3-1::B3-11::N-2-14::B-A07::B-1-7::N3-13::N-A07::B-2-23::N3-10::B-B05::B3-7::B-2-25::N-2-25::N3-7::N-2-12::B3-2::	38
chr15	12119700	12369700	chr15_12119700	33	250000	0.000488947862600752	42	2.99522325644726e-09	39	2.06920067990227e-07	::N3-14::B-A10::B3-12::B3-1::B3-1-13::N-2-27::N-2-21::B-2-21::B3-19::N3-19::N-A10::B3-7::B-A12::B-2-14::N3-2-21::B-1-6::B-2-15::N-A12::N-1-6::N3-13::N-2-23::B-B03::N3-21::N-2-15::B-2-25::N-2-25::N-A02::B3-14::B-3-4::B3-c-28::N3-c-28::B-A05::B-A04::	29
chr15	50633900	50883900	chr15_50633900	33	250000	0.000488947862600752	42	2.99522325644726e-09	38	8.07781639702479e-07	::B-A04::B3-2-21::N-2-15::N-A05::B-B05::B-3-4::N-A12::B3-21::N-2-23::N3-15::B3-15::B-2-12::N-A07::B-2-25::N3-c-14::B3-14::B3-19::N-2-12::B-2-21::N-2-25::N-B05::B-2-15::B-3-1::N-3-1::N3-7::B-2-14::N-2-14::B3-5::N3-19::B-1-6::N-A02::B3-7::B-A05::	24
chr15	51741100	51991100	chr15_51741100	29	250000	0.0482077044576883	44	1.57999077230836e-10	38	8.07781639702479e-07	::B-2-15::B3-19::B3-8::N-B05::B3-21::B3-1::B3-2-21::B-A10::N3-19::B-B05::N-3-1::B-2-21::N-2-21::B-3-1::B-1-6::N-A10::B-A02::B-3-4::N3-16::N-2-25::B-1-10::B3-5::B3-11::B3-2::B-1-7::N-B03::B-B03::B3-9::N3-9::	21
chr15	53116000	53366000	chr15_53116000	29	250000	0.0482077044576883	38	8.07781639702479e-07	35	4.10073848477024e-05	::N-2-27::N-2-21::B3-c-28::N-1-7::N-2-23::B3-12::B-2-14::N-2-14::N-1-6::B3-14::B-2-15::N-2-15::N3-19::B-B05::N3-16::B-1-6::B-2-21::B3-1::B-3-4::B3-19::B-2-23::N3-c-14::B-A02::N-A10::B-B03::B-2-25::N-2-25::N-3-4::N3-13::	21
chr15	73151800	73401800	chr15_73151800	33	250000	0.000488947862600752	52	5.16644058673297e-16	41	1.25923053938175e-08	::B-2-14::N3-1::N3-13::N3-10::B3-10::B3-1::B3-13::B3-2-37::B-1-6::N-1-6::B3-19::B-1-7::N-B05::N3-21::N3-19::N3-2-21::N3-c-14::B3-11::B-2-15::B3-c-28::B-2-27::B3-14::B-2-21::B-2-25::N-2-23::B3-8::B-B05::N-A02::B3-c-14::N-2-15::B-2-12::N-2-12::N-A07::	24
chr15	77070200	77320200	chr15_77070200	33	250000	0.000488947862600752	40	5.16792096054931e-08	37	3.07258801808748e-06	::B-1-6::N3-19::B3-12::N-A02::N-2-12::B-2-12::N-A10::B-A10::N3-13::B3-19::N3-2-21::B3-2-21::B-2-14::B-A04::B-2-25::N3-8::B-B05::B-2-23::B-A07::N-B05::B3-14::N3-7::N-2-21::B-A05::B3-21::B3-1-13::N3-16::B-3-4::N3-c-28::N-3-4::N-2-15::N-1-6::N-2-25::	15
chr15	80713000	80963000	chr15_80713000	33	250000	0.000488947862600752	46	7.61781968306815e-12	42	2.99522325644726e-09	::N-B03::B-1-4::N-2-25::B-A12::B-2-21::B3-21::B3-c-28::N-2-15::B-3-4::N3-10::B-2-23::N-2-12::B-2-12::B-2-15::B-1-6::B-A04::B3-1::N3-1::B-1-7::N3-21::B3-2-21::N-1-6::B-2-14::N3-13::B3-13::B3-10::N3-2-21::N3-c-28::B-A07::N-2-14::B3-1-13::N-A05::B3-15::	20
chr15	96255900	96505900	chr15_96255900	32	250000	0.00161511425464744	49	6.87092548002884e-14	42	2.99522325644726e-09	::B-A04::B3-11::B-A10::B3-2-21::B3-19::B-1-6::N-2-21::B-2-14::B-A12::N-1-6::B3-1::N3-16::B3-10::B-2-15::B-2-27::N3-7::B3-7::B3-21::N3-9::B3-9::B3-c-14::N3-c-14::N3-19::N-2-14::N-3-4::B-B05::N-2-25::B-3-4::N-1-7::B-A05::N3-1::B-1-10::	29
chr15	102378400	102628400	chr15_102378400	36	250000	1.13797524570783e-05	47	1.61922079365026e-12	43	6.95879407944253e-10	::N-2-14::B-A04::B3-11::N3-c-14::B3-c-14::B-A05::B3-19::B3-16::N3-16::N3-19::B-2-25::N-2-25::N-1-7::B3-12::B-2-27::N-A05::B-2-14::B-3-4::N-2-23::B3-c-9::N-1-6::B3-5::N-B05::N3-10::N-B03::B-B03::B3-14::B-2-15::N-2-15::N3-4::N-2-12::B-A07::B-1-6::N-A10::B3-15::B-1-7::	23
chr16	16984400	17234400	chr16_16984400	30	250000	0.016053452185451	41	1.25923053938175e-08	37	3.07258801808748e-06	::B3-c-28::N-2-12::B-2-12::N-2-21::B3-19::B-2-15::B-A12::N-B03::N-2-23::B-B03::N-2-14::B-2-14::B-3-1::N-3-1::B-2-21::N3-13::N-A07::N3-1::N3-2-21::N3-21::N3-16::B3-2-21::B3-5::B3-1::N-1-7::N3-8::B-3-4::B-B05::B3-13::B3-8::	17
chr16	24378300	24628300	chr16_24378300	33	250000	0.000488947862600752	43	6.95879407944253e-10	40	5.16792096054931e-08	::N3-9::N-1-6::B-A12::B3-19::N3-19::N-2-14::B-2-14::N-A02::N-2-15::N-B03::B-1-6::B3-c-28::B3-11::B-3-4::N3-8::B-B05::N3-c-14::N3-7::N3-10::B3-1-13::B-A07::B-2-21::B3-2-21::N-1-7::B-A10::B3-12::N-2-21::B-3-1::N-3-1::B-2-15::N-3-4::B-2-23::N-A10::	19
chr16	31635300	31885300	chr16_31635300	31	250000	0.00517344679123127	52	5.16644058673297e-16	45	3.50764213618844e-11	::B-2-15::N-A05::B-B03::N3-c-14::B3-19::B-A07::B-B05::B-1-6::B3-21::N-A07::N3-1-13::N-3-1::N3-19::B-3-4::N-3-4::N-B05::N-B03::B-2-12::B-A02::N-2-15::N-2-21::B3-11::B-2-21::B-A05::B-2-14::B3-2-21::N-A02::B-2-23::N3-c-28::N3-21::N3-10::	21
chr16	33214200	33464200	chr16_33214200	32	250000	0.00161511425464744	53	9.73842696532003e-17	43	6.95879407944253e-10	::B3-8::N3-9::N-B03::N-3-4::N3-11::N-A02::B-B03::B3-21::B-1-6::N-B05::B3-2-21::N3-2-21::B-2-15::B-A07::N-A12::N3-1-13::B3-1-13::B-B05::N3-16::B3-16::B-A12::N-A05::B3-c-28::B3-14::N3-4::B-A02::B-A10::B3-4::B-2-25::B-2-14::N3-13::B3-13::	23
chr16	38105200	38355200	chr16_38105200	30	250000	0.016053452185451	44	1.57999077230836e-10	40	5.16792096054931e-08	::B-1-6::B-2-15::B3-11::N3-9::N-A07::B-1-7::B-A10::N-A02::N-2-15::B3-c-9::B-3-1::B-2-25::B3-19::B3-7::B-A05::B-A12::B-A07::N-2-25::N3-12::N3-16::B-B05::N-B05::N-A05::N-2-21::B3-13::B-2-14::B-2-23::B-A04::N3-4::B-2-27::	16
chr16	43307000	43557000	chr16_43307000	31	250000	0.00517344679123127	46	7.61781968306815e-12	40	5.16792096054931e-08	::B-1-6::N-3-4::B3-1-13::B3-7::N-A12::B-3-4::N-1-7::N-1-6::N-2-15::B-A12::N-B03::B-B03::B-2-15::N-B05::B3-1::B-2-23::B3-10::B3-13::N3-1::N3-10::N3-13::B-B05::N3-1-13::N3-c-14::B-1-7::B-2-14::B-A10::N-2-12::B3-2::B-1-4::B3-2-21::	25
chr16	94438000	94688000	chr16_94438000	30	250000	0.016053452185451	41	1.25923053938175e-08	37	3.07258801808748e-06	::N3-13::N3-16::N-1-10::B-A12::N-A12::N-A10::N-A07::N3-4::N-3-1::B-1-6::N-2-15::B3-7::B3-5::N3-1::B-3-1::B-2-15::B-1-4::B-A04::N3-9::B3-9::N3-2-21::B-1-10::B3-2-21::N-B05::N-1-6::N-3-4::N-2-25::B3-19::B3-11::N3-19::	19
chr17	3061400	3311400	chr17_3061400	39	250000	2.06920067990227e-07	51	2.68919033268034e-15	45	3.50764213618844e-11	::N3-1::B3-11::B3-2::B-A12::B3-19::N3-4::N-2-21::B3-8::N-3-1::N3-2-21::N-A05::N-1-6::B-1-6::N-2-15::B-2-12::N-3-4::N3-15::B3-15::N-B03::B-B03::B-2-21::B3-12::B-2-14::B-A10::B-3-4::N3-5::N3-16::B-B05::N-B05::B-A05::N-1-7::N3-19::N-A12::N3-9::B-A02::B3-1::B3-9::B3-2-21::N-1-9::	24
chr17	5047400	5297400	chr17_5047400	35	250000	4.10073848477024e-05	55	3.27249389992839e-18	50	1.37283542003438e-14	::N-2-21::B3-19::N-3-4::N3-16::N-1-6::N-2-15::B-1-6::N3-4::B-B03::B3-7::B3-1::N3-1::N-2-25::B-3-1::B-2-21::B3-12::N-2-23::N-A02::N-1-4::B-A02::N-A05::N-3-1::B-2-15::B-A10::N-A04::B-A04::B-1-4::B-A05::B3-c-14::B3-14::B3-5::B-2-25::N3-13::B3-13::N3-8::	26
chr17	10090300	10340300	chr17_10090300	31	250000	0.00517344679123127	42	2.99522325644726e-09	38	8.07781639702479e-07	::B-2-25::B-A04::B-B05::N3-2-21::N3-16::N-A04::N-2-15::N3-13::B3-19::B3-14::N3-c-9::N-3-4::N-A10::B3-2-21::B-A07::N-3-1::N-2-23::N3-14::B-1-6::N-1-10::B-1-10::B-2-21::N-2-21::B-2-23::B-1-7::B3-9::B-A10::N-A02::B-A02::N3-c-28::B-A05::	15
chr17	29914200	30164200	chr17_29914200	33	250000	0.000488947862600752	48	3.37006344226671e-13	41	1.25923053938175e-08	::N-A05::B3-8::N3-9::B-3-4::B3-21::N3-21::N-3-4::B-B05::N-B03::B-B03::N-2-25::N3-11::B3-19::B-1-7::B3-9::B-2-27::N3-16::N3-19::N-B05::N3-1::B3-12::B3-c-28::B-2-15::B-1-6::B-A02::N3-13::B3-1::N-1-6::B-2-14::B-A10::B-2-12::N-2-12::B-A07::	21
chr17	65581800	65831800	chr17_65581800	30	250000	0.016053452185451	37	3.07258801808748e-06	29	0.0482077044576883	::B-B05::B3-2-21::B3-10::B3-1::B3-13::N3-10::N3-13::B3-19::B3-1-13::N3-19::B3-7::B-A07::B-2-27::B3-11::N-2-23::N-3-1::N-A02::B-3-4::N-2-15::N-2-12::B-2-12::N3-c-28::B3-c-28::N-A05::B-A05::B-1-6::B3-8::N-A04::B3-c-9::N3-4::	17
chr17	74181900	74431900	chr17_74181900	29	250000	0.0482077044576883	42	2.99522325644726e-09	40	5.16792096054931e-08	::N3-19::B3-2-21::B3-10::B-2-25::B3-c-9::B-A10::B-B05::N-A12::N3-8::B-2-27::N-B05::N3-7::B-3-4::B3-7::B-2-23::N3-14::N-2-23::N-2-25::B-2-15::B3-11::N3-11::N-A05::B-A05::N3-4::B-A04::B-B03::B3-c-28::N-2-15::B-2-14::	24
chr17	74521400	74771400	chr17_74521400	38	250000	8.07781639702479e-07	56	5.83799959326338e-19	48	3.37006344226671e-13	::B-3-4::B3-7::N-2-15::B-A10::N3-2-21::B-A02::B-2-14::N-2-23::B-2-23::B3-5::B3-2-21::N-B05::N-2-14::B3-15::N-B03::B-1-7::N3-11::B3-11::B3-1::N3-1::N3-4::B3-13::N-1-6::B-B05::N-3-4::B3-c-28::N3-9::B3-9::N3-16::B-2-25::N-2-25::B3-21::N3-21::B-1-6::N3-19::B3-2-37::B-1-10::B-1-9::	33
chr18	9983300	10233300	chr18_9983300	41	250000	1.25923053938175e-08	56	5.83799959326338e-19	53	9.73842696532003e-17	::B-1-10::B3-7::B3-2-21::N-1-6::B3-c-9::B-1-6::N3-8::B-3-4::N3-9::B3-5::N3-13::N-2-21::N-2-23::B-1-7::N-2-27::B-B05::N3-19::B-2-25::N-B05::N3-16::N-2-15::N3-10::B-2-14::N-2-14::B-2-15::B3-16::B-2-23::B3-c-28::N3-2-21::B-3-1::N-3-1::B3-10::N3-4::N-A05::N-B03::N-A02::B3-1-13::B-A02::N-1-7::B-2-27::B3-1::	32
chr18	31640800	31890800	chr18_31640800	34	250000	0.000143666951562671	44	1.57999077230836e-10	40	5.16792096054931e-08	::B3-14::B3-c-28::N-2-15::N3-13::B-2-25::N3-2-21::B3-2::B-1-7::B-2-14::B-A10::N3-1::B3-1-13::N-1-7::N-1-10::N-3-4::B-A02::N-1-6::B-B05::N-2-27::N3-8::N3-11::B3-8::B3-11::N3-19::B-2-21::N-2-21::N-2-23::B3-19::B-A05::B3-7::B-3-4::N-B05::N3-9::B3-5::	18
chr18	34250000	34500000	chr18_34250000	35	250000	4.10073848477024e-05	52	5.16644058673297e-16	44	1.57999077230836e-10	::B-A10::B-B03::N-B03::N-2-15::B3-2::B-B05::N3-1-13::N3-8::B3-12::B-A07::N-1-7::B3-8::B3-11::N-A07::B3-1-13::N3-21::B3-19::B-A05::N-A05::B-2-14::N3-4::B3-1::B3-21::N-A02::N3-10::N3-13::B-A02::B3-14::B-2-15::N3-5::B-2-23::B3-7::B-1-6::N3-2-21::B-2-27::	28
chr18	35556000	35806000	chr18_35556000	30	250000	0.016053452185451	45	3.50764213618844e-11	41	1.25923053938175e-08	::N3-c-28::B-A10::B-2-23::N-2-23::B3-7::B-2-14::B-1-7::N-A10::B-1-6::B-2-15::B-3-4::B-2-25::B-3-1::B3-16::N3-16::N-1-4::N-B05::B-A07::N-B03::N-1-9::B3-19::B-B05::N-1-6::N3-13::B3-8::B-A04::B3-12::B3-1::B3-5::B-2-21::	26
chr18	80739700	80989700	chr18_80739700	29	250000	0.0482077044576883	39	2.06920067990227e-07	36	1.13797524570783e-05	::N-1-6::B-A10::N3-21::B3-2-21::B3-5::B-1-7::N-2-27::B-2-27::B3-c-28::N3-c-9::B3-12::B-2-15::N-2-15::N3-12::N-2-23::B3-2::B3-11::N3-10::B3-14::N3-8::B-2-21::N3-4::N3-1::N3-2::N-2-25::B3-c-9::N3-16::B-A07::B-2-23::	23
chr19	3453200	3703200	chr19_3453200	31	250000	0.00517344679123127	53	9.73842696532003e-17	46	7.61781968306815e-12	::B3-5::N3-c-9::N3-4::B3-19::B-B05::N-B05::N3-12::B-1-6::N-A10::N-2-15::B-A05::B-2-15::B-A10::N-B03::B-B03::N3-8::B3-c-9::N3-16::B-1-10::N-2-21::B-1-4::B3-21::B-2-14::B-2-21::N-2-14::B-2-23::B-A07::B-2-25::N-A02::B3-2::N3-10::	34
chr19	29851000	30101000	chr19_29851000	32	250000	0.00161511425464744	45	3.50764213618844e-11	34	0.000143666951562671	::N-2-27::N3-10::B3-21::N-2-21::B-2-27::B-A12::B3-1::N-2-15::B-3-1::B-2-25::B3-2-21::B-2-15::B-1-6::N-A10::N-B05::N-2-25::N3-11::B-B05::B3-c-9::B3-19::B3-13::B3-11::B-1-7::N-2-12::B-2-12::B-A02::B-A10::B3-10::N3-1::N3-13::N-A02::N3-1-13::	18
chr2	37366000	37616000	chr2_37366000	33	250000	0.000488947862600752	55	3.27249389992839e-18	50	1.37283542003438e-14	::N-A10::B3-14::N-2-15::B3-c-9::B3-1::B3-8::B-3-1::N3-19::N-2-21::N3-10::N3-13::N-A05::B3-7::N3-14::B-2-15::N-A04::N-3-4::N3-11::B3-11::B-2-14::B-A07::N3-16::N-1-6::N-2-12::N-3-1::B-2-23::B-2-27::N3-5::N-B03::N3-8::B-B05::B3-2-37::B3-10::	30
chr2	90749200	90999200	chr2_90749200	32	250000	0.00161511425464744	41	1.25923053938175e-08	36	1.13797524570783e-05	::B-A12::N3-11::N-2-23::N-2-27::B-1-6::B3-12::N-2-15::B-2-15::N-A05::B3-10::N-2-21::B-2-12::N-B05::B-A07::N3-4::B-1-7::N3-16::B-A04::B3-1::B3-1-13::N-A12::N-3-4::B-2-14::N-2-14::B-A02::B-B03::N-B03::N3-13::B3-14::N3-2::B-2-21::B3-19::	22
chr2	91731000	91981000	chr2_91731000	29	250000	0.0482077044576883	44	1.57999077230836e-10	38	8.07781639702479e-07	::N3-16::N-2-25::B-2-25::B-2-21::N-A10::B-A07::B-1-6::B-1-10::B3-7::B-2-12::N-A02::N-B05::B-1-7::B-A12::B3-13::B3-10::N3-10::N-1-7::B-A10::N3-8::N3-19::B-2-15::B-3-4::B3-11::B3-9::N3-9::N3-1::N-3-1::B3-21::	20
chr2	98476300	98726300	chr2_98476300	66	250000	7.55076625423657e-27	360	nan	35	4.10073848477024e-05	::B3-21::B-2-14::N3-8::B3-11::N3-13::B-A07::N-A05::N3-16::N3-14::N-1-7::N-B05::N-2-14::N3-9::N-A02::N-2-12::N3-10::N3-7::N3-1-13::N-1-6::N3-19::N-A10::N-A12::N3-1::N3-4::N3-c-14::N3-2-21::N-2-15::N3-15::N3-21::N-3-1::N-2-25::B-2-21::B3-12::N-1-10::N3-11::N3-12::N-2-27::N-2-21::N3-5::N-3-4::N-B03::N-2-23::N3-c-9::B3-1-13::B3-1::B-2-23::B-3-1::N-A07::B3-c-28::N-A04::B3-13::B3-10::B-A02::B3-8::B-1-10::N-1-4::B-2-15::B-1-7::B-1-6::B3-9::B-A05::B-2-27::B-B03::B3-19::B-2-12::B3-14::	175
chr2	152083900	152333900	chr2_152083900	29	250000	0.0482077044576883	34	0.000143666951562671	33	0.000488947862600752	::N3-21::B-1-4::N-A12::N3-8::B3-5::B-2-27::N-2-27::N-A05::B-A10::B-2-14::N-2-21::B-2-25::B-2-23::B-1-6::B3-7::N3-7::N-1-6::B-2-12::N3-16::N3-13::B3-13::N3-c-14::B-2-15::N-A02::B3-1::B3-2-21::N-3-4::B-3-4::B3-21::	13
chr2	154638200	154888200	chr2_154638200	33	250000	0.000488947862600752	51	2.68919033268034e-15	42	2.99522325644726e-09	::N-A05::B3-21::B3-11::B-2-15::B3-19::N3-19::B-B03::N-A07::N-2-21::B3-8::N3-8::N3-11::N-3-1::B-A02::B-B05::B-A07::B3-c-9::B-1-6::N-2-27::N-2-15::B3-9::N-B05::B3-2-21::B3-14::B-3-4::B-3-1::B-A05::B3-12::N3-2-21::B3-1::N3-1::B-2-23::B3-c-14::	33
chr2	163509400	163759400	chr2_163509400	29	250000	0.0482077044576883	38	8.07781639702479e-07	15	3304.68658012176	::N3-11::B3-1::N3-16::B-A10::B-B05::B-A07::N3-12::N3-21::B-A04::N-3-1::B-3-1::B-2-15::B-1-7::B3-16::B3-10::B-2-21::B3-13::B-2-27::B-A02::B3-7::B-1-6::B-2-25::B3-4::B-A12::B-A05::B-B03::B-3-4::N-2-27::N-3-4::	13
chr3	19050000	19300000	chr3_19050000	30	250000	0.016053452185451	36	1.13797524570783e-05	33	0.000488947862600752	::B3-19::B-1-4::N3-11::B-3-4::B-A07::B-1-7::B3-11::B3-1::N-A02::B-2-14::N-3-1::B-B05::B-2-27::N-B05::B3-c-28::B-2-15::N-1-10::N-2-15::N3-4::N3-13::B3-1-13::N-A12::B-A12::B-1-6::B3-14::N-3-4::B3-2::B3-13::N-A10::B-2-21::	18
chr3	27552000	27802000	chr3_27552000	33	250000	0.000488947862600752	47	1.61922079365026e-12	42	2.99522325644726e-09	::N-A02::B-A02::B3-19::N3-19::N-A05::B-A07::N3-11::N-3-4::B3-1-13::B-2-15::B-2-21::N-2-21::B-1-7::N-2-15::N3-21::B3-c-14::N3-8::B-2-14::B-B05::N-B05::B3-5::B-2-25::N-2-25::N-2-14::B3-2-21::B3-7::B3-13::B-A10::B-2-23::B3-21::B-3-4::N3-16::N-2-27::	17
chr3	51226900	51476900	chr3_51226900	29	250000	0.0482077044576883	47	1.61922079365026e-12	41	1.25923053938175e-08	::B3-5::B-A02::N-A02::B3-19::N3-19::B-2-12::N-1-6::N-2-23::N3-16::B-2-23::B-2-15::N-2-15::N3-8::N-2-14::B3-11::N-2-25::B3-8::B-2-14::B-A12::B3-21::N3-13::B-2-25::B-1-6::B-B05::N3-11::B-2-21::N-3-1::N3-4::B-3-1::	31
chr3	60379500	60629500	chr3_60379500	33	250000	0.000488947862600752	49	6.87092548002884e-14	36	1.13797524570783e-05	::N3-1-13::B3-21::N3-14::B-1-6::B-2-14::N-2-14::N-1-6::N-2-21::B-2-27::B-2-23::B-1-7::N-B03::B-B03::B3-11::B3-19::N-1-7::N-2-12::B-2-12::B-A02::N-2-15::N3-2-21::B3-2-21::N3-21::N-3-4::B-3-4::N-A02::N-2-23::B-A07::N3-10::N3-19::N3-4::B-A05::N-A07::	19
chr3	69014600	69264600	chr3_69014600	31	250000	0.00517344679123127	41	1.25923053938175e-08	35	4.10073848477024e-05	::N-1-6::B3-c-28::N3-19::B-2-12::N-2-12::N3-1-13::N3-7::N-2-23::B-2-25::B-2-14::N-2-14::B-A10::N-A10::B-A02::B-B03::N-B03::N-2-21::N3-4::N3-10::B-2-15::B3-1::N3-15::B3-15::B3-21::N3-21::B3-19::N-2-25::N-3-1::N3-11::N-A07::N3-1::	24
chr3	90155900	90405900	chr3_90155900	33	250000	0.000488947862600752	46	7.61781968306815e-12	39	2.06920067990227e-07	::B-2-15::B-A02::B-A07::B3-11::B3-2-21::B-A10::B-A12::B-2-23::B3-8::B-2-27::B-2-14::N3-19::B-2-25::N-B05::B-B05::N3-1-13::B3-5::B3-7::N3-8::B-3-4::N-1-6::N-2-27::N3-16::B3-16::B3-1::B3-2::B3-4::B3-14::B-1-7::N-1-7::B3-21::N3-21::N3-1::	28
chr3	95992100	96242100	chr3_95992100	30	250000	0.016053452185451	38	8.07781639702479e-07	33	0.000488947862600752	::N-B05::N3-13::N3-9::B3-9::B-3-4::B3-c-28::B-2-27::N-A02::N3-12::B-2-25::B3-4::N-A05::N-2-15::B3-1::B3-2-21::N3-4::B-A10::B3-14::N-1-6::B3-15::B-1-6::N-A12::B-A02::N-1-7::B3-19::B-A04::N3-10::B3-1-13::B-2-15::N3-11::	16
chr3	103288500	103538500	chr3_103288500	30	250000	0.016053452185451	35	4.10073848477024e-05	32	0.00161511425464744	::N-2-23::B3-c-28::B-A10::N3-11::B-A07::B3-1::N-2-25::B3-12::B-2-23::B-2-15::B-1-6::B-B03::N-B03::N-B05::N-2-15::B-2-21::B3-7::B3-13::B-2-25::B-2-14::B3-10::N-A12::B3-2-21::N-2-27::B-2-27::B-A05::N3-19::N3-9::N3-4::B3-21::	17
chr3	135406400	135656400	chr3_135406400	30	250000	0.016053452185451	40	5.16792096054931e-08	33	0.000488947862600752	::N-A05::B3-c-28::B-A10::B-B05::N3-13::N3-4::B-A05::B-1-10::N3-10::B3-10::N-2-23::B3-16::B3-4::N3-8::N3-11::B3-7::B3-8::B3-11::B-2-21::B-2-14::N3-16::B3-19::B-2-25::N-1-6::N-2-15::B3-c-9::B3-1-13::B-2-15::N3-9::B-1-6::	17
chr3	152183100	152433100	chr3_152183100	35	250000	4.10073848477024e-05	42	2.99522325644726e-09	33	0.000488947862600752	::N3-19::N-2-12::N3-2-21::N3-1::N3-c-14::B-B05::N3-16::B3-16::B-2-12::N-1-10::B3-19::N-2-23::N3-12::N-2-25::N-B03::N-1-6::N-A05::B-B03::B3-13::B3-1-13::N-2-27::B-2-27::N3-c-28::B3-c-28::B-2-14::N-2-15::B-2-15::B3-5::B3-14::B-2-21::B-1-10::N3-13::B-A10::B-A04::N-A04::	18
chr4	41110800	41360800	chr4_41110800	31	250000	0.00517344679123127	45	3.50764213618844e-11	43	6.95879407944253e-10	::N-2-25::N3-8::N-A05::B3-13::N-3-1::B-3-1::N3-11::B3-2-21::B-1-7::B-2-21::B-A12::B3-19::N3-7::B-2-12::B-2-23::N-2-27::B3-1-13::B-2-14::N3-13::B-B05::N-2-21::N-2-15::B-2-27::B3-11::N3-16::N3-14::B-2-15::N-B03::B3-14::B-A05::B3-7::	16
chr4	82250700	82500700	chr4_82250700	34	250000	0.000143666951562671	51	2.68919033268034e-15	45	3.50764213618844e-11	::B-A07::B-A12::B3-2-21::N3-19::N-A12::B-3-4::B-2-21::N-A07::B-2-15::B3-c-9::B3-19::N-3-1::B3-1-13::B3-15::N-2-21::B3-12::N-2-25::B-2-25::N-B03::N-1-7::B-1-10::B-B03::B-1-7::N3-c-9::N3-1-13::N-2-27::B-2-27::N3-16::B3-16::N-2-14::B-A05::N-A02::N-2-23::B3-4::	20
chr4	130554600	130804600	chr4_130554600	29	250000	0.0482077044576883	44	1.57999077230836e-10	38	8.07781639702479e-07	::B-2-14::N3-2::N-A02::N-2-21::N-3-1::B-3-1::B3-c-28::B-A10::N-1-6::N3-8::B3-12::N-2-15::B-2-15::N3-13::B3-11::N3-11::B-1-4::B3-2::N3-16::B-A05::B3-13::B-1-6::B3-5::B-A07::B3-7::N3-7::N-1-10::B-B05::B3-2-37::	23
chr4	135199300	135449300	chr4_135199300	32	250000	0.00161511425464744	40	5.16792096054931e-08	32	0.00161511425464744	::B3-14::B-2-27::B-3-4::B3-5::B3-4::B3-c-28::N3-13::B3-13::B3-1::N3-1::N-3-1::B-A04::N-A04::B-2-12::N-2-12::B3-7::B-1-7::N3-19::B-A10::N-A10::N-B05::B-B05::B-1-6::B-A05::N-A05::B-A07::B-2-25::N3-11::B-2-21::N-2-23::N-A12::B3-c-9::	26
chr5	20799700	21049700	chr5_20799700	30	250000	0.016053452185451	39	2.06920067990227e-07	36	1.13797524570783e-05	::B-B05::N-1-7::B-2-25::B-3-1::N-2-27::N-1-6::B-2-15::B3-10::B3-7::N3-10::N3-4::N-1-10::B-1-10::B-A10::B-B03::B3-19::N3-19::N-3-4::B-2-27::B3-2-21::B3-4::N-A05::N-A12::B-3-4::N3-11::N-2-14::B-A02::B-1-6::B3-12::B-2-23::	25
chr5	23421800	23671800	chr5_23421800	32	250000	0.00161511425464744	45	3.50764213618844e-11	42	2.99522325644726e-09	::B-1-7::B-A10::B3-7::B3-12::N-2-15::B-2-15::B3-14::B3-1::B3-2-21::N3-11::B3-11::B3-2::N-2-21::B-2-14::B-A05::N-A07::B-3-4::B3-19::B-B05::B-2-25::B3-c-28::B-A07::N-A05::B-A12::N3-10::N-2-27::N-A02::B-1-6::N-2-23::B3-c-9::B-2-21::B3-13::	20
chr5	25263100	25513100	chr5_25263100	36	250000	1.13797524570783e-05	84	1.21842722509715e-42	65	4.98840516281647e-26	::B-2-27::N3-13::B-2-15::N3-21::N3-9::B-A10::N-A05::N3-10::B3-13::B3-7::B3-1::B3-12::N3-12::B3-14::B-1-6::B3-10::N3-1::N-2-25::N-2-15::N-3-1::B-A02::B-1-10::B3-c-9::B-2-25::B3-9::N3-2-21::N-A07::B-3-1::B3-5::N-2-23::B-B05::B-B03::B-2-21::B-2-23::N-B05::N3-19::	42
chr5	28143100	28393100	chr5_28143100	72	250000	6.67281040255286e-32	174	0	28	0.13993978683371	::N-2-23::N3-14::B3-7::N-2-15::N3-4::N-2-25::N3-16::N3-11::N-3-4::N-2-21::B3-c-28::B-2-21::B-2-12::B-2-15::B3-12::B3-c-9::B3-5::N3-15::B3-14::B3-16::B-2-25::B-A10::N-2-14::N-1-7::N-B03::N-B05::N-1-6::N-1-4::N3-c-14::B-A04::B-2-14::B3-15::B-B03::B3-11::B-B05::B-1-7::B-1-10::B-1-6::B-1-4::B-2-23::B-A02::B3-4::B3-13::B-3-4::B3-2-21::B-3-1::B3-2::B3-19::B-A05::B-2-27::B-A07::N-3-1::N3-5::B3-10::B3-1-13::B3-2-37::N-2-12::N3-12::N3-10::N3-7::N-2-27::N-1-10::N-A02::N-A10::B-A12::N3-13::N-A12::N3-21::N3-2-21::N3-9::B3-21::N-A05::	106
chr5	65443900	65693900	chr5_65443900	34	250000	0.000143666951562671	66	7.55076625423657e-27	61	8.13756222959945e-23	::N3-1-13::B-2-15::N-1-7::N-3-1::N-2-21::B3-7::B-A10::B3-2-21::N-2-15::B-A02::B-3-1::B-B05::N3-c-14::B3-13::B-A07::B-2-21::N3-2-21::B3-14::B-2-25::N-A12::N-1-6::B-1-10::B3-c-14::B-1-6::B3-c-28::B3-12::B3-1-13::B-1-7::N3-13::N-1-10::N3-14::B-2-23::N-B05::B-A05::	36
chr5	147333800	147583800	chr5_147333800	30	250000	0.016053452185451	49	6.87092548002884e-14	42	2.99522325644726e-09	::N3-19::N-2-27::B-2-25::B3-13::B3-21::B-A02::B3-c-9::N-2-15::B3-19::N3-2::B-A05::N3-4::N3-c-14::B3-5::B-B03::B-1-7::N-2-23::B-2-23::N-1-7::B3-7::B-3-1::B-A12::B-1-6::B3-c-28::N3-1::B-A10::B-3-4::N3-9::B3-9::B3-14::	25
chr6	28487900	28737900	chr6_28487900	30	250000	0.016053452185451	45	3.50764213618844e-11	43	6.95879407944253e-10	::B-A05::B-A02::N3-19::N-2-14::N-2-23::B3-2-21::N3-2::B-2-15::B3-1::B-1-6::N-A02::B3-19::B3-c-28::B-1-7::B-B05::N3-8::B-2-21::B3-7::N3-12::N3-14::B-A04::B-A10::B-2-23::B-3-4::B3-1-13::B-A07::N-B05::N-2-21::B3-5::N-2-15::	16
chr6	38482800	38732800	chr6_38482800	29	250000	0.0482077044576883	37	3.07258801808748e-06	30	0.016053452185451	::B-B05::N-3-1::N3-4::B3-14::B-1-6::B3-7::N-2-27::N-2-25::N-B03::B-1-7::B-2-25::B3-19::B3-2-21::N3-16::N-3-4::N3-2-21::B-2-14::N-A12::N3-1::B3-1::N3-11::B3-13::N3-13::N-A04::N3-15::B-B03::N3-12::N-1-7::B-2-15::	17
chr6	47455900	47705900	chr6_47455900	32	250000	0.00161511425464744	41	1.25923053938175e-08	35	4.10073848477024e-05	::N3-19::B-2-23::B-2-21::B3-c-28::B-1-10::N-A02::B3-2::B-2-15::B3-15::B3-1::B3-12::B3-14::B3-7::N-3-4::B-2-12::N3-2-21::N-1-7::B-B03::N-B03::N3-13::B-A02::N-B05::N-A10::N-1-6::B-A07::B-2-25::N-2-15::N3-c-9::B3-c-14::B3-c-9::B-B05::N3-16::	18
chr6	103560300	103810300	chr6_103560300	30	250000	0.016053452185451	35	4.10073848477024e-05	17	1212.57289542446	::B-2-27::B-B05::B-1-7::B3-19::N3-8::B3-c-28::N-2-14::N-3-1::N3-13::N-2-12::N3-10::N3-16::N-A05::N3-1-13::N-2-21::N-B05::N-1-7::N-2-15::N-A12::N3-11::N-A02::B3-1::B3-2-21::N-2-23::N3-19::B-A10::B-A07::B3-11::B-3-4::B-2-14::	19
chr6	112971000	113221000	chr6_112971000	36	250000	1.13797524570783e-05	51	2.68919033268034e-15	45	3.50764213618844e-11	::B3-c-28::N3-1::N-2-23::B-1-6::B3-1-13::B-B05::B3-8::N-1-6::B3-c-9::N3-c-9::B-2-12::N3-16::B3-1::B3-c-14::N3-c-14::N-2-15::B-2-21::B-2-15::N3-10::B-A12::B-A07::B-2-23::N-1-4::B-A05::B-2-27::N-2-27::N-2-25::N3-13::N-1-7::B3-2::N3-11::B-2-25::N-1-10::B-B03::N-A05::N3-8::	31
chr6	119792200	120042200	chr6_119792200	33	250000	0.000488947862600752	48	3.37006344226671e-13	39	2.06920067990227e-07	::N3-10::B-A05::B-A04::B-2-15::B-1-6::B3-11::B3-19::N-B03::B3-4::B-B05::N3-19::B-A07::B3-9::B-A12::B3-7::N-2-21::B-2-21::B3-13::N-2-23::N-2-15::N3-4::B-2-12::N-2-12::B-2-14::N-2-14::B3-8::N3-11::N-B05::N3-12::B3-2-21::N3-1-13::B3-1-13::B-2-25::	26
chr6	134435400	134685400	chr6_134435400	31	250000	0.00517344679123127	44	1.57999077230836e-10	40	5.16792096054931e-08	::N-1-7::B3-c-28::N-A04::B-A04::B3-2-21::N3-13::N-2-21::B-2-15::B-2-23::B-A12::B-2-21::N-2-25::B3-7::N3-7::B-2-12::N-3-1::N-2-12::N-2-23::B3-5::N-A02::B3-12::B-1-7::B3-19::N3-16::B3-1::B-1-6::N3-c-9::B-1-10::B-2-27::B-3-1::N-A05::	22
chr7	89953600	90203600	chr7_89953600	29	250000	0.0482077044576883	46	7.61781968306815e-12	30	0.016053452185451	::B-B05::N3-10::B-A02::B-1-6::B-A04::B3-1::N-A02::B-2-21::B3-1-13::N3-11::B3-8::B3-11::N-1-4::B-2-23::B3-c-9::N-2-25::N3-8::N3-16::B3-7::N-3-1::B-3-1::N-2-21::B3-13::B3-10::N3-13::N3-1::B3-2-21::N-1-6::B-1-10::	21
chr7	97586100	97836100	chr7_97586100	29	250000	0.0482077044576883	35	4.10073848477024e-05	33	0.000488947862600752	::B-3-1::N3-1-13::B-B05::B3-14::N3-9::B-A04::B-2-12::N-2-27::B3-8::N3-8::N3-11::N3-7::B3-7::B-A05::N-1-10::B-A10::B3-19::B-2-15::B3-1-13::B3-2::B-2-23::N3-4::B3-4::N-2-21::B-A12::B-A02::N-2-25::B-3-4::N-2-23::	17
chr7	112021000	112271000	chr7_112021000	29	250000	0.0482077044576883	37	3.07258801808748e-06	35	4.10073848477024e-05	::N-A02::B-A02::B-B05::N3-21::B-1-7::B3-13::N-B03::B-B03::B3-1-13::N-2-25::B-A04::B3-8::B-2-14::B3-1::B-1-6::B-1-10::B-2-27::N3-7::N3-4::B3-12::N-2-21::N-2-27::B-2-23::N-1-7::B3-2::B3-10::B3-2-21::B-A07::B3-7::	22
chr7	117990200	118240200	chr7_117990200	29	250000	0.0482077044576883	38	8.07781639702479e-07	34	0.000143666951562671	::N-2-27::B3-12::N-2-25::B-2-14::B-2-23::B-B05::B3-16::N3-16::N3-19::N3-1::B-3-1::N-A05::B-A05::B-3-4::N-1-6::B3-11::B3-1::N-2-23::B-B03::N-2-14::B3-7::N3-11::B-1-10::N3-5::N3-13::N-3-1::N-3-4::B-2-27::B3-1-13::	15
chr7	121641700	121891700	chr7_121641700	39	250000	2.06920067990227e-07	50	1.37283542003438e-14	19	353.857360454793	::N-3-4::N3-5::N3-4::N-A02::N3-13::B-A04::B-B05::B-2-27::N-2-27::B3-1-13::N-2-15::B3-12::B-2-25::B-3-1::N-3-1::N3-9::B3-9::N-2-12::N-2-21::N-A10::N-2-25::N-1-6::N3-16::N-2-14::N-B05::N-1-9::N3-11::N3-21::N-A12::N-1-7::N-A07::N3-2-21::N-A05::N3-2::N-A04::N3-19::N-2-23::N3-14::B-2-21::	39
chr7	136303300	136553300	chr7_136303300	47	250000	1.61922079365026e-12	48	3.37006344226671e-13	6	6055.33557687862	::B-2-15::N-A05::N3-1::N-A02::N-2-12::N3-4::N-2-14::N3-13::N-2-27::N-2-25::N3-9::N-B05::N3-5::N-2-23::N3-8::N-B03::N-A10::N3-1-13::N-3-4::N3-19::N-A07::N-3-1::N3-11::N3-2-21::N3-10::N-2-15::N3-16::N-1-6::N3-2-37::N-2-21::N-A12::N-A04::N-1-10::N3-c-28::N-1-4::N3-21::N3-2::N-1-7::N3-7::N3-c-9::N3-12::N3-c-14::N3-15::N3-14::B-A10::B3-11::B3-2::	46
chr8	25608400	25858400	chr8_25608400	32	250000	0.00161511425464744	39	2.06920067990227e-07	34	0.000143666951562671	::B-2-14::N3-21::N-3-4::B-3-4::B3-21::B3-19::N-A07::B-A07::N-2-15::N3-2-21::N-2-25::B-2-12::N3-8::N3-4::N3-13::N3-10::B-1-7::B-2-21::B-2-15::B-2-27::N-B03::B3-5::N-2-12::B-A02::N3-c-14::B-A12::B-B03::N3-1::B-2-25::B-A05::N-A05::B3-14::	15
chr8	106824400	107074400	chr8_106824400	30	250000	0.016053452185451	37	3.07258801808748e-06	30	0.016053452185451	::B-2-25::N-A10::B-A12::N-3-1::N3-10::N-A12::B-A04::B-1-6::B-1-7::N3-2-21::B-2-14::B3-1::N3-1::N-1-4::N3-5::N-2-23::N3-9::B3-9::B-2-15::N-2-25::B-2-12::N-2-12::B3-2-21::N3-4::N3-16::N-2-21::B3-1-13::N-2-15::B-3-1::N3-21::	21
chr8	107117200	107367200	chr8_107117200	31	250000	0.00517344679123127	46	7.61781968306815e-12	32	0.00161511425464744	::B-A12::B3-1-13::B-A05::N3-16::B3-7::N-2-23::B-2-23::N-B03::B-B03::B-3-1::N3-2-21::N-1-6::N-2-15::N3-12::N-2-21::B3-14::B-2-15::B3-2-21::B-2-21::N3-13::N3-15::N-A05::N-A12::N-B05::B-B05::B-A10::B-2-14::B3-4::B3-16::N3-4::B-1-6::	30
chr8	109673400	109923400	chr8_109673400	40	250000	5.16792096054931e-08	65	4.98840516281647e-26	47	1.61922079365026e-12	::B-1-6::N-A02::B-A10::B-1-7::B-2-25::B-1-4::B3-1-13::N3-1-13::N-2-15::B3-8::N3-8::B3-2-37::N3-19::B-2-21::B-2-14::N-2-14::N-1-6::B3-19::B-A02::N3-11::B3-11::B-2-15::N-2-25::B3-12::N-1-7::B-A12::N-3-1::B-3-1::N3-14::B-B05::N-2-21::N-1-4::N-1-9::B3-c-14::N3-c-14::N-A04::B-A07::B3-14::N3-2-21::N3-4::	31
chr9	3001100	3251100	chr9_3001100	48	250000	3.37006344226671e-13	91	2.96632735262077e-49	30	0.016053452185451	::N3-2-21::N-3-4::N-A05::N-A04::N-A02::N-2-23::N-2-15::N3-16::N-B05::N3-11::B-A02::B-A10::B3-2-21::N3-9::B3-7::N-2-21::N3-19::N-2-12::N3-8::N-2-14::N3-1::N3-5::N-A07::N3-13::N3-2::N-1-10::N-2-27::B3-5::B3-11::B-2-15::B-1-10::B3-10::B3-c-28::B-2-23::B3-1::N-A12::N3-21::N-2-25::N-1-6::N-1-4::N-B03::N3-1-13::N3-15::B-B05::N3-10::B-2-25::N3-c-28::N-1-7::	44
chr9	59333600	59583600	chr9_59333600	33	250000	0.000488947862600752	40	5.16792096054931e-08	38	8.07781639702479e-07	::N3-19::N3-11::N-2-23::N-1-7::B-2-23::B-2-12::N-2-12::B3-12::N-A02::B3-14::N3-14::B-3-1::N3-13::B-2-14::N-A07::N-2-14::N-1-4::B3-15::N-2-15::B3-10::B-2-27::N3-16::B-2-15::B3-2::B-B03::B3-5::B-A10::B3-16::B-B05::B-2-21::B3-19::N3-2-21::N-3-1::	20
chr9	65576300	65826300	chr9_65576300	30	250000	0.016053452185451	34	0.000143666951562671	29	0.0482077044576883	::B-B03::B3-13::B3-1::N-2-14::B3-21::N3-13::B-2-23::B3-10::N3-10::N-B03::N-1-10::B-A04::B-3-4::B3-12::B-B05::B3-15::N-2-25::N-A10::B-2-14::B3-7::B-2-27::N-2-27::B3-c-28::B-2-15::N3-2-21::B-A07::B3-1-13::N3-1-13::N-A07::B-1-7::	18
chr9	66348500	66598500	chr9_66348500	34	250000	0.000143666951562671	44	1.57999077230836e-10	38	8.07781639702479e-07	::N3-1-13::B3-21::N-2-21::B-3-4::B3-11::B3-1::N-B05::B-B05::B3-1-13::N3-8::N-1-6::B-2-15::N3-4::B3-19::N3-16::N-2-27::B3-7::B3-15::N3-15::B-1-7::B-2-14::N3-13::B-1-6::B3-9::N3-9::N-2-23::B3-8::B-A07::N3-19::N-2-15::B3-14::B-A02::B-2-21::N3-1::	24
chr9	70449700	70699700	chr9_70449700	36	250000	1.13797524570783e-05	50	1.37283542003438e-14	42	2.99522325644726e-09	::B3-1-13::B-A07::N3-1-13::N-A07::B-B05::N-A05::B3-7::N3-2-21::N3-c-9::B3-c-9::N-3-4::B-1-7::N-B05::B-3-1::N-3-1::B-2-23::N-2-15::N-2-21::B-2-15::B-A10::B3-c-28::N-1-6::B-2-21::B3-5::N3-10::B-A02::N3-16::N-2-27::B-2-27::B-2-25::N-2-25::B-1-10::N3-19::N3-13::N3-9::B3-2-21::	25
chr9	71840700	72090700	chr9_71840700	34	250000	0.000143666951562671	59	2.98420686207478e-21	50	1.37283542003438e-14	::B-2-14::B-1-7::B3-14::B3-12::B-2-25::N-2-12::B-2-12::B-A10::B3-11::B-2-21::B-3-1::N-A05::N-A07::B-A05::B-A12::N-A12::N-1-7::B3-2::N3-13::B3-5::N-2-15::B-1-6::N-1-4::N-B03::N-2-14::B3-2-21::N-2-25::B3-1-13::N3-1-13::N-1-6::B-2-15::B3-1::N-B05::B-3-4::	35
chr9	100465100	100715100	chr9_100465100	29	250000	0.0482077044576883	39	2.06920067990227e-07	33	0.000488947862600752	::B-A12::N-3-1::N-A05::N-A10::B3-19::N3-13::N-A02::B-A02::N3-8::B3-9::N-2-14::N3-9::N-1-7::B-1-6::B-A10::N-A07::B-A07::N3-5::B3-7::B3-1::B-A04::N-2-12::B-2-12::N-2-25::B-2-25::N3-16::B-1-7::B-3-1::B-B03::	16
chr9	107738000	107988000	chr9_107738000	37	250000	3.07258801808748e-06	59	2.98420686207478e-21	48	3.37006344226671e-13	::B3-13::B-A04::N-2-25::B-2-25::B-2-23::N-2-21::N3-11::B3-11::N3-4::B-A05::B-B03::N-A07::B-1-7::B3-5::B-1-4::N-1-7::B-A12::B3-16::B-2-15::N3-7::B3-4::N-A12::N-2-15::B-2-21::N3-1::B3-1::B-1-6::B-3-4::N-1-6::N-A02::B-A02::N3-13::B-A07::N3-16::N3-c-14::N3-10::B3-1-13::	31
chr9	108402000	108652000	chr9_108402000	29	250000	0.0482077044576883	36	1.13797524570783e-05	30	0.016053452185451	::N-A05::B-A07::N-B03::B-B03::B3-21::B-B05::B-1-10::N-A07::B3-13::N-2-25::N-1-6::B3-1::N3-1::N-2-23::B3-10::B-3-1::B-A10::N-2-21::B-2-21::B-2-23::B3-16::N-2-15::B3-c-9::N3-4::B3-4::N3-10::B-1-7::N-1-7::N3-c-9::	15
chrUn_GL456393	200	250200	chrUn_GL456393_200	42	250000	2.99522325644726e-09	63	2.07925889098319e-24	52	5.16644058673297e-16	::B3-11::N-2-23::N-B03::N3-1::N3-8::N-A05::N-2-25::N3-10::N-A04::N3-21::N3-1-13::N3-19::N-3-4::N3-14::N3-2-21::N-2-15::B3-14::B-1-10::B-1-7::B3-7::N3-4::N-2-21::N-B05::N3-16::B3-15::N3-13::B-1-6::B-B05::B-2-21::B-3-1::N-1-7::B-A07::N3-c-28::B-A12::B3-21::B3-1::B-A04::N-1-6::B-2-15::N3-11::B3-19::N3-c-14::	33
chrUn_GL456394	1000	251000	chrUn_GL456394_1000	33	250000	0.000488947862600752	46	7.61781968306815e-12	44	1.57999077230836e-10	::B3-14::B-1-10::B-1-7::B3-7::N3-4::N-2-21::N3-19::N-B05::N3-16::B3-15::N3-13::N-2-23::B-1-6::B-B05::B-2-21::N3-1::N-2-15::B-3-1::N-1-7::B-A07::N3-c-28::B-A12::N3-2-21::B3-21::B3-1::B-A04::N-1-6::B-2-15::N3-8::N3-11::B3-19::N-3-4::N3-c-14::	20
chrUn_GL456396	5600	255600	chrUn_GL456396_5600	33	250000	0.000488947862600752	44	1.57999077230836e-10	42	2.99522325644726e-09	::B3-14::B-1-10::B-1-7::B3-7::N3-4::N-2-21::N3-19::N-B05::N3-16::B3-15::N3-13::N-2-23::B-1-6::B-B05::B-2-21::N3-1::N-2-15::B-3-1::N-1-7::B-A07::N3-c-28::B-A12::N3-2-21::B3-21::B3-1::B-A04::N-1-6::B-2-15::N3-8::N3-11::B3-19::N-3-4::N3-c-14::	18
chrX	18168500	18418500	chrX_18168500	38	250000	8.07781639702479e-07	63	2.07925889098319e-24	48	3.37006344226671e-13	::N-2-21::N-A04::N-1-6::N3-8::B3-8::B-1-6::N-B03::B3-1::B3-15::N-A02::B-2-14::B3-19::B3-12::B-A05::B-A10::B3-7::N3-7::B3-5::N3-c-9::B3-c-9::B3-1-13::B3-2::B-A02::N-2-15::B-2-23::N3-c-14::B-2-15::N-3-1::N3-12::B-A07::B-3-1::N-A05::B-1-7::N-2-23::N3-1::N-1-7::B3-11::N3-16::	24
