chr10	20082100	20343100	chr10_20082100	27	261000	0.00424258537306053	30	8.58552127669733e-05	29	0.000326049448083986	::B3-17::B-A11::N-B04::N3-1-2::N-B11::N-A11::B3-1-15::B-B02::N-2-17::B3-2-36::N3-1-15::N3-6::B-2-26::B3-6::B-1-2::N-1-2::N-A03::B3-18::B3-1-2::B3-1-3::N-B09::B-B09::B-A01::N-B02::N-2-26::N-B10::N-A01::	19
chr10	67088900	67349900	chr10_67088900	25	261000	0.0477264128985298	35	6.7797919373733e-08	33	1.29286869351516e-06	::N-B08::B3-1-15::B3-2-2::B-B11::B3-1-2::N-2-17::B-2-17::B3-6::N3-1-5::N3-2-36::N-B11::N-A11::B-1-2::B-A03::N-1-2::N-B07::B-B07::N3-2-2::B3-3::N-A01::B-B09::N3-6::B-B10::B3-18::B3-1-11::	21
chr10	108119800	108380800	chr10_108119800	28	261000	0.00119695276730913	45	5.54219363088087e-15	31	2.18780912386091e-05	::B3-1-11::N-A01::N-B04::N-B09::N3-1-5::B3-1-15::B-A03::N-A08::N3-1-15::N-A03::N-1-2::B3-3::B-B11::B3-1-2::B3-2-22::B3-6::B-B10::N-B10::B3-1-3::B-2-17::N-B08::B-A08::B3-17::B-B09::N-B02::B-B04::B-2-9::N3-2-36::	22
chr11	23203400	23464400	chr11_23203400	28	261000	0.00119695276730913	46	9.51761903996619e-16	40	2.64135160929319e-11	::N3-2-36::B-B11::B-A01::N-A01::B3-c-32::B3-18::N-B08::N3-17::B-B09::B3-2-22::N3-6::N-B02::B-B07::N-A03::B3-6::B3-17::N-2-17::B-1-2::B3-c-10::B3-2-2::B-B04::N-A08::N-1-2::N3-2-2::N3-3::B-2-26::N-A11::B3-2-36::	26
chr11	54511000	54772000	chr11_54511000	28	261000	0.00119695276730913	39	1.33746293191426e-10	29	0.000326049448083986	::N-A03::B-A03::N-B04::B3-2-22::B-1-2::N3-1-15::N-A08::B3-1-15::B-A08::B-A11::N-A11::B-A01::B-2-17::B3-1-3::N3-1-11::B-B10::B3-6::B3-17::B-B04::N3-18::B3-2-2::B-B02::N3-1-2::B3-1-2::N-A01::B3-18::N-B11::N-B09::	22
chr11	60108100	60369100	chr11_60108100	27	261000	0.00424258537306053	35	6.7797919373733e-08	32	5.40087225246065e-06	::B-A11::N-B08::B3-1-15::N-1-2::N3-1-3::B3-3::B-2-9::B3-17::B-B02::B-1-2::N-B09::B-B11::N3-2-36::N3-1-5::B3-1-5::N3-2-7::B3-2-36::B3-18::N-B02::N-B11::B3-2-7::N3-2-2::B3-1-3::N-A08::N3-1-15::B-B07::B-B09::	13
chr11	74655800	74916800	chr11_74655800	25	261000	0.0477264128985298	36	1.48771012781334e-08	29	0.000326049448083986	::B-B10::N3-3::B-B02::B3-1-15::B3-1-2::B-A01::B-B04::N-B04::B3-2-2::N3-1-5::B3-1-5::N-B07::N3-1-2::B-B07::N-B11::N-B02::B-1-2::N-A01::N-2-17::B3-18::B-B09::B3-2-22::N3-6::B3-17::B-A11::	17
chr11	77362700	77623700	chr11_77362700	27	261000	0.00424258537306053	42	9.57198431518701e-13	34	3.00386185774038e-07	::B3-18::N-2-9::B-A08::B3-1-2::B-2-17::N-2-17::B3-6::N3-1-15::B-1-2::N-A01::N3-1-5::B3-2-2::B3-3::B-B10::B3-1-15::B-B02::N-B07::B3-2-36::B3-17::N3-17::N-1-2::B-A01::N-A11::B-A11::N3-3::B-B11::N-B08::	21
chr11	79240100	79501100	chr11_79240100	26	261000	0.0145007311411723	45	5.54219363088087e-15	40	2.64135160929319e-11	::B3-1-15::B3-2-36::B3-17::N-A03::N-B08::N3-1-2::B-1-2::B-A11::N-A11::B3-3::B-B11::B-A08::N3-1-5::N3-2-2::N-A01::N-B10::N3-3::B3-2-7::N-B07::B-B02::N3-1-11::B3-1-11::B3-1-3::B3-18::B-B09::B3-c-10::	23
chr11	86489500	86750500	chr11_86489500	26	261000	0.0145007311411723	40	2.64135160929319e-11	32	5.40087225246065e-06	::B3-1-2::B3-2-36::N3-6::N3-3::B3-3::N-B07::N-B10::B-1-2::N-1-2::B3-17::B-A08::N-A11::N3-2-36::N-B04::B-B02::N-2-17::B-B11::B-B10::B3-6::B3-2-7::N3-2-7::B3-2-2::B3-1-3::N-B11::N-2-26::B-2-26::	23
chr13	24040300	24301300	chr13_24040300	26	261000	0.0145007311411723	42	9.57198431518701e-13	35	6.7797919373733e-08	::N3-1-2::B-A03::B3-1-15::B-A08::N3-1-15::N-A08::N-A03::N3-17::N-B11::N-2-17::B-2-17::B3-2-22::N3-2-22::B-B02::N3-1-3::B3-1-3::B3-17::B-A11::N-B08::B3-2-7::N3-6::B-2-9::N-2-26::B3-1-11::B3-6::N3-2-2::	26
chr13	103701200	103962200	chr13_103701200	27	261000	0.00424258537306053	42	9.57198431518701e-13	31	2.18780912386091e-05	::B-1-2::B3-1-15::B3-2-22::B-A08::B-A03::N3-2-7::N3-c-10::B3-2-7::N-B11::N-B02::B-B09::N3-1-2::B-B10::B3-2-36::N3-1-15::N-A03::N3-6::B-2-9::B3-17::B-B11::N-B08::B-B08::B3-3::N-B09::N-B04::B3-6::N3-2-36::	14
chr14	19288700	19549700	chr14_19288700	33	261000	1.29286869351516e-06	49	4.24430421144183e-18	26	0.0145007311411723	::B-A08::N-B09::B-B02::B3-6::N-A03::N-A01::N3-6::N3-1-3::N3-3::N3-2-36::B3-2-36::N3-1-15::N3-18::N3-1-5::N-B11::N3-2-22::B3-2-2::N3-17::N3-1-11::B-B04::N-2-17::N-B02::N-2-9::B-B11::N-B10::B3-3::N-1-2::B3-17::N-B04::N-B08::N-B07::N-A08::N3-2-7::	35
chr14	30973900	31234900	chr14_30973900	26	261000	0.0145007311411723	38	6.60300927279913e-10	32	5.40087225246065e-06	::B3-1-11::B3-17::B-B09::N-B04::B3-c-10::N-A01::N3-1-5::N-2-17::N3-1-3::B3-1-3::N-B11::B-B11::B3-1-2::N-B02::B-B07::N-B07::N-B10::N3-c-10::B-B10::B-A08::B3-6::N3-1-2::N-A11::N3-3::B3-2-2::N3-18::	19
chr14	73159100	73420100	chr14_73159100	25	261000	0.0477264128985298	55	4.94148391940002e-23	38	6.60300927279913e-10	::N-2-17::N-B09::N-A01::N3-1-15::B3-1-15::N-B02::B-B11::B-A08::N-B11::B-A03::N-A03::N-A08::B-B02::B3-3::N3-2-7::B3-2-22::B-A01::B3-c-10::N3-c-10::B-B04::N-B04::B-A11::B-B07::N3-1-5::B3-1-5::	44
chr15	8199000	8460000	chr15_8199000	27	261000	0.00424258537306053	34	3.00386185774038e-07	33	1.29286869351516e-06	::B3-2-2::B3-2-22::B-B07::N-A08::B-B10::B-B04::B3-18::B-A08::N3-c-32::B3-2-36::N-B04::N-B08::B-2-17::N-2-17::B-B02::B3-1-11::B3-c-10::B-1-2::B-B08::N-A11::B-2-26::N3-6::B3-17::N3-2-36::B-B11::B-A11::B3-6::	24
chr15	12122200	12383200	chr15_12122200	26	261000	0.0145007311411723	39	1.33746293191426e-10	33	1.29286869351516e-06	::B3-2-36::N3-2-36::B3-c-32::B-B11::B-B08::B3-6::N-B02::N-B04::N-B08::N-B09::N3-1-3::N3-1-11::N-A11::B-B02::B-A08::B-B07::N-B07::B-1-2::N-2-26::B3-2-2::N-A01::B-A01::N3-2-22::B3-1-5::B3-3::N-1-2::	21
chr15	77070100	77331100	chr15_77070100	31	261000	2.18780912386091e-05	45	5.54219363088087e-15	35	6.7797919373733e-08	::N-B08::B-B10::B-1-2::B3-2-2::N3-17::B3-1-5::B3-2-7::N3-2-7::B-B04::B3-3::B-A11::N-B07::B-B08::N3-1-2::B-B07::B3-1-2::B-A03::N-B02::N3-1-15::N-A08::B3-2-36::B3-6::N-B11::B3-1-15::N3-6::N-1-2::N3-1-5::B3-2-22::B-A08::N-A03::B-B02::	21
chr15	80671100	80932100	chr15_80671100	30	261000	8.58552127669733e-05	56	6.97065861007372e-24	47	1.59968662470474e-16	::B-B08::B3-6::B3-1-11::B-B09::N-B04::N-B10::N-B09::B3-1-2::B3-17::B-B11::B3-1-3::N3-1-3::N-B08::N3-17::B-A03::N3-6::B-A11::N-A11::N-1-2::N3-1-5::N3-1-2::B-A08::B3-2-22::B-B04::B3-1-5::B-B07::B-1-2::N3-2-22::N-A01::B-B10::	27
chr15	99819100	100080100	chr15_99819100	27	261000	0.00424258537306053	34	3.00386185774038e-07	30	8.58552127669733e-05	::B-A08::B3-17::N3-17::N3-2-22::B3-2-22::B3-c-10::N-1-2::B3-1-11::N3-2-36::N-B02::N3-2-2::N-B11::N3-1-5::N-A08::B3-1-15::N3-1-15::N-2-17::N-B10::B3-2-2::B-2-17::N-B07::B-A11::B-B07::B-B09::B3-6::N-A11::B-A01::	13
chr16	94393400	94654400	chr16_94393400	26	261000	0.0145007311411723	32	5.40087225246065e-06	28	0.00119695276730913	::B3-1-3::N3-2-7::B-A08::B3-2-36::B-B02::B-B10::B-B09::N3-6::N-B09::N-B07::B3-6::B-A01::N-A01::N3-2-22::N3-1-5::B-B07::B-1-2::N-1-2::N-B08::B3-2-2::N3-2-2::N-B04::B-A11::N-A11::N-B02::N-B10::	21
chr17	5075900	5336900	chr17_5075900	31	261000	2.18780912386091e-05	46	9.51761903996619e-16	39	1.33746293191426e-10	::N-B08::B-B02::N3-17::B-B08::B3-2-36::B-A11::N-A11::N-B09::B-B09::N3-6::B3-6::B3-17::N3-1-3::B3-18::B-1-2::N-2-17::B-A08::N3-1-15::N-A01::B-B07::N-B07::B3-3::N3-3::N-B11::B-B11::N-A08::B3-1-3::N3-1-2::B-2-17::B3-c-32::N3-1-5::	18
chr17	32126500	32387500	chr17_32126500	26	261000	0.0145007311411723	37	3.17629659938659e-09	33	1.29286869351516e-06	::B3-1-3::B3-3::N3-1-15::N3-1-11::B-A08::B-1-2::N3-c-10::N-B10::N-A01::B3-17::B-B07::B-A03::B-B02::B3-1-2::N3-1-2::N-B08::B-2-17::N-2-17::N-B09::N3-1-5::B3-6::N3-6::N3-3::N3-2-2::B3-1-11::N-1-2::	21
chr18	9972400	10233400	chr18_9972400	26	261000	0.0145007311411723	31	2.18780912386091e-05	26	0.0145007311411723	::B-B10::N-B02::B-A03::N-A01::B3-2-7::N3-2-7::N-A11::B-B04::B-A08::B3-2-22::N3-3::B3-3::B-B02::N-B11::B-B11::N3-2-2::N3-1-5::N3-2-22::N-B08::N3-1-2::B3-18::N-1-2::B-1-2::N3-1-3::N-2-17::B3-6::	11
chr19	16136600	16397600	chr19_16136600	30	261000	8.58552127669733e-05	44	3.15711029584406e-14	39	1.33746293191426e-10	::B3-3::N-A01::N-2-9::B-A01::N-B07::N-B10::B-B07::N3-1-2::N-B04::N3-18::N3-2-7::B-A11::B3-17::N-B09::B-B11::B3-6::B3-2-22::B-B02::B-B04::N3-1-15::B3-18::B-A08::B-B09::B3-1-2::N-B02::B3-2-36::B-2-9::B-1-2::N3-1-5::N3-2-36::	20
chr2	17982800	18243800	chr2_17982800	31	261000	2.18780912386091e-05	48	2.63268034058152e-17	41	5.08916831422752e-12	::N-2-17::B-B07::B3-18::B-A08::B-2-17::B-1-2::B3-6::N3-2-36::B3-2-2::N-B04::N-A11::B-B02::B3-3::B-B11::N-A01::B-B10::N3-1-5::N-A03::N3-6::N-B08::B3-17::B-A01::N3-18::B3-1-11::B3-1-2::N-B07::N3-1-2::B3-2-36::N-B02::B3-1-3::B3-1-15::	23
chr2	31579900	31840900	chr2_31579900	25	261000	0.0477264128985298	35	6.7797919373733e-08	29	0.000326049448083986	::N3-17::B-B09::N-B09::N3-1-11::B3-1-11::N-B08::N3-2-36::B3-2-36::N3-1-2::B-A01::N-A01::B-B10::B-B02::N3-3::N-B02::B3-17::B-1-2::B3-2-22::N3-2-22::N-B10::B3-3::N-2-9::B-A08::B3-1-2::B3-2-2::	12
chr2	49456000	49717000	chr2_49456000	26	261000	0.0145007311411723	39	1.33746293191426e-10	35	6.7797919373733e-08	::B-B02::B3-c-10::N3-2-22::N-B04::B-A11::N-A11::B-2-26::B3-18::N3-2-7::B3-2-22::N3-1-3::N-A01::B-A01::B-B08::N-B08::B-B11::B-B10::N3-1-15::N3-1-2::N-B10::B3-3::B-A08::N3-1-5::B-B07::N3-2-36::B3-2-36::	19
chr2	98439800	98700800	chr2_98439800	50	261000	6.70565112002094e-19	332	0	33	1.29286869351516e-06	::B-A01::B3-17::B3-2-36::B-1-2::N3-2-36::N-A08::B-A08::N3-2-2::N-1-2::N-A01::N-B07::N3-6::N-B10::N-2-26::N-A11::N-B04::N-B09::N-B08::N-B11::N3-2-7::N-A03::N3-1-11::N3-18::N3-1-15::N3-17::N3-1-3::N-2-17::N3-1-5::N-2-9::N-B02::B-B02::N3-2-22::N3-1-2::B3-1-11::B3-2-7::B3-6::B3-2-2::B3-1-2::N3-3::B-B07::B-B11::B-B10::B3-1-3::B3-2-22::B-B08::B3-1-5::B-B04::N3-c-10::B3-1-15::B-A11::	157
chr2	154669100	154930100	chr2_154669100	25	261000	0.0477264128985298	33	1.29286869351516e-06	32	5.40087225246065e-06	::N3-3::B-A11::N-B10::B-2-9::N-B02::N3-18::B3-2-36::B-B10::B-B09::B3-18::B3-1-11::B-A03::B-A01::N-B04::B3-2-7::B-B04::B-B02::N3-2-22::N-B08::N3-1-5::N-2-9::N3-1-11::B3-c-10::B3-6::B-B07::	17
chr3	51220200	51481200	chr3_51220200	28	261000	0.00119695276730913	43	1.75848220115036e-13	38	6.60300927279913e-10	::B-B10::N3-2-7::B-B09::B3-17::N3-1-2::N3-1-15::N3-18::B-B07::B3-1-2::N-B07::N-B04::B-B04::N3-1-5::B3-18::N-2-17::B3-1-11::B-B08::N3-3::B3-1-5::B-1-2::B-B02::B3-3::N-1-2::B-2-9::B-2-26::N3-1-3::N-A01::B-A03::	18
chr3	68971600	69232600	chr3_68971600	25	261000	0.0477264128985298	40	2.64135160929319e-11	35	6.7797919373733e-08	::B3-1-2::N3-1-3::N3-2-2::B-B09::B3-3::N-B10::B-B10::B-1-2::B-A08::N-B07::B-B02::B-2-17::N-A08::B3-c-10::B-B04::B3-1-3::B3-6::N-B09::N-B08::B-A01::N3-18::B-B08::N-2-17::N-A01::B-B11::	21
chr3	88852400	89113400	chr3_88852400	25	261000	0.0477264128985298	36	1.48771012781334e-08	29	0.000326049448083986	::N-1-2::B3-1-15::B-B02::B-B07::B3-18::B-B08::B3-6::B-B10::N3-18::N3-1-2::B3-1-2::N-B08::B-B09::B3-2-36::N-B02::N3-1-3::B3-1-3::B3-1-11::N3-1-11::B-A08::B3-3::N3-6::B3-17::N-B07::B-1-2::	16
chr4	130647100	130908100	chr4_130647100	25	261000	0.0477264128985298	31	2.18780912386091e-05	24	0.151040824848049	::N3-17::B-B02::N-B10::B-B10::B-B07::N-A01::B3-17::N3-1-2::N-A08::B-A08::B3-2-36::N-B02::B-2-9::B3-1-11::B-1-2::N-B07::N-A11::N-B09::B-B09::B3-2-22::N3-2-22::N3-1-5::B3-1-5::N-B04::B3-18::	12
chr4	136329900	136590900	chr4_136329900	26	261000	0.0145007311411723	40	2.64135160929319e-11	28	0.00119695276730913	::B3-1-11::B-B11::N-B04::B-B04::B-B08::B-A01::N-B07::B3-c-32::N-A01::B-B07::B-2-26::N-2-26::N3-1-3::N3-18::B3-2-36::B3-1-15::B-A08::B-A03::N3-1-15::N-A08::N-A03::B3-17::B3-6::N-B08::N3-1-5::B3-2-2::	25
chr5	25268300	25529300	chr5_25268300	39	261000	1.33746293191426e-10	158	9.61297341906413e-138	110	9.22285606629549e-79	::B3-6::N3-2-22::B-A11::B3-2-7::B-B09::N3-2-7::N-2-17::N-2-9::B-2-9::B3-1-2::B-1-2::N3-2-2::B3-2-2::N3-1-3::B-2-17::N3-1-15::B3-1-15::B3-2-36::B-B02::N-B02::N-A03::B-B10::B-B07::B-A08::B-A03::N-A08::B-B08::B3-18::B3-1-11::N3-1-11::N3-1-2::N-B07::N-B10::B3-1-3::B3-2-22::N-B08::B3-17::N3-1-5::N3-2-36::	102
chr5	122292600	122553600	chr5_122292600	25	261000	0.0477264128985298	37	3.17629659938659e-09	29	0.000326049448083986	::N3-1-2::N3-1-3::N-B08::N3-2-2::B-B04::B-B10::B-A11::N-A11::N-B02::B-A08::B-A03::B3-1-15::N-A08::N3-1-15::N-A03::B3-2-36::N-B09::B3-1-3::B-A01::N-A01::B-B02::N-1-2::B3-3::B3-6::B-B09::	23
chr6	83787100	84048100	chr6_83787100	25	261000	0.0477264128985298	30	8.58552127669733e-05	29	0.000326049448083986	::B3-17::B-B04::N3-17::N-B07::N3-18::N-B08::B3-1-11::B3-2-36::N-2-17::N-2-26::N3-1-15::B-A08::N3-2-7::B-A01::N-B04::B3-1-2::B-1-2::N-A01::B-B09::B-B10::N3-2-36::B3-c-10::N-2-9::B-2-9::N3-1-11::	16
chr7	89954000	90215000	chr7_89954000	26	261000	0.0145007311411723	38	6.60300927279913e-10	35	6.7797919373733e-08	::N-A03::B-A03::B-B04::N-B04::B-B11::N-1-2::B-B09::N3-1-15::B-1-2::B-B02::B3-17::N-B09::B-A08::N-B02::B-B07::N3-c-32::N-A11::B3-6::N3-2-2::B-B10::N-A01::B-A01::B-A11::B3-2-36::N3-6::B3-1-11::	18
chr7	121581600	121842600	chr7_121581600	32	261000	5.40087225246065e-06	45	5.54219363088087e-15	19	25.0428139412797	::B3-2-36::N3-6::B-B07::N3-18::B-B10::B3-2-22::N-2-17::N-B09::N-1-2::N3-2-36::N3-1-11::N-B04::B-2-9::B3-c-32::B-B04::N3-1-15::N3-2-22::N3-1-2::N-A11::N-B07::N-B08::N-2-9::N-2-26::N-B11::N3-2-7::N-B02::N-B10::N3-c-10::N3-3::N3-1-3::N3-1-5::N3-17::	37
chr7	136154600	136415600	chr7_136154600	35	261000	6.7797919373733e-08	43	1.75848220115036e-13	14	1135.91837596244	::N3-1-3::N-2-17::N3-1-15::N3-6::B-B04::N-B07::B-2-17::B3-18::B3-6::B-B09::N3-c-10::N-B11::N3-2-36::N-A08::N-2-9::N-2-26::N-B04::N3-17::N-B09::N-A11::N-B02::N3-1-11::N3-1-5::N-A01::N-1-2::N3-2-7::N3-2-2::N3-c-32::N-A03::N-B10::N3-3::N-B08::N3-1-2::N3-2-22::N3-18::	35
chr8	109669800	109930800	chr8_109669800	26	261000	0.0145007311411723	42	9.57198431518701e-13	35	6.7797919373733e-08	::B-2-9::N3-17::B3-c-10::N-B08::B-B10::N-B10::N3-18::B3-1-3::B3-1-2::N-B07::N3-1-11::N-B11::N3-1-5::B3-2-36::B-B07::N3-1-2::N-2-17::B-2-17::B-B02::N3-2-36::B3-c-32::B3-2-7::B3-18::B3-17::B3-2-2::B3-2-22::	22
chr9	3000100	3261100	chr9_3000100	33	261000	1.29286869351516e-06	61	3.00372478460095e-28	20	9.89139591485429	::N-A08::N-B08::B-B02::N-B07::N-2-17::N3-18::N3-6::B-B11::N-B11::N-A11::N3-2-22::N-A01::N-B04::N-2-26::N3-2-7::N3-1-3::N-B10::N3-1-15::N3-17::N3-2-2::N3-1-5::B-B10::N-B02::B3-17::B3-2-22::B-A08::N3-2-36::N3-1-2::B-B09::N-A03::B-2-17::N-B09::N3-1-11::	28
chr9	21432600	21693600	chr9_21432600	26	261000	0.0145007311411723	47	1.59968662470474e-16	42	9.57198431518701e-13	::B-B07::B-B08::N-B08::N-2-17::B-B10::B-1-2::N3-2-7::N-1-2::B-B04::N3-1-5::N3-17::N3-2-36::N-B07::N-2-9::B-2-9::N-B04::N3-18::B3-3::B-A08::B3-1-15::B3-1-2::B3-18::B-B02::N-A08::N-B02::N-B09::	24
chr9	35102200	35363200	chr9_35102200	25	261000	0.0477264128985298	31	2.18780912386091e-05	22	1.33605555820398	::B-B10::B3-1-11::N-B09::B-1-2::N-1-2::B3-2-36::B-A03::B-A08::B3-2-22::B3-3::N3-1-2::B3-c-32::B-2-9::B3-17::B3-1-15::B-B11::N3-1-11::N3-1-3::N3-18::N3-1-15::N-B04::N-B11::N-B07::N3-1-5::N-A11::	16
chr9	66340300	66601300	chr9_66340300	27	261000	0.00424258537306053	38	6.60300927279913e-10	36	1.48771012781334e-08	::N-B04::B-1-2::B3-2-36::N3-2-22::B3-6::N3-2-36::B3-3::N-B08::B-B07::N-B07::B3-17::B-B10::B3-18::B3-2-22::N3-18::N3-17::B-2-17::B-A01::B-A08::B-B09::B3-1-2::N-1-2::N-2-17::N3-c-10::N-B10::N-A11::N-B11::	21
chr9	70317100	70578100	chr9_70317100	31	261000	2.18780912386091e-05	39	1.33746293191426e-10	37	3.17629659938659e-09	::B-A11::N-B04::B3-2-2::B-B07::B-B02::N-B02::N3-2-2::B3-2-36::B-1-2::N3-1-3::N3-1-11::N-A11::B-B09::B3-6::B3-1-3::N-1-2::B-A01::B3-3::B3-1-5::B-B10::B-A08::N-A03::B3-1-11::N3-1-5::B-B04::N-B07::N-B11::B3-2-22::N-B09::N3-17::B3-18::	22
chr9	71864700	72125700	chr9_71864700	39	261000	1.33746293191426e-10	66	8.61614310832111e-33	54	3.44045294005658e-22	::B3-2-36::N-A03::N3-2-2::N-B11::B3-1-2::N3-1-2::B-B10::B-A11::N-B08::B-A01::N-B09::B-B08::N3-18::B3-17::N-A11::B-2-17::N3-2-36::N3-c-32::B-B02::B3-18::B3-6::N3-1-11::N-B10::N-B04::N-2-17::B3-c-10::N3-17::B-B11::N3-1-3::B3-1-3::B-1-2::B-B04::B3-1-5::N3-1-5::B3-2-2::B3-3::B-2-9::N-1-2::B3-2-7::	45
chr9	72510100	72771100	chr9_72510100	27	261000	0.00424258537306053	35	6.7797919373733e-08	30	8.58552127669733e-05	::N-1-2::N3-1-3::B3-17::B-B10::B-B02::N-B08::B3-6::B-2-9::N3-2-2::B3-2-2::N3-2-7::N-A01::N-B10::N-2-26::N3-18::N3-1-11::B-A08::B3-2-22::B3-1-2::B3-2-36::N3-2-36::N3-6::N-B02::B3-3::N3-3::N-A08::B3-c-10::	22
chrUn_GL456390	0	261000	chrUn_GL456390_0	38	261000	6.60300927279913e-10	80	2.41502554476139e-46	58	1.31576967436987e-25	::B3-18::N3-6::N3-1-2::N3-2-7::N3-1-3::B3-3::N-2-17::N3-2-2::N3-17::N-B09::N-A03::N3-1-15::N3-3::N-B08::N-B04::N-A08::N-A01::N-B10::N3-1-11::B-1-2::N3-2-22::N3-2-36::N3-18::N-B11::N-B02::B-A08::N3-1-5::B3-2-7::B-B02::B3-17::N-A11::B3-6::B-A03::B3-2-22::B-B11::N-2-26::B3-1-2::B-B04::	47
chrUn_GL456393	1400	262400	chrUn_GL456393_1400	32	261000	5.40087225246065e-06	52	1.57788861602755e-20	41	5.08916831422752e-12	::N3-2-36::N3-18::N-2-17::N3-1-3::N-B11::N-B02::N3-1-2::N3-2-2::B-A08::N3-1-15::N3-1-5::B-1-2::N3-6::B3-2-7::N-B10::N-B08::B-B02::B3-3::N-A03::B3-17::N-A11::B3-6::N-A01::B-A03::B3-2-22::B-B11::N-2-26::N-B09::B3-1-2::B-B04::N-A08::N3-17::	27
chrX	18123700	18384700	chrX_18123700	29	261000	0.000326049448083986	64	5.92326670025919e-31	50	6.70565112002094e-19	::N-B04::N3-3::B3-1-11::B-B07::N-A01::B3-2-36::B-A08::N-B09::B-B09::B-1-2::N3-2-7::B3-2-7::B-B10::N-B10::B-B04::B3-17::N-1-2::B-2-26::N3-1-2::B-A11::N-A11::N-2-17::B-2-17::N3-17::N-B08::B3-3::N3-1-5::B3-1-2::N-2-9::	27
