chr10	42605000	42816000	chr10_42605000	11	211000	3.84396789752809e-05	11	3.84396789752809e-05	8	0.0499413348192466	::N3-c-32::B-2-25::N-2-25::B-A11::N-A11::N-B02::B3-12::N3-6::B-2-21::N-A07::B-A07::	6
chr10	67131100	67342100	chr10_67131100	8	211000	0.0499413348192466	8	0.0499413348192466	6	3.3523161737387	::N3-15::B3-15::B-3-1::N-1-10::B-B07::N-A02::B-A02::B3-c-14::	2
chr10	78161400	78372400	chr10_78161400	10	211000	0.000462935874378868	10	0.000462935874378868	9	0.00506838079580931	::N3-3::N-A01::N3-6::B-1-4::B3-c-10::N3-c-10::N-B03::N-B10::N-3-4::N-A10::	4
chr10	93008000	93219000	chr10_93008000	8	211000	0.0499413348192466	9	0.00506838079580931	6	3.3523161737387	::N3-13::B3-13::B3-12::B3-3::N3-3::N-2-21::B-2-21::B-1-2::	4
chr10	108173700	108384700	chr10_108173700	12	211000	2.92583685569071e-06	14	1.34116409682737e-08	10	0.000462935874378868	::N-B04::N-A04::N-A03::B-B10::N3-5::N-A08::B-A03::N-1-6::B-B09::N-B02::N-A12::B-A12::	6
chr10	116455000	116666000	chr10_116455000	9	211000	0.00506838079580931	9	0.00506838079580931	6	3.3523161737387	::N-1-9::B-B05::N-B05::N-B02::B-A12::N3-7::N-A12::B3-16::B-2-21::	8
chr10	123011300	123222300	chr10_123011300	9	211000	0.00506838079580931	9	0.00506838079580931	8	0.0499413348192466	::B-1-4::N-B03::N-2-17::B-A05::N3-c-28::N3-16::B3-5::B3-11::N3-11::	5
chr11	20006400	20217400	chr11_20006400	8	211000	0.0499413348192466	10	0.000462935874378868	8	0.0499413348192466	::N-A05::B-A05::B-B02::B3-7::N-A01::B-A01::B3-c-9::B3-2::	4
chr11	23260100	23471100	chr11_23260100	9	211000	0.00506838079580931	9	0.00506838079580931	6	3.3523161737387	::B-A01::N-2-23::B3-19::N3-19::B3-c-14::N3-c-14::B3-c-10::N3-17::B3-17::	6
chr11	29174600	29385600	chr11_29174600	9	211000	0.00506838079580931	9	0.00506838079580931	7	0.437419895625192	::N3-19::B3-19::N-2-12::B-2-21::B-1-4::B3-7::B3-2::N3-2::B3-c-28::	4
chr11	74560800	74771800	chr11_74560800	8	211000	0.0499413348192466	8	0.0499413348192466	5	22.0213846324895	::N3-7::N3-11::B-1-10::N-3-1::B-3-1::N-B07::N-1-4::B-B07::	1
chr11	77574400	77785400	chr11_77574400	9	211000	0.00506838079580931	11	3.84396789752809e-05	8	0.0499413348192466	::N-B03::N-A11::B3-3::N3-3::N-A04::B3-c-10::N3-c-10::N-A02::B-A02::	8
chr11	79355500	79566500	chr11_79355500	17	211000	2.50482019703662e-12	25	2.7823527839416e-23	19	6.11017502769604e-15	::N-A02::B-2-23::B-1-7::N-1-7::N-2-23::N3-c-28::N3-c-9::B-A05::N-A05::B3-19::B-A11::N-A11::N3-15::B3-15::B3-c-10::B3-3::N-A07::	9
chr11	87974100	88185100	chr11_87974100	9	211000	0.00506838079580931	10	0.000462935874378868	7	0.437419895625192	::N-A12::B3-c-9::B3-15::N3-15::N-B08::B-B08::N3-3::B3-3::N-A04::	4
chr11	88528300	88739300	chr11_88528300	9	211000	0.00506838079580931	9	0.00506838079580931	7	0.437419895625192	::N-B10::B-1-2::B-A03::B-A08::N-A03::B-2-25::N-1-2::N-2-15::B3-c-10::	6
chr11	100838300	101049300	chr11_100838300	8	211000	0.0499413348192466	9	0.00506838079580931	7	0.437419895625192	::N3-c-9::B-A10::B3-11::N3-11::N3-3::B-B07::B-A11::N-A11::	8
chr11	104372000	104583000	chr11_104372000	14	211000	1.34116409682737e-08	15	8.16661834569442e-10	13	2.05569345994472e-07	::B-3-1::B-2-12::N-2-12::N3-c-14::N3-7::N-2-25::N-2-14::B3-c-14::B-1-6::B-3-4::N-3-4::B-1-4::B3-3::N3-3::	11
chr11	105188000	105399000	chr11_105188000	8	211000	0.0499413348192466	8	0.0499413348192466	6	3.3523161737387	::B3-c-14::N-A08::B-B03::N-B03::N-A01::B-2-27::N-2-27::N3-13::	6
chr11	106862400	107073400	chr11_106862400	11	211000	3.84396789752809e-05	13	2.05569345994472e-07	13	2.05569345994472e-07	::B-2-23::B-B04::N-A10::N3-c-10::B3-c-10::B3-c-28::B-A05::B3-11::N-B07::B-1-2::B3-13::	8
chr12	8735100	8946100	chr12_8735100	9	211000	0.00506838079580931	9	0.00506838079580931	7	0.437419895625192	::B-2-23::N-3-1::B-3-1::B-B07::N-1-2::B-1-2::N-B09::B-A01::N-1-10::	4
chr12	21287400	21498400	chr12_21287400	9	211000	0.00506838079580931	9	0.00506838079580931	5	22.0213846324895	::B-A08::B-A03::N-A03::N-A08::B-1-4::B3-5::N-A10::B-A10::B-B02::	6
chr12	78877600	79088600	chr12_78877600	10	211000	0.000462935874378868	10	0.000462935874378868	6	3.3523161737387	::B-2-21::N-A05::B-A05::N-B02::B-B02::B-1-7::N-1-7::N3-7::N-A12::B-A12::	4
chr12	83638000	83849000	chr12_83638000	9	211000	0.00506838079580931	9	0.00506838079580931	6	3.3523161737387	::N-B05::B-B05::B-A12::N-A12::N-A07::B-A07::B-1-10::B-2-21::N-1-4::	3
chr13	9101600	9312600	chr13_9101600	8	211000	0.0499413348192466	8	0.0499413348192466	5	22.0213846324895	::B-2-23::N3-19::B3-19::N-A03::B-A03::B-A08::N-1-10::N3-12::	2
chr13	14025900	14236900	chr13_14025900	8	211000	0.0499413348192466	9	0.00506838079580931	8	0.0499413348192466	::N-A12::B3-7::N-B02::B-2-25::N3-12::B3-12::B3-5::B-B04::	2
chr13	17704500	17915500	chr13_17704500	9	211000	0.00506838079580931	9	0.00506838079580931	5	22.0213846324895	::N3-c-32::B-3-4::N-3-4::B3-19::N3-19::N-A05::B-A05::B-2-27::N-2-27::	7
chr13	43302300	43513300	chr13_43302300	10	211000	0.000462935874378868	11	3.84396789752809e-05	7	0.437419895625192	::B-A05::B-2-14::N-2-14::B3-19::N3-19::N-A12::B-A12::B3-11::N3-11::N-A03::	7
chr13	85130700	85341700	chr13_85130700	12	211000	2.92583685569071e-06	14	1.34116409682737e-08	11	3.84396789752809e-05	::N3-7::N3-c-10::N3-2::N-B03::B-B03::N-1-10::B3-15::N3-15::N-A05::B-A05::B-B10::B3-2::	10
chr13	94600200	94811200	chr13_94600200	9	211000	0.00506838079580931	9	0.00506838079580931	2	1733.96797493642	::N-2-14::N-B03::N-A04::N-3-4::N3-3::N-2-23::N3-16::N3-2::N-1-6::	8
chr13	103742500	103953500	chr13_103742500	9	211000	0.00506838079580931	11	3.84396789752809e-05	11	3.84396789752809e-05	::B-A03::N3-c-10::N-B02::B3-5::N-1-10::N3-c-9::B-A02::N-B09::N-A10::	5
chr14	20543300	20754300	chr14_20543300	9	211000	0.00506838079580931	11	3.84396789752809e-05	8	0.0499413348192466	::N-A03::B3-c-14::N-B05::B-B05::B3-5::B3-c-10::N3-c-14::N-2-25::B-2-25::	4
chr14	31025800	31236800	chr14_31025800	9	211000	0.00506838079580931	11	3.84396789752809e-05	9	0.00506838079580931	::B3-c-10::N-A01::B-B11::N3-c-10::B3-12::N3-c-28::B3-c-28::N-3-4::B-3-4::	4
chr14	34328500	34539500	chr14_34328500	8	211000	0.0499413348192466	8	0.0499413348192466	6	3.3523161737387	::N-B09::B-2-21::B-B08::N-B08::B-2-14::N-A02::B-A02::B-1-4::	5
chr14	56714700	56925700	chr14_56714700	8	211000	0.0499413348192466	8	0.0499413348192466	6	3.3523161737387	::B3-c-9::B-2-23::B-B07::N-B07::N-A08::N3-12::B-A12::N-A12::	6
chr14	73220300	73431300	chr14_73220300	15	211000	8.16661834569442e-10	17	2.50482019703662e-12	13	2.05569345994472e-07	::N-B02::B-B11::N-B11::N-A03::N-A08::N3-19::B-B02::B3-12::B3-c-14::B3-c-10::N3-c-10::N-A01::N-B04::B-B04::B-1-4::	12
chr14	79468500	79679500	chr14_79468500	9	211000	0.00506838079580931	9	0.00506838079580931	8	0.0499413348192466	::B-2-26::N-3-4::B-3-4::B-2-15::B-1-10::B3-5::B-B03::N3-c-9::B3-12::	4
chr15	8260100	8471100	chr15_8260100	9	211000	0.00506838079580931	10	0.000462935874378868	9	0.00506838079580931	::N-A08::B3-12::N-2-21::N3-c-32::B-2-17::B3-c-10::B-2-25::N-2-25::B3-2::	7
chr15	51837400	52048400	chr15_51837400	10	211000	0.000462935874378868	10	0.000462935874378868	7	0.437419895625192	::N-2-21::N-3-1::B-3-1::N-2-9::N-B05::B-B05::B-1-10::B-B03::N-B03::N3-3::	5
chr15	73113100	73324100	chr15_73113100	11	211000	3.84396789752809e-05	14	1.34116409682737e-08	8	0.0499413348192466	::N3-3::B3-3::N3-13::B3-13::B-1-6::N-1-6::B3-19::N3-19::B-A08::N-A08::N-B07::	5
chr15	81603700	81814700	chr15_81603700	8	211000	0.0499413348192466	8	0.0499413348192466	6	3.3523161737387	::N3-6::N3-c-9::B-2-25::N-2-25::B-1-10::B3-c-9::B-2-17::N-2-17::	6
chr15	102396300	102607300	chr15_102396300	9	211000	0.00506838079580931	9	0.00506838079580931	7	0.437419895625192	::B-A04::B3-c-14::B-2-25::N-2-25::N3-19::B3-19::B3-c-9::B-A08::B3-5::	4
chr16	38098300	38309300	chr16_38098300	8	211000	0.0499413348192466	9	0.00506838079580931	7	0.437419895625192	::N-1-6::B-1-6::N-A07::B-2-25::B-A05::N3-12::N-B05::N-A05::	1
chr16	43330800	43541800	chr16_43330800	9	211000	0.00506838079580931	9	0.00506838079580931	8	0.0499413348192466	::N-B10::N-1-7::B-A12::N-B03::B3-13::N3-13::N3-c-14::N-B02::B3-2::	6
chr16	94450800	94661800	chr16_94450800	10	211000	0.000462935874378868	10	0.000462935874378868	8	0.0499413348192466	::B-A12::N-A12::N-A10::N-A07::B3-5::B-1-2::N-1-2::B-A04::N-B02::B-1-10::	7
chr17	3131800	3342800	chr17_3131800	9	211000	0.00506838079580931	10	0.000462935874378868	8	0.0499413348192466	::N3-17::N3-15::B3-15::B-3-4::N-3-4::N-B05::B-A05::N-A12::N-1-9::	6
chr17	5075000	5286000	chr17_5075000	12	211000	2.92583685569071e-06	12	2.92583685569071e-06	11	3.84396789752809e-05	::N-2-15::N-B08::N-A02::B-A02::N3-6::N-3-1::N-A04::B-1-4::N-B11::B3-5::N3-3::B3-7::	2
chr17	10232100	10443100	chr17_10232100	11	211000	3.84396789752809e-05	12	2.92583685569071e-06	8	0.0499413348192466	::N-A04::B-A04::N3-c-9::N-A10::N3-17::B3-17::B-B08::B-2-26::N-A02::B-A02::B-A10::	1
chr17	26048900	26259900	chr17_26048900	9	211000	0.00506838079580931	9	0.00506838079580931	8	0.0499413348192466	::N-2-14::B-3-4::N-3-4::B-A04::B-A10::B-2-27::N-2-26::N3-2::N-B05::	3
chr17	32163500	32374500	chr17_32163500	11	211000	3.84396789752809e-05	12	2.92583685569071e-06	9	0.00506838079580931	::B-A12::B-2-21::N3-c-10::B-A10::N3-12::B-2-17::N-2-17::B3-13::N3-13::B3-6::N3-6::	7
chr17	33660500	33871500	chr17_33660500	10	211000	0.000462935874378868	10	0.000462935874378868	7	0.437419895625192	::B3-c-10::B-2-23::N-2-23::N-3-4::B-3-4::B-B10::N-B10::B-B05::N-B05::N-A07::	5
chr17	65800900	66011900	chr17_65800900	8	211000	0.0499413348192466	8	0.0499413348192466	7	0.437419895625192	::N3-c-28::B-B02::N-A05::B-A05::N-A04::N3-6::B-1-2::B-3-4::	3
chr18	7737500	7948500	chr18_7737500	10	211000	0.000462935874378868	11	3.84396789752809e-05	9	0.00506838079580931	::N-3-4::N3-7::B-A10::N-A10::N-3-1::B-1-7::N3-15::B3-15::N-1-2::B3-17::	5
chr18	34271600	34482600	chr18_34271600	10	211000	0.000462935874378868	10	0.000462935874378868	8	0.0499413348192466	::B3-11::B3-c-32::N-A07::N-A05::N-B02::B-B02::B-A02::N-A02::N3-5::B3-7::	5
chr18	35556000	35767000	chr18_35556000	9	211000	0.00506838079580931	9	0.00506838079580931	7	0.437419895625192	::N3-c-28::B3-7::B-A10::N-A10::B-A01::N-A01::B3-c-10::N-1-4::N-B03::	8
chr18	38313200	38524200	chr18_38313200	8	211000	0.0499413348192466	8	0.0499413348192466	6	3.3523161737387	::N-2-25::N3-6::N-A01::B-A01::B-1-10::B-A10::B-A12::N-A12::	4
chr18	73582800	73793800	chr18_73582800	13	211000	2.05569345994472e-07	14	1.34116409682737e-08	10	0.000462935874378868	::N-1-2::B-2-12::N-2-12::B-1-7::N-A12::B-A12::B-A05::B3-c-32::B-A02::N-A02::B-3-1::N-3-1::N3-7::	10
chr19	3460500	3671500	chr19_3460500	15	211000	8.16661834569442e-10	15	8.16661834569442e-10	14	1.34116409682737e-08	::N3-c-9::B3-5::N-B10::N-B05::N3-12::N-A10::B-A10::B-B03::B3-c-9::N3-16::B-1-10::N-2-21::B-1-4::B-A08::B-2-23::	8
chr2	18022400	18233400	chr2_18022400	9	211000	0.00506838079580931	9	0.00506838079580931	7	0.437419895625192	::N-1-6::B3-c-9::N-2-17::B-2-17::N-A03::N3-6::B-B07::N-B07::N-B02::	4
chr2	26388200	26599200	chr2_26388200	11	211000	3.84396789752809e-05	13	2.05569345994472e-07	9	0.00506838079580931	::B3-3::B-A07::N-3-4::B-3-4::B-3-1::N-3-1::B3-5::N-A04::B-1-10::B-A03::N-A03::	10
chr2	31581400	31792400	chr2_31581400	8	211000	0.0499413348192466	8	0.0499413348192466	5	22.0213846324895	::N3-2::N-B09::N-A04::B-A04::N-B10::B-B10::N-2-12::B-2-12::	2
chr2	48707600	48918600	chr2_48707600	9	211000	0.00506838079580931	10	0.000462935874378868	6	3.3523161737387	::N-B04::B3-c-10::B-A12::N-A12::B-A11::N-A11::B3-7::N-A02::B-A02::	6
chr2	49411700	49622700	chr2_49411700	12	211000	2.92583685569071e-06	12	2.92583685569071e-06	11	3.84396789752809e-05	::B3-c-9::B3-7::B3-c-10::N-A11::N3-c-9::B-A01::B-B08::N-B08::N-3-4::B-B05::B-2-23::B3-5::	7
chr2	90849600	91060600	chr2_90849600	9	211000	0.00506838079580931	11	3.84396789752809e-05	9	0.00506838079580931	::N-B02::N-A12::B-A12::B-2-14::N-2-14::N-2-21::B-B03::B3-c-9::B3-c-32::	8
chr2	98461100	98672100	chr2_98461100	36	211000	4.28243053798357e-40	71	7.85901469762614e-102	18	1.27102956194145e-13	::B3-11::N-A08::N-B05::N-B10::N3-7::N-A10::N3-17::N3-c-14::N-B09::N-2-17::N-A01::N-B02::N-1-10::N-A11::N-B07::N-2-15::N-1-2::N3-11::N3-12::N3-5::N-B03::N3-c-9::N3-13::N3-19::N-1-7::N3-15::N-B08::N-2-23::N-3-1::N-2-21::N-B11::N-A03::B-1-10::N-1-4::N-A04::N3-c-10::	32
chr2	117126100	117337100	chr2_117126100	8	211000	0.0499413348192466	8	0.0499413348192466	7	0.437419895625192	::B3-19::N-2-23::B-2-23::B-A08::B-B10::B-A02::N-3-1::B3-c-9::	1
chr2	153328000	153539000	chr2_153328000	8	211000	0.0499413348192466	8	0.0499413348192466	5	22.0213846324895	::N3-7::N-2-27::B-2-27::B-A12::N-A12::N3-12::B-A04::N-A04::	4
chr2	156093600	156304600	chr2_156093600	8	211000	0.0499413348192466	8	0.0499413348192466	5	22.0213846324895	::N-B02::N-1-2::B-1-2::B-2-14::N-2-14::N3-c-14::B3-c-14::B3-11::	3
chr2	165854600	166065600	chr2_165854600	10	211000	0.000462935874378868	10	0.000462935874378868	6	3.3523161737387	::B-2-27::B-A07::N-2-27::N-A07::B-1-10::B-1-7::B-3-1::B-2-21::B-A02::N-A02::	9
chr2	168078200	168289200	chr2_168078200	8	211000	0.0499413348192466	8	0.0499413348192466	6	3.3523161737387	::N-B09::B3-7::B-2-23::N-2-23::B-2-25::N-2-25::B-1-4::B-A05::	7
chr3	31013600	31224600	chr3_31013600	8	211000	0.0499413348192466	9	0.00506838079580931	7	0.437419895625192	::N-A05::N3-15::B-1-4::B3-6::N3-6::N-2-21::B-A04::N-A04::	9
chr3	58429500	58640500	chr3_58429500	9	211000	0.00506838079580931	9	0.00506838079580931	7	0.437419895625192	::N-B10::B-B02::N-B09::N3-c-14::B3-c-14::B-1-7::N-A11::B-A11::N-B02::	3
chr3	69010300	69221300	chr3_69010300	12	211000	2.92583685569071e-06	12	2.92583685569071e-06	9	0.00506838079580931	::B3-3::N3-7::B-2-14::N-A10::B-A10::B-B03::N-B03::N3-15::B3-15::B-B09::B-B08::N-B08::	8
chr3	88498600	88709600	chr3_88498600	8	211000	0.0499413348192466	8	0.0499413348192466	6	3.3523161737387	::B-2-21::B-B04::B-B05::N-B05::N3-c-9::B3-7::B-2-12::N-2-12::	5
chr3	88973300	89184300	chr3_88973300	9	211000	0.00506838079580931	10	0.000462935874378868	9	0.00506838079580931	::B-B02::B-B03::N3-6::B3-5::N-B07::B-2-27::N-A07::B-A07::B3-3::	6
chr3	135440200	135651200	chr3_135440200	12	211000	2.92583685569071e-06	13	2.05569345994472e-07	9	0.00506838079580931	::B-B05::B-1-10::N3-11::B3-7::B3-11::B-2-14::B-B02::B-A03::N-A08::N-A03::B3-c-9::N-B02::	8
chr3	152227000	152438000	chr3_152227000	9	211000	0.00506838079580931	9	0.00506838079580931	8	0.0499413348192466	::N-1-10::N-B10::B-A08::N3-12::N-B03::B-B03::N3-c-28::B3-5::B-1-10::	2
chr4	8537000	8748000	chr4_8537000	9	211000	0.00506838079580931	9	0.00506838079580931	8	0.0499413348192466	::N-2-15::B-1-10::B-2-23::N-A10::N-B09::B-B09::B-3-1::N3-6::B3-c-32::	4
chr4	34685300	34896300	chr4_34685300	8	211000	0.0499413348192466	9	0.00506838079580931	8	0.0499413348192466	::N-A07::N-A08::N3-c-14::B-B07::B3-c-10::N3-c-28::B-A01::N-A01::	2
chr4	47357200	47568200	chr4_47357200	8	211000	0.0499413348192466	13	2.05569345994472e-07	8	0.0499413348192466	::N-A11::B-A11::N3-2::B3-2::N-A08::B-A08::B-B08::B3-7::	0
chr4	106923000	107134000	chr4_106923000	9	211000	0.00506838079580931	9	0.00506838079580931	6	3.3523161737387	::B3-13::N3-13::N-1-2::B-B08::N-B08::B-A05::B-A12::N-A12::N3-17::	7
chr4	130566500	130777500	chr4_130566500	8	211000	0.0499413348192466	8	0.0499413348192466	7	0.437419895625192	::N3-2::N-3-1::B-1-4::B-3-1::B3-5::N-1-10::N-B09::B-B09::	4
chr4	135235800	135446800	chr4_135235800	13	211000	2.05569345994472e-07	13	2.05569345994472e-07	10	0.000462935874378868	::N3-13::N-A04::N-2-12::N-B10::B-B10::B3-c-10::N-A10::B-A05::N-A05::B-A07::B3-c-9::N-B07::B-B07::	7
chr4	136346800	136557800	chr4_136346800	12	211000	2.92583685569071e-06	13	2.05569345994472e-07	8	0.0499413348192466	::B3-c-32::N-A01::B-2-26::N-2-26::B3-7::N3-c-9::B3-c-9::B-A08::B-A03::N-A08::N-A03::B3-13::	9
chr4	150291400	150502400	chr4_150291400	9	211000	0.00506838079580931	9	0.00506838079580931	7	0.437419895625192	::B-A05::N-A05::B3-7::N-A10::N-B02::B-1-10::N-B08::B-B08::B-A10::	5
chr4	155508800	155719800	chr4_155508800	11	211000	3.84396789752809e-05	11	3.84396789752809e-05	7	0.437419895625192	::B3-c-32::B-2-25::N-2-25::N3-13::N3-3::B-A11::N-A11::B3-c-28::N3-c-28::B-B04::N-B04::	10
chr5	23439800	23650800	chr5_23439800	10	211000	0.000462935874378868	11	3.84396789752809e-05	8	0.0499413348192466	::B-A01::N-2-9::B3-12::N3-3::B3-3::N-A07::N-A05::B-A05::N-2-21::B-2-21::	3
chr5	25287000	25498000	chr5_25287000	14	211000	1.34116409682737e-08	21	1.21368940576209e-17	15	8.16661834569442e-10	::B-2-9::N-2-9::N-A05::N3-12::B3-12::N3-13::B3-13::B-2-27::B-A03::N-A03::B-B07::N-B07::N-3-1::B-B08::	13
chr5	28169900	28380900	chr5_28169900	29	211000	3.39723394172257e-29	37	1.05715873726505e-41	5	22.0213846324895	::N-3-4::N-1-2::B3-5::B3-16::N-1-7::B-2-15::B-2-14::B-1-10::B3-12::B-1-4::B3-7::B-2-21::B3-2::B3-19::B-B02::B3-c-9::N3-5::B3-6::B-B10::N-B04::N-B02::N3-7::N-B05::N-2-15::N-1-10::N-A02::B-B09::B3-c-10::N3-12::	23
chr5	34339200	34550200	chr5_34339200	8	211000	0.0499413348192466	9	0.00506838079580931	7	0.437419895625192	::B3-12::N3-3::B3-3::B-B05::N-B05::B-B10::B-A12::B-2-15::	5
chr5	65452400	65663400	chr5_65452400	10	211000	0.000462935874378868	10	0.000462935874378868	9	0.00506838079580931	::N-2-26::B-2-26::N-2-21::B3-7::B3-13::N-A12::B-1-10::B3-c-14::N-B02::N-1-10::	6
chr5	103693200	103904200	chr5_103693200	10	211000	0.000462935874378868	10	0.000462935874378868	8	0.0499413348192466	::B-B09::N-B08::B-B08::B3-c-9::N-B10::B3-5::N-A07::N-1-7::N-B02::B-B02::	4
chr5	105664700	105875700	chr5_105664700	8	211000	0.0499413348192466	8	0.0499413348192466	6	3.3523161737387	::B3-c-9::N-A11::B-A11::N-B04::N-2-9::B-2-9::N-B11::N3-12::	3
chr5	108450300	108661300	chr5_108450300	8	211000	0.0499413348192466	8	0.0499413348192466	7	0.437419895625192	::B3-5::B-1-2::N-2-12::B3-12::N-A04::N3-15::N-A11::B-A11::	3
chr5	112932500	113143500	chr5_112932500	9	211000	0.00506838079580931	9	0.00506838079580931	6	3.3523161737387	::N-3-4::B-A07::N3-17::N3-16::B3-16::N3-6::B3-6::B-B11::N-B11::	4
chr5	122309700	122520700	chr5_122309700	10	211000	0.000462935874378868	10	0.000462935874378868	7	0.437419895625192	::B-B05::B-A11::N-A11::B-A03::B-A08::N-A03::N-A01::B-B02::B-2-27::N-B02::	9
chr5	137514000	137725000	chr5_137514000	11	211000	3.84396789752809e-05	11	3.84396789752809e-05	5	22.0213846324895	::N-1-2::B-A12::N-A12::B-1-2::B-2-9::N-2-9::B-A03::B-A08::N-A03::N3-12::B3-12::	8
chr6	17523000	17734000	chr6_17523000	9	211000	0.00506838079580931	9	0.00506838079580931	7	0.437419895625192	::B3-12::N-B10::B3-c-14::N3-c-14::N-1-2::B-1-10::B-2-21::N-A10::B-A10::	4
chr6	47410000	47621000	chr6_47410000	14	211000	1.34116409682737e-08	14	1.34116409682737e-08	11	3.84396789752809e-05	::N3-6::B3-c-28::B-1-10::N-A02::N-B07::N-B04::B-2-21::B-B03::N-B03::N3-c-9::B3-c-14::B-2-15::B-B04::N-B10::	6
chr6	113080100	113291100	chr6_113080100	9	211000	0.00506838079580931	10	0.000462935874378868	8	0.0499413348192466	::B3-c-9::N3-c-9::N3-c-14::B-1-2::N-1-2::B-2-27::N-2-25::N-B08::N-1-10::	8
chr6	114870400	115081400	chr6_114870400	9	211000	0.00506838079580931	9	0.00506838079580931	7	0.437419895625192	::B3-5::N3-5::N-A08::B3-15::B3-17::B-A11::N-A11::N-2-26::B-2-26::	4
chr6	115481000	115692000	chr6_115481000	9	211000	0.00506838079580931	9	0.00506838079580931	7	0.437419895625192	::B-3-1::N3-7::B3-c-9::N3-c-9::B-A11::N-B05::B-B05::N-A10::N-A12::	5
chr7	49291200	49502200	chr7_49291200	9	211000	0.00506838079580931	10	0.000462935874378868	6	3.3523161737387	::B-A03::B-A08::N-A03::B-2-26::N-A05::N-A07::B-A05::N-3-1::B-3-1::	7
chr7	59231200	59442200	chr7_59231200	8	211000	0.0499413348192466	8	0.0499413348192466	7	0.437419895625192	::N3-16::B-3-1::B-B07::N-B07::N-B02::B3-c-10::B-A04::N3-12::	4
chr7	80483600	80694600	chr7_80483600	8	211000	0.0499413348192466	9	0.00506838079580931	5	22.0213846324895	::N-B11::N-A10::B-B11::B3-2::B3-c-14::N3-2::N-2-15::B-2-15::	4
chr7	90020100	90231100	chr7_90020100	14	211000	1.34116409682737e-08	17	2.50482019703662e-12	14	1.34116409682737e-08	::B-B09::N3-11::B3-11::B-2-23::B3-c-9::B3-7::B-A02::N-2-21::B-2-21::N-A01::B3-13::N3-13::B-1-10::N3-6::	10
chr7	101987400	102198400	chr7_101987400	9	211000	0.00506838079580931	11	3.84396789752809e-05	8	0.0499413348192466	::N-B02::B-B07::N-B07::B-1-7::B-A05::B-1-10::B-B05::N3-c-9::B3-c-9::	7
chr7	120849400	121060400	chr7_120849400	8	211000	0.0499413348192466	9	0.00506838079580931	6	3.3523161737387	::N-1-7::B-1-7::N-3-1::B-3-1::B3-17::N3-17::B3-c-10::N3-6::	2
chr7	121641800	121852800	chr7_121641800	22	211000	5.03890859568733e-19	23	2.00106061708191e-20	3	527.924014237352	::N3-5::B3-c-32::N-2-21::N-A10::N-B04::N-3-1::N-A11::N-2-15::N3-16::N-2-14::N-B05::N-A02::N-B07::N-B09::N-A12::N-1-7::N-A07::N-A04::N-B10::N3-19::N3-c-10::N-2-23::	22
chr7	136389300	136600300	chr7_136389300	53	211000	7.98690316501045e-69	53	7.98690316501045e-69	1	3796.81527015279	::N3-c-10::N-A02::N-2-12::N-A05::N-B11::N-A08::N-2-9::N-2-14::N3-13::N-2-26::N-B07::N-2-17::N-B04::N3-17::N-2-27::N-2-25::N-B09::N3-6::N-B05::N-A11::N3-5::N-B02::N-2-23::N-B03::N-A10::N-3-4::N3-19::N-A07::N-3-1::N-A01::N3-11::N-1-2::N-2-15::N3-16::N-1-6::N-2-21::N-A12::N3-c-32::N-A03::N-A04::N-1-10::N3-c-28::N-1-4::N3-2::N-1-7::N-B10::N3-3::N-B08::N3-7::N3-c-9::N3-12::N3-c-14::N3-15::	53
chr8	79572200	79783200	chr8_79572200	8	211000	0.0499413348192466	8	0.0499413348192466	6	3.3523161737387	::B-A11::B-3-4::B3-5::B-B09::N-B09::B3-6::N3-6::N-2-26::	7
chr8	80714200	80925200	chr8_80714200	10	211000	0.000462935874378868	11	3.84396789752809e-05	8	0.0499413348192466	::N3-12::B3-7::B-A05::B-B04::N3-15::B3-15::N3-13::B3-13::N-A11::B-A11::	2
chr8	109676000	109887000	chr8_109676000	15	211000	8.16661834569442e-10	15	8.16661834569442e-10	10	0.000462935874378868	::B-A10::N-B10::B-1-4::B-1-6::N-1-6::B3-19::N3-19::N3-11::B-1-7::N-1-7::B-B07::N-B07::B-2-17::N-1-9::B3-c-14::	11
chr8	111540800	111751800	chr8_111540800	10	211000	0.000462935874378868	10	0.000462935874378868	8	0.0499413348192466	::N-1-10::B3-13::N3-16::B3-16::B-B03::B-A07::B3-5::B-A11::N-A11::N-A02::	7
chr8	117180700	117391700	chr8_117180700	11	211000	3.84396789752809e-05	13	2.05569345994472e-07	9	0.00506838079580931	::N3-12::N-A05::B-A05::B-1-2::N-1-2::N-A10::N3-16::B3-16::N-B10::N-B04::B-B04::	4
chr9	3005600	3216600	chr9_3005600	9	211000	0.00506838079580931	10	0.000462935874378868	4	120.54883748013	::N3-6::N-B05::N3-5::N-A07::N-A08::N-1-10::N-A12::N-2-21::N-1-4::	5
chr9	21377100	21588100	chr9_21377100	9	211000	0.00506838079580931	9	0.00506838079580931	6	3.3523161737387	::N-A04::N3-c-10::B-B08::N-B08::B-1-2::N-1-2::N3-5::N-2-9::B-2-9::	4
chr9	44761800	44972800	chr9_44761800	8	211000	0.0499413348192466	8	0.0499413348192466	7	0.437419895625192	::B-A08::B3-7::N-A08::N-1-7::N3-17::N3-6::B3-6::N3-12::	5
chr9	56126200	56337200	chr9_56126200	8	211000	0.0499413348192466	8	0.0499413348192466	6	3.3523161737387	::N-A02::B-A02::N3-11::B3-11::N-A08::B-A08::B-A10::B3-c-14::	1
chr9	57609500	57820500	chr9_57609500	8	211000	0.0499413348192466	9	0.00506838079580931	7	0.437419895625192	::N3-17::B3-c-10::N-B07::B-B07::B-A07::N-A07::N-2-14::N3-2::	6
chr9	62788000	62999000	chr9_62788000	8	211000	0.0499413348192466	8	0.0499413348192466	6	3.3523161737387	::N-B02::N-2-26::B-2-26::N3-16::B3-16::B-A05::N-A10::N-1-6::	3
chr9	70555000	70766000	chr9_70555000	9	211000	0.00506838079580931	9	0.00506838079580931	7	0.437419895625192	::B3-7::N-2-21::B3-5::B-1-10::N-1-4::B-2-25::N-2-25::N3-17::B3-17::	5
chr9	71900400	72111400	chr9_71900400	15	211000	8.16661834569442e-10	16	4.66201726558865e-11	12	2.92583685569071e-06	::B-B08::B-A05::B-A12::N-A12::N3-c-32::B3-5::N-A07::N-1-4::B-2-25::B-2-17::N-A05::N-1-6::B3-c-10::B-B04::N-B04::	11
chr9	72538900	72749900	chr9_72538900	8	211000	0.0499413348192466	8	0.0499413348192466	8	0.0499413348192466	::B-A05::N-B03::N-B10::N3-11::N-B02::B3-5::B3-3::N-A08::	4
chr9	90065300	90276300	chr9_90065300	8	211000	0.0499413348192466	8	0.0499413348192466	5	22.0213846324895	::B-A12::N-A12::N-B02::N-2-26::B-2-26::B-2-12::N-2-12::B-1-10::	5
chr9	100658500	100869500	chr9_100658500	8	211000	0.0499413348192466	9	0.00506838079580931	8	0.0499413348192466	::B-2-25::B-A04::B3-c-9::B3-5::N-A08::N-A07::N-A04::N-1-7::	3
chr9	107740700	107951700	chr9_107740700	9	211000	0.00506838079580931	9	0.00506838079580931	7	0.437419895625192	::N-2-25::N-B02::B-B02::N3-c-10::B-1-4::N3-7::N-A12::B-A12::N3-c-14::	4
chr9	108217900	108428900	chr9_108217900	11	211000	3.84396789752809e-05	11	3.84396789752809e-05	9	0.00506838079580931	::B-A04::B3-5::N3-13::B3-13::N-B09::B3-3::N3-3::N3-5::N-A08::N3-c-14::N-2-21::	9
chr9	108527800	108738800	chr9_108527800	9	211000	0.00506838079580931	10	0.000462935874378868	8	0.0499413348192466	::B-B04::B-A01::N-2-21::N-B04::N-B10::B-2-23::B-1-7::N-1-7::N3-c-9::	7
chr9	110536800	110747800	chr9_110536800	9	211000	0.00506838079580931	10	0.000462935874378868	9	0.00506838079580931	::N3-12::B-2-12::B-2-14::N-2-23::B-1-4::B-A08::B-A11::N-1-10::B-A03::	2
chrX	18139400	18350400	chrX_18139400	23	211000	2.00106061708191e-20	25	2.7823527839416e-23	19	6.11017502769604e-15	::N3-3::N-1-6::N-B09::N-B10::B-1-2::N-1-2::B-1-6::B3-7::N3-7::N3-c-9::B3-c-9::B-A02::N-2-15::N3-c-14::N-2-17::B-2-17::B3-12::N3-17::B3-17::B3-3::N3-12::B-A11::N-A02::	9
chrX	105789200	106000200	chrX_105789200	8	211000	0.0499413348192466	9	0.00506838079580931	7	0.437419895625192	::B-2-27::N-B04::B-B04::B-A05::B-2-15::B-2-26::N-2-26::N-B11::	5
chrX	143483000	143694000	chrX_143483000	11	211000	3.84396789752809e-05	12	2.92583685569071e-06	2	1733.96797493642	::N-3-1::N-2-15::N-B02::N3-11::N3-c-10::N3-12::N-2-23::N3-6::N-A10::N-A08::N-B11::	9
chrX	151774300	151985300	chrX_151774300	11	211000	3.84396789752809e-05	11	3.84396789752809e-05	8	0.0499413348192466	::B-2-21::N3-7::N-B02::B-A08::N-A08::N-A12::B-A02::N-A02::N-B10::B-B10::B-B03::	5
