chr10	127054400	127284400	chr10_127054400	5	230000	0.0495288424119299	5	0.0495288424119299	3	10.7927830169086	::B3-8::B3-4::N3-4::N3-10::B3-10::	3
chr11	59614500	59844500	chr11_59614500	5	230000	0.0495288424119299	5	0.0495288424119299	3	10.7927830169086	::N3-1-11::N3-2-22::B3-2-22::B3-1-15::N3-1-15::	3
chr11	86330000	86560000	chr11_86330000	5	230000	0.0495288424119299	5	0.0495288424119299	3	10.7927830169086	::B3-9::N3-9::N3-1-11::B3-1-11::B3-1-3::	2
chr11	105627500	105857500	chr11_105627500	6	230000	0.0025008306947372	6	0.0025008306947372	3	10.7927830169086	::N3-8::B3-8::B3-1-11::N3-1-11::N3-1-3::B3-1-3::	2
chr12	8925200	9155200	chr12_8925200	5	230000	0.0495288424119299	5	0.0495288424119299	3	10.7927830169086	::N3-1-2::B3-14::N3-14::N3-2-7::B3-2-7::	2
chr14	67004500	67234500	chr14_67004500	5	230000	0.0495288424119299	5	0.0495288424119299	3	10.7927830169086	::N3-9::B3-9::N3-1-13::N3-8::B3-8::	0
chr14	73216200	73446200	chr14_73216200	6	230000	0.0025008306947372	8	4.09874586645091e-06	5	0.0495288424119299	::B3-1-15::N3-1-15::B3-8::N3-8::N3-1-5::B3-1-5::	6
chr14	121096400	121326400	chr14_121096400	6	230000	0.0025008306947372	6	0.0025008306947372	3	10.7927830169086	::B3-1-5::N3-1-5::B3-4::N3-4::B3-9::N3-9::	6
chr15	75914000	76144000	chr15_75914000	5	230000	0.0495288424119299	5	0.0495288424119299	3	10.7927830169086	::N3-21::B3-1-5::N3-1-5::B3-1::N3-1::	5
chr15	77116200	77346200	chr15_77116200	5	230000	0.0495288424119299	6	0.0025008306947372	4	0.817430462815201	::B3-2-7::N3-2-7::N3-2-21::B3-1-15::N3-1-15::	4
chr16	4489900	4719900	chr16_4489900	6	230000	0.0025008306947372	6	0.0025008306947372	2	106.87529754724	::B3-10::B3-1::N3-1::N3-10::N3-4::B3-4::	4
chr16	8730100	8960100	chr16_8730100	6	230000	0.0025008306947372	6	0.0025008306947372	3	10.7927830169086	::B3-2-22::N3-2-22::B3-21::N3-21::N3-1-3::B3-1-3::	4
chr16	95852500	96082500	chr16_95852500	5	230000	0.0495288424119299	5	0.0495288424119299	3	10.7927830169086	::B3-4::B3-1-3::N3-1-3::B3-18::N3-18::	5
chr17	25913700	26143700	chr17_25913700	6	230000	0.0025008306947372	6	0.0025008306947372	3	10.7927830169086	::B3-1-2::N3-1-2::N3-10::B3-10::B3-9::N3-9::	4
chr17	30006600	30236600	chr17_30006600	8	230000	4.09874586645091e-06	9	1.37970375422822e-07	5	0.0495288424119299	::B3-21::N3-21::N3-9::B3-9::B3-1-3::N3-1-3::B3-1-5::N3-1-5::	6
chr17	32210800	32440800	chr17_32210800	5	230000	0.0495288424119299	5	0.0495288424119299	3	10.7927830169086	::B3-9::N3-9::B3-10::N3-10::B3-1-11::	5
chr18	5087000	5317000	chr18_5087000	5	230000	0.0495288424119299	5	0.0495288424119299	4	0.817430462815201	::N3-1-15::B3-2-22::N3-2-22::B3-14::N3-21::	4
chr18	31767200	31997200	chr18_31767200	5	230000	0.0495288424119299	5	0.0495288424119299	3	10.7927830169086	::B3-1-13::N3-8::B3-8::N3-18::B3-18::	1
chr19	7230400	7460400	chr19_7230400	9	230000	1.37970375422822e-07	9	1.37970375422822e-07	7	0.00010823397656531	::B3-10::N3-1-5::B3-1-5::N3-1-13::N3-2-22::B3-2-22::N3-14::N3-21::B3-21::	3
chr19	24322900	24552900	chr19_24322900	5	230000	0.0495288424119299	5	0.0495288424119299	3	10.7927830169086	::N3-2-22::N3-4::N3-10::B3-4::B3-2-36::	2
chr2	29930600	30160600	chr2_29930600	5	230000	0.0495288424119299	5	0.0495288424119299	3	10.7927830169086	::B3-4::N3-4::B3-9::N3-21::B3-21::	2
chr2	75603400	75833400	chr2_75603400	5	230000	0.0495288424119299	5	0.0495288424119299	2	106.87529754724	::N3-2-22::B3-10::B3-1::N3-1::N3-10::	5
chr2	98461100	98691100	chr2_98461100	17	230000	9.98847699998555e-21	39	6.78085902178494e-64	14	1.46564012323628e-15	::B3-8::N3-8::N3-14::N3-1-13::N3-18::N3-1-15::N3-4::N3-2-2::N3-2-22::N3-1-3::N3-1-11::N3-10::N3-21::N3-1::N3-2-36::N3-1-2::B3-14::	17
chr2	130528600	130758600	chr2_130528600	5	230000	0.0495288424119299	5	0.0495288424119299	4	0.817430462815201	::N3-1-3::N3-9::B3-9::N3-1-13::B3-14::	2
chr2	154691000	154921000	chr2_154691000	6	230000	0.0025008306947372	6	0.0025008306947372	4	0.817430462815201	::B3-8::N3-8::B3-9::B3-14::B3-2-21::N3-2-21::	5
chr2	157094800	157324800	chr2_157094800	5	230000	0.0495288424119299	5	0.0495288424119299	3	10.7927830169086	::B3-8::N3-8::N3-1-3::B3-1-3::N3-1-11::	2
chr3	88961000	89191000	chr3_88961000	5	230000	0.0495288424119299	5	0.0495288424119299	4	0.817430462815201	::B3-1-2::N3-1-3::B3-1-11::N3-1-11::N3-1-2::	2
chr3	135445300	135675300	chr3_135445300	8	230000	4.09874586645091e-06	10	4.17987418666623e-09	7	0.00010823397656531	::B3-1-15::N3-10::N3-4::B3-4::N3-8::B3-8::N3-1-15::N3-9::	3
chr4	106847600	107077600	chr4_106847600	6	230000	0.0025008306947372	6	0.0025008306947372	3	10.7927830169086	::B3-1-3::B3-10::B3-1::N3-1::N3-10::B3-21::	4
chr4	131828800	132058800	chr4_131828800	5	230000	0.0495288424119299	5	0.0495288424119299	3	10.7927830169086	::N3-4::B3-4::N3-2-21::B3-2-22::N3-2-22::	2
chr4	152293900	152523900	chr4_152293900	5	230000	0.0495288424119299	5	0.0495288424119299	2	106.87529754724	::N3-4::B3-1::B3-10::N3-1::N3-10::	5
chr4	154349000	154579000	chr4_154349000	6	230000	0.0025008306947372	6	0.0025008306947372	3	10.7927830169086	::N3-1-2::B3-2-36::N3-1::N3-10::B3-1::B3-10::	0
chr5	25281900	25511900	chr5_25281900	18	230000	1.681140971523e-22	30	2.42556793714184e-45	18	1.681140971523e-22	::B3-2-7::N3-2-7::N3-21::B3-1-15::N3-10::B3-10::N3-1-15::B3-1-11::N3-1-11::N3-9::B3-1-2::N3-1-2::B3-2-2::N3-2-2::B3-2-22::N3-2-22::B3-1-3::N3-1-3::	23
chr5	65544600	65774600	chr5_65544600	7	230000	0.00010823397656531	8	4.09874586645091e-06	6	0.0025008306947372	::B3-2-21::N3-1-11::N3-2-21::B3-14::N3-14::B3-1-3::N3-2-22::	4
chr5	99965400	100195400	chr5_99965400	6	230000	0.0025008306947372	6	0.0025008306947372	4	0.817430462815201	::N3-1-11::B3-14::B3-1::B3-10::N3-1::B3-1-15::	4
chr5	124325700	124555700	chr5_124325700	5	230000	0.0495288424119299	8	4.09874586645091e-06	5	0.0495288424119299	::N3-1-11::B3-1-11::N3-1-3::B3-1-3::N3-8::	2
chr6	134734200	134964200	chr6_134734200	5	230000	0.0495288424119299	5	0.0495288424119299	3	10.7927830169086	::B3-1-15::N3-1-15::N3-9::B3-9::N3-21::	2
chr6	136533600	136763600	chr6_136533600	5	230000	0.0495288424119299	5	0.0495288424119299	3	10.7927830169086	::N3-1-13::B3-21::N3-21::B3-1::N3-1::	5
chr7	15894500	16124500	chr7_15894500	5	230000	0.0495288424119299	5	0.0495288424119299	3	10.7927830169086	::B3-1::N3-1::N3-2-22::B3-2-22::N3-1-13::	2
chr7	19300800	19530800	chr7_19300800	5	230000	0.0495288424119299	5	0.0495288424119299	3	10.7927830169086	::N3-1-11::B3-9::N3-9::B3-1-15::N3-1-15::	4
chr7	28786800	29016800	chr7_28786800	5	230000	0.0495288424119299	5	0.0495288424119299	3	10.7927830169086	::N3-1-2::B3-1-2::N3-4::B3-4::N3-9::	1
chr7	121691500	121921500	chr7_121691500	8	230000	4.09874586645091e-06	8	4.09874586645091e-06	3	10.7927830169086	::B3-2-36::N3-2-36::N3-9::B3-9::N3-4::N3-2-22::N3-1-11::N3-14::	6
chr7	136389300	136619300	chr7_136389300	19	230000	2.68057458348586e-24	19	2.68057458348586e-24	1	705.553529484548	::N3-1::N3-2-36::N3-4::N3-9::N3-1-11::N3-8::N3-1-5::N3-1-13::N3-1-3::N3-1-15::N3-2-21::N3-10::N3-2-7::N3-2-2::N3-21::N3-1-2::N3-2-22::N3-18::N3-14::	19
chr8	84703600	84933600	chr8_84703600	5	230000	0.0495288424119299	7	0.00010823397656531	3	10.7927830169086	::N3-1::N3-10::B3-1::B3-10::B3-2-7::	3
chr8	108747600	108977600	chr8_108747600	5	230000	0.0495288424119299	5	0.0495288424119299	3	10.7927830169086	::B3-2-22::N3-2-22::B3-1::N3-1::B3-10::	5
chr8	109691000	109921000	chr8_109691000	7	230000	0.00010823397656531	8	4.09874586645091e-06	5	0.0495288424119299	::B3-1-13::N3-1-13::B3-8::N3-8::B3-1-2::N3-1-2::N3-14::	5
chr9	70433200	70663200	chr9_70433200	6	230000	0.0025008306947372	8	4.09874586645091e-06	6	0.0025008306947372	::B3-2-2::N3-1-11::B3-1-13::N3-1-13::N3-2-21::N3-1-2::	5
chr9	96605000	96835000	chr9_96605000	5	230000	0.0495288424119299	5	0.0495288424119299	3	10.7927830169086	::B3-2-22::B3-10::N3-10::N3-9::B3-9::	2
chrX	77577300	77807300	chrX_77577300	6	230000	0.0025008306947372	6	0.0025008306947372	3	10.7927830169086	::B3-1-2::N3-1-2::B3-1-3::N3-1-3::N3-4::B3-4::	4
chrX	143483000	143713000	chrX_143483000	5	230000	0.0495288424119299	5	0.0495288424119299	3	10.7927830169086	::N3-1::N3-2-22::N3-14::N3-2-7::B3-8::	4
