chr10	108171100	108465100	chr10_108171100	33	294000	0.0177458628433296	47	5.68647514516834e-10	41	1.67185416063692e-06	::N-2-15::N-2-14::B3-1::N-B03::N-A04::N3-9::N3-1::B3-7::B-2-25::B-3-4::B-A07::N3-5::B-A10::N-1-6::B-1-6::N-B05::B3-c-28::B-2-15::B3-13::N-A05::N3-11::B3-16::N3-8::N-3-1::B-3-1::B3-9::N-A12::B-A12::N-2-21::N3-10::B3-5::N3-13::B3-2-21::	26
chr11	3100400	3394400	chr11_3100400	36	294000	0.000671721654149955	64	1.79375604423037e-21	44	3.41169075196997e-08	::N3-9::N-2-23::N3-8::N3-10::N-B05::N-A10::N-2-25::B-A02::N3-13::B3-10::B3-21::B-2-14::N-2-15::N3-19::B3-19::N-A02::B3-c-9::B3-5::B3-8::B3-12::N-3-1::B-2-15::N-A12::N-A05::B3-14::B3-2::B-2-27::B-A10::B-2-23::B3-1-13::B3-13::B-1-6::B-1-7::N3-1::B-A04::B-A05::	22
chr11	4526900	4820900	chr11_4526900	32	294000	0.0498460210991436	44	3.41169075196997e-08	38	6.59424615865557e-05	::B3-7::B-1-4::B-2-12::N3-4::N3-8::B-A04::B3-1-13::N-A02::B-1-7::N-1-7::B-B05::N-1-6::B-2-23::N-2-23::B3-2-21::B-A10::B-2-15::N3-19::N-B05::B3-19::N-A04::N-1-10::B-3-4::N3-2::B3-2::B-3-1::N-3-1::N3-16::B-2-14::N3-2-21::B-2-25::B3-8::	23
chr11	19967000	20261000	chr11_19967000	35	294000	0.00205831237958937	49	3.3370825865269e-11	45	8.90712829825595e-09	::B-B05::N-2-15::B-A05::B3-2-21::B-1-7::N-A05::N-2-25::B-2-12::B-B03::N-B03::N-3-4::N3-16::B3-12::B3-19::B3-7::N3-13::B3-2::B-3-4::B-2-14::B-1-6::B3-5::B-2-15::B-2-21::N-1-6::N-B05::B3-c-9::N-1-4::N3-2::B3-c-28::N-2-14::B-1-4::B3-8::N-1-7::N3-c-9::N-A02::	27
chr11	23249300	23543300	chr11_23249300	36	294000	0.000671721654149955	51	1.80629176206351e-12	44	3.41169075196997e-08	::B3-c-28::B-2-15::N-2-23::B3-2::B3-7::B-2-14::N-A12::N-3-1::B3-1-13::N3-19::B3-19::B-3-1::N-1-7::N3-10::N3-16::B3-c-14::N3-c-14::B3-2-21::N3-c-9::B-1-6::N3-15::B3-8::B3-12::B3-1::N-1-6::N-B05::B-2-23::B-A07::B3-c-9::B-1-7::N3-2-21::N-2-14::N-2-21::B-A05::N-A02::B3-11::	28
chr11	54390400	54684400	chr11_54390400	32	294000	0.0498460210991436	42	4.67659394900381e-07	41	1.67185416063692e-06	::N-1-7::N3-11::B3-11::N-B05::B-B05::N3-19::B-2-23::B3-10::B-A10::B3-19::B3-1::B3-14::N3-16::N-2-15::N-2-14::B3-1-13::N-2-27::B-3-1::B-A05::B-2-15::B3-c-28::N-A02::B-A12::B3-9::N3-9::B-B03::N-1-6::B3-2-21::N3-21::B-1-6::B3-8::N-2-25::	25
chr11	59603000	59897000	chr11_59603000	34	294000	0.00613195228769716	43	1.27773788334273e-07	39	1.98646588706713e-05	::B-3-1::N3-13::B3-10::B-A07::B-A04::B-2-15::B-2-14::N3-4::B3-c-14::N3-c-14::N3-16::B3-2-21::N3-12::N-B05::B-2-21::B-A12::B3-19::N-2-15::B-3-4::B-1-6::B-2-23::B-2-27::B3-1-13::B-B03::N-2-21::B-1-10::B-2-25::N-2-25::N3-c-9::N-2-23::B-1-7::N-3-1::N-B03::N3-1::	28
chr11	62279100	62573100	chr11_62279100	36	294000	0.000671721654149955	52	4.08098615190432e-13	46	2.27489019949761e-09	::B-1-7::N-1-7::N-A05::B-A05::N3-19::N3-c-28::B-2-21::N-2-21::B-A02::N3-c-14::B3-c-14::B3-7::B3-c-28::B3-10::B-2-14::B3-1::B3-c-9::N-2-23::B-A10::B-2-15::N3-9::B3-9::B-B05::B-2-27::B3-12::N3-8::B3-14::N-2-27::N-3-1::N-1-6::B-2-23::N-A02::B3-19::B-3-4::B3-2-21::N-B03::	21
chr11	70799600	71093600	chr11_70799600	34	294000	0.00613195228769716	40	5.8344736606766e-06	39	1.98646588706713e-05	::B-B05::B-2-27::B3-1-13::B3-7::N3-5::B3-8::N-2-15::B-3-4::N-3-4::B-A02::B3-12::N3-19::B-B03::N3-4::B-2-25::B3-5::N3-14::B-2-23::B3-21::B3-11::N-2-12::B-2-21::N-2-27::B3-c-28::N3-12::N-3-1::N-A12::B3-10::B-2-14::N3-7::N3-8::N-A02::N3-16::N-A05::	18
chr11	72459500	72753500	chr11_72459500	41	294000	1.67185416063692e-06	61	2.76524681022241e-19	55	4.20411408293097e-15	::N-1-6::N3-13::N3-15::N-3-4::B-A02::B-B05::N-A12::B-2-21::B3-21::N-3-1::N3-16::N-2-15::B-3-4::B3-c-28::B3-13::N3-19::N-A04::B-A04::B-2-15::N3-21::B-A05::B-1-6::B-A10::B-1-7::N3-11::B3-11::N-A02::B3-1::N3-9::B3-9::B-2-12::N-2-12::B3-10::N-B05::N3-10::B-2-23::B3-14::B3-5::N-2-27::B-2-27::N3-8::	25
chr11	76775600	77069600	chr11_76775600	38	294000	6.59424615865557e-05	47	5.68647514516834e-10	27	5.38166469828154	::N3-4::B-A04::N-2-27::B-2-27::B3-2-37::B-1-10::B3-7::B-1-9::B3-c-14::B3-2::B-3-4::B3-5::B3-14::B-1-6::B3-21::B-1-4::B-1-7::B3-c-28::B3-c-9::N3-21::N-3-4::B-3-1::B-A12::B-B05::B3-11::N-2-15::B-2-21::N-1-6::B3-8::B3-2-21::N-A02::B3-19::B-B03::N3-11::N3-13::B3-1::N-B03::N3-19::	32
chr11	77443800	77737800	chr11_77443800	34	294000	0.00613195228769716	51	1.80629176206351e-12	44	3.41169075196997e-08	::B-B05::B3-7::B3-8::B-B03::N3-10::B3-c-9::N3-16::N-2-25::B-2-15::N3-19::N3-c-28::N-2-15::B3-c-28::N-B03::B-2-23::N-A05::N-2-12::B-2-12::B3-2-21::N-A02::B-2-14::N-1-7::B-2-25::N3-13::N-1-6::B3-11::B-3-4::N-3-4::N-A04::N-2-14::B3-5::B-A02::B-3-1::N-3-1::	32
chr11	79383300	79677300	chr11_79383300	42	294000	4.67659394900381e-07	113	2.73962294326282e-64	92	1.66675221922843e-44	::B-2-23::B-1-7::N-1-7::N-2-23::N-2-25::N3-19::B3-19::N3-c-28::N-A02::B3-21::N-A05::N3-13::B3-2-21::N-2-15::B-3-4::B-A02::N3-c-9::B-1-6::B-A10::B3-13::B-A05::N3-1-13::B-2-27::N3-4::B3-1::B3-15::B-B05::N3-15::N3-21::B3-1-13::N-B05::N3-2-21::B3-14::B-2-25::B-A04::N-A07::N-1-6::N-2-12::B-2-14::B3-8::B3-10::N3-1::	47
chr11	86490600	86784600	chr11_86490600	34	294000	0.00613195228769716	51	1.80629176206351e-12	44	3.41169075196997e-08	::N3-c-14::B-B03::N-3-4::B3-2-21::B-2-25::B-2-15::B-A07::B-2-23::B-1-6::B3-8::N-B05::B3-15::B-A10::B-3-4::B-2-14::B3-7::N3-13::N3-10::N-2-15::B-2-12::B-2-21::N3-16::N-B03::N-1-7::N-1-6::B-1-7::N-A02::B-A04::N-A04::N-2-23::B-B05::N3-4::B3-4::B3-c-9::	20
chr11	104277500	104571500	chr11_104277500	41	294000	1.67185416063692e-06	78	1.91821604370475e-32	61	2.76524681022241e-19	::N3-16::N3-10::N-2-12::B-2-12::N-2-15::B-2-15::B-1-6::N3-4::B3-2-21::N-1-6::N3-2-21::B-B05::B-2-14::B-3-1::B-3-4::B3-7::N3-c-14::N-B05::N3-7::B-2-25::B3-12::B-A12::N-2-25::N-1-7::B3-10::N3-13::B3-13::N-2-14::B-B03::B3-c-14::N3-21::B3-21::N-3-4::B-1-4::N-A02::B3-15::B3-19::N-A05::B3-11::N-2-27::B-2-27::	33
chr11	106801000	107095000	chr11_106801000	37	294000	0.000213288867455355	52	4.08098615190432e-13	43	1.27773788334273e-07	::B-2-27::N-2-25::N-3-4::B3-c-9::B-2-21::B-A05::B-B03::N-3-1::B3-2-21::B-A12::B-1-6::B-2-14::B-2-23::N-B05::N3-19::N3-13::N-A10::B3-1::N-B03::N3-2-21::N-1-6::B3-c-28::B3-7::N-A05::B3-11::B3-8::N3-8::N3-11::B-3-4::N-2-27::N3-4::N3-14::B3-13::B-B05::B3-16::N3-2::B3-2::	29
chr11	108003800	108297800	chr11_108003800	35	294000	0.00205831237958937	42	4.67659394900381e-07	29	0.914790684542307	::N3-12::N-2-21::B-A10::B-1-6::B-3-1::B-3-4::N-2-14::N3-21::N3-10::B3-c-28::N-B05::B-B05::B-2-23::B-A02::N3-14::N3-11::N-2-27::N3-2-21::B3-2-37::B3-19::N3-5::N-A12::B-2-21::B3-5::N-2-12::N3-9::N3-13::N-2-23::N3-1::N-2-15::N-3-4::N3-4::N-3-1::N3-19::B-1-4::	11
chr12	51622300	51916300	chr12_51622300	35	294000	0.00205831237958937	55	4.20411408293097e-15	48	1.39181807217612e-10	::B-2-15::B-A12::B-2-14::B-1-6::B3-12::N-2-15::N3-12::B3-19::B3-15::B-A07::B3-1-13::B-2-21::B3-16::B-A02::N-2-14::B3-11::N-3-1::N-1-7::B3-10::N3-10::B-3-4::B3-1::N3-14::B3-14::B-1-10::N-1-10::B-2-25::N3-16::N-2-27::N-2-21::N-1-6::N3-13::N-A10::N-A12::N3-19::	29
chr13	17669200	17963200	chr13_17669200	38	294000	6.59424615865557e-05	54	1.9681428579634e-14	44	3.41169075196997e-08	::N-A02::N-2-21::B-2-21::B-1-6::B3-12::B3-14::N3-14::B-A10::B-2-12::B3-8::B3-13::N3-8::B3-1::N3-19::B3-19::B3-21::B3-9::B3-2::B-3-4::N-3-4::B-2-15::B-A07::B3-7::N-1-7::N3-10::B-A02::B-1-7::N-A05::B-A05::B-3-1::N-3-1::B3-2-21::B-B05::B3-11::B-2-27::N-2-27::N-2-15::N-1-6::	30
chr13	94316800	94610800	chr13_94316800	39	294000	1.98646588706713e-05	50	7.84110941198789e-12	27	5.38166469828154	::N3-14::N3-10::B-A07::N-2-27::B-A12::B3-14::N-2-23::N-A07::N-2-25::N-2-15::B3-7::B-1-7::B3-2-21::B3-c-28::N3-19::B-A02::B3-12::B3-13::B-1-6::B-B05::N3-11::B3-2::N-B05::N-2-14::N3-8::N-A02::N-2-12::N-B03::N-1-6::N-A12::N-A04::N-3-4::N3-21::N3-4::N-2-21::N3-16::N3-1::N3-13::N3-2::	33
chr14	19231200	19525200	chr14_19231200	32	294000	0.0498460210991436	58	3.68235204961849e-17	26	12.368010249673	::N3-4::N3-19::B3-12::N-2-21::B-2-14::N-B05::N-2-27::N-A02::B-1-6::N-1-10::N-A05::N3-11::B-3-4::N-1-7::N3-16::N3-8::B3-11::N3-10::B-2-23::N3-12::N3-1::N-3-4::N-2-23::N-2-25::B-2-15::B3-2::N3-15::N3-1-13::N-A10::N3-2-21::N-1-6::N3-9::	27
chr14	79306300	79600300	chr14_79306300	33	294000	0.0177458628433296	45	8.90712829825595e-09	39	1.98646588706713e-05	::B-2-14::N-2-27::B3-c-9::B3-21::B-3-4::B-1-4::B-A07::B-A10::B3-14::N-2-23::N-1-7::N-1-6::B3-12::B3-2-21::N-A12::B-1-6::N-A02::N3-19::N-3-4::N-3-1::B3-2::B-2-12::N-2-12::B-2-25::B3-5::B-1-7::B-2-15::N-2-15::B-1-10::N3-9::B3-10::B-B03::B-2-23::	24
chr15	8153400	8447400	chr15_8153400	42	294000	4.67659394900381e-07	71	8.26762623388246e-27	65	3.24213119060504e-22	::N-2-23::B3-21::N-A07::B-A04::B3-2-21::B3-19::B3-1::B-A12::N3-21::B3-13::N-2-15::B-B03::B3-12::B3-1-13::N-2-21::B-3-1::B-1-4::B3-c-28::B-3-4::N-A12::B-2-14::B-2-15::N-B05::B-2-12::B-1-10::N-1-6::N3-2-21::N3-1-13::N3-1::B3-11::N-2-14::B-A07::B-1-7::N3-13::B-2-23::N3-10::B-B05::B3-7::B-2-25::N-2-25::N3-7::N-2-12::	37
chr15	12110500	12404500	chr15_12110500	35	294000	0.00205831237958937	44	3.41169075196997e-08	41	1.67185416063692e-06	::B-2-12::N3-14::B-A10::B3-12::B3-1::B3-1-13::N-2-27::N-2-21::B-2-21::B3-19::N3-19::N-A10::B3-7::B-A12::B-2-14::N3-2-21::B-1-6::B-2-15::N-A12::N-1-6::N3-13::N-2-23::B-B03::N3-21::N-2-15::B-2-25::N-2-25::N-A02::B3-14::B-3-4::B3-c-28::N3-c-28::B-A05::B-A04::B3-2-21::	31
chr15	50622400	50916400	chr15_50622400	33	294000	0.0177458628433296	43	1.27773788334273e-07	39	1.98646588706713e-05	::B-2-25::B-A04::B3-2-21::N-2-15::N-A05::B-B05::B-3-4::N-A12::B3-21::N-2-23::N3-15::B3-15::B-2-12::N-A07::N3-c-14::B3-14::B3-19::N-2-12::B-2-21::N-2-25::N-B05::B-2-15::B-3-1::N-3-1::N3-7::B-2-14::N-2-14::B3-5::N3-19::B-1-6::N-A02::B3-7::B-A05::	24
chr15	51783900	52077900	chr15_51783900	32	294000	0.0498460210991436	44	3.41169075196997e-08	38	6.59424615865557e-05	::B3-21::B3-1::B3-2-21::B-A10::B3-19::N3-19::B-B05::N-3-1::B-2-21::N-2-21::B-3-1::B-1-6::B3-8::N-B05::N-A10::B-A02::B-3-4::N3-16::N-2-25::B-2-15::B-1-10::B3-5::B3-11::B3-2::B-1-7::N-B03::B-B03::B3-9::N3-9::N3-8::N-2-23::N3-c-14::	22
chr15	73112800	73406800	chr15_73112800	34	294000	0.00613195228769716	54	1.9681428579634e-14	43	1.27773788334273e-07	::B-2-12::N3-16::B-2-14::N3-1::N3-13::N3-10::B3-10::B3-1::B3-13::B3-2-37::B-1-6::N-1-6::B3-19::B-1-7::N-B05::N3-21::N3-19::N3-2-21::N3-c-14::B3-11::B-2-15::B3-c-28::B-2-27::B3-14::B-2-21::B-2-25::N-2-23::B3-8::B-B05::N-A02::B3-c-14::N-2-15::N-2-12::N-A07::	26
chr15	77070200	77364200	chr15_77070200	33	294000	0.0177458628433296	41	1.67185416063692e-06	38	6.59424615865557e-05	::B-1-6::N3-19::B3-12::N-A02::N-2-12::B-2-12::N-A10::B-A10::N3-13::B3-19::N3-2-21::B3-2-21::B-2-14::B-A04::B-2-25::N3-8::B-B05::B-2-23::B-A07::N-B05::B3-14::N3-7::N-2-21::B-A05::B3-21::B3-1-13::N3-16::B-3-4::N3-c-28::N-3-4::N-2-15::N-1-6::N-2-25::	16
chr15	80701200	80995200	chr15_80701200	33	294000	0.0177458628433296	51	1.80629176206351e-12	46	2.27489019949761e-09	::N-1-6::B3-1::N-B03::B-1-4::N-2-25::B-A12::B-2-21::B3-21::B3-c-28::N-2-15::B-3-4::N3-10::B-2-23::N-2-12::B-2-12::B-2-15::B-1-6::B-A04::N3-1::B-1-7::N3-21::B3-2-21::B-2-14::N3-13::B3-13::B3-10::N3-2-21::N3-c-28::B-A07::N-2-14::B3-1-13::N-A05::B3-15::	22
chr15	81059300	81353300	chr15_81059300	36	294000	0.000671721654149955	56	8.81996839679481e-16	50	7.84110941198789e-12	::N-2-27::B-B03::N3-8::N3-13::B-2-12::B-2-25::B-A07::N-2-15::N-1-6::B3-2-21::N3-1-13::B-A10::B-2-14::B-2-21::N3-2-21::N3-1::B3-19::B-1-7::N3-19::N-2-12::B3-c-28::B3-7::B-1-6::B3-13::B-B05::B-2-27::B-2-23::N-2-23::N-2-25::B3-11::B3-14::N3-10::B-1-10::B-A04::N-A05::N-2-21::	29
chr15	96336300	96630300	chr15_96336300	34	294000	0.00613195228769716	47	5.68647514516834e-10	42	4.67659394900381e-07	::B-A12::N-1-6::N-2-21::B3-1::N3-16::B3-10::B-2-15::B-2-27::N3-7::B3-7::B-1-6::B3-21::N3-9::B3-9::B3-c-14::N3-c-14::N3-19::B-2-14::N-2-14::B-A10::N-3-4::B-B05::B3-2-21::N-2-25::B-3-4::N-1-7::B-A05::N3-1::B-1-10::N-A02::N3-8::B3-19::N3-4::B3-16::	25
chr15	102378400	102672400	chr15_102378400	36	294000	0.000671721654149955	49	3.3370825865269e-11	45	8.90712829825595e-09	::N-2-14::B-A04::B3-11::N3-c-14::B3-c-14::B-A05::B3-19::B3-16::N3-16::N3-19::B-2-25::N-2-25::N-1-7::B3-12::B-2-27::N-A05::B-2-14::B-3-4::N-2-23::B3-c-9::N-1-6::B3-5::N-B05::N3-10::N-B03::B-B03::B3-14::B-2-15::N-2-15::N3-4::N-2-12::B-A07::B-1-6::N-A10::B3-15::B-1-7::	24
chr16	17438900	17732900	chr16_17438900	33	294000	0.0177458628433296	43	1.27773788334273e-07	38	6.59424615865557e-05	::B-2-25::B-3-4::B3-12::B3-19::N3-1::B3-1::B-1-7::N-2-12::B-2-12::N3-8::N3-c-28::B3-c-28::N3-2-21::N-3-1::N3-c-14::B3-8::B-A02::B3-10::B-1-6::B-A07::N-2-27::B-B03::B-A10::N-B03::N-2-15::N-A04::N-A02::N-2-25::N-B05::B-B05::B3-21::N-A05::B-2-21::	21
chr16	24482300	24776300	chr16_24482300	36	294000	0.000671721654149955	52	4.08098615190432e-13	48	1.39181807217612e-10	::B3-c-28::B-2-14::B3-11::B-3-4::N3-8::B-B05::N3-c-14::N3-7::N3-19::N3-10::B3-1-13::B-A07::B-2-21::B3-2-21::N-1-7::B-A10::B3-12::N-2-21::B-3-1::N-3-1::B-2-15::N-3-4::N-2-15::B-1-6::B-2-23::N-2-14::N-A10::N-2-23::B-2-12::B3-21::B3-5::N-B03::B3-19::B-A05::N3-15::B-2-27::	27
chr16	31657900	31951900	chr16_31657900	34	294000	0.00613195228769716	55	4.20411408293097e-15	48	1.39181807217612e-10	::N-A05::B-B03::B-2-15::N3-c-14::B3-19::B-A07::B-B05::B-1-6::B3-21::N-A07::N3-1-13::N-3-1::N3-19::B-3-4::N-3-4::N-B05::N-B03::B-2-12::B-A02::N-2-15::N-2-21::B3-11::B-2-21::B-A05::B-2-14::B3-2-21::N-A02::B-2-23::N3-c-28::N3-21::N3-10::B3-1-13::N3-11::N3-2-21::	22
chr16	33180400	33474400	chr16_33180400	36	294000	0.000671721654149955	61	2.76524681022241e-19	49	3.3370825865269e-11	::B3-2-21::B-3-1::N-3-1::N3-4::N3-11::N3-8::B-1-7::B3-8::N3-9::N-B03::N-3-4::N-A02::B-B03::B3-21::B-1-6::N-B05::N3-2-21::B-2-15::B-A07::N-A12::N3-1-13::B3-1-13::B-B05::N3-16::B3-16::B-A12::N-A05::B3-c-28::B3-14::B-A02::B-A10::B3-4::B-2-25::B-2-14::N3-13::B3-13::	29
chr16	38090900	38384900	chr16_38090900	32	294000	0.0498460210991436	55	4.20411408293097e-15	49	3.3370825865269e-11	::B3-7::B-2-25::N-1-6::B-1-6::B-B05::N-2-25::B3-11::B3-13::B-2-15::N3-9::N-A07::B-1-7::B-A10::N-A02::N-2-15::B3-c-9::B-3-1::B3-19::B-A05::B-A12::B-A07::N3-12::N3-16::N-B05::N-A05::N-2-21::B-2-14::B-2-23::B-A04::N3-4::B-2-27::B3-2-21::	19
chr16	43321700	43615700	chr16_43321700	33	294000	0.0177458628433296	48	1.39181807217612e-10	42	4.67659394900381e-07	::N-3-4::B3-1-13::B3-7::N-A12::B-3-4::N-1-7::N-1-6::N-2-15::B-A12::N-B03::B-B03::B-2-15::B-1-6::N-B05::B3-1::B-2-23::B3-10::B3-13::N3-1::N3-10::N3-13::B-B05::N3-1-13::N3-c-14::B-1-7::B-2-14::B-A10::N-2-12::B3-2::B-1-4::B3-2-21::B-A02::B-2-21::	26
chr16	94396200	94690200	chr16_94396200	32	294000	0.0498460210991436	44	3.41169075196997e-08	40	5.8344736606766e-06	::B-A10::N3-16::N3-14::N3-13::N-1-10::B-A12::N-A12::N-A10::N-A07::N3-4::N-3-1::B-1-6::N-2-15::B3-7::B3-5::N3-1::B-3-1::B-2-15::B-1-4::B-A04::N3-9::B3-9::N3-2-21::B-1-10::B3-2-21::N-B05::N-1-6::N-3-4::N-2-25::B3-19::B3-11::N3-19::	22
chr17	3061400	3355400	chr17_3061400	39	294000	1.98646588706713e-05	54	1.9681428579634e-14	47	5.68647514516834e-10	::N3-1::B3-11::B3-2::B-A12::B3-19::N3-4::N-2-21::B3-8::N-3-1::N3-2-21::N-A05::N-1-6::B-1-6::N-2-15::B-2-12::N-3-4::N3-15::B3-15::N-B03::B-B03::B-2-21::B3-12::B-2-14::B-A10::B-3-4::N3-5::N3-16::B-B05::N-B05::B-A05::N-1-7::N3-19::N-A12::N3-9::B-A02::B3-1::B3-9::B3-2-21::N-1-9::	26
chr17	5047400	5341400	chr17_5047400	36	294000	0.000671721654149955	61	2.76524681022241e-19	56	8.81996839679481e-16	::N-2-21::B3-19::N-3-4::N3-16::N-1-6::N-2-15::B-1-6::N3-4::B-B03::B3-7::B3-1::N3-1::N-2-25::B-3-1::B-2-21::B3-12::N-2-23::N-A02::N-1-4::B-A02::N-A05::N-3-1::B-2-15::B-A10::N-A04::B-A04::B-1-4::B-A05::B3-c-14::B3-14::B3-5::B-2-25::N3-13::B3-13::N3-8::B3-c-28::	31
chr17	29902200	30196200	chr17_29902200	34	294000	0.00613195228769716	53	9.0462756060908e-14	46	2.27489019949761e-09	::N3-4::N-A05::B3-8::N3-9::B-3-4::B3-21::N3-21::N-3-4::B-B05::N-B03::B-B03::N-2-25::N3-11::B3-19::B-1-7::B3-9::B-2-27::N3-16::N3-19::N-B05::N3-1::B3-12::B3-c-28::B-2-15::B-1-6::B-A02::N3-13::B3-1::N-1-6::B-2-14::B-A10::B-2-12::N-2-12::B-A07::	24
chr18	9983300	10277300	chr18_9983300	41	294000	1.67185416063692e-06	59	7.33253016868914e-18	56	8.81996839679481e-16	::B-1-10::B3-7::B3-2-21::N-1-6::B3-c-9::B-1-6::N3-8::B-3-4::N3-9::B3-5::N3-13::N-2-21::N-2-23::B-1-7::N-2-27::B-B05::N3-19::B-2-25::N-B05::N3-16::N-2-15::N3-10::B-2-14::N-2-14::B-2-15::B3-16::B-2-23::B3-c-28::N3-2-21::B-3-1::N-3-1::B3-10::N3-4::N-A05::N-B03::N-A02::B3-1-13::B-A02::N-1-7::B-2-27::B3-1::	32
chr18	31640800	31934800	chr18_31640800	35	294000	0.00205831237958937	47	5.68647514516834e-10	43	1.27773788334273e-07	::B3-14::B3-c-28::N-2-15::N3-13::B-2-25::N3-2-21::B3-2::B-1-7::B-2-14::B-A10::N3-1::B3-1-13::N-1-7::N-1-10::N-3-4::B-A02::N-1-6::B-B05::N-2-27::N3-8::N3-11::B3-8::B3-11::N3-19::B-2-21::N-2-21::N-2-23::B3-19::B-A05::B3-7::B-3-4::N-B05::N3-9::B3-5::B-2-15::	21
chr18	34222800	34516800	chr18_34222800	38	294000	6.59424615865557e-05	58	3.68235204961849e-17	50	7.84110941198789e-12	::N3-13::N-2-23::B3-12::B-2-21::B-A10::B-B03::N-B03::N-2-15::B3-2::B-B05::N3-1-13::N3-8::B-A07::N-1-7::B3-8::B3-11::N-A07::B3-1-13::N3-21::B3-19::B-A05::N-A05::B-2-14::N3-4::B3-1::B3-21::N-A02::N3-10::B-A02::B3-14::B-2-15::N3-5::B-2-23::B3-7::B-1-6::N3-2-21::B-2-27::N-B05::	30
chr18	34903000	35197000	chr18_34903000	32	294000	0.0498460210991436	43	1.27773788334273e-07	40	5.8344736606766e-06	::N-2-23::B-1-7::N-2-25::N3-4::B-1-10::N3-13::B3-10::B-1-6::N3-16::B-A05::B-A04::B3-1-13::N3-1-13::N-3-4::N-2-15::B3-21::B3-4::B-2-15::B3-7::B3-c-28::N3-19::B-A02::B-2-23::B-A10::B-3-4::B-2-25::B-B05::B3-1::N-3-1::N-1-6::B3-19::B-B03::	27
chr18	35556000	35850000	chr18_35556000	33	294000	0.0177458628433296	51	1.80629176206351e-12	46	2.27489019949761e-09	::N3-c-28::B-A10::B-2-23::N-2-23::B3-7::B-2-14::B-1-7::N-A10::B-1-6::B-2-15::B-3-4::B-2-25::B-3-1::B3-16::N3-16::N-1-4::N-B05::B-A07::N-B03::N-1-9::B3-19::B-B05::N-1-6::N3-13::B3-8::B-A04::B3-12::B3-1::B3-5::B-2-21::B-A05::N-A02::B3-4::	28
chr18	42285600	42579600	chr18_42285600	32	294000	0.0498460210991436	45	8.90712829825595e-09	37	0.000213288867455355	::N3-2::B3-1::B-2-21::N-2-21::B-B05::B3-c-9::N-1-7::N-2-15::B3-21::B-A05::N-2-23::B3-2::B-2-25::N-B05::B-3-4::B-1-6::B-1-7::N3-13::N-A12::B-A12::N3-1::B-2-14::B3-8::B3-2-21::B-2-23::N3-10::B3-10::B3-19::N3-19::N-3-1::N-1-6::N3-4::	23
chr19	3453200	3747200	chr19_3453200	33	294000	0.0177458628433296	55	4.20411408293097e-15	48	1.39181807217612e-10	::B3-5::N3-c-9::N3-4::B3-19::B-B05::N-B05::N3-12::B-1-6::N-A10::N-2-15::B-A05::B-2-15::B-A10::N-B03::B-B03::N3-8::B3-c-9::N3-16::B-1-10::N-2-21::B-1-4::B3-21::B-2-14::B-2-21::N-2-14::B-2-23::B-A07::B-2-25::N-A02::B3-2::N3-10::B-3-1::B3-7::	35
chr19	29851000	30145000	chr19_29851000	34	294000	0.00613195228769716	47	5.68647514516834e-10	35	0.00205831237958937	::N-2-27::N3-10::B3-21::N-2-21::B-2-27::B-A12::B3-1::N-2-15::B-3-1::B-2-25::B3-2-21::B-2-15::B-1-6::N-A10::N-B05::N-2-25::N3-11::B-B05::B3-c-9::B3-19::B3-13::B3-11::B-1-7::N-2-12::B-2-12::B-A02::B-A10::B3-10::N3-1::N3-13::N-A02::N3-1-13::B-A05::N-A05::	20
chr2	22900000	23194000	chr2_22900000	32	294000	0.0498460210991436	42	4.67659394900381e-07	39	1.98646588706713e-05	::B3-2::B3-1::N3-10::B-A07::B-3-4::N3-1-13::B3-11::B3-19::N-1-10::N3-12::N3-11::B-A04::B3-12::N3-9::N-2-25::B-2-27::B-2-14::B3-c-14::B-2-15::B-A05::B-1-7::N3-13::N3-16::B-B05::N-A07::B3-9::B-2-23::N3-8::N-2-27::B3-5::B3-4::N3-4::	22
chr2	37366000	37660000	chr2_37366000	35	294000	0.00205831237958937	58	3.68235204961849e-17	52	4.08098615190432e-13	::N-A10::B3-14::N-2-15::B3-c-9::B3-1::B3-8::B-3-1::N3-19::N-2-21::N3-10::N3-13::N-A05::B3-7::N3-14::B-2-15::N-A04::N-3-4::N3-11::B3-11::B-2-14::B-A07::N3-16::N-1-6::N-2-12::N-3-1::B-2-23::B-2-27::N3-5::N-B03::N3-8::B-B05::B3-2-37::B3-10::N3-9::B3-9::	31
chr2	90712100	91006100	chr2_90712100	36	294000	0.000671721654149955	50	7.84110941198789e-12	45	8.90712829825595e-09	::B-A07::B3-2-37::B-A02::N-1-7::B3-1-13::B-3-4::B-A12::N3-11::N-2-23::N-2-27::B-1-6::B3-12::N-2-15::B-2-15::N-A05::B3-10::N-2-21::B-2-12::N-B05::N3-4::B-1-7::N3-16::B-A04::B3-1::N-A12::N-3-4::B-2-14::N-2-14::B-B03::N-B03::N3-13::B3-14::N3-2::B-2-21::B3-19::B3-c-9::	26
chr2	98529200	98823200	chr2_98529200	66	294000	5.77121444800201e-23	361	nan	36	0.000671721654149955	::N3-8::B3-11::N3-13::B-A07::N-A05::N3-16::N3-14::N-1-7::N-B05::N-2-14::N3-9::N-A02::N-2-12::N3-10::N3-7::N3-1-13::N-1-6::N3-19::N-A10::N-A12::N3-1::N3-4::N3-c-14::N3-2-21::N-2-15::N3-15::N3-21::N-3-1::N-2-25::B-2-21::B3-12::N-1-10::N3-11::N3-12::N-2-27::N-2-21::N3-5::N-3-4::N-B03::N-2-23::N3-c-9::B3-1-13::B3-1::B-2-23::B-3-1::N-A07::B3-c-28::N-A04::B3-13::B3-10::B-A02::B3-8::B-1-10::N-1-4::B-2-15::B-1-7::B-1-6::B3-9::B-A05::B-2-27::B-B03::B3-19::B-2-12::B3-14::B-3-4::B-A12::	175
chr2	154603100	154897100	chr2_154603100	34	294000	0.00613195228769716	52	4.08098615190432e-13	43	1.27773788334273e-07	::B-A04::N-A05::B3-21::B3-11::B-2-15::B3-19::N3-19::B-B03::N-A07::N-2-21::B3-8::N3-8::N3-11::N-3-1::B-A02::B-B05::B-A07::B3-c-9::B-1-6::N-2-27::N-2-15::B3-9::N-B05::B3-2-21::B3-14::B-3-4::B-3-1::B-A05::B3-12::N3-2-21::B3-1::N3-1::B-2-23::B3-c-14::	33
chr3	19057100	19351100	chr3_19057100	32	294000	0.0498460210991436	39	1.98646588706713e-05	36	0.000671721654149955	::B-1-4::N3-11::B-3-4::B-A07::B-1-7::B3-11::B3-1::N-A02::B-2-14::N-3-1::B-B05::B-2-27::N-B05::B3-c-28::B-2-15::N-1-10::N-2-15::N3-4::N3-13::B3-1-13::N-A12::B-A12::B-1-6::B3-14::N-3-4::B3-2::B3-13::N-A10::B-2-21::N3-19::B3-19::B-A04::	20
chr3	27512200	27806200	chr3_27512200	36	294000	0.000671721654149955	55	4.20411408293097e-15	47	5.68647514516834e-10	::N3-c-14::N-2-25::N-A07::N3-1-13::B3-1-13::B-A07::N3-19::B-2-25::N-A02::B-A02::B3-19::N-A05::N3-11::N-3-4::B-2-15::B-2-21::N-2-21::B-1-7::N-2-15::N3-21::B3-c-14::N3-8::B-2-14::B-B05::N-B05::B3-5::N-2-14::B3-2-21::B3-7::B3-13::B-A10::B-2-23::B3-21::B-3-4::N3-16::N-2-27::	20
chr3	51226900	51520900	chr3_51226900	32	294000	0.0498460210991436	50	7.84110941198789e-12	43	1.27773788334273e-07	::B3-5::B-A02::N-A02::B3-19::N3-19::B-2-12::N-1-6::N-2-23::N3-16::B-2-23::B-2-15::N-2-15::N3-8::N-2-14::B3-11::N-2-25::B3-8::B-2-14::B-A12::B3-21::N3-13::B-2-25::B-1-6::B-B05::N3-11::B-2-21::N-3-1::N3-4::B-3-1::N-B03::B3-7::N3-7::	33
chr3	60506400	60800400	chr3_60506400	32	294000	0.0498460210991436	52	4.08098615190432e-13	39	1.98646588706713e-05	::B-1-6::B-2-14::N-2-14::N-1-6::N-2-21::B-2-27::B-2-23::B-1-7::N-B03::B-B03::B3-11::B3-19::N-1-7::B3-21::N-2-12::B-2-12::B-A02::N-2-15::N3-2-21::B3-2-21::N3-21::N-3-4::B-3-4::N-A02::N-2-23::B-A07::N3-10::N3-19::N3-4::B-A05::N-A07::B-2-15::	21
chr3	68836800	69130800	chr3_68836800	32	294000	0.0498460210991436	45	8.90712829825595e-09	37	0.000213288867455355	::B-1-7::B-A04::N-3-1::N-A10::N3-4::B3-4::B3-19::N3-11::N-B03::B-2-14::N-1-6::B3-c-28::N3-19::B-2-12::N-2-12::N3-1-13::N3-7::N-2-23::B-2-25::N-2-14::B-A10::B-A02::B-B03::N-2-21::N3-10::B-2-15::B3-1::N3-15::B3-15::B3-21::N3-21::N-2-25::	23
chr3	90294500	90588500	chr3_90294500	37	294000	0.000213288867455355	48	1.39181807217612e-10	40	5.8344736606766e-06	::B-2-27::B-2-14::N3-19::B-2-25::N-B05::B-B05::N3-1-13::B3-5::B3-2-21::B-A07::B3-7::B-A02::N3-8::B-3-4::N-1-6::N-2-27::N3-16::B3-16::B3-1::B3-2::B3-4::B3-14::B-2-15::B-1-7::N-1-7::B3-21::N3-21::B-2-23::N3-1::N3-11::B-A10::B3-1-13::N3-13::N3-2-21::B-2-21::B3-9::N3-9::	27
chr3	135406400	135700400	chr3_135406400	33	294000	0.0177458628433296	44	3.41169075196997e-08	37	0.000213288867455355	::N-A05::B3-c-28::B-A10::B-B05::N3-13::N3-4::B-A05::B-1-10::N3-10::B3-10::N-2-23::B3-16::B3-4::N3-8::N3-11::B3-7::B3-8::B3-11::B-2-21::B-2-14::N3-16::B3-19::B-2-25::N-1-6::N-2-15::B3-c-9::B3-1-13::B-2-15::N3-9::B-1-6::B-1-7::B-A04::B-2-27::	19
chr4	41092000	41386000	chr4_41092000	32	294000	0.0498460210991436	48	1.39181807217612e-10	46	2.27489019949761e-09	::B-B03::N-2-25::N3-8::N-A05::B3-13::N-3-1::B-3-1::N3-11::B3-2-21::B-1-7::B-2-21::B-A12::B3-19::N3-7::B-2-12::B-2-23::N-2-27::B3-1-13::B-2-14::N3-13::B-B05::N-2-21::N-2-15::B-2-27::B3-11::N3-16::N3-14::B-2-15::N-B03::B3-14::B-A05::B3-7::	16
chr4	82228500	82522500	chr4_82228500	34	294000	0.00613195228769716	52	4.08098615190432e-13	46	2.27489019949761e-09	::N3-19::B-A07::B-A12::B3-2-21::N-A12::B-3-4::B-2-21::N-A07::B-2-15::B3-c-9::B3-19::N-3-1::B3-1-13::B3-15::N-2-21::B3-12::N-2-25::B-2-25::N-B03::N-1-7::B-1-10::B-B03::B-1-7::N3-c-9::N3-1-13::N-2-27::B-2-27::N3-16::B3-16::N-2-14::B-A05::N-A02::N-2-23::B3-4::	20
chr4	130554600	130848600	chr4_130554600	32	294000	0.0498460210991436	48	1.39181807217612e-10	42	4.67659394900381e-07	::B-2-14::N3-2::N-A02::N-2-21::N-3-1::B-3-1::B3-c-28::B-A10::N-1-6::N3-8::B3-12::N-2-15::B-2-15::N3-13::B3-11::N3-11::B-1-4::B3-2::N3-16::B-A05::B3-13::B-1-6::B3-5::B-A07::B3-7::N3-7::N-1-10::B-B05::B3-2-37::N3-1-13::N3-21::N3-4::	25
chr4	135199300	135493300	chr4_135199300	32	294000	0.0498460210991436	42	4.67659394900381e-07	34	0.00613195228769716	::B3-14::B-2-27::B-3-4::B3-5::B3-4::B3-c-28::N3-13::B3-13::B3-1::N3-1::N-3-1::B-A04::N-A04::B-2-12::N-2-12::B3-7::B-1-7::N3-19::B-A10::N-A10::N-B05::B-B05::B-1-6::B-A05::N-A05::B-A07::B-2-25::N3-11::B-2-21::N-2-23::N-A12::B3-c-9::	27
chr4	136314000	136608000	chr4_136314000	36	294000	0.000671721654149955	64	1.79375604423037e-21	55	4.20411408293097e-15	::N3-9::N3-1-13::N-1-7::B-1-7::N-2-21::B-2-23::N3-13::B-A04::B3-19::B-2-15::B-3-4::B-B05::N-2-15::B3-c-9::N-3-4::N3-12::N3-19::B3-1::N3-16::B-2-27::B3-12::N3-8::B3-7::B-A10::N3-c-9::N-3-1::N3-4::B-A12::N3-2-21::N3-c-14::B3-13::N-A07::N3-2::B3-2::N-2-12::B-2-25::	28
chr4	150288700	150582700	chr4_150288700	35	294000	0.00205831237958937	44	3.41169075196997e-08	42	4.67659394900381e-07	::B3-2-21::N3-16::B-A05::N-A05::N3-15::B3-7::B3-16::B3-10::B-2-14::N-A10::B3-2-37::N-B05::B-2-23::B-2-25::B-2-15::N-2-15::B-A04::N3-1::B3-c-28::B-1-10::B-B05::B-A10::B3-2::B3-14::N-1-7::N-2-23::B3-1::B-3-1::B-B03::B-A12::B3-19::B-2-27::B-2-21::N-1-6::N3-10::	27
chr5	20750600	21044600	chr5_20750600	32	294000	0.0498460210991436	43	1.27773788334273e-07	40	5.8344736606766e-06	::B-B05::B-3-4::N-B05::N3-c-28::N-1-7::B-2-25::B-3-1::N-2-27::N-1-6::B-2-15::B3-10::B3-7::N3-10::N3-4::N-1-10::B-1-10::B-A10::B-B03::B3-19::N3-19::N-3-4::B-2-27::B3-2-21::B3-4::N-A05::N-A12::N3-11::N-2-14::B-A02::B-1-6::B3-12::B-2-23::	26
chr5	23386600	23680600	chr5_23386600	33	294000	0.0177458628433296	46	2.27489019949761e-09	43	1.27773788334273e-07	::B-A04::B-1-7::B-A10::B3-7::B3-12::N-2-15::B-2-15::B3-14::B3-1::B3-2-21::N3-11::B3-11::B3-2::N-2-21::B-2-14::B-A05::N-A07::B-3-4::B3-19::B-B05::B-2-25::B3-c-28::B-A07::N-A05::B-A12::N3-10::N-2-27::N-A02::B-1-6::N-2-23::B3-c-9::B-2-21::B3-13::	20
chr5	25308000	25602000	chr5_25308000	37	294000	0.000213288867455355	84	1.7234852534624e-37	65	3.24213119060504e-22	::B-A10::N-A05::N3-10::B3-13::B3-7::B3-1::B3-12::N3-12::B3-14::B-1-6::N3-13::B3-10::B-2-15::N3-1::N-2-25::N-2-15::B-2-27::N-3-1::B-A02::B-1-10::B3-c-9::N3-9::B-2-25::B3-9::N3-2-21::N-A07::B-3-1::B3-5::N-2-23::B-B05::B-B03::B-2-21::B-2-23::N-B05::N3-19::B-1-9::B3-2-37::	38
chr5	28143100	28437100	chr5_28143100	73	294000	2.17113388278801e-28	180	0	34	0.00613195228769716	::N-2-23::N3-14::B3-7::N-2-15::N3-4::N-2-25::N3-16::N3-11::N-3-4::N-2-21::B3-c-28::B-2-21::B-2-12::B-2-15::B3-12::B3-c-9::B3-5::N3-15::B3-14::B3-16::B-2-25::B-A10::N-2-14::N-1-7::N-B03::N-B05::N-1-6::N-1-4::N3-c-14::B-A04::B-2-14::B3-15::B-B03::B3-11::B-B05::B-1-7::B-1-10::B-1-6::B-1-4::B-2-23::B-A02::B3-4::B3-13::B-3-4::B3-2-21::B-3-1::B3-2::B3-19::B-A05::B-2-27::B-A07::N-3-1::N3-5::B3-10::B3-1-13::B3-2-37::N-2-12::N3-12::N3-10::N3-7::N-2-27::N-1-10::N-A02::N-A10::B-A12::N3-13::N-A12::N3-21::N3-2-21::N3-9::B3-21::N-A05::N3-19::	111
chr6	28487900	28781900	chr6_28487900	33	294000	0.0177458628433296	49	3.3370825865269e-11	46	2.27489019949761e-09	::B-A05::B-A02::N3-19::N-2-14::N-2-23::B3-2-21::N3-2::B-2-15::B3-1::B-1-6::N-A02::B3-19::B3-c-28::B-1-7::B-B05::N3-8::B-2-21::B3-7::N3-12::N3-14::B-A04::B-A10::B-2-23::B-3-4::B3-1-13::B-A07::N-B05::N-2-21::B3-5::N-2-15::B-A12::B-2-12::N-2-12::	19
chr6	38482800	38776800	chr6_38482800	33	294000	0.0177458628433296	44	3.41169075196997e-08	37	0.000213288867455355	::B-B05::N-3-1::N3-4::B3-14::B-1-6::B3-7::N-2-27::N-2-25::N-B03::B-1-7::B-2-25::B3-19::B3-2-21::N3-16::N-3-4::N3-2-21::B-2-14::N-A12::N3-1::B3-1::N3-11::B3-13::N3-13::N-A04::N3-15::B-B03::N3-12::N-1-7::B-2-15::B-A10::N3-21::B3-21::N-B05::	21
chr6	47311100	47605100	chr6_47311100	32	294000	0.0498460210991436	41	1.67185416063692e-06	35	0.00205831237958937	::B3-7::N3-19::B-2-23::B-2-21::B3-c-28::B-1-10::N-A02::B3-2::B-2-15::B3-15::B3-1::B3-12::B3-14::N-3-4::B-2-12::N3-2-21::N-1-7::B-B03::N-B03::N3-13::B-A02::N-B05::N-A10::N-1-6::B-A07::B-2-25::N-2-15::N3-c-9::B3-c-14::B3-c-9::B-B05::N3-16::	18
chr6	113025600	113319600	chr6_113025600	38	294000	6.59424615865557e-05	56	8.81996839679481e-16	50	7.84110941198789e-12	::B-1-6::B3-1-13::B-B05::B3-8::N-1-6::B3-c-9::N3-c-9::B-2-12::N3-16::B3-1::B3-c-14::N3-c-14::N-2-15::B-2-21::B-2-15::N3-10::B-A12::B-A07::B3-c-28::B-2-23::N-1-4::B-A05::B-2-27::N-2-27::N-2-25::N3-13::N-1-7::B3-2::N3-11::B-2-25::N-1-10::B-B03::N-A05::N3-8::N-2-23::N3-1::N-A10::B3-2-21::	32
chr6	134477300	134771300	chr6_134477300	41	294000	1.67185416063692e-06	58	3.68235204961849e-17	52	4.08098615190432e-13	::N-2-21::B3-2-21::B-2-15::B-2-23::B-A12::B-2-21::N-2-25::B3-7::N3-7::B-2-12::N-3-1::N-2-12::N-2-23::B3-5::N-A02::B3-12::B-1-7::B3-19::N3-16::B3-1::B-1-6::N3-c-9::B-1-10::B-2-27::B-3-1::N-A05::B-A05::B-A10::B3-c-28::N3-2-21::N-1-6::B-3-4::N-A10::B-2-14::N3-11::B3-4::N3-4::N-B03::B-B03::N3-9::B3-9::	29
chr7	121811000	122105000	chr7_121811000	42	294000	4.67659394900381e-07	51	1.80629176206351e-12	20	779.670075056052	::B-2-25::B-3-1::N-3-1::N3-9::B3-9::N-2-12::N-2-21::N3-4::N-A10::N-2-25::N-1-6::N-2-15::N3-16::N-2-14::N-B05::N-2-27::N-A02::N-1-9::N3-11::N3-21::N-A12::N-1-7::N-A07::N3-2-21::N-A05::N3-2::N-A04::N-3-4::N3-19::N3-5::N-2-23::N3-14::B-2-21::B-1-7::N3-13::B3-1-13::B-1-6::B-1-10::B3-2-21::B-B05::B3-c-28::B3-14::	37
chr7	136303300	136597300	chr7_136303300	47	294000	5.68647514516834e-10	48	1.39181807217612e-10	6	2760.4195697493	::B-2-15::N-A05::N3-1::N-A02::N-2-12::N3-4::N-2-14::N3-13::N-2-27::N-2-25::N3-9::N-B05::N3-5::N-2-23::N3-8::N-B03::N-A10::N3-1-13::N-3-4::N3-19::N-A07::N-3-1::N3-11::N3-2-21::N3-10::N-2-15::N3-16::N-1-6::N3-2-37::N-2-21::N-A12::N-A04::N-1-10::N3-c-28::N-1-4::N3-21::N3-2::N-1-7::N3-7::N3-c-9::N3-12::N3-c-14::N3-15::N3-14::B-A10::B3-11::B3-2::	46
chr8	25526300	25820300	chr8_25526300	34	294000	0.00613195228769716	42	4.67659394900381e-07	37	0.000213288867455355	::B-A10::B3-c-28::N3-c-28::B-A05::B-2-12::N3-16::B-2-14::N3-21::N-3-4::B-3-4::B3-21::B3-19::N-A07::B-A07::N-2-15::N3-2-21::N-2-25::N3-8::N3-4::N3-13::N3-10::B-1-7::B-2-21::B-2-15::B-2-27::N-B03::B3-5::N-2-12::B-A02::N3-c-14::B-A12::B-B03::N3-1::B-2-25::	17
chr8	106889200	107183200	chr8_106889200	33	294000	0.0177458628433296	42	4.67659394900381e-07	36	0.000671721654149955	::B-1-6::B-1-7::N3-2-21::B-2-14::B3-1::N3-1::N-1-4::N3-5::N-2-23::N3-9::B3-9::B-A12::B-2-15::N-2-25::B-2-12::N-2-12::N3-10::B3-2-21::N3-4::N3-16::N-2-21::B-2-25::B3-1-13::N-2-15::B-3-1::N3-21::N-B05::N-1-10::B-A05::B3-7::B-2-23::N-B03::B-B03::	23
chr8	109673400	109967400	chr8_109673400	41	294000	1.67185416063692e-06	66	5.77121444800201e-23	48	1.39181807217612e-10	::B-1-6::N-A02::B-A10::B-1-7::B-2-25::B-1-4::B3-1-13::N3-1-13::N-2-15::B3-8::N3-8::B3-2-37::N3-19::B-2-21::B-2-14::N-2-14::N-1-6::B3-19::B-A02::N3-11::B3-11::B-2-15::N-2-25::B3-12::N-1-7::B-A12::N-3-1::B-3-1::N3-14::B-B05::N-2-21::N-1-4::N-1-9::B3-c-14::N3-c-14::N-A04::B-A07::B3-14::N3-2-21::N3-4::B3-5::	31
chr9	3001100	3295100	chr9_3001100	49	294000	3.3370825865269e-11	94	2.63160902313677e-46	33	0.0177458628433296	::N3-2-21::N-3-4::N-A05::N-A04::N-A02::N-2-23::N-2-15::N3-16::N-B05::N3-11::B-A02::B-A10::B3-2-21::N3-9::B3-7::N-2-21::N3-19::N-2-12::N3-8::N-2-14::N3-1::N3-5::N-A07::N3-13::N3-2::N-1-10::N-2-27::B3-5::B3-11::B-2-15::B-1-10::B3-10::B3-c-28::B-2-23::B3-1::N-A12::N3-21::N-2-25::N-1-6::N-1-4::N-B03::N3-1-13::N3-15::B-B05::N3-10::B-2-25::N3-c-28::N-1-7::B-3-4::	45
chr9	59389300	59683300	chr9_59389300	38	294000	6.59424615865557e-05	47	5.68647514516834e-10	45	8.90712829825595e-09	::N-1-7::B-2-23::B-2-12::N-2-12::B3-12::N-A02::B3-14::N3-14::B-3-1::N3-13::B-2-14::N-A07::N-2-14::N-1-4::B3-15::N-2-15::B3-10::B-2-27::N3-16::B-2-15::N-2-23::B3-2::B-B03::B3-5::B-A10::B3-16::B-B05::B-2-21::B3-19::N3-2-21::N-3-1::B-1-6::B3-1-13::N3-9::N3-1::B3-c-9::N-A05::B3-1::	24
chr9	65691800	65985800	chr9_65691800	35	294000	0.00205831237958937	45	8.90712829825595e-09	40	5.8344736606766e-06	::B-2-23::B3-10::N3-10::N-B03::N-1-10::B-A04::B-3-4::B3-12::B-B05::B3-15::N-2-25::N-A10::B-2-14::B3-7::B-2-27::N-2-27::B3-c-28::B-2-15::N3-2-21::B3-13::B-A07::B3-1-13::N3-1-13::N-A07::B-1-7::B-A10::B-2-25::B3-19::B3-5::N-A04::N-2-15::N3-4::B-2-12::N-1-7::B-A02::	23
chr9	66326600	66620600	chr9_66326600	37	294000	0.000213288867455355	47	5.68647514516834e-10	41	1.67185416063692e-06	::B3-c-28::N-3-4::N3-1-13::B3-21::N-2-21::B-3-4::B3-11::B3-1::N-B05::B-B05::B3-1-13::N3-8::N-1-6::B-2-15::N3-4::B3-19::N3-16::N-2-27::B3-7::B3-15::N3-15::B-1-7::B-2-14::N3-13::B-1-6::B3-9::N3-9::N-2-23::B3-8::B-A07::N3-19::N-2-15::B3-14::B-A02::B-2-21::N3-1::B-A12::	27
chr9	70472400	70766400	chr9_70472400	34	294000	0.00613195228769716	51	1.80629176206351e-12	46	2.27489019949761e-09	::B3-7::N3-2-21::N3-c-9::B3-c-9::N-3-4::B-1-7::N-B05::B-3-1::N-3-1::B3-1-13::N3-1-13::B-2-23::N-2-15::N-2-21::B-2-15::B-A10::B3-c-28::N-1-6::B-2-21::B3-5::N3-10::B-A02::N3-16::N-2-27::B-2-27::B-2-25::N-2-25::B-1-10::N3-19::N3-13::N3-9::B3-2-21::N-1-4::B-A04::	24
chr9	71828600	72122600	chr9_71828600	37	294000	0.000213288867455355	64	1.79375604423037e-21	54	1.9681428579634e-14	::N3-11::B-2-14::B-1-7::B3-14::B3-12::B-2-25::N-2-12::B-2-12::B-A10::B3-11::B-2-21::B-3-1::N-A05::N-A07::B-A05::B-A12::N-A12::N-1-7::B3-2::N3-13::B3-5::N-2-15::B-1-6::N-1-4::N-B03::N-2-14::B3-2-21::N-2-25::B3-1-13::N3-1-13::N-1-6::B-2-15::B3-1::N-B05::B-3-4::N3-9::B3-c-28::	36
chr9	100626600	100920600	chr9_100626600	33	294000	0.0177458628433296	48	1.39181807217612e-10	43	1.27773788334273e-07	::N3-13::B-A10::N-2-12::B-2-12::N-A07::N-2-25::B-2-25::B-A07::B-A04::N3-16::N-1-7::B-1-7::B-3-1::B-B03::B-A02::B3-c-28::B3-c-9::B3-5::N3-10::B-2-14::B-1-6::B3-1-13::N3-9::B3-9::N-3-4::N3-8::N-2-15::N-A04::B3-11::B3-12::N3-11::B-A12::B-A05::	17
chr9	107738000	108032000	chr9_107738000	37	294000	0.000213288867455355	61	2.76524681022241e-19	50	7.84110941198789e-12	::B3-13::B-A04::N-2-25::B-2-25::B-2-23::N-2-21::N3-11::B3-11::N3-4::B-A05::B-B03::N-A07::B-1-7::B3-5::B-1-4::N-1-7::B-A12::B3-16::B-2-15::N3-7::B3-4::N-A12::N-2-15::B-2-21::N3-1::B3-1::B-1-6::B-3-4::N-1-6::N-A02::B-A02::N3-13::B-A07::N3-16::N3-c-14::N3-10::B3-1-13::	33
chr9	110509500	110803500	chr9_110509500	33	294000	0.0177458628433296	52	4.08098615190432e-13	46	2.27489019949761e-09	::N-A02::N-A12::N3-12::B3-14::B-3-4::B-1-7::B3-4::B-2-12::N-2-12::N-B05::B3-12::B-B05::N3-1::N-2-14::B-2-14::B-1-6::B-2-15::N-2-23::B-2-23::B3-19::B3-7::B-1-4::B-2-25::N-3-1::B3-15::B-A10::B-2-21::B3-1-13::B3-5::N-2-21::N-1-10::N3-4::N-1-7::	23
chrUn_GL456393	200	294200	chrUn_GL456393_200	42	294000	4.67659394900381e-07	63	9.77153491146869e-21	52	4.08098615190432e-13	::B3-11::N-2-23::N-B03::N3-1::N3-8::N-A05::N-2-25::N3-10::N-A04::N3-21::N3-1-13::N3-19::N-3-4::N3-14::N3-2-21::N-2-15::B3-14::B-1-10::B-1-7::B3-7::N3-4::N-2-21::N-B05::N3-16::B3-15::N3-13::B-1-6::B-B05::B-2-21::B-3-1::N-1-7::B-A07::N3-c-28::B-A12::B3-21::B3-1::B-A04::N-1-6::B-2-15::N3-11::B3-19::N3-c-14::	33
chrUn_GL456394	1000	295000	chrUn_GL456394_1000	33	294000	0.0177458628433296	46	2.27489019949761e-09	44	3.41169075196997e-08	::B3-14::B-1-10::B-1-7::B3-7::N3-4::N-2-21::N3-19::N-B05::N3-16::B3-15::N3-13::N-2-23::B-1-6::B-B05::B-2-21::N3-1::N-2-15::B-3-1::N-1-7::B-A07::N3-c-28::B-A12::N3-2-21::B3-21::B3-1::B-A04::N-1-6::B-2-15::N3-8::N3-11::B3-19::N-3-4::N3-c-14::	20
chrUn_GL456396	5600	299600	chrUn_GL456396_5600	33	294000	0.0177458628433296	44	3.41169075196997e-08	42	4.67659394900381e-07	::B3-14::B-1-10::B-1-7::B3-7::N3-4::N-2-21::N3-19::N-B05::N3-16::B3-15::N3-13::N-2-23::B-1-6::B-B05::B-2-21::N3-1::N-2-15::B-3-1::N-1-7::B-A07::N3-c-28::B-A12::N3-2-21::B3-21::B3-1::B-A04::N-1-6::B-2-15::N3-8::N3-11::B3-19::N-3-4::N3-c-14::	18
chrX	18168500	18462500	chrX_18168500	38	294000	6.59424615865557e-05	63	9.77153491146869e-21	48	1.39181807217612e-10	::N-2-21::N-A04::N-1-6::N3-8::B3-8::B-1-6::N-B03::B3-1::B3-15::N-A02::B-2-14::B3-19::B3-12::B-A05::B-A10::B3-7::N3-7::B3-5::N3-c-9::B3-c-9::B3-1-13::B3-2::B-A02::N-2-15::B-2-23::N3-c-14::B-2-15::N-3-1::N3-12::B-A07::B-3-1::N-A05::B-1-7::N-2-23::N3-1::N-1-7::B3-11::N3-16::	24
