chr10	7642400	7931400	chr10_7642400	43	289000	0.0199315497131429	63	4.97026813690413e-12	56	2.64376502289197e-08	::B-A08::B3-1-2::N-A07::B-A03::B3-2::N3-2-21::B-2-27::B-2-15::B-A12::N-A12::B-B10::N-3-1::B3-6::B-B02::B3-1::B-2-9::N-B03::N-B08::B-1-2::B3-2-21::B-2-25::N-1-7::N3-7::N-2-15::B3-13::B-B07::B3-3::B3-2-22::B-2-17::B3-1-15::N-A04::N3-10::N-2-21::N3-1-2::B3-7::N-A01::B-2-14::N-B05::B-A04::N3-2-22::N-2-26::N3-2-36::B3-2-36::	36
chr10	20066800	20355800	chr10_20066800	45	289000	0.00312010189544696	52	2.42581343870768e-06	47	0.000447307302317975	::B-A03::N3-8::N-B08::N-2-21::B-A11::N-B04::N3-1-2::N-2-15::N-B11::B3-11::N-A11::B3-7::B3-1-15::B-2-25::B-B02::N-2-17::B3-2-36::N3-1-15::N3-6::B-2-26::B3-6::B-1-2::N-1-2::N-3-1::N-A03::B-2-21::N3-1::B3-1-2::B-2-15::B3-1-3::N-B09::N3-19::B-B09::B-1-7::B-A01::N-A02::N-1-6::N-B02::N-2-26::N-2-25::N-B10::B3-2-21::N-A01::N3-13::B-A10::	31
chr10	66998600	67287600	chr10_66998600	49	289000	5.89469815066594e-05	72	2.614802630054e-17	64	1.3672448461847e-12	::N-B05::N-B04::N3-1-11::B-A03::B-A08::B-B09::N-A02::N-A08::N3-2-22::B-A10::N-B08::B3-1-15::N3-1-13::B-1-6::N3-11::B-B11::N-2-15::B3-1-2::N-2-17::B-3-1::N-3-1::B-2-17::B-B03::B3-19::B3-6::N3-1-5::N-1-10::N3-13::N3-2-36::N-A07::N-B11::N-A11::N3-10::B-1-2::N-1-2::B3-7::B3-8::N-B07::B-B07::B-2-25::B3-3::B-2-15::N3-8::B3-11::B-A02::N-A01::N3-6::B-B10::B-A12::	34
chr10	108167700	108456700	chr10_108167700	54	289000	2.62712458507091e-07	84	4.28359323678763e-25	61	6.26352993408002e-11	::N-A01::N-2-15::N-2-14::B3-1::N-B04::N-B03::N-A04::N-B09::N3-1-5::B3-1-15::B-A03::N-A08::N3-1-15::N-A03::N-1-2::N3-1::B3-3::B-B11::B3-1-2::B3-7::B3-2-22::B-2-25::B3-6::B-B10::N-B10::B3-1-3::B-3-4::B-A07::N3-5::B-A10::B-2-17::N-1-6::B-1-6::N-B08::B-A08::N-B05::B-2-15::B3-13::B-B09::N-A05::N-B02::B-B04::N3-11::B-2-9::N3-8::N3-2-36::N-3-1::B-3-1::N-A12::B-A12::N-2-21::N3-10::B3-5::N3-13::	41
chr10	116299900	116588900	chr10_116299900	46	289000	0.00119414591094704	64	1.3672448461847e-12	53	8.05801327023866e-07	::B-A08::B3-19::N3-19::N-B10::N3-21::B-2-17::B-B10::B3-2-36::N-A01::N-1-9::N-A12::B-3-4::N-B03::B-B02::B-A10::B-2-9::B-1-6::N-B05::N3-1-5::B-B05::B-A01::B3-1::N-A02::B-A02::B-B07::B-A05::B3-7::N3-7::B3-1-3::B3-1-2::N-B02::N3-6::N-2-15::B-1-7::B3-6::N3-1-11::B3-1-11::B3-1-13::N-1-6::N3-2-21::B-A12::N-2-21::B3-1-5::N-3-1::B3-11::B-2-21::	36
chr10	117086300	117375300	chr10_117086300	45	289000	0.00312010189544696	59	7.39617779113788e-10	50	2.07557302115811e-05	::B-2-14::B-B02::B-B05::N-A07::B-B11::N3-3::N3-19::B-A10::B-2-23::B-1-6::N-A02::N-B09::B3-11::N-A05::B-A05::B-A01::B-A02::B3-1-11::N-A03::B-A07::B3-2-21::B-3-1::N-2-21::B-A08::N-B11::B3-6::N3-1-5::N-2-17::N3-8::N3-11::B3-8::N-B04::B-B10::B3-1::B3-7::B-B09::N-3-1::N3-6::N-A10::B-A11::N-B02::N-B10::B-2-25::B-1-10::N-1-2::	28
chr10	122909100	123198100	chr10_122909100	43	289000	0.0199315497131429	51	7.16496859375889e-06	44	0.00797507619194548	::N3-11::B-2-27::B-3-4::B-B11::N-B02::N-3-1::B-A07::B-A01::B3-6::N-2-12::B-2-12::B-1-4::B-1-2::B3-2-21::N3-1::N-B03::B-B03::N3-3::B3-11::N3-1-13::B-2-17::N-2-17::B-A05::B3-1-3::B3-2::N-A07::B-B02::N-A02::B-A11::B3-2-22::N3-2-22::B-A04::B3-5::B3-13::B-B09::N-B09::N3-1-3::N3-1-15::B3-1-15::N3-1-5::N-B04::N-A05::B-A08::	26
chr11	3100500	3389500	chr11_3100500	52	289000	2.42581343870768e-06	87	3.67545360659949e-27	64	1.3672448461847e-12	::N-2-23::N3-8::N3-1-2::N-2-26::N3-10::N-B05::N3-1-3::N-A10::N-2-25::B-A02::N-A11::N3-13::B3-10::B3-21::B-2-14::N-2-15::N3-19::B3-19::B-B07::N-A03::N-A02::B3-5::B-B09::B3-8::N-3-1::B-2-15::B-A03::N-A12::N-A05::B-2-17::B-B10::B3-2::B-2-27::B3-2-36::B-A10::B-2-23::B3-1-13::B-A08::N-A08::N-B04::B3-13::B-1-6::B-1-7::B3-1-3::B-2-9::B-1-2::B3-3::N3-1::B-A04::B-A05::B3-1-11::B-A01::	33
chr11	4531600	4820600	chr11_4531600	47	289000	0.000447307302317975	65	3.70321893638746e-13	56	2.64376502289197e-08	::B-2-9::B-1-4::B-2-12::N-2-9::B3-1-3::B3-2-36::N3-2-36::N3-8::B-A08::B-A04::B-B09::B3-7::B-B10::B3-1-13::N-A02::B-2-26::B-1-7::N-1-7::B-B05::B3-1-15::N-1-6::B-2-17::B-2-23::N-2-23::N-1-2::B3-2-21::B-A10::B-2-15::N3-19::N-B05::B3-19::N-A04::N-1-10::B-3-4::N3-2::B3-2::N-A11::B-1-2::N-B09::B-3-1::N-3-1::B-B07::N3-1-15::B-2-14::N3-2-21::B-2-25::B3-8::	35
chr11	19943700	20232700	chr11_19943700	47	289000	0.000447307302317975	66	9.87829299049129e-14	58	2.47863685938867e-09	::N-A01::N-2-27::B3-1-3::B-B05::N-2-15::B3-1-2::N3-1-2::B-A05::N-1-2::B3-2-21::N3-6::B-1-7::N-A05::N-2-25::B-2-12::B-B03::N-B03::N-3-4::N-A03::B-B10::B-A08::B3-1-11::B-B02::N3-1-11::N-B02::B-2-17::B3-19::B3-7::N3-13::N-2-17::B3-2::B-3-4::B-2-14::B-1-6::B3-5::B-2-15::B3-6::B-A01::B-2-21::N-1-6::N-B05::N-1-4::N3-2::N-2-14::B-1-4::B3-8::N-1-7::	36
chr11	23203400	23492400	chr11_23203400	49	289000	5.89469815066594e-05	69	1.71470118376368e-15	61	6.26352993408002e-11	::N3-2-36::B-B11::B-2-15::B-A01::N-A01::N-2-23::N-B08::B3-2::B3-7::B-B09::B3-2-22::B-2-14::N-A12::N-3-1::N3-6::B3-1-13::N-B02::B3-19::B-B07::N3-19::B-3-1::N-1-7::N3-10::N-A03::B3-6::N-2-17::B-1-2::B3-2-21::B-B04::N-A08::B-1-6::N-1-2::N3-3::B3-8::B-2-26::B3-1::N-1-6::N-B05::B-2-23::B-A07::B-1-7::N3-2-21::N-A11::B3-2-36::N-2-14::N-B10::N-2-21::B-A05::N-B09::	40
chr11	32459500	32748500	chr11_32459500	45	289000	0.00312010189544696	62	1.77858210341376e-11	54	2.62712458507091e-07	::B-2-25::N-B08::B3-1-11::B3-19::B-B04::B3-2-36::N3-19::B3-2::B-B05::B-B03::N-B10::B-B10::B3-1-2::N-A11::B-2-26::B-2-14::B-B09::N3-10::B-A10::N3-1-5::N3-2::B-2-17::N-3-4::N-B09::B-B02::N-B05::B3-2-22::B-2-15::N-A05::B-A05::N-1-6::B3-2-21::B-A02::B-1-2::N3-1-15::N-2-15::B3-8::N-A01::N-2-14::N-3-1::B3-21::B3-7::B-2-9::B-B08::B-A04::	35
chr11	53198300	53487300	chr11_53198300	44	289000	0.00797507619194548	53	8.05801327023866e-07	50	2.07557302115811e-05	::N-B09::N3-1-2::B3-3::B-2-21::B-B02::N-2-27::N-A12::B-A10::N-B02::B3-10::B3-1-11::B-1-10::B3-7::N-2-26::N3-1-15::B-2-23::B-A08::B-B05::N-2-15::N-B04::B-B04::N-2-23::B3-2-36::N-2-14::B-B03::B3-5::N-A08::B-A04::B-2-14::N-A11::B3-11::B3-19::B3-13::B-2-15::B-B10::N3-1-5::B-A03::B-3-4::N3-13::N-B08::B-A07::B3-21::N3-6::B3-2::	19
chr11	54424200	54713200	chr11_54424200	48	289000	0.000164063208639678	71	1.06936252214124e-16	58	2.47863685938867e-09	::N3-11::B3-11::N-B05::N-A03::B-B05::N3-19::B-2-23::B3-10::B3-3::B-A10::B3-19::B3-1::N-2-15::N-2-14::B3-1-13::N3-1-15::N-2-27::B-A03::N-B04::B-3-1::B3-2-22::B-1-2::N-A08::B-A05::B3-1-15::B-A08::B-2-15::N-A02::B-A11::N-A11::B-A12::B-B03::B-A01::B-2-17::N-1-6::B3-1-3::N3-1-11::B-B10::B3-6::B3-2-21::N3-21::B-1-6::B-B04::B3-8::B-B02::N-2-25::N3-1-2::B3-1-2::	40
chr11	59559100	59848100	chr11_59559100	47	289000	0.000447307302317975	64	1.3672448461847e-12	54	2.62712458507091e-07	::B-B07::B-A03::B-3-1::N3-1-11::N3-13::B3-10::B-A07::B-A04::B-2-15::N3-2-22::B3-2-22::B-2-14::N-A08::B3-3::B-B02::B3-2-21::B3-1-15::N3-1-15::N-B05::B-2-21::B-A12::B3-19::N-2-15::B-3-4::B-1-6::B3-1-2::N3-3::B-B11::B3-2-36::B-2-23::B-2-27::N-A11::B-A11::B-B08::B3-1-13::B-B03::N-2-21::B-1-10::B-2-25::N-2-25::B-A08::N-2-23::B-B09::B-1-7::N-3-1::N-B03::N3-1::	40
chr11	72441400	72730400	chr11_72441400	49	289000	5.89469815066594e-05	64	1.3672448461847e-12	59	7.39617779113788e-10	::N-B02::B3-13::N3-13::N3-2-36::N-1-6::N-3-4::B-A02::N3-1-2::B-B05::N3-1-3::B-B07::N-A12::B-2-21::B3-21::N-B08::N-3-1::B3-2-22::B3-1-15::N-2-15::B-3-4::N-A01::B3-1-2::B-B10::N3-1-15::N-1-2::N3-19::N-A04::B-A04::B-2-15::N3-21::B-A05::B-1-6::B-A10::B-1-7::B-B02::N3-11::B3-11::N-A02::B3-1::B-2-12::N-2-12::B3-10::N-B05::N-B04::N3-10::B-2-23::B3-5::N-2-27::B-2-27::	24
chr11	74675700	74964700	chr11_74675700	47	289000	0.000447307302317975	60	2.17021390671779e-10	46	0.00119414591094704	::B-1-10::B-A04::B3-1-15::N-2-23::N-2-15::B3-13::B-B05::N-B05::B3-8::B3-1-2::B-A01::B-3-4::B-B04::N-B04::B-B10::N-3-1::B-3-1::N3-13::N3-1-5::B-2-25::B3-1-5::N-B07::N3-1-2::N-1-4::B-B07::N-B11::N-2-14::N-B02::B-1-2::B-2-14::N-A01::B-2-15::N3-8::N-2-17::B-1-4::B-B09::B3-2-22::B-B02::N3-6::B-A05::B3-7::B-A11::B3-19::N-B09::N3-2-36::B3-1-11::B-2-17::	30
chr11	75484400	75773400	chr11_75484400	42	289000	0.0486814014786314	58	2.47863685938867e-09	53	8.05801327023866e-07	::B-B07::N3-3::N-A05::B-B02::B3-2-21::B-2-15::N-B02::N-2-25::B-2-25::B3-21::B-3-1::B-1-2::B-B10::N3-13::N-1-2::N-2-27::B-A02::B-1-6::N-B10::B-A11::B-A01::B3-2-22::N3-2-22::N3-11::N-B04::N3-19::B-B05::N3-1-5::N-A01::B3-6::B3-13::B-2-27::N-A08::B3-11::B-2-23::B3-3::N-B11::B-B11::N-B08::B3-2::N-A10::B-3-4::	26
chr11	76776000	77065000	chr11_76776000	46	289000	0.00119414591094704	54	2.62712458507091e-07	36	6.17486457843313	::B-A04::N-2-27::B-2-27::B3-3::N-A11::B3-2-22::B3-2-37::B-1-10::B3-7::B-1-9::B3-2::B-3-4::B3-5::B-1-6::B3-21::B-1-4::B-1-7::N3-21::N-3-4::B-3-1::B-1-2::B3-2-36::B-A12::B-B05::B3-11::N-2-26::N-2-15::B-2-21::B3-1-5::N-1-6::B3-8::B3-2-21::N-A01::B-B02::N-B02::N-A02::B3-19::N3-3::B-B03::N3-11::B-B10::N3-13::N3-1-2::B3-1::N-B03::N3-19::	34
chr11	77437600	77726600	chr11_77437600	50	289000	2.07557302115811e-05	82	9.63546553300119e-24	69	1.71470118376368e-15	::B3-6::B-B05::N-A01::N3-1-5::B3-1-2::B3-7::B3-8::B-B03::N3-10::N-2-25::B-2-15::N3-19::B3-3::B-B10::B3-1-15::N3-1-15::N-2-15::B-B02::N-B07::B3-2-36::N-B03::B-2-23::N-A05::N-2-12::B-2-12::B3-2-21::N-A02::B-2-14::N-1-2::B-A01::N-A11::B-A11::N3-3::B-B11::N-1-7::N-2-17::B-2-25::N-B08::N3-13::N-1-6::B3-11::B-3-4::N-3-4::N-A04::B3-1-11::N-2-14::B3-5::B-A02::B-3-1::N-3-1::	48
chr11	79410900	79699900	chr11_79410900	57	289000	8.16571930557648e-09	122	3.10612018568309e-54	96	1.26934287234808e-33	::N3-13::B3-2-21::B3-19::N-A01::N-2-15::N3-19::B-3-4::B-2-23::B-A02::B-A08::B-1-7::N-2-23::B-1-6::B-A10::B3-13::N-A05::B-A05::B3-3::N-B07::N-B08::N3-1-13::B-2-27::B-A11::N-A11::B3-21::B-B02::B-1-2::B3-1::N3-1-11::B-B05::B3-1-11::B3-1-3::N-B10::N3-21::B-B09::B3-2-36::B3-1-13::N-B05::N3-2-21::B-2-25::N-2-25::N3-3::B-B10::B-A04::N-A07::N-1-6::N-2-12::B-2-14::N3-1-5::B-B07::N-A03::B3-8::N-1-7::B3-10::N3-1::B3-1-5::B-B04::	53
chr11	84841500	85130500	chr11_84841500	42	289000	0.0486814014786314	53	8.05801327023866e-07	47	0.000447307302317975	::B3-6::B-B10::B3-1-2::B-2-14::B-B02::N-B09::N-1-6::B3-1-5::N-2-17::B3-3::B3-2-36::B-B05::B-A02::N-A02::N-A08::B-A08::N-B02::N-2-15::B3-19::B-2-17::N3-3::B-3-4::B-1-7::B3-11::B3-8::N-A05::N3-10::B3-10::B-A11::B-1-6::N-B08::B-B09::N-2-23::B-2-15::B-B07::B-2-23::N3-1-3::B-A12::B3-1-13::B-2-21::N-2-27::B3-21::	21
chr11	86469400	86758400	chr11_86469400	51	289000	7.16496859375889e-06	81	4.48786830710744e-23	69	1.71470118376368e-15	::N3-3::B-B07::B3-1-2::B-B03::N-3-4::B3-2-21::B3-2-36::N3-6::B3-3::B-2-25::B-2-15::B-A07::B-2-23::B-1-6::B3-8::N-B07::N-B10::N-B05::B-1-2::N-1-2::B-A08::B-A10::N-A11::B-3-4::B-2-14::B3-7::N3-2-36::N-B04::N3-13::B-B02::N-2-17::N3-10::B-B11::N-2-15::B-2-12::B-2-21::B-B10::B3-6::N-B03::N-1-7::B3-1-3::N-B11::N-1-6::B-1-7::N-A02::B-A04::N-A04::N-2-23::N-2-26::B-2-26::B-B05::	41
chr11	94017100	94306100	chr11_94017100	47	289000	0.000447307302317975	70	4.31257695523478e-16	59	7.39617779113788e-10	::B3-8::B-A12::N3-11::B3-19::N3-19::B-A02::B3-2-21::B3-1-5::B-A03::N-1-10::N3-1-5::N-A01::B3-6::B-2-21::B-A07::N-B04::N-2-21::B-A01::N3-1-13::B3-1-13::B3-1-2::N-A11::N-A12::N-2-15::B-3-1::N-A02::N-B09::B-B09::N-B05::B-1-2::B3-13::N-2-26::B-B10::N-A04::B-B07::B-2-15::B-B02::B3-2-36::N-1-2::N-2-14::B-1-6::N-B02::N-1-6::B-2-27::N-2-27::B3-7::N3-13::	36
chr11	95241900	95530900	chr11_95241900	44	289000	0.00797507619194548	56	2.64376502289197e-08	44	0.00797507619194548	::N-2-23::B-A12::B-2-17::B-1-7::B-B07::N3-2::N3-13::N-2-21::B-2-21::B-A02::N-A02::N-A11::B-2-14::N-B08::B3-6::B-3-4::N-3-4::B-B02::B3-10::B3-19::N-B03::B-2-26::N-2-26::N-2-25::B-2-25::N3-1-11::N-B09::N3-2-36::B-1-2::N-A04::B-A04::B-B05::N-1-6::B3-1-11::N-B02::B-2-9::B-2-23::B-2-12::B3-1-3::B-A07::B-A01::N-A01::B-2-15::N-2-15::	32
chr11	97170900	97459900	chr11_97170900	45	289000	0.00312010189544696	64	1.3672448461847e-12	58	2.47863685938867e-09	::B3-10::B3-1-13::B3-2::B-B11::N3-3::B3-3::B3-2-21::B-1-2::N3-2-36::B3-2-36::B-A03::B3-13::N3-10::B-B02::N3-13::N3-2-21::N-1-10::B-2-17::B-A07::B-B03::B-B07::N-2-21::N-A08::B3-11::B-B10::B-2-15::B-A05::B-1-6::N-A12::B-A12::N-2-15::B-1-7::B3-19::N-A05::N-1-2::N-B05::N-B08::B3-1-2::B-2-9::N-2-25::B-2-25::N-B03::N-2-27::N3-1-5::N-2-23::	25
chr11	105547400	105836400	chr11_105547400	45	289000	0.00312010189544696	75	3.52178160317986e-19	66	9.87829299049129e-14	::N3-8::B-1-6::B3-1-11::N-2-17::B-2-23::N3-2-22::B-1-7::N-3-4::N-1-6::B-1-2::N-A04::B-A04::B-B11::B3-1::B3-19::N3-1-2::B3-8::N-A02::B3-1-3::N3-13::B3-7::N3-19::B-A07::B3-11::N-2-15::B-B02::B-2-17::N3-10::N-B04::B-2-25::B-A05::B3-2-36::N3-2::B-B10::B-B04::N3-6::N3-11::B-B09::N3-1-5::N3-1-11::N-2-25::B3-3::B-2-27::N3-1-3::B3-21::	38
chr11	106818900	107107900	chr11_106818900	58	289000	2.47863685938867e-09	88	7.35317197469681e-28	71	1.06936252214124e-16	::B-2-21::B-A05::N-B04::B3-1-11::N3-6::B3-6::B-B03::N-2-26::B-2-26::N-3-1::B3-2-21::B-A12::B-1-6::B3-2-36::B-B11::B-2-14::B-2-23::N-B05::B-B04::B3-1-5::N3-1-5::N3-19::B-A01::N3-13::B-B02::N-A10::B3-1::N3-2-36::N-B03::B3-3::N3-2-21::N3-2-22::N-3-4::N-1-6::B-2-27::B3-1-2::N3-1-2::B3-7::N-A05::B3-11::B3-8::N3-8::N3-11::N-B07::B3-1-3::B-3-4::N-2-27::N3-1-3::B-1-2::B3-13::B-B05::B-2-17::N-B02::N-B09::N3-2::B3-2::B-B09::B3-1-13::	47
chr11	108020500	108309500	chr11_108020500	45	289000	0.00312010189544696	59	7.39617779113788e-10	45	0.00312010189544696	::N-2-21::B-A10::B-1-6::B-A08::B-3-1::B-3-4::B-B09::N-2-14::N3-1-11::B-B04::N3-21::N-1-2::B-A01::N3-10::N-B05::B-B05::N-A08::N3-1-2::B-2-23::B-A02::N3-11::N-2-27::N3-2-21::B3-2-37::N3-1-5::B3-19::B-B10::B3-1-2::N3-5::N-A12::B-2-21::N3-2-36::B3-5::N-2-26::N-2-12::N3-13::N-2-23::N3-1::N-2-15::N-3-4::N-3-1::N3-3::N3-19::B-1-4::B-B02::	16
chr12	3230800	3519800	chr12_3230800	46	289000	0.00119414591094704	75	3.52178160317986e-19	62	1.77858210341376e-11	::N3-19::N3-13::B-1-2::N-1-2::B-2-15::B3-5::B-2-12::B3-3::N3-2-21::B-B02::B-A02::N-B08::B-2-14::N-B04::N3-1-3::B3-1-3::B-3-1::N-3-1::B3-19::B-1-4::B3-1-11::B-2-23::B3-6::B-2-17::B-1-6::N-B10::N-A08::B-A08::B-B10::B-B03::N-2-12::N-2-26::N3-10::B-A04::B3-1-15::B-A12::N-A04::B3-8::N3-1-5::B-A03::B3-1::N-B09::B-B09::N3-1::N-2-27::B-3-4::	38
chr12	51622300	51911300	chr12_51622300	48	289000	0.000164063208639678	71	1.06936252214124e-16	65	3.70321893638746e-13	::B-2-15::B-A12::B-2-14::B-B02::B-1-6::B-B09::N-2-15::N3-1-5::B3-19::B-1-2::B3-2-22::B3-1-5::B-A07::B3-1-13::B3-6::B-2-21::B-A02::N3-3::N-A11::B3-1-15::N-2-14::B3-11::N-3-1::B-2-9::N-1-7::B3-10::N3-10::B-3-4::N-B11::B-A03::B3-1::B-1-10::N-1-10::N-B07::N3-6::B-2-25::N3-1-3::N-2-27::B-B10::N-2-21::B3-1-2::N-1-6::N-1-2::B3-3::N3-13::N-A10::N-A12::N3-19::	45
chr12	75313400	75602400	chr12_75313400	45	289000	0.00312010189544696	55	8.4093887462682e-08	51	7.16496859375889e-06	::N3-10::N-A02::B-B11::B3-2-21::B-2-21::B3-11::B-B04::N3-19::B-2-14::N-A01::B-A12::B-2-23::B-1-6::N-A12::B3-1-2::N-B10::B-B10::B-A07::B3-10::B-1-7::B-2-15::N3-1-5::B3-1::B-2-26::N-A04::N-2-17::B3-1-13::B3-7::B3-13::N-2-21::N-3-1::N3-1-2::B3-3::N-2-23::N-1-7::N-A07::N3-11::B3-2::N-2-12::B3-1-11::B-2-9::N-2-15::B-A08::B-B02::N3-1-3::	24
chr12	110943700	111232700	chr12_110943700	43	289000	0.0199315497131429	54	2.62712458507091e-07	46	0.00119414591094704	::B3-7::B-A08::N-A01::N-2-23::B-3-1::N-B07::N-A03::N-A07::B-2-15::B3-2-36::B-A03::N3-1::N-2-26::B3-1-2::N3-1-5::N3-1-2::N-1-7::B3-1::B-1-6::N-B08::N-2-15::B-2-21::B-B09::N3-19::B3-3::N3-13::B-B02::N-B04::B-B07::B-1-7::N-3-4::B-3-4::B3-19::N-2-17::N-B10::N3-2-21::B3-13::N3-1-11::B-B03::B-1-2::N-1-2::B3-2::N-B05::	27
chr13	3363000	3652000	chr13_3363000	45	289000	0.00312010189544696	57	8.16571930557648e-09	47	0.000447307302317975	::B-3-4::B-A08::N-B05::N3-8::B3-1-2::B-2-21::B-B11::N3-19::B-A10::N3-13::N3-10::B-B02::B-A03::N-B04::B-B05::N-A08::N-B08::B3-11::N-2-25::B3-1::N-B02::N3-1-3::B3-1-3::B-B10::B3-10::N-2-21::B-3-1::B3-1-15::B-B09::N3-2-21::B-1-6::N-2-17::N3-2::N-B10::B-A07::B-2-12::B-B07::N3-1-15::B-2-17::B-2-25::N3-11::B3-8::B-1-10::B3-2-22::B-2-27::	26
chr13	13877400	14166400	chr13_13877400	44	289000	0.00797507619194548	56	2.64376502289197e-08	52	2.42581343870768e-06	::B-A03::B-2-21::B3-8::N-1-10::B3-2-36::B-2-25::B-B09::B-B10::B-A08::B-1-2::B-A01::B-1-6::N3-1-15::N-A12::B-A07::B3-7::B-B02::N-B02::B3-2::N-B11::N3-3::B-2-15::N-B04::N-2-15::B3-1-13::B-A12::B-2-23::N3-8::N-A01::B-A10::B3-13::N3-2-36::B3-1::B3-5::B3-2-22::N-B10::B-2-26::N3-1-2::B-B11::B-2-14::B-B04::B-A02::B-3-4::N3-13::	23
chr13	17669200	17958200	chr13_17669200	52	289000	2.42581343870768e-06	70	4.31257695523478e-16	59	7.39617779113788e-10	::N-A02::N-2-21::B-2-21::B3-6::B-1-6::N3-3::B-A10::B-2-12::B-1-2::N-A11::B3-8::B3-13::N3-8::B3-1::N-A08::B-B02::N3-19::B3-19::B3-21::B-B09::B3-2::B-3-4::N-3-4::N-B09::B-2-15::B-A07::B3-1-11::B3-7::N-1-7::N3-10::B-A02::B-1-7::N-A05::B-A05::B-3-1::N-3-1::N-A01::B-B11::N-B10::N3-1-15::N-B11::N-B08::B-B08::B3-2-21::B-B05::B3-11::B-2-27::N-2-27::B-B10::N-2-15::N-2-17::N-1-6::	37
chr13	43208000	43497000	chr13_43208000	49	289000	5.89469815066594e-05	68	6.72033756244654e-15	52	2.42581343870768e-06	::N-B03::B-3-4::B3-2-21::B-B05::B-A10::B-B10::B3-2-22::N3-6::B-A05::N-A02::N-2-9::B-B04::N3-19::N3-1-3::B-A03::B-2-14::N-2-14::N3-1-5::B3-7::N-B10::B3-19::B-1-6::N-B09::B-2-27::N-2-27::B-A12::N-A12::B-2-17::N-A11::B3-1-5::N3-2-21::B-B02::B-B03::B3-6::N3-1-2::N3-1-15::N3-13::N-B07::B3-11::B3-8::N3-8::N3-11::N-A03::N-A08::B3-1-3::B-A04::B-3-1::B-B09::B-1-10::	40
chr13	94319200	94608200	chr13_94319200	53	289000	8.05801327023866e-07	67	2.59569434351083e-14	34	25.1018125540283	::N3-10::B-B04::B3-2-22::B-A01::B3-1-11::B-A07::N-2-27::B-A12::N-B07::N-B10::N-2-23::N-A07::N-2-25::N-2-15::B3-7::B-1-7::B3-2-21::N3-19::B-B02::N3-1-5::B-B10::B-A02::B3-13::B-1-6::B-A08::B-B05::N-B08::N3-11::B3-2::N-B05::N-2-26::N-2-14::N3-8::N-B04::N-A02::N-2-12::N-2-17::N-A11::N-B03::N-1-6::N-A12::N-1-2::N-A04::N3-2-36::N-3-4::N3-3::N3-21::N-2-21::N3-6::N3-1::N3-13::N3-2::B-A11::	45
chr13	103696700	103985700	chr13_103696700	42	289000	0.0486814014786314	62	1.77858210341376e-11	50	2.07557302115811e-05	::B-A05::B-1-2::B3-1-15::B3-2-22::B3-1-13::B-A08::B-A03::B-1-7::B-3-4::B3-7::N-B11::N-B02::B-B09::B3-5::N-1-10::B-A10::N3-1-2::B-B10::B-2-21::B3-2-36::B3-19::N-A02::B-A02::N-2-21::B-2-14::N3-1-15::N-A03::N3-6::B-2-9::N-3-1::N3-8::B-B11::N-B08::B-B08::B3-3::N-B09::N-B04::B3-6::B-3-1::B3-2-21::N3-2-36::N-A10::	22
chr14	19134700	19423700	chr14_19134700	54	289000	2.62712458507091e-07	91	5.50478251655629e-30	35	12.6265146814111	::N-B08::N3-19::B-A08::N-B09::B-B02::N-2-21::B3-6::B-2-14::N-B05::N-A03::N-2-27::N-A01::N3-6::N3-1-3::N3-3::N-A02::N3-2-36::B-1-6::B3-2-36::N3-1-15::N-1-10::N3-1-5::N-B11::N3-2-22::N-A05::N3-11::B-3-4::N-1-7::N3-1-11::N3-8::B-B04::B3-11::N3-10::N-2-17::N-B02::B-2-23::N-2-9::B-B11::N-B10::N3-1::B3-3::N-3-4::N-2-23::N-2-25::N-1-2::B-2-15::B3-2::N-B04::N3-1-13::N-A10::N3-2-21::N-1-6::N-B07::N-A08::	51
chr14	26395100	26684100	chr14_26395100	42	289000	0.0486814014786314	51	7.16496859375889e-06	49	5.89469815066594e-05	::B-A02::B-2-25::B-3-1::N3-2-21::N-2-21::B3-8::B-A04::N-2-15::N-2-26::N3-1-5::N3-19::B-2-14::B-B10::N-1-6::N-A02::B-2-15::B3-1-3::B-A08::B-2-23::B-B09::N-3-1::B3-2-22::N-1-2::B3-2::B3-1::N-3-4::B-B11::N3-1-2::B-B02::B-1-10::N-A08::B-A07::B-A12::B3-1-11::N3-11::B3-1-13::N3-1-13::N-A12::N-2-23::B-A01::N-A11::B-A11::	22
chr14	30973900	31262900	chr14_30973900	45	289000	0.00312010189544696	57	8.16571930557648e-09	45	0.00312010189544696	::B3-1-11::B-B09::N-3-1::N-2-21::B-2-21::N3-7::B3-11::N-B04::N-A01::N3-1-5::B-3-1::N-2-17::N3-1-3::N-2-15::B3-1-3::B-A02::N-B11::B3-2-21::B-B11::B3-1-2::N-B02::B-B07::N-B07::N-A02::N3-13::N-2-12::B3-13::N-B10::B-B10::B-A08::B3-6::N-2-25::N3-1-2::N3-1-13::B3-1-13::N-2-23::N-A11::N3-3::N-A05::N3-21::N-3-4::B3-21::B-3-4::B3-2::N-1-6::	26
chr14	34262300	34551300	chr14_34262300	44	289000	0.00797507619194548	60	2.17021390671779e-10	53	8.05801327023866e-07	::B-1-7::B-B10::B3-1-13::B-B09::B-2-23::B-2-15::B-2-26::N-A08::B3-19::N-B09::B-1-6::N-1-10::B3-2-36::B-2-9::B3-11::B3-2::B-B02::B-B05::B-2-21::B-A01::N-2-25::N-B08::B-B08::B3-1-2::B-A07::N-1-6::N-A05::B3-7::B-2-14::N-2-14::B-2-12::N3-21::B3-1-3::B-A08::B-A11::N-A11::N-B10::N-A02::B-A02::B-1-4::N3-1-5::B-3-4::N-B05::B3-1-15::	35
chr14	52073200	52362200	chr14_52073200	43	289000	0.0199315497131429	57	8.16571930557648e-09	51	7.16496859375889e-06	::N-A08::B-A01::B-2-15::B-B10::B-1-7::B-2-14::B-2-25::B-A08::N-1-7::N3-1-13::B-2-21::B-B02::B-2-12::B3-1-3::B-2-27::N3-21::N-B10::N3-19::N-2-21::B-A10::B3-1-13::B-A07::N-A07::N-2-27::B-B07::N-2-15::B-1-10::N-1-10::N-1-2::N3-2-21::B3-11::N3-1-3::B3-2-22::N3-1-11::N-B09::N-2-26::B-2-26::B3-1-11::N3-1-5::B-2-17::N-B04::B-A11::B-3-4::	34
chr14	73211300	73500300	chr14_73211300	42	289000	0.0486814014786314	73	6.30612395632893e-18	52	2.42581343870768e-06	::N-A01::B3-1-15::N3-1-15::N-3-1::B3-11::B3-8::N-B02::B-B11::B-A08::N-B11::B-A03::N-A03::N-A08::N-A10::B3-19::N3-19::B-B02::N-2-17::B-A05::N3-8::B3-3::B3-2-22::B-A01::N-2-27::B-B04::N-B04::B-A11::B-2-25::N-2-23::B-B07::B-B03::N3-1-5::B3-1-5::N-A05::N-2-15::B-1-4::B-A02::N-B09::B3-6::B3-2-21::B-1-2::B3-1-13::	55
chr15	8164400	8453400	chr15_8164400	63	289000	4.97026813690413e-12	96	1.26934287234808e-33	88	7.35317197469681e-28	::B3-1-2::B-B10::B3-21::N-A07::B-A04::B3-2-22::B3-2-21::B3-19::B-B07::B3-1::N-A08::B-A12::N3-21::B3-13::N-2-15::B-B03::B3-1-13::N-2-21::B-3-1::B-1-4::B-3-4::B-B04::N-A12::B-2-14::B-2-15::N-B05::B-2-12::B-1-10::N-1-6::B-A08::N-2-23::B3-2-36::N3-2-21::N3-1-13::N3-1::N-B04::N-B08::B3-11::B-2-17::N-2-17::B-B02::N-2-14::B-A07::B-1-7::B3-1-11::B-1-2::B-B08::N-A11::B-2-26::N3-13::N3-6::B-2-23::N3-10::N3-2-36::B-B11::B-B05::B3-7::B-A11::B-2-25::N-2-25::N3-7::B3-6::N-2-12::	57
chr15	12110500	12399500	chr15_12110500	54	289000	2.62712458507091e-07	76	8.15821747907805e-20	68	6.72033756244654e-15	::B-2-12::B3-2-36::B-A10::N3-2-36::B3-1::B-B11::B3-1-13::N-2-27::N-2-21::B-B08::B-2-21::B3-6::B3-19::N-B02::N-B04::N-B08::N3-19::N-B09::N-A10::B3-7::N3-1-3::B-A12::N3-1-11::N-A11::B-2-14::N3-2-21::B-1-6::B-2-15::B-B02::B-A08::B-B07::N-B07::N-A12::N-1-6::B-1-2::N-2-26::N3-13::N-2-23::B-B03::N-A01::N3-21::N-2-15::B-A01::B-2-25::N-2-25::N-A02::N3-2-22::B-3-4::B3-1-5::B-A05::B3-3::N-1-2::B-A04::B3-2-21::	49
chr15	50622400	50911400	chr15_50622400	43	289000	0.0199315497131429	57	8.16571930557648e-09	50	2.07557302115811e-05	::B-2-25::B-A04::B3-2-21::B-2-9::N3-3::N-2-15::N-A05::B-B05::B-3-4::N-A12::B3-21::B-B09::N3-1-5::N3-2-22::N-2-23::B-B10::N-1-2::B-2-12::N-A07::B3-19::N-2-12::B-2-21::N-B09::B-1-2::N-2-25::N-B05::B-2-15::B-3-1::N-3-1::N3-7::B-2-14::N-2-14::N-B11::B3-5::N3-19::B-1-6::N3-1-3::N-A02::B3-7::N-2-17::B-A08::N-B07::B-A05::	27
chr15	73092000	73381000	chr15_73092000	47	289000	0.000447307302317975	83	2.04381254274415e-24	62	1.77858210341376e-11	::B3-11::B3-19::N-B02::N-B09::B-2-12::N3-3::N-B08::B3-3::B-A08::B-B08::B-2-14::N3-1::N3-13::N3-10::B3-10::B3-1::B3-13::B3-2-37::B-1-6::N-1-6::B-B04::B-1-7::B-B02::N-B05::B-2-9::N3-21::N3-19::N-A08::N3-2-21::B-2-15::B-2-27::B-1-2::B-2-21::B3-1-2::B3-1-11::B-2-25::N-2-23::B-B07::N-B07::N3-1-2::B3-8::B-B05::N-A02::N-2-15::B-A11::N-2-12::B-2-26::	37
chr15	77070100	77359100	chr15_77070100	56	289000	2.64376502289197e-08	75	3.52178160317986e-19	62	1.77858210341376e-11	::N-B08::B-1-6::N3-19::B-B10::B-1-2::N-A02::B3-1-5::N-2-12::B-2-12::B-B04::N-A10::B-A10::B3-3::N3-13::B-A11::B3-19::N-B07::N3-2-21::B3-2-21::B-2-14::B-B08::N3-1-2::B-B07::B3-1-2::B-A04::B-A03::B-2-25::N-B02::N3-1-15::N3-8::B-B05::B-2-23::B-A07::N-B05::N3-7::N-A08::B3-2-36::B3-6::N-2-21::N-B11::B3-1-15::B-A05::B3-21::N3-6::B3-1-13::N-1-2::B-3-4::N3-1-5::B3-2-22::N-3-4::N-2-15::B-A08::N-A03::B-B02::N-1-6::N-2-25::	30
chr15	80696300	80985300	chr15_80696300	59	289000	7.39617779113788e-10	100	1.2957814097959e-36	85	8.87229040765701e-26	::B-B09::N-1-6::B3-1::N-B03::N-B04::B-1-4::N-B10::N-2-25::B-A12::N-B09::B-2-21::B3-1-2::B3-21::N-2-15::B-3-4::B-B11::N3-10::B-2-23::B3-1-3::N3-1-3::N-2-12::B-2-12::B3-6::B-2-15::B-1-6::B-A04::N-B08::N3-1::B-1-7::B3-1-11::B-A03::N3-6::N3-21::B-A11::N-A11::B3-2-21::B-2-14::N-1-2::N3-13::N3-1-5::B3-13::B3-10::N3-1-2::N3-2-21::B-A08::B3-2-22::B-B04::B3-1-5::B-B07::B-A07::B-1-2::N-2-14::N3-2-22::B-B08::B3-1-13::N-A01::B-B10::N-A05::B-B02::	44
chr15	96176000	96465000	chr15_96176000	48	289000	0.000164063208639678	75	3.52178160317986e-19	68	6.72033756244654e-15	::N-2-25::N3-3::B-B10::B-A04::B3-11::B-A10::B3-2-21::B-1-2::B3-19::B-1-6::N-2-21::B-A08::N3-1-5::N3-6::B-2-14::N3-2-22::B-A12::B3-2-36::N-1-6::B-2-26::B-B02::N3-2-36::N-1-2::B3-1::N-B04::B3-10::B-2-15::B-2-27::B3-3::N3-7::B-2-17::B3-7::B3-21::B-B04::N3-19::N-A08::N-2-14::N-3-4::B-B05::B3-6::B-3-4::B-B11::B3-1-11::N-1-7::B-A05::N3-1::N-B02::B-1-10::	45
chr15	99730500	100019500	chr15_99730500	46	289000	0.00119414591094704	64	1.3672448461847e-12	57	8.16571930557648e-09	::N-A02::B-A02::N-1-7::B3-3::B-2-23::N-B09::B-B09::B3-19::B3-1-11::B-2-14::B-3-4::N-A05::B-A05::N3-1-5::N-3-1::N-3-4::B-A08::N-1-2::B-A10::N-2-21::B-1-4::N-1-6::B-1-6::N-1-4::B-2-15::B3-13::N-2-15::B-A12::B-1-7::N3-2-22::B3-2-22::B-A04::N3-2-36::N-B02::N-B11::N-A08::B-A07::B3-1-15::N3-1-15::N-2-17::N-B10::B-2-17::N-B05::B3-11::N-B07::B-A11::	23
chr15	101963900	102252900	chr15_101963900	42	289000	0.0486814014786314	53	8.05801327023866e-07	44	0.00797507619194548	::B-A04::N3-13::N-B09::N-1-2::N3-1-5::N-B11::N-A11::B-A11::B3-2-22::B-1-6::B-B02::N-3-1::B3-10::B3-13::N3-10::B-2-15::B-2-14::N-2-14::N-B08::N-B05::B3-5::B-1-4::B-2-9::B-B10::B-A12::N3-3::B3-3::B-2-26::N-2-26::B-2-23::B-A08::B-3-4::N-1-7::B3-1-15::B3-21::N3-2::N3-2-21::B3-6::B-B09::N-3-4::B-A02::N-A02::	26
chr15	102367900	102656900	chr15_102367900	45	289000	0.00312010189544696	58	2.47863685938867e-09	53	8.05801327023866e-07	::N-2-26::N-B04::B3-1-11::N-2-14::B-A04::B3-11::B-A05::N-A11::B3-19::N3-19::B-2-25::N-2-25::B3-3::N-B09::N-1-7::N3-6::B-2-27::N-A05::B-2-14::B-3-4::N-2-23::N-A08::B-A08::N-1-6::B3-5::N-B05::B-2-17::N3-10::N-2-17::N-B03::B3-2-22::B-B03::B-B09::B-2-15::N-B10::N3-2-36::N-2-15::B-B07::N-2-12::B-A07::B-1-6::N-A10::B-1-7::B-B10::N-A03::	28
chr16	16918300	17207300	chr16_16918300	43	289000	0.0199315497131429	58	2.47863685938867e-09	51	7.16496859375889e-06	::N-2-21::B-B02::N-2-12::B-2-12::N-B02::N-A03::B3-19::B-2-15::N-A08::B-A12::B-B10::B-B11::N-B03::N-2-23::B-B03::N-2-14::B3-3::B-2-14::B-3-1::N-3-1::B-2-21::N3-13::N-A07::N3-1::N3-2-21::N3-21::B3-2-21::B3-5::B3-1::N-A11::N-1-7::N3-8::B-3-4::B3-6::B-B05::B-2-17::B3-1-3::N-B09::N-2-17::B3-13::B-A08::B3-2-36::B3-8::	25
chr16	17438900	17727900	chr16_17438900	42	289000	0.0486814014786314	52	2.42581343870768e-06	46	0.00119414591094704	::B-2-25::B-3-4::B3-19::N3-1::B3-1::B-1-7::N-2-12::B-2-12::N-A11::N3-8::B3-1-3::N3-2-21::N-3-1::B-A08::N3-2-36::B3-8::B3-3::N3-3::B3-2-22::N3-2-22::B-A02::B3-10::B-1-6::B3-6::B-A07::B-A11::B-B10::N-2-27::N3-6::B-B03::B-A10::N-B03::N-B02::N-2-15::N-A04::N-A02::B-B07::N-2-25::N-B05::B-B05::B3-21::N-A05::	31
chr16	24437100	24726100	chr16_24437100	48	289000	0.000164063208639678	69	1.71470118376368e-15	63	4.97026813690413e-12	::B-A12::B-B09::N-2-17::N3-19::N-B07::N-2-14::B-2-14::N-A02::N-2-15::N-B03::B-1-6::B-1-2::B3-11::B-3-4::N3-8::B-B05::N3-7::N3-10::B3-1-13::B-A07::B-2-21::B3-2-21::N-1-7::B-A10::N-2-21::B-3-1::N-3-1::N3-6::B-2-15::N-3-4::B3-3::N-B08::B-B02::B-A08::B-2-23::N-A10::N3-1-3::N-2-23::B-2-12::B3-1-11::N3-2-22::B3-21::B3-6::B3-1-3::N-1-2::B3-5::B3-19::B-B10::	30
chr16	31604200	31893200	chr16_31604200	43	289000	0.0199315497131429	69	1.71470118376368e-15	63	4.97026813690413e-12	::N-B09::B3-6::B-2-15::N-A05::B-B03::B-B02::N-A08::B3-19::B-A07::B-B05::B-1-6::B3-21::N-2-26::N-A07::N3-1-13::N-3-1::N-B10::N3-19::B-3-4::N-3-4::N-B05::B-B10::N-B03::B-2-12::B-A02::N-2-15::N3-3::B-A11::N-2-21::B3-11::B-2-21::B-A05::B-2-14::B3-2-21::N3-6::N-A02::N-B04::B-2-23::N-B08::N3-21::B3-2-36::B3-1-11::N3-10::	28
chr16	33180400	33469400	chr16_33180400	44	289000	0.00797507619194548	70	4.31257695523478e-16	60	2.17021390671779e-10	::B3-2-21::B-3-1::N-3-1::B-2-9::N-B09::B-B09::N3-11::N3-8::B-1-7::B3-8::N-B03::B3-1-11::N-3-4::B3-1-15::N-A02::B-B03::B3-21::N3-1-3::B-1-6::B3-2-36::N3-2-36::N-A01::N-B05::N3-1-5::N3-2-21::B-2-15::B-A07::N-A12::N3-1-13::B3-1-13::B-B07::B-B05::B-A12::N-B04::N-A05::B-A02::B-A10::B-A08::B3-1-3::B-2-25::N-B02::B-2-14::N3-13::B3-13::	33
chr16	38090900	38379900	chr16_38090900	46	289000	0.00119414591094704	78	4.2102012025636e-21	70	4.31257695523478e-16	::B3-7::B-2-25::N3-6::N-1-6::B-1-6::B-B05::N-2-25::B3-11::B3-13::B-2-15::B-A11::B-B10::B-B04::B-B07::N-A07::B-1-7::B-A10::N3-2-22::N-A02::N-2-15::B-A08::B-B09::B-3-1::B-B02::B-1-2::N-1-2::B3-19::B-A05::N-A08::B-A12::N-2-17::N3-1-15::B-A07::N-B05::N-B07::B-B08::N-A05::N-B04::N-2-21::B3-6::B-2-14::N-A11::B-2-23::B-A04::B-2-27::B3-2-21::	29
chr16	43321700	43610700	chr16_43321700	50	289000	2.07557302115811e-05	70	4.31257695523478e-16	63	4.97026813690413e-12	::N-3-4::B3-1-13::B3-7::N-B10::N-A12::B-3-4::N-A01::B3-6::N3-3::N-1-7::N-1-6::N-2-15::N3-1-2::B-A12::B-A08::N-B03::B-B03::B-2-15::B-B10::B-1-6::N-B07::N-B05::N3-2-36::N-B02::B3-1::B-2-23::B3-10::B3-13::N3-1::N3-10::N3-13::B-B05::N3-1-13::N3-1-5::B-1-7::B-2-14::N-B04::B3-3::B-A10::B3-1-2::B-B07::N-2-12::B3-2-36::B3-2::B-1-4::B3-2-21::N-1-2::B-A02::B-2-21::B-B04::	40
chr16	94373800	94662800	chr16_94373800	50	289000	2.07557302115811e-05	61	6.26352993408002e-11	54	2.62712458507091e-07	::B-B11::B3-19::B-2-23::B3-1-3::B-A10::B-A08::N3-13::N-1-10::B3-2-36::B-B02::B-B10::B-A12::N-A12::B-B09::N-A10::N3-6::N-A07::N-B09::N-B07::B3-6::N-3-1::B-1-6::N-2-15::B3-7::B3-5::B-A01::N-A01::N3-1::B-3-1::N3-2-22::N3-1-5::B-2-15::B-B07::B-1-4::B-1-2::N-1-2::N-B08::B-A04::N-B04::B-A11::N-A11::N-B02::N3-2-21::N-B10::B-1-10::B3-2-21::N-B05::N-1-6::N-3-4::N-2-25::	36
chr17	3058000	3347000	chr17_3058000	46	289000	0.00119414591094704	69	1.71470118376368e-15	60	2.17021390671779e-10	::B-B10::N3-1::B3-11::B-2-9::B3-2::N3-1-15::B-A12::B-B04::B3-19::N-2-21::B3-8::N-3-1::N3-2-21::N-A05::B-B02::B3-1-3::N3-1-3::N3-1-5::N-1-6::B-1-6::N-2-15::B-2-12::N-3-4::B-A01::N-B03::B-B03::B-A08::B-2-21::B-2-14::B3-1-11::B-A10::B-3-4::N3-5::B-B05::N-B05::B-A05::N-1-7::N3-19::N-A12::B-A02::N-A08::B3-1::B3-2-36::B3-2-21::N-1-9::B3-6::	35
chr17	5001900	5290900	chr17_5001900	58	289000	2.47863685938867e-09	97	2.30384716289624e-34	82	9.63546553300119e-24	::N3-1-5::B-2-15::B-B11::B-B02::B-B03::B-3-1::N-2-9::B-A10::B-B08::N-B02::N-2-21::B3-19::N-3-4::N-1-6::N-2-15::N-B08::B-1-6::B3-7::B3-1::N3-1::N-2-25::B-2-21::B3-2-36::B-A11::N-A11::N-2-23::N-B09::B-B09::N-A02::N-1-4::B-A02::N-A05::N3-6::N-3-1::B3-6::N3-1-3::B-1-2::N-A04::B-A04::N-2-17::B-1-4::B-A08::N3-1-15::N-A01::B-A05::B-B07::N-B07::B3-5::B-2-25::B3-3::N3-3::N3-13::N-B11::N-A08::B3-13::B3-1-3::N3-1-2::N3-8::	43
chr17	10195800	10484800	chr17_10195800	44	289000	0.00797507619194548	56	2.64376502289197e-08	51	7.16496859375889e-06	::B3-1-3::N-A03::B-A04::B-B05::N-B10::N3-2-21::B3-6::B3-1-11::N-A01::B-B10::N-A08::N-A04::N-2-15::N3-13::B3-19::B-B04::N-3-4::N-A10::B3-2-21::B-A07::B-B08::N-3-1::N-2-23::N3-6::B-1-6::B-2-26::N-1-10::B-2-25::B-A03::B-1-10::B-2-21::N-2-21::B-2-23::N-1-2::B-1-7::B3-2-22::B-A10::N-A02::B-A02::B-B09::B-A05::B3-3::N3-19::B3-1-2::	22
chr17	29963500	30252500	chr17_29963500	49	289000	5.89469815066594e-05	77	1.86530993532491e-20	64	1.3672448461847e-12	::B-B11::B3-3::B-B02::B-3-4::B3-21::N3-21::N-3-4::N3-1-5::B-B05::N-A08::B-B10::N-B03::B-B03::N-2-25::N3-11::N-A11::B3-19::N-2-17::B-1-7::B3-1-3::N3-1-3::N-B07::N-A01::N-B04::B-2-27::N3-19::B3-1-11::N-B05::N3-1::B-2-17::B-2-15::B-1-6::B-B04::B-A02::N3-13::B3-1::N-1-6::B-2-14::B-A10::B-2-12::N-2-12::N-A05::B-2-26::B-A07::B3-1-5::N3-3::B3-1-2::B-3-1::N-2-26::	38
chr17	32048400	32337400	chr17_32048400	43	289000	0.0199315497131429	60	2.17021390671779e-10	49	5.89469815066594e-05	::B-A10::N-B04::N-B05::N3-8::B3-1-3::B3-3::N3-1-15::B3-1::B-A12::N3-1-11::B-B05::B-A08::B3-11::B-2-25::B-2-21::B-1-2::N-3-4::N-B10::N-A01::N-2-23::B-B07::B-2-12::B3-7::B-A03::B3-1-13::B-B02::B3-1-2::N3-1-2::N-B08::B-2-17::N-2-17::N-B09::N3-1-5::B3-13::B3-10::B3-2-37::N3-10::N3-13::B-2-15::B3-6::N3-6::N3-3::B3-1-11::	35
chr17	74347800	74636800	chr17_74347800	47	289000	0.000447307302317975	63	4.97026813690413e-12	57	8.16571930557648e-09	::B3-1-3::N-A05::B-A05::B-1-2::B3-1-11::B-B05::N3-2-22::B3-2-21::B3-2-22::B-A04::B-B03::B-2-26::B-2-15::N-2-15::B-B04::B-A08::B-2-14::N-B05::B3-1-13::B-B02::B-3-4::B3-6::B-A11::B3-7::N-A11::N-B02::B-A10::N3-2-21::B3-3::N-1-2::B-A02::N-2-23::B-2-23::B3-5::B-B11::N-2-14::N-B03::N3-1-5::B-1-7::B3-1-15::N3-11::B3-11::N3-1-15::B3-1::N3-1::B3-13::N-1-6::	35
chr18	9199100	9488100	chr18_9199100	43	289000	0.0199315497131429	56	2.64376502289197e-08	46	0.00119414591094704	::N-B07::B3-11::B-B05::B-2-15::B-3-1::B3-1::N3-1-5::N-B08::N3-1-2::B3-1-2::B-B07::B3-2-22::N-1-2::N-2-12::B-2-12::N-2-23::N-A03::N-2-21::N-A01::N-3-1::B-A08::B-1-2::B-2-25::B3-21::B-B09::B3-10::N3-10::B-B04::B3-3::N3-3::B-2-23::B3-8::N-2-25::B-A01::N-2-17::N-A02::B-A02::B3-2::N3-1::B-A12::B-B11::B3-2-21::N3-6::	28
chr18	9972400	10261400	chr18_9972400	57	289000	8.16571930557648e-09	80	2.06480324035218e-22	73	6.30612395632893e-18	::B-B10::N-B02::B-A03::B-1-10::N-A01::B3-7::N-A11::B3-2-21::B-B04::B-A08::N-1-6::B-1-6::B3-2-22::N3-8::B-3-4::N3-3::B3-3::B3-5::B-B02::N-B11::B-B11::N3-13::N-2-21::N-2-23::B-1-7::N-2-27::B-B05::N3-19::B-2-25::N-B05::N-2-15::N3-1-5::N3-10::N3-2-22::B-2-14::N-B08::N-2-14::B-2-15::B-2-23::N3-1-2::N-1-2::N3-2-21::B-1-2::B-3-1::N-3-1::N3-1-3::B3-10::N-A05::N-B03::N-A02::N-2-17::B3-1-13::B-A02::N-1-7::B-2-27::B3-1::B3-6::	37
chr18	31643200	31932200	chr18_31643200	49	289000	5.89469815066594e-05	66	9.87829299049129e-14	57	8.16571930557648e-09	::N-2-15::N3-13::N-A01::B-2-25::N3-2-21::N-B08::B-B08::B3-2::B-1-7::B-B09::B-2-14::B-A10::N3-1::B3-1-3::B-A01::B3-1-13::N-1-7::N-1-10::B3-2-36::N-3-4::B-A02::B3-6::N-1-6::B-B05::N-2-27::N3-8::N3-11::B3-8::B3-11::N3-19::N3-6::B-2-21::N-2-21::B-B10::B-1-2::N-2-23::B3-19::B-A05::N-A11::B-A08::B3-7::B-3-4::N3-1-5::B3-1-2::N-B05::B-2-17::B3-5::B-B11::B-2-15::	30
chr18	34222800	34511800	chr18_34222800	54	289000	2.62712458507091e-07	79	9.38257856953775e-22	66	9.87829299049129e-14	::N3-13::N-2-23::B-2-21::B-A10::N-A01::B-B03::N-B03::N-2-15::B3-2::B-1-2::B3-2-22::B-B05::B-B02::N3-1-13::N3-8::B-2-9::B-A07::N-1-7::B3-8::B3-11::N3-1-5::B3-2-36::N-A07::N3-1-11::B3-1-13::N-A11::N3-21::B3-19::B-A05::N-A05::B-2-14::B3-1::N-B02::B3-21::N-B04::B-B04::B3-6::B-2-26::N-A02::N3-10::B-A02::B-A08::B-2-15::B3-3::B-B10::N3-5::B-2-23::B3-7::N3-2-22::B-1-6::N3-2-21::N-B09::B-2-27::N-B05::	38
chr18	34923700	35212700	chr18_34923700	44	289000	0.00797507619194548	65	3.70321893638746e-13	57	8.16571930557648e-09	::B-1-10::N3-13::B-B02::B-B07::B3-10::B-1-6::N-B10::B-A05::B-A04::B-2-26::B3-1-13::N3-1-13::N3-1-5::N-3-4::N-2-15::B3-21::N-2-23::B-A08::B-B04::B3-6::B-2-15::B3-7::N3-19::B-A02::B-2-23::B-A01::B-A10::N-A01::B-3-4::B-B09::N-A11::N-A08::B-1-2::N-2-25::B-2-25::B-B05::B3-1::N-3-1::N-1-6::B3-19::B-B03::N3-2-22::B-B10::N-B05::	40
chr18	35557000	35846000	chr18_35557000	50	289000	2.07557302115811e-05	74	1.50029697522255e-18	64	1.3672448461847e-12	::B-A10::B-2-23::N-2-23::B3-7::B-2-14::B-1-7::N-A10::B-1-6::B-A01::N-A01::B3-6::B-2-15::B-3-4::B3-2-22::B-B02::N-B11::B-2-25::B-B10::B-3-1::N-2-17::N-1-4::N-B05::B-A07::N-B03::N3-3::N-1-9::B3-19::B-B05::N-2-9::B3-1-2::N-A11::N-1-6::N-B07::B-B07::N3-13::B-1-2::B3-8::B-A04::B-A08::B-A11::B3-1::B3-5::N-A08::B-B11::N-B09::B-2-21::B-A05::N-A02::B-A03::B3-1-5::	38
chr18	42285600	42574600	chr18_42285600	43	289000	0.0199315497131429	60	2.17021390671779e-10	51	7.16496859375889e-06	::N3-2::B3-2-22::B3-1::B-2-21::N-2-21::B-B05::B-B10::N-1-7::N-2-15::B3-21::B-A05::N-2-23::B3-2::B-2-25::N-A01::N-B05::B-3-4::B-1-6::B-1-7::N3-13::N-B10::N-A12::B-A12::B-B11::B-B09::B-1-2::N-1-2::N-B04::N3-1::B-2-26::B-2-14::B3-8::B3-2-21::B-2-23::N3-10::B3-10::B3-19::N3-19::N-3-1::N-1-6::B-A08::N-B09::B3-1-3::	28
chr18	73571800	73860800	chr18_73571800	42	289000	0.0486814014786314	56	2.64376502289197e-08	43	0.0199315497131429	::B-A11::B3-6::B3-2-22::N3-2-22::B-B07::N-2-9::B-1-2::N-1-2::N3-13::B-2-12::B-2-14::N-2-12::N-2-27::B-A03::N-A03::B-2-21::N-1-6::B-1-7::N-1-7::N3-1-15::B-2-26::B-A12::B-B02::B3-1-2::N-A12::B-3-1::B-A05::B-2-15::B-A02::N-A02::N-3-1::N-A01::N-A07::B-B09::B-3-4::B-B05::B3-7::N3-7::N-2-26::B-1-6::N3-3::B-A10::	38
chr19	3453200	3742200	chr19_3453200	44	289000	0.00797507619194548	75	3.52178160317986e-19	67	2.59569434351083e-14	::B3-5::N-A01::B3-2-36::B-A08::B-B10::B3-19::N-1-2::N-B10::B-B05::N-B05::B-1-6::N-A10::N-2-15::B-A05::B-2-15::B-A10::N-B03::B-B03::N3-8::B-1-10::N-2-21::B-1-4::B3-21::N3-1-11::B-2-14::B-2-21::B-B02::N-2-14::N3-1-5::B-1-2::B-B07::B-2-23::B3-6::B-A07::B-2-25::N-2-17::N3-2-22::N-A02::B3-2::N3-10::N-B09::N-B02::B-3-1::B3-7::	50
chr19	7203200	7492200	chr19_7203200	42	289000	0.0486814014786314	69	1.71470118376368e-15	59	7.39617779113788e-10	::N3-2-22::B3-8::B-B10::N-B11::N3-19::B3-13::N-A11::N3-10::B3-10::B-B11::B-A10::B-1-6::N-A08::N-2-15::B-2-25::B-B08::N3-13::N3-1-5::B3-1-3::B-B05::B3-2-37::N-1-6::N3-2-36::B3-1-5::N3-1-13::B-2-15::B3-2-22::B3-1::N3-3::B-B09::N-B08::N3-21::B3-21::B-3-4::N3-1-2::B3-3::B-2-23::B-A08::N-A02::B-3-1::N3-1-15::N-3-4::	35
chr19	11732800	12021800	chr19_11732800	42	289000	0.0486814014786314	52	2.42581343870768e-06	45	0.00312010189544696	::B-1-2::N-1-4::B-A10::N-2-23::N-B07::N-1-6::N-2-15::B-B02::B-2-25::B3-1-15::B3-3::B-2-27::N3-3::N3-1-3::N-1-7::N3-2-36::B3-2-36::N-2-14::B-2-15::N3-7::B-B10::B-1-7::N-A11::N-B03::B-B03::B-A01::B-B04::B3-1-5::N3-8::N3-6::N3-1-5::N-B04::B3-6::B-2-9::N-2-9::B-B07::N3-10::N-B02::N-2-21::B-A08::N-A08::B-B05::	27
chr19	16135900	16424900	chr19_16135900	51	289000	7.16496859375889e-06	77	1.86530993532491e-20	69	1.71470118376368e-15	::N3-7::B3-3::B3-11::B3-10::N-2-15::N-A01::B3-13::N-B03::N-2-9::B-A01::N-A07::B-3-1::N-B07::N-B10::B-B07::N3-1-2::N3-10::N3-21::N-B04::B-A11::N-B09::B-B11::B3-6::B3-2-22::B-B02::B-2-25::B-B04::B-3-4::N3-1-15::B3-1::N-2-23::B-A08::B-B09::B3-1-2::N-2-27::B-2-27::N-B02::N3-1::B3-19::B3-2-36::B-2-9::B-A10::B3-5::N-A12::B-1-2::B-2-23::N-A02::N3-1-5::B-B05::N3-2-36::N-B05::	36
chr19	29876200	30165200	chr19_29876200	47	289000	0.000447307302317975	63	4.97026813690413e-12	47	0.000447307302317975	::B-A11::B3-21::N-2-21::B-2-27::N-2-27::B-A12::B3-1::N-2-15::B-3-1::B-2-25::N3-6::B-1-2::N-1-2::B-B04::B-A08::B3-2-21::B3-6::B-B10::B-2-15::N3-10::B-1-6::N-A10::N-B05::N-2-25::N3-11::B3-1-3::B-B05::N-A08::N-A11::B3-19::B3-13::B3-11::B-1-7::B-A01::N-2-12::B-2-12::N-B09::B-A02::B-A10::B3-10::N3-1-3::N3-1::N3-13::N-A02::N3-1-13::B-A05::N-A05::	28
chr19	36824000	37113000	chr19_36824000	44	289000	0.00797507619194548	50	2.07557302115811e-05	43	0.0199315497131429	::N-B05::B-1-7::N-B09::B3-2-21::B3-19::N3-2-36::N-2-23::B3-1-3::N3-1-3::B-A08::N3-1::B3-1::B-A10::B3-7::B-B10::B-A02::N-A02::N-A01::B-B02::N3-1-5::N-B04::N-1-6::B3-21::N-A12::N-1-2::B-2-21::N-2-21::B-B03::N3-1-15::B-2-14::N-A08::N-2-25::N3-3::B-B04::B3-6::N3-1-2::B-1-10::B-B11::N3-10::B-B07::B-A04::B3-1-15::B3-3::N-B08::	20
chr2	17968500	18257500	chr2_17968500	44	289000	0.00797507619194548	66	9.87829299049129e-14	58	2.47863685938867e-09	::N-B04::B3-11::N-2-17::B-B07::B-A08::B-2-17::B-1-2::N-1-6::B3-1::B3-6::B-3-1::N3-2-36::N-A11::B-B02::B3-3::N3-19::B-B11::N3-13::N-A05::N-A01::N-2-23::B-B10::B-3-4::N3-1-5::B-2-15::N-A03::B3-8::N3-6::N-B08::N-2-15::B-1-6::B3-2-21::B-A01::B3-1-11::B3-1-2::N-B07::N3-1-2::B-2-21::B-2-12::B3-2-36::N-B02::B3-1-3::B-A07::B3-1-15::	30
chr2	22900000	23189000	chr2_22900000	44	289000	0.00797507619194548	60	2.17021390671779e-10	56	2.64376502289197e-08	::B3-2::B3-1::N3-10::B-A07::N-B07::B-3-4::N3-1-13::B3-11::B3-19::N-B08::N-1-10::N3-11::B-B09::B-1-2::B3-1-2::N-B02::B-A04::N3-1-3::B-B08::N-2-25::B-2-27::B3-2-36::B-2-14::N-A11::B3-1-11::B-2-15::B-A05::B3-3::B-B04::N-B04::B-B11::B-A11::N-A01::B-1-7::N3-13::N3-2-36::B-B05::B-2-26::N-A07::N-B09::B-2-23::N3-8::N-2-27::B3-5::	30
chr2	37366000	37655000	chr2_37366000	54	289000	2.62712458507091e-07	87	3.67545360659949e-27	78	4.2102012025636e-21	::N-A10::B3-2-36::N3-2-36::N3-3::N3-1-3::N-2-15::B3-1::B3-2-22::N-B08::B-B08::B3-8::B-3-1::N3-19::N-2-21::N3-10::N3-13::N-A05::B3-7::N-B07::N-B04::B-1-2::B-2-15::N-A04::B-B10::N-B10::B3-1-2::B3-1-11::N-3-4::N3-11::B3-11::B-2-14::B-A07::B-B11::B-2-17::N-2-9::N-1-6::N-2-12::N-3-1::B-2-23::B3-6::B-2-27::N3-5::N-B03::N3-6::N3-8::B-B05::B-B07::N-A01::B-A01::B3-2-37::B3-10::N3-1-11::N-A11::N3-1-5::	49
chr2	48791200	49080200	chr2_48791200	47	289000	0.000447307302317975	73	6.30612395632893e-18	65	3.70321893638746e-13	::B3-19::B3-1-3::B-B05::B-B11::N3-1-5::B-A12::N-A12::B-3-1::N3-2-36::N-2-17::B-2-17::B-A11::B3-1::B3-2::N-A11::B3-2-22::N3-6::B-B07::B3-1-11::B-2-12::B-2-27::B-A03::B-A10::B3-7::N-2-27::N3-11::B-2-25::N3-21::N-2-15::B-A01::N-A02::B-A02::N3-1-3::B-2-15::B3-11::B3-5::N-A05::B3-6::N3-19::B-3-4::B-B10::N-A03::N3-8::B3-8::N-1-6::N3-1-13::N3-1-11::	36
chr2	49415100	49704100	chr2_49415100	43	289000	0.0199315497131429	65	3.70321893638746e-13	59	7.39617779113788e-10	::B-B09::N3-8::B3-7::B-B02::N3-2-22::N-B04::B-A11::B3-1::N-A11::N3-13::B3-2-21::B-B05::B3-2::B-2-26::B3-2-22::B-1-7::N-A04::N3-1-3::B-1-10::N-A01::B-A01::B-2-23::B-2-21::B3-19::N-1-6::B-B08::N-B08::N-3-4::B-B11::B-B10::N3-1-15::N3-1-2::N-B05::N-2-15::N-B10::B3-5::N3-19::B3-3::B-A08::N3-1-5::B-B07::N3-2-36::B3-2-36::	29
chr2	90739200	91028200	chr2_90739200	45	289000	0.00312010189544696	69	1.71470118376368e-15	60	2.17021390671779e-10	::B-3-4::B-A08::B-A12::N3-11::N-B11::B-B11::N-2-23::B3-2-36::N-2-27::B-1-6::N-2-15::B-2-15::B-B02::N-A05::B3-10::N-B10::N-2-21::B-2-12::N-B05::B-A07::B-1-7::N-B02::B-A04::N3-6::B3-1::B3-1-13::N-A12::N-3-4::B-2-14::N-2-14::N3-2-36::B-A02::N-1-2::B-B03::N-B03::N-B07::N3-13::B-A01::N3-2::B-2-21::B3-19::B-A03::N-3-1::B-B09::B-2-27::	35
chr2	91530800	91819800	chr2_91530800	46	289000	0.00119414591094704	68	6.72033756244654e-15	62	1.77858210341376e-11	::B3-11::B3-1::B3-8::B-B10::B-B03::B3-1-3::B-A07::N-B10::N-A02::N3-1-2::B3-13::B-B02::N3-2-36::B-B09::N-2-25::N-3-4::N-1-6::B-1-6::N-1-2::B-2-14::N3-13::B-A01::B-3-1::N-2-21::B-B07::B3-7::N3-7::N-2-15::B-A05::N-B02::B3-3::B3-1-11::B-2-25::B-2-21::N-A10::B3-6::B-1-10::B-2-12::N-B05::B-1-7::B-A12::B-B04::B3-10::N3-10::N-1-7::B-A03::	32
chr2	98439800	98728800	chr2_98439800	97	289000	2.30384716289624e-34	594	nan	44	0.00797507619194548	::B-A01::B3-11::B3-8::B3-7::B3-21::B3-2-36::B-2-14::N3-8::B-1-2::N3-13::N3-2-36::N-A08::B-A07::B-A08::N-A05::N-1-2::N-A01::N-B07::N-1-7::N-B05::N3-6::N-2-14::N-B10::N-2-26::N-A02::N-2-12::N3-10::N-A11::N3-7::N-B04::N-B09::N3-1-13::N-1-6::N3-19::N-B08::N-B11::N-A03::N-A10::N3-1-11::N-A12::N3-1::N3-1-15::N3-2-21::N-2-15::N3-1-3::N3-21::N-2-17::N3-1-5::N-3-1::N-2-25::B-2-21::N-2-9::N-B02::B-B02::N3-2-22::N-1-10::N3-1-2::N3-11::N-2-27::N-2-21::B3-1-11::N3-5::N-3-4::N-B03::N-2-23::B3-1-13::B3-1::B-2-23::B3-6::B3-1-2::B-3-1::N-A07::N3-3::B-B07::N-A04::B3-13::B3-10::B-A02::B-B11::B-1-10::N-1-4::B-B10::B3-1-3::B-2-15::B3-2-22::B-B08::B3-1-5::B-B04::B-1-7::B-1-6::B-A05::B-2-27::B-B03::B3-19::B-2-12::B3-1-15::B-A11::	286
chr2	154603100	154892100	chr2_154603100	50	289000	2.07557302115811e-05	75	3.52178160317986e-19	62	1.77858210341376e-11	::B-A04::B-B07::N-A05::B3-21::B3-11::N3-3::B-2-15::B-A11::N-B10::B3-19::N3-19::B-2-9::N-B02::B-B03::N-A07::N-2-21::B3-8::N3-8::N3-11::N-3-1::B-A02::B-B05::B3-2-36::B-A07::B-B10::B-1-6::B-B09::N-2-27::N-2-15::B3-1-11::B-A03::N-B05::B-A01::B3-2-21::N-B04::B-3-4::B-B04::B-3-1::B-B02::B-A05::N3-2-22::N-B08::N3-1-5::N-2-9::N3-1-11::B3-6::N3-2-21::B3-1::N3-1::B-2-23::	45
chr2	160483700	160772700	chr2_160483700	43	289000	0.0199315497131429	50	2.07557302115811e-05	43	0.0199315497131429	::N3-2::B-1-6::N-3-4::N3-7::N3-5::N3-1-11::N-A11::B-A11::N3-1-5::B-1-2::N-B09::B-B05::B-2-27::B-B02::N-A01::N-2-17::N-B04::N-B08::B-3-4::B-A02::N3-19::N3-21::N-2-15::B-B10::B-2-14::B3-1-11::B3-2::B3-2-36::B3-19::B3-1-5::B-2-15::N-A08::B3-5::N-1-2::B-A04::N-A04::N3-11::B-B07::B3-21::N-B03::B3-11::B-3-1::N3-6::	29
chr2	163456900	163745900	chr2_163456900	48	289000	0.000164063208639678	67	2.59569434351083e-14	31	165.161404288611	::B-B05::B3-2-36::B-B07::N-A11::B-1-7::N3-11::B3-1-11::B3-1::N-1-2::B3-2-22::B-A10::B3-6::N-B08::B-A07::N3-21::B-A04::N-B09::N-3-1::B-3-1::B-B02::B-2-15::B-B04::B3-10::B-2-21::B-B09::B3-13::B3-1-2::B-B10::B-B08::B-A08::B-2-27::B-A02::B3-7::B-1-6::B-2-25::B-1-2::B-B11::B-A12::B3-3::B-A05::B-B03::B-A11::B-3-4::B3-1-3::N3-1-3::N-B04::N-2-27::N-3-4::	22
chr3	19041900	19330900	chr3_19041900	44	289000	0.00797507619194548	54	2.62712458507091e-07	47	0.000447307302317975	::N3-2-36::B3-2-36::B3-19::B-1-4::N3-11::N-A01::B-3-4::B-A07::B-B09::B-1-7::B3-6::B3-11::B3-1::N-A02::B-2-14::N-3-1::B-B05::B3-3::B-2-27::N-B05::B-2-15::N-1-10::B-B02::N-2-15::B3-1-15::B-B10::N3-13::B3-1-13::N-A12::B-A12::N-B09::B-1-6::N-3-4::N-A11::N-1-2::B3-2::B-2-17::B3-13::N-A10::B-2-21::B-2-26::N-2-26::N3-19::B-A11::	29
chr3	27416800	27705800	chr3_27416800	48	289000	0.000164063208639678	68	6.72033756244654e-15	58	2.47863685938867e-09	::N-B08::B-A10::N-A03::B3-19::B-A01::N-A10::B-A08::N-B07::N-2-25::N-A07::N3-1-13::B3-1-13::B-A07::N3-19::B-2-25::N-2-26::N-A02::B-A02::B3-6::B-B02::N3-1-3::N-A05::B-B10::N3-11::N-3-4::B-2-15::B-2-21::N-2-21::B-1-7::B-B07::N-2-15::N3-21::B-1-2::N-B10::N3-8::N-B09::B3-3::B3-1-11::B-2-14::B-B05::N-B05::N-B02::B3-5::N-2-14::B3-2-21::B3-7::B3-13::B-2-23::	28
chr3	51196600	51485600	chr3_51196600	52	289000	2.42581343870768e-06	82	9.63546553300119e-24	71	1.06936252214124e-16	::B3-19::N-A05::B-B10::B3-5::B-A02::N-A02::N3-19::B-B09::B-2-12::N-1-6::N-2-23::N3-1-2::N3-1-15::B-B07::B-2-23::B3-1-2::N-B07::N-B04::B-2-15::B-B04::N3-1-5::N-2-15::N3-8::N-2-14::N-2-17::B3-11::B3-1-11::B-B08::N3-3::N-2-25::B3-8::B3-1-5::B-1-2::B-2-14::B-A12::B-B02::B3-3::B3-21::N3-13::B-2-25::N-1-2::B-1-6::B-2-9::B-B05::N3-11::B-2-26::N3-1-3::B-2-21::N-3-1::B-3-1::N-A01::B-A03::	46
chr3	60351300	60640300	chr3_60351300	49	289000	5.89469815066594e-05	71	1.06936252214124e-16	50	2.07557302115811e-05	::N-A11::B-2-21::N-2-21::B-A10::N3-7::N3-1-13::B3-21::B-1-2::B3-1-11::B-1-6::B-2-14::N-2-14::B-B04::N-B04::N-1-6::B-B02::B-2-27::B3-1-3::B-2-23::B-1-7::N-A08::B-B10::N-B03::B-B03::B-A11::B3-2-36::B3-11::B3-19::N-1-7::N-2-12::B-2-12::B-A02::N-2-15::N3-2-21::B3-2-21::B3-3::N3-21::N-3-4::B-3-4::N3-3::N-2-17::N-A02::N-2-23::B-A07::N3-10::N3-19::B-A05::B3-1-2::N-A07::	31
chr3	63727400	64016400	chr3_63727400	42	289000	0.0486814014786314	50	2.07557302115811e-05	42	0.0486814014786314	::B-A12::N-B02::N-1-2::B-B11::B3-11::N3-6::B-2-15::N-2-25::B-1-4::B-2-23::N3-10::B-B08::N-B08::B3-5::N3-8::B-1-10::N-A12::B3-3::B3-1-15::N-2-27::B-A03::N3-2-21::B-B02::B-3-1::B-1-6::N3-1-15::N-A08::B3-19::N-B05::B-2-9::N3-2-36::B-A08::B-B03::N-B03::N-2-15::B3-1::N3-11::B-1-7::B3-7::N3-1-13::B-2-14::B3-1-13::	23
chr3	68971600	69260600	chr3_68971600	49	289000	5.89469815066594e-05	73	6.30612395632893e-18	60	2.17021390671779e-10	::B3-1-2::N3-1-3::B-2-14::B-B09::B3-3::N-1-6::N-B10::B-B10::N3-19::B-1-2::B-2-12::N-2-12::N3-1-13::N3-7::N-2-23::B-A08::B-2-25::N-2-14::B-A10::N-A10::N-B07::B-A02::B-B03::N-B03::B-B02::B-2-17::N-A08::N-2-21::B-B04::N3-10::B-2-15::B3-1-3::B3-1::B3-6::N-B09::B3-21::N3-21::N-B08::B-A01::B3-19::B-B08::N-2-25::N-3-1::N-2-17::N3-11::N-A01::N-A07::B-B11::N3-1::	40
chr3	88909500	89198500	chr3_88909500	48	289000	0.000164063208639678	75	3.52178160317986e-19	61	6.26352993408002e-11	::B-B05::B-B08::B-2-25::B-2-21::B3-1-13::B3-6::B-1-7::N-B05::B-2-15::B-3-1::B-B10::N-1-6::N3-1-2::B3-1-2::N-B08::B-B02::B-B09::B3-2-36::N-B02::B3-1::N-2-15::N3-1-3::B3-1-3::B-B03::N-2-27::B-A07::B3-1-11::N3-1-11::B-A08::B3-3::N3-6::B3-5::B-1-6::N-B07::N-3-1::N-2-21::B-1-2::N3-1-13::N3-21::B-A01::B-2-27::B3-13::N3-13::B-A11::N-A07::N3-3::B-A02::B3-8::	45
chr3	90088000	90377000	chr3_90088000	52	289000	2.42581343870768e-06	71	1.06936252214124e-16	63	4.97026813690413e-12	::B-1-2::B-A02::N-B02::N-A10::B-B11::N-A11::B-2-15::N3-1-5::B-A07::B3-11::N3-1-2::B3-2-21::N-2-17::B-A10::B-B10::B3-2-36::B-A12::B-2-23::B3-8::B-B02::B-2-27::N-B08::B-2-14::N3-19::B-2-25::N-B05::B-B05::N3-1-13::B3-5::B3-7::N-B07::N3-8::B-3-4::B3-1-2::N-A01::N-1-6::N-1-2::N-2-27::B3-1::B3-2::N3-2-36::B3-3::B-A01::N-B09::B-1-7::N-1-7::B3-21::N3-21::B-A03::B3-6::N3-1::B-A08::	48
chr3	94838400	95127400	chr3_94838400	44	289000	0.00797507619194548	55	8.4093887462682e-08	50	2.07557302115811e-05	::B3-3::N-2-23::N3-8::N-B05::B3-1::B-2-12::B-A01::N-A01::N-2-15::B3-11::N-1-6::N3-19::B-3-1::B3-13::B-2-27::B-A07::B-B11::N-2-14::B-2-26::N-2-26::B3-10::B3-6::B-B05::N-1-4::N3-2::N-A11::B-A11::B-2-15::N-B04::B-1-10::N-A03::B-A08::B3-1-5::B3-19::B-A12::N-2-17::N-2-9::B3-2-22::B-1-7::B-1-6::B-2-23::N-B09::B3-1-11::N-3-1::	25
chr3	103168700	103457700	chr3_103168700	46	289000	0.00119414591094704	62	1.77858210341376e-11	54	2.62712458507091e-07	::N3-1-15::B3-19::B-B03::N-B04::N3-2-22::B3-1::B-B09::N-2-23::N3-3::B-A10::B-B10::B3-3::B-1-2::B3-6::B3-1-5::N3-11::N3-1-11::B-B07::B-A07::B-2-17::N-2-25::B-2-23::N-2-9::B-2-15::B-1-6::N-B03::N-B05::N-2-15::B-2-21::B3-7::B3-13::B-2-25::B-A11::N-A11::B-2-14::B-A08::B3-10::B-2-9::N-A12::N-B07::N-A08::B3-2-21::N-2-27::B-2-27::B-A05::N3-19::	35
chr3	104821900	105110900	chr3_104821900	44	289000	0.00797507619194548	57	8.16571930557648e-09	51	7.16496859375889e-06	::B-B02::B-3-1::B-A07::B-A08::B-B05::N-B03::B-B03::B-B09::B-B07::B-B11::B-A12::N-1-6::N-B04::B-B04::B-2-21::N-A12::B-A11::B-2-15::B-2-25::N-2-25::B-A10::N-2-26::B-2-9::N-3-4::B3-1-2::B3-2-21::B-2-17::B-A04::N-1-2::B-A01::N3-8::N3-1-15::B3-1-15::N-A01::B-2-27::B3-11::B-A03::N-2-15::B3-6::N-B05::B-1-6::N-2-21::N-B08::N-2-23::	29
chr3	122362800	122651800	chr3_122362800	42	289000	0.0486814014786314	65	3.70321893638746e-13	55	8.4093887462682e-08	::B-A11::B-A12::B3-3::B-A03::N-3-1::B-3-1::N-A03::N-A01::N3-1-2::B-2-21::B-3-4::B-2-9::B-A10::B-B10::B-2-25::N-2-15::B-1-6::N3-13::B-B05::N-B05::N3-2-36::B3-2-36::N3-21::N3-19::B-A08::B3-19::B-B03::B-B02::B3-1-2::B-B07::N3-10::N-A11::N3-1-5::B-2-17::N-2-25::N-2-21::B-1-10::N-A04::B-A04::B-A01::N-B03::B3-11::	29
chr3	135406400	135695400	chr3_135406400	46	289000	0.00119414591094704	65	3.70321893638746e-13	48	0.000164063208639678	::N-A05::B-A10::B-B05::N3-13::B-A05::B-B02::B-A08::N3-1-15::B3-1-15::B-1-10::B3-6::N3-10::B3-10::N-2-23::N3-8::N3-11::B3-7::B3-8::B3-11::B-2-21::B-2-14::B-A01::B3-3::N-B09::N-2-17::N-B02::B-A03::N-A08::N-A03::N3-2-36::B3-19::N3-1-2::B-2-25::N-1-6::N3-1-5::N-2-15::B3-1-13::B-2-15::N3-1-11::B-1-6::B-1-2::B-1-7::B-B09::N-B11::B-A04::B-2-27::	33
chr3	144324200	144613200	chr3_144324200	43	289000	0.0199315497131429	57	8.16571930557648e-09	48	0.000164063208639678	::N3-1-2::B-2-23::N3-8::N3-1-5::N3-1-11::B-2-12::N-2-12::B-B10::N3-3::B-1-2::B-B09::B3-3::B-1-6::B-A08::B-A10::B-2-21::N-A02::N-2-14::B-A02::B-B07::N-1-7::B-A11::B3-10::N-2-15::B3-19::N-2-25::N3-19::B3-2-22::N-A08::N-A11::B3-6::N-B07::B3-1-11::B-2-14::B-2-15::B-B02::B3-21::N-B03::B-B03::N3-10::B3-7::N-B10::N-2-23::	31
chr3	152183100	152472100	chr3_152183100	50	289000	2.07557302115811e-05	70	4.31257695523478e-16	57	8.16571930557648e-09	::N3-19::N-2-12::B3-6::N3-2-21::N-B04::N3-1::B-B05::B3-2-36::N-A01::B-2-12::N-1-10::B3-19::B-1-2::N3-1-15::N-B10::B-A01::N-2-23::B-A08::N-2-25::B3-1-2::N-B03::N-1-6::N-A05::B-B03::B3-13::N-A11::B-B07::N3-3::B3-1-13::N-2-27::B-2-27::B-2-14::N3-6::N-2-15::B-B02::B-2-15::B3-5::B-2-21::B-2-9::N3-1-5::B-1-10::N3-13::B-A10::B-A04::N-A04::B-A12::N3-1-11::B-1-7::N3-8::B3-8::	29
chr4	41106700	41395700	chr4_41106700	44	289000	0.00797507619194548	62	1.77858210341376e-11	56	2.64376502289197e-08	::B-B04::N-2-25::N3-8::N-A05::B3-13::N-3-1::B-3-1::N3-11::B3-2-21::B-1-7::B-B10::B-2-21::B-A12::B3-19::B3-2-36::N3-7::B-2-12::B-2-23::N-2-27::B3-1-13::B-2-14::N3-13::B-B05::N-2-21::N-2-15::B-B11::B-2-27::B3-11::B-2-15::N-B03::B-A08::N-A08::B-B09::B-B02::B3-1-3::B-A05::N-B09::B3-7::B-A03::B3-1-15::N-A03::B-B03::B3-6::N3-1-11::	23
chr4	82221200	82510200	chr4_82221200	45	289000	0.00312010189544696	64	1.3672448461847e-12	57	8.16571930557648e-09	::N-A03::N3-19::B-A07::B-A12::N-A11::B3-2-21::N3-1-3::N-A12::B-3-4::B-2-21::B-1-2::N-A07::N3-6::B-2-15::N-B10::B3-19::B-2-9::N-3-1::B3-1-13::B-A01::B3-1-15::N-2-21::N-B07::N-2-25::B-2-25::B-B02::B-B11::N-B04::B-B04::N-B03::N3-2-36::N-1-7::B-1-10::B-B03::B3-6::B-1-7::N3-1-13::N-2-27::B-2-27::B-B09::N-2-14::B-A05::N-A02::N-2-23::B3-2-36::	25
chr4	130554600	130843600	chr4_130554600	49	289000	5.89469815066594e-05	69	1.71470118376368e-15	52	2.42581343870768e-06	::B-2-14::N3-2::N-A02::B-B02::N-2-21::N-B10::B-B10::N-3-1::B-3-1::B-A10::B-B07::N-A01::N-1-6::N3-8::N3-1-2::N-2-15::B-2-15::N3-13::B3-11::N3-11::B-1-4::N-A08::B-A08::B3-2::B-A05::B3-2-36::N-B02::B-2-9::B3-13::B-1-6::B3-1-11::B-1-2::B3-5::B-A07::N-B07::B3-7::N3-7::N-1-10::N-A11::N-B09::B-B09::B-B05::B3-2-22::B3-2-37::N3-2-22::N3-1-5::B3-1-5::N3-1-13::N3-21::	31
chr4	135208500	135497500	chr4_135208500	45	289000	0.00312010189544696	58	2.47863685938867e-09	44	0.00797507619194548	::B-2-27::B-3-4::B3-5::B3-2-36::N3-2-36::N3-13::B3-13::B-B04::B3-1::N3-1::B-B02::N-3-1::B-A04::N-A04::B-2-12::N-2-12::B3-7::B-A08::N-A01::B-1-7::B3-1-11::N-B10::B-B10::N-A11::N3-19::B-A10::N-A10::N-B05::B-B05::B-1-6::N-2-17::B3-1-3::B-A05::N-A05::B-A07::B-2-25::N-2-9::N3-11::B-2-21::N-2-23::N-A12::B-A03::N-B07::N3-1-2::B-B07::	34
chr4	136316300	136605300	chr4_136316300	50	289000	2.07557302115811e-05	93	1.99417051199605e-31	73	6.30612395632893e-18	::N3-1-13::N-1-7::B-1-7::N-2-21::B-2-23::N3-13::B3-1-11::B-B11::N-B04::B-B04::B-A04::B-B08::B3-19::B-A01::B-2-15::N-B07::B-3-4::N-A01::B-B05::B-B07::B-2-26::N-2-26::N-2-15::N3-1-3::N-3-4::N3-19::B3-1::B3-2-36::B-2-27::N3-8::B3-7::B-A10::N-3-1::B-A12::N3-2-21::B3-1-15::B-A08::B-A03::N3-1-15::N-A08::N-A03::B3-13::N-A07::N3-2::B3-2::B3-6::N-B08::N-2-12::N3-1-5::B-2-25::	52
chr4	150288700	150577700	chr4_150288700	48	289000	0.000164063208639678	64	1.3672448461847e-12	60	2.17021390671779e-10	::B3-2-21::B3-1-15::B-A05::N-A05::B3-2-36::B3-6::B3-7::N3-1-5::B3-10::B-2-14::N-A10::N-B09::B3-2-37::N-B05::B-2-23::B-B09::N-B02::B-2-25::B-B02::B-2-15::N-2-15::B-A04::N3-1::B-A08::N-A01::B-1-10::N-B08::B-B08::B-B05::B-A10::B3-3::N-B04::B3-2::N-1-7::N-2-23::B-B11::B3-1::B-2-9::B-3-1::B-B04::B-B03::B-A12::B3-19::B-2-27::B-2-21::B-1-2::N-1-6::N3-10::	32
chr5	20759700	21048700	chr5_20759700	42	289000	0.0486814014786314	62	1.77858210341376e-11	58	2.47863685938867e-09	::B3-1-3::B-B02::B-B10::B-3-4::N-B05::B3-2-36::B-B05::B-1-2::N-1-7::B3-6::B-2-25::B-3-1::N-2-27::N-1-6::B-2-15::B3-10::B-A01::B3-7::N-2-9::N-A01::N3-10::N-1-10::B-B09::B-1-10::B-A10::B-B03::N-2-17::B3-19::N3-19::N-3-4::B-2-27::B3-2-21::N3-2-36::N-B10::N-A05::N-A12::N3-11::N-2-14::B-A02::B-1-6::N3-1-5::B-2-23::	38
chr5	23386600	23675600	chr5_23386600	49	289000	5.89469815066594e-05	66	9.87829299049129e-14	63	4.97026813690413e-12	::B-A04::B-B02::B-1-7::B-A10::B3-7::B-A08::N-2-15::B-B07::B-A01::B-2-15::N-B09::B3-2-22::B3-1::B3-2-21::N-2-9::N3-11::B3-2-36::B3-11::B3-2::N-A01::B-1-2::N-2-21::N3-1-2::B-2-14::B-A05::N3-3::B3-3::B3-6::N-B04::N-A07::B-3-4::B3-19::B-A03::B-B05::B-2-25::B-A07::N-A05::B-A12::N3-10::N-2-27::N-A02::B3-1-3::B-1-6::N-2-23::B-2-21::N-B10::B3-13::B-B04::B-B10::	25
chr5	25263100	25552100	chr5_25263100	63	289000	4.97026813690413e-12	195	0	144	1.40172633699413e-73	::B-2-27::N3-13::B3-6::N3-2-22::B-A11::B-B09::N-2-17::N-2-9::B-2-9::B3-1-2::B-1-2::B-2-15::N3-21::B-A10::N-A05::N3-10::B3-13::B3-7::B3-1::N3-1-3::B-2-17::N3-1-15::B3-1-15::B-1-6::B3-10::B3-2-36::N3-1::N-2-25::N-2-15::B-B02::N-B02::N-3-1::N-A03::B-B10::B-B07::B-A02::B-A08::B-A03::N-A08::B-B08::B-1-10::B-2-25::B3-1-11::N3-1-11::N3-1-2::N-B07::N-B10::B3-1-3::N3-2-21::B3-2-22::N-B08::N-A07::B-3-1::B3-5::N3-1-5::N-2-23::B-B05::B-B03::B-2-21::B-2-23::N-B05::N3-2-36::N3-19::	110
chr5	28130200	28419200	chr5_28130200	96	289000	1.26934287234808e-33	226	0	32	90.866759129373	::N-A01::N-2-23::B3-7::N-2-15::N-A08::N-B09::N3-1-5::N-2-25::N3-11::N-3-4::N-1-2::N-2-21::B-2-21::B-2-12::B-2-15::B-B10::B3-6::B3-5::B-A08::B-1-2::B-B04::B3-1-2::N-A11::B-2-25::B-A10::B3-1-3::B-2-9::N-B04::N-2-14::N-1-7::N-B03::N-B05::N3-1-11::N-1-6::N3-3::N-1-4::B-A04::B-B11::B-2-14::B-B03::B-2-17::B3-11::B-B05::B-B08::B-1-7::B-1-10::B-B09::B-1-6::B-B07::B-1-4::B-2-23::B-A02::B3-13::B-A01::B-3-4::B3-2-21::B3-2-36::B-A11::B-3-1::B3-3::B3-2::B3-19::B3-1-11::B-A05::B-B02::B3-1-5::B-2-27::B3-2-22::B-A07::N-3-1::N3-5::B3-10::B3-1-13::B3-2-37::N-2-12::N-B02::N3-10::N3-7::N-B10::N-B08::N-A03::N-2-27::N-1-10::N-A02::N-A10::B-A12::N3-13::N-A12::B3-1-15::N3-21::N3-1-2::N3-2-21::B-2-26::B3-21::N-A05::N3-19::	142
chr5	34339400	34628400	chr5_34339400	42	289000	0.0486814014786314	87	3.67545360659949e-27	73	6.30612395632893e-18	::B-2-21::N3-3::B3-3::N-A12::N-B04::N-B05::N-B08::B-B02::B-1-7::B3-1-13::B-1-6::N-A01::N-B10::B-B10::N-1-6::B-B05::N-2-26::B3-1-11::B-2-15::B-2-14::B-A05::N-B03::N3-1-5::B3-1-5::N-A02::B-3-1::B-A08::N-2-12::B3-6::N3-13::B3-13::B-A12::B3-11::N-2-17::B-2-17::B-2-23::B3-19::B3-2-36::B-B11::B-3-4::B-1-4::B-B09::	44
chr5	65395100	65684100	chr5_65395100	53	289000	8.05801327023866e-07	96	1.26934287234808e-33	86	1.8162839601822e-26	::B3-2::B-2-26::N3-2-36::B-3-4::N-1-2::N3-1-13::B-2-15::N-2-26::B-B02::N-A03::N-1-7::B-B10::N-3-1::N-2-21::B3-7::B-A10::B3-2-21::N-2-15::B-A02::B-3-1::B-1-2::B-B05::B3-13::B-A07::N-A11::B-2-21::N-A01::N3-2-21::B3-2-36::B-2-25::N-A12::N3-1-3::N-1-6::B-1-10::N3-1-11::B-1-6::N3-1-5::B-A11::B3-1-13::B3-1-3::B-1-7::B3-1-11::B3-6::N3-6::N3-13::N-B02::N-1-10::B-B07::B-2-23::B-B09::N-B05::B-A05::N3-2-22::	54
chr5	90131400	90420400	chr5_90131400	42	289000	0.0486814014786314	66	9.87829299049129e-14	62	1.77858210341376e-11	::N-B09::N3-19::N-2-17::B-A02::N-1-6::B-A04::B-B05::N-B05::B3-1-5::B-B04::B3-6::B3-1::B-A10::N3-13::B-A12::N-1-2::N3-3::B-1-2::B-A01::B3-19::N3-6::N-A10::N-2-23::B-2-25::N-2-21::B3-1-2::B-2-15::N-B10::B-B09::B3-1-11::N-1-7::B3-7::B-1-6::B-1-7::B-A08::N-A02::N-2-25::N3-1-11::N-A07::N-B08::B3-1-3::N-3-1::	27
chr5	103595700	103884700	chr5_103595700	44	289000	0.00797507619194548	61	6.26352993408002e-11	49	5.89469815066594e-05	::N3-8::B-2-23::B3-13::B3-3::B-A11::N-A11::B3-1-11::N3-3::B3-1-15::B-1-2::B-B09::N-B08::B-B08::N3-6::B-2-12::N3-13::N-B03::B-2-15::B3-7::N-3-4::N-2-15::B3-2-21::N-2-9::B3-6::B-2-21::N-B10::B3-5::B-A07::N-A07::B-1-6::N-2-23::N-B05::B-1-7::N-1-7::N-1-6::B-A04::B-B02::N3-1-5::B3-19::N3-19::N-3-1::N3-1-11::N-B02::B-A08::	31
chr5	115004600	115293600	chr5_115004600	44	289000	0.00797507619194548	56	2.64376502289197e-08	51	7.16496859375889e-06	::B-A03::N-B10::B3-10::N3-10::B3-5::B-B10::B-A05::N-B02::N-1-6::B3-1::N-A04::N3-13::B3-13::B-B02::B3-2-21::B3-3::N-A02::B-2-15::B-B05::B3-7::B-1-2::N3-19::B-B04::N-B04::N3-6::N-2-9::B-A10::B-2-14::B3-1-11::B-2-21::B-A12::B-A08::B-A07::B-2-25::N3-1-2::B-3-4::N-2-15::N3-7::B3-6::B-2-23::N3-1-11::B-A04::B-B09::B-1-6::	29
chr5	122243100	122532100	chr5_122243100	45	289000	0.00312010189544696	66	9.87829299049129e-14	55	8.4093887462682e-08	::B-A07::B3-11::B-2-15::B-A02::N-2-15::B-A10::B3-19::B-B03::N3-1-2::N3-1-3::N-B08::N3-8::B-B04::B-B10::B-B05::B-A11::N-A11::N-B02::N3-19::N3-13::B-A08::B-A03::B3-1-15::N-A08::N3-1-15::N-A03::B-3-4::B3-2-36::N-2-25::N-3-1::N-2-27::B-3-1::B3-21::N-B09::B3-1-3::B-A01::N-A01::B-B02::N-1-2::B3-3::B-1-6::B3-6::B-2-25::B-B09::B-2-27::	38
chr6	28489600	28778600	chr6_28489600	46	289000	0.00119414591094704	66	9.87829299049129e-14	63	4.97026813690413e-12	::N-1-2::B-A02::N3-19::N-2-14::N-2-23::B3-2-21::N3-2::B-2-15::B3-1::B-1-6::B3-3::N-A02::B-B10::B3-19::N-B07::B-B02::B-1-7::B-1-2::N3-3::B-B05::N3-8::B3-6::B-2-21::B3-7::N3-2-22::B-A04::B-A10::B-2-23::N-A11::B-3-4::B3-1-13::B-A07::N-B05::N-B02::N-2-21::N-A01::B3-5::B3-1-3::N-2-15::N3-1-5::N-B09::B-A12::N3-1-11::N-2-17::B-2-12::N-2-12::	29
chr6	31182600	31471600	chr6_31182600	44	289000	0.00797507619194548	62	1.77858210341376e-11	54	2.62712458507091e-07	::B-B02::B3-6::B-1-2::B-2-21::N-B02::B-1-6::B3-1-13::N3-1-13::B-B10::B-2-26::B-A08::N-A08::N-A04::N-A11::B-3-1::N-A03::B-A03::B-B07::B3-5::B-A04::B3-1-2::N3-10::N3-1-11::N-B03::B-B03::B-B05::N-1-2::B-A10::N-2-15::B3-11::B3-19::B3-1::B-A02::B3-2::N3-2-22::B3-2-21::B3-7::B-2-27::N3-1::N-B07::N-1-6::N3-3::B-2-15::B3-3::	28
chr6	38574100	38863100	chr6_38574100	46	289000	0.00119414591094704	64	1.3672448461847e-12	58	2.47863685938867e-09	::B3-3::N-3-4::N3-2-21::B-2-14::N-A12::N3-1-11::B-A08::N-B03::N3-1::B3-1::N-2-17::B-2-17::N3-11::B3-13::B3-7::N3-13::B-B04::N-A04::N3-2-36::B-B10::N-B08::B-B03::B-B02::B3-2-21::N3-6::N-A03::N-1-7::B-2-15::B-A10::N3-21::B3-21::B3-19::N-B05::N3-8::N-2-15::N-A05::N-A07::N3-19::N-2-9::B-2-9::N3-3::N-2-25::N-2-23::B-2-23::B-2-25::B3-6::	34
chr6	47277900	47566900	chr6_47277900	49	289000	5.89469815066594e-05	59	7.39617779113788e-10	50	2.07557302115811e-05	::B3-11::N-A04::B-A04::B3-7::B3-3::N-1-2::N-A01::B-B02::N3-6::B3-1-15::N-B04::N3-3::B3-1-2::N3-19::B-2-9::B-2-23::B-2-21::B-A01::B-1-10::B3-1-11::N-A02::B3-2::B-B04::N-2-17::B-2-15::B-B10::B-A08::N3-1-5::N-B07::B3-1-5::N-A03::B3-1::N3-1-3::N-B10::N-3-4::B-2-12::N3-2-21::N-1-7::B-B03::N-B03::N3-13::B-A02::B3-6::B-B09::N-B05::N-A10::N-1-6::B-A07::B-2-25::	22
chr6	83163400	83452400	chr6_83163400	44	289000	0.00797507619194548	60	2.17021390671779e-10	52	2.42581343870768e-06	::B3-1::B-A07::B3-19::B-B05::B3-7::B-2-14::N-2-26::B-2-26::N-1-6::B-B03::B-B08::N-B08::B-1-2::N-2-9::N-B05::B-A01::B-1-6::B3-1-3::N3-1-2::N-B07::N-A08::N-3-4::B3-6::B3-21::B-1-7::B3-11::N-B02::N-A05::N3-6::N-2-17::B3-13::N3-13::N3-21::B-2-12::B-B11::N-1-2::B-2-15::N-A01::B-2-23::B-A02::B3-2-36::B-B07::N-A10::B-B02::	32
chr6	103560300	103849300	chr6_103560300	44	289000	0.00797507619194548	55	8.4093887462682e-08	25	2940.39689530377	::B-2-27::N-A01::B-A01::B-B05::B-1-7::B3-19::N3-8::B3-2-36::N-2-14::N-B11::N-3-1::B-B11::N3-13::N-B10::N-2-12::N3-10::N3-1-11::N-A05::N-B04::N3-1-13::N-2-21::N3-1-15::N-B08::N-B05::N-1-7::N-2-15::N3-3::N-A12::N3-11::N-A02::B3-1-2::B3-1::N-A11::N3-1-2::B3-2-21::N-2-23::N3-19::B-A10::B-A07::B3-11::B-3-4::B-2-14::B3-1-11::N-1-2::	29
chr6	113036900	113325900	chr6_113036900	51	289000	7.16496859375889e-06	65	3.70321893638746e-13	58	2.47863685938867e-09	::B3-1-13::B-B02::B-B05::B3-8::B-B10::B-1-2::N-B11::N-1-6::B-2-12::B-1-6::B3-1::B-B04::B-A11::N-2-15::B-2-21::B-2-15::N3-10::B-A12::B-A07::B-2-23::N-1-4::N-1-2::B-A05::B-2-27::N-2-27::N-2-25::N3-13::N-1-7::B3-2::B-B11::N-A03::N-2-17::B-A08::B-B07::N3-11::N-B08::B-B08::B-A03::B-2-25::N-1-10::B3-1-11::B-B03::N-A05::N3-8::N3-1-3::N-2-23::N3-1::B3-1-15::N-A10::B3-2-21::N-A11::	33
chr6	119757900	120046900	chr6_119757900	48	289000	0.000164063208639678	71	1.06936252214124e-16	62	1.77858210341376e-11	::N-B04::B3-2-21::N3-1-5::N3-10::B-A05::B-A04::B-2-15::B-1-6::B3-6::N3-2-22::B3-11::B3-3::B3-19::N-B09::B3-1-2::N-B03::B-B04::N-1-2::B3-1-11::B-A08::N-2-9::B3-2-36::B-B10::B-B05::N3-19::B-A07::N3-1-2::B-A12::B3-7::B-A11::N-2-21::B-2-21::B3-13::N-2-23::N-B11::N-2-15::B-2-12::N-2-12::B-2-14::N-2-14::B3-8::N3-11::N-B05::N-A01::N3-1-13::B3-1-13::B-2-25::N-A08::	34
chr7	89921700	90210700	chr7_89921700	50	289000	2.07557302115811e-05	81	4.48786830710744e-23	61	6.26352993408002e-11	::B-B11::B3-1-11::B3-1-13::B-B05::N-A03::B-A03::N3-10::B-A02::B-B04::N-B04::B-1-6::N-1-2::B-B09::B-A04::N3-1-15::B-1-2::B3-1::N-A02::B-B02::B-2-21::N-B09::N3-11::B3-8::B3-11::N-1-4::B-A08::N-B02::B-2-23::B-B07::N-2-25::N3-8::N-A11::B3-6::B3-7::N-3-1::B-B10::B-3-1::N-2-21::N-A01::B-A01::B3-13::B3-10::N3-13::N3-1::B-A11::B3-2-21::N-1-6::B3-2-36::N3-6::B-1-10::	38
chr7	97586100	97875100	chr7_97586100	42	289000	0.0486814014786314	59	7.39617779113788e-10	53	8.05801327023866e-07	::B-3-1::N3-1-13::B-B05::B-A04::N-B09::B-B09::N3-1-5::B-2-26::N-2-17::B-2-12::N-2-27::B3-8::N3-8::N3-11::N3-7::B3-7::B-A05::N-1-10::N3-1-15::B-A10::B3-19::B-2-15::B-B02::B3-1-13::B3-2::B-2-23::N-A11::B-B07::N-2-21::B3-1-15::B-A12::N-B08::B-B08::B-A02::N-2-25::B-3-4::N3-2-36::N-2-23::N-A01::N-B04::N-A02::N3-1-11::	28
chr7	101925200	102214200	chr7_101925200	46	289000	0.00119414591094704	64	1.3672448461847e-12	54	2.62712458507091e-07	::N-1-10::N-B04::N-1-4::B-1-6::B-A10::B-A05::B3-6::B3-19::N-B02::B3-3::B-B02::B-B07::N-B07::N-2-27::B-A08::B3-1-11::B-1-10::B3-2-21::B-1-7::N3-13::N-2-17::B3-7::N-2-25::B3-2-36::B3-1-2::B3-1-13::N3-1-2::N-2-15::N3-10::N-B10::B-2-21::N3-1-5::N-A02::B-3-1::B-B04::B-A07::B-B05::N-B05::B-2-15::N-1-6::B-1-2::N-B09::N-1-2::N3-21::B-2-27::B-2-26::	33
chr7	111991400	112280400	chr7_111991400	44	289000	0.00797507619194548	67	2.59569434351083e-14	57	8.16571930557648e-09	::N3-19::N-A02::B-A02::B-B05::N-A01::N3-21::B-1-7::B3-1-2::B3-13::B-1-2::N-B07::N-B03::B-B03::B3-1-13::N-2-25::B-A04::B3-8::N-1-2::B-2-14::B3-1::B-1-6::B-1-10::B-2-27::B-B09::N3-7::B-B07::N-2-17::B-2-17::N-B04::B-B02::N3-1-2::N-2-21::N-2-27::B-A08::B-2-23::N-1-7::B3-2::N-B02::B-2-9::B3-10::B3-2-21::B-A07::B3-7::B3-6::	37
chr7	117990200	118279200	chr7_117990200	44	289000	0.00797507619194548	51	7.16496859375889e-06	49	5.89469815066594e-05	::N-2-27::B-B07::N-2-25::B-2-14::B-2-23::B-B05::B3-1-11::B-1-2::B-B04::B-B08::B3-6::N3-19::N3-1::B3-3::B-A01::B-3-1::N-A05::B-A05::B-3-4::N-1-6::B3-11::N-B08::B-A08::B3-1::B3-1-2::N-2-23::B-B03::N-2-14::B3-7::B3-1-5::N3-11::B-1-10::N3-5::N3-13::N-A08::N-3-1::N-3-4::B-2-27::B3-1-13::B-2-26::B3-2-36::N3-2-36::B-A11::N-A12::	24
chr7	121602000	121891000	chr7_121602000	61	289000	6.26352993408002e-11	80	2.06480324035218e-22	33	48.477202412017	::N3-6::B-1-10::B-B07::N-3-4::N3-5::N-A02::N3-13::B-B10::B-A04::B3-2-22::N-2-17::B-B05::N-B09::B-2-27::N-2-27::N-1-2::N3-2-36::B3-1-13::N3-1-11::N-B04::B-2-9::B3-2-36::N-2-15::B-B04::B-2-25::B-3-1::N-3-1::N3-1-15::N-2-12::N-2-21::N-A10::N-2-25::N3-2-22::N-1-6::N3-1-2::N-A11::N-2-14::N-B05::N-B07::N-1-9::N-B08::N-2-9::N-2-26::N3-11::N3-21::N-B11::N-A12::N-B02::N-1-7::N-A07::N3-2-21::N-A05::N3-2::N-A04::N-B10::N3-19::N3-3::N3-1-3::N-2-23::N3-1-5::B-2-21::	65
chr7	136115900	136404900	chr7_136115900	67	289000	2.59569434351083e-14	75	3.52178160317986e-19	18	13588.9362946703	::B3-3::B3-1-3::N3-1-3::B3-19::N-2-17::N3-1-15::N3-6::B-B04::N-B07::B-2-17::B-2-15::N-A05::B3-6::B-B09::N3-1::N-A02::N-2-12::N-B11::N3-2-36::N-A08::N-2-9::N-2-14::N3-13::N-2-26::N-B04::N-2-27::N-2-25::N-B09::N-B05::N-A11::N3-5::N-B02::N3-1-11::N-2-23::N3-8::N3-1-5::N-B03::N-A10::N3-1-13::N-3-4::N3-19::N-A07::N-3-1::N-A01::N3-11::N-1-2::N3-2-21::N3-10::N-2-15::N-1-6::N3-2-37::N-2-21::N-A12::N-A03::N-A04::N-1-10::N-1-4::N3-21::N3-2::N-1-7::N-B10::N3-3::N-B08::N3-7::N3-1-2::N3-2-22::B-A10::	66
chr8	80696000	80985000	chr8_80696000	45	289000	0.00312010189544696	61	6.26352993408002e-11	51	7.16496859375889e-06	::N-B10::N3-19::B3-19::B-1-6::B3-3::B3-11::B3-2-21::N3-10::N-A01::B-A01::N-2-15::N-B03::B3-1-3::N3-13::B-3-1::B3-7::N-B09::N3-1-2::B-2-23::B-A05::B-B07::B3-2-36::B-1-7::B-2-15::B-B05::N-B07::N-2-12::N-B04::B-B04::N-B05::N3-1-5::B-B10::B3-2-37::N3-1::B3-13::B3-10::B3-1::B3-1-2::N-2-23::N-A11::B-A11::N3-1-3::B-A08::N-1-2::B-2-25::	22
chr8	106887900	107176900	chr8_106887900	47	289000	0.000447307302317975	60	2.17021390671779e-10	52	2.42581343870768e-06	::N-B08::B-1-6::B-1-7::B-B07::B-B10::N3-2-21::B-1-2::B-2-14::N-1-2::B3-1::N3-1::N-1-4::N3-5::B3-1-11::N-2-23::B-A12::B-2-15::B3-1-2::N-2-25::B-B11::N-B10::B-2-12::N-2-12::N3-10::N3-1-5::B3-2-21::N-2-21::N-2-26::B-2-25::N-A11::N3-1-3::B3-1-13::N-2-15::B-3-1::N3-21::N-B05::N3-2-36::N-1-10::B-A05::B3-7::B-2-23::N-B03::B-B03::B3-1-3::N-B07::N3-1-2::N-B09::	32
chr8	109605100	109894100	chr8_109605100	54	289000	2.62712458507091e-07	93	1.99417051199605e-31	66	9.87829299049129e-14	::N3-10::N-A01::B-2-9::B-1-6::N-A02::B-A10::B-1-7::B-2-25::N-B08::B-B10::N-B10::B-1-4::B3-1-13::N3-1-13::N-2-15::B3-8::N3-8::B3-1-3::B3-1-2::N-B07::B3-2-37::N3-19::N3-1-11::B-2-21::B-2-14::N-2-14::N-B11::N-1-6::B3-19::B-A02::N3-11::B3-11::B-2-15::N-2-25::N3-1-5::B3-2-36::N-1-7::B-A12::B-B07::N3-1-2::N-3-1::B-3-1::N-2-17::B-2-17::B-B02::N3-2-36::B-B05::N-2-21::N-1-4::N-1-9::N-A04::B-A07::B3-2-22::N3-2-21::	45
chr8	117252400	117541400	chr8_117252400	42	289000	0.0486814014786314	60	2.17021390671779e-10	52	2.42581343870768e-06	::N-A05::N-A02::N-2-15::B-3-1::N-A01::N-A10::B-B04::B-1-2::B-B07::N-B10::B3-1-11::N3-1-13::B-2-17::N-2-17::N-B09::B-A10::N-A11::N-1-2::B3-1::B3-1-3::N3-1-5::N-B04::B3-1-5::B-B02::B-A12::N-2-26::B-1-10::B3-2-22::B-A02::B3-2-21::B3-5::N-B05::B-A08::N-B08::N3-13::N-3-1::B-B03::B-A07::N-2-27::B-2-27::N3-1-15::B-A04::	27
chr8	122877900	123166900	chr8_122877900	43	289000	0.0199315497131429	56	2.64376502289197e-08	50	2.07557302115811e-05	::N-A11::N-B02::N3-1-5::N-3-1::B-3-1::B3-6::B3-2-21::N3-19::B3-19::B-B07::B-B10::B-A08::B-B02::B-2-15::N-B04::B3-7::B-B05::B-1-2::N-2-14::B3-1-3::N-A05::B3-3::B-B03::N-A02::B-A02::B3-1::N-B10::B3-5::B-A07::N-A01::B-2-17::N3-1::B-2-25::N3-13::B3-13::B-A10::N-B09::B-2-14::B-2-23::N3-2-21::N3-6::N3-10::N-A08::	31
chr8	127037700	127326700	chr8_127037700	44	289000	0.00797507619194548	58	2.47863685938867e-09	56	2.64376502289197e-08	::N-A11::N-B11::N-2-23::B-1-6::B-B07::N3-1::B-B09::N-A08::B-B03::B-3-4::B3-5::N-2-15::N-2-9::B3-6::N-A02::N3-1-5::B-1-2::N-2-25::B3-1-2::B-B04::N-2-26::N-A01::N-B09::N-3-1::B-2-26::B-2-25::B3-1-13::B-B02::B3-1::B3-2-21::B-B05::N3-6::B-A08::B-A12::B-2-21::B3-19::B-2-14::N-B08::N3-2-21::B-B11::B-B10::N-3-4::B3-2-22::B3-1-5::	33
chr9	3000100	3289100	chr9_3000100	72	289000	2.614802630054e-17	137	2.96050630860408e-67	42	0.0486814014786314	::N-A08::N-B08::B-B02::N3-2-21::N-3-4::N-B07::N-A05::N-A04::N-2-17::N-A02::N-2-23::N-2-15::N3-6::N-B05::N3-11::B-B11::B-A02::B-A10::B3-2-21::N-B11::N-A11::N3-2-22::B3-7::N-2-21::N-A01::N3-19::N-2-12::N-B04::N-2-26::N3-1-3::N3-8::N-B10::N-2-14::N3-1::N3-1-15::N3-5::N-A07::N3-13::N3-1-5::N3-2::N-1-10::N-2-27::B3-5::B3-11::B-2-15::B-1-10::B3-10::B-B10::N-B02::B-2-23::B3-2-22::B-A08::B3-1::N-A12::N3-21::N-2-25::N-1-6::N-1-4::N3-2-36::N3-1-2::N-B03::N3-1-13::B-B09::N-A03::B-B05::B-2-17::N3-10::B-2-25::N-B09::N3-1-11::N-1-7::B-3-4::	65
chr9	21407900	21696900	chr9_21407900	46	289000	0.00119414591094704	73	6.30612395632893e-18	65	3.70321893638746e-13	::N-2-14::N3-1::B-B07::B-A07::B-B08::N-B08::N-2-17::B-2-21::N-2-15::B3-11::N3-10::B-B10::B-1-2::N-2-25::N-1-2::B-B04::N3-5::N3-1-5::N3-2-36::B-3-4::N-B07::N-2-9::B-2-9::N-B04::B-2-14::B-B05::B-1-6::B3-3::B-A08::B3-1-15::N3-19::B3-1-2::N-A05::B3-13::B-A02::B-B02::B3-19::B-1-10::B3-2-21::N-A04::N-A08::N-2-12::N-1-6::B-2-15::N-B02::N-B09::	35
chr9	59389300	59678300	chr9_59389300	48	289000	0.000164063208639678	70	4.31257695523478e-16	67	2.59569434351083e-14	::N-1-7::B-2-23::N-B08::B-2-12::N-2-12::N-A08::N-B10::N-A02::B-B09::B-B02::B-A08::N-A01::B-3-1::B3-6::B3-3::N3-1-5::N3-13::B-2-14::N3-1-2::N-A07::N-2-14::N-1-4::B3-1-5::N-2-15::B3-10::N-B07::B-2-27::B-B10::N-2-17::B-2-17::B-2-15::N-2-23::B3-2::B-B03::N3-2-36::B3-5::B-A10::B-B05::B-2-21::B3-19::N3-2-21::N-3-1::B3-2-36::B-1-6::B3-1-13::N3-1::N-A05::N-B04::	30
chr9	65690500	65979500	chr9_65690500	48	289000	0.000164063208639678	60	2.17021390671779e-10	53	8.05801327023866e-07	::B-B10::B-2-23::B3-10::N3-10::N-B03::N-1-10::N-B04::B-A04::B-3-4::B-B05::B-B09::N-2-25::N-A10::B-1-2::B-B11::N-B11::B-B02::B-2-14::B3-7::B-A01::B-2-27::N-2-27::N-1-2::N-A08::B-A03::B-2-15::N3-1-11::N-B02::N3-2-21::B3-13::N3-1-2::B-A07::B3-1-13::N3-1-13::N-A07::B-1-7::B-A10::B-2-25::B3-19::B3-5::B-B08::N-B08::N-A04::B-A11::N-2-15::B-B04::B-2-12::N-1-7::	30
chr9	66309400	66598400	chr9_66309400	51	289000	7.16496859375889e-06	70	4.31257695523478e-16	64	1.3672448461847e-12	::B-B07::N-B02::N-3-4::N-B04::B-1-2::N3-1-13::B3-21::N-2-21::B3-2-36::N3-2-22::B3-6::B-3-4::N3-2-36::B3-3::N-B08::N-B07::B3-11::B3-1::N-B05::B-B10::B-B05::B3-1-13::N3-8::N-1-6::B-2-15::B3-2-22::B3-19::B-2-17::N-2-27::B-A01::B-A08::B3-7::B-B09::B-1-7::B-2-14::N3-13::B-1-6::B3-1-2::N-2-23::N-1-2::B3-8::N-2-17::N-B10::N-A11::B-A07::N3-19::N-2-15::B-A02::B-2-21::N3-1::N-B11::	34
chr9	70438200	70727200	chr9_70438200	62	289000	1.77858210341376e-11	98	4.13879617592003e-35	85	8.87229040765701e-26	::B-A07::B3-2-36::N-2-15::B-1-2::N3-1-3::N3-1-11::N-A11::B-A05::B-B09::B3-6::B3-1-3::B3-1-13::N3-1-13::N-A07::B-B05::N-A05::B-B02::N-1-2::B-A01::B3-3::B3-1-5::B3-7::N3-2-21::N-3-4::B-B10::B-1-7::B-A08::N-B05::B-A11::B-3-1::N-3-1::N-A03::B3-1-11::N3-1-5::B-B07::B-2-23::N-2-21::B-B04::N-B07::N-B11::B-2-15::B3-2-22::N-B09::B-A10::N-1-6::B-2-21::B3-5::N3-10::B-A02::N3-1-2::N-B08::N-2-27::B-2-27::B-2-25::N-2-25::B-1-10::N3-19::B-A03::N3-13::B3-2-21::N-1-4::N3-2-36::	47
chr9	71828600	72117600	chr9_71828600	62	289000	1.77858210341376e-11	112	5.43042919879904e-46	92	1.05341327832769e-30	::N3-11::B-2-14::B-1-7::B-2-25::B3-2-36::N-A03::N-B11::B3-1-2::N3-1-2::B-B10::B-A11::N-B08::N-2-12::B-2-12::B-A01::B-A10::N-B09::B-B08::B3-11::B-2-21::N-A11::B-2-17::N3-2-36::B-3-1::N-A05::N-A07::B-A05::B-A12::N-A12::N-1-7::B3-2::N3-13::B3-5::N-2-15::B-1-6::B-B02::B3-6::N-1-4::N-B03::N-2-14::N3-1-11::N-B10::N-B04::B3-2-21::N-2-17::N-2-25::B3-1-13::N3-1-13::N-1-6::B-2-15::B3-1::B-B11::N-B05::N3-1-3::B3-1-3::B-1-2::B-3-4::B-B04::B3-1-5::N3-1-5::B3-3::B-2-9::	68
chr9	72471300	72760300	chr9_72471300	47	289000	0.000447307302317975	61	6.26352993408002e-11	53	8.05801327023866e-07	::N3-1-2::B-A12::N-1-2::N3-1-13::N3-1-3::N-B03::B-A05::N-A05::B-B10::B-B02::N-B08::N-2-23::B3-21::B3-6::B-2-9::N3-11::B3-11::N3-8::B-2-25::N-A01::N-B10::B3-8::B-2-23::B-A10::N3-19::N-2-26::N3-1-11::B-A08::B3-2-22::B-1-6::B3-1-2::N-2-15::B3-2-36::N3-2-36::N3-6::B-A04::B3-7::B-3-1::N-3-1::N-B02::B3-5::B-A02::B3-3::N3-3::N-A08::B-3-4::B-A07::	32
chr9	100626600	100915600	chr9_100626600	47	289000	0.000447307302317975	65	3.70321893638746e-13	58	2.47863685938867e-09	::N3-13::B-A10::N-2-12::B-2-12::N-B10::N-A07::N-2-25::B-2-25::B-2-9::N-A01::N3-1-3::B-A07::B-A04::B-B11::B3-1-15::N-1-7::B3-1-3::B-1-7::B-3-1::B-B03::B-A02::B3-5::N-A08::N-B09::B3-3::N3-10::B-2-14::B-B09::B-1-6::N-1-2::B-A11::B-1-2::B3-1-13::N-3-4::B3-1-2::N3-8::N-2-15::B3-2-36::N-A04::N3-2-22::B3-11::N3-1-2::N-2-17::N3-11::B-A12::B-A05::B3-1-11::	24
chr9	107737500	108026500	chr9_107737500	58	289000	2.47863685938867e-09	85	8.87229040765701e-26	70	4.31257695523478e-16	::N-2-17::B3-13::B-A04::N-2-25::B-2-25::N-A01::B-2-23::B-1-2::N-2-21::N3-11::B3-11::N-B02::B-B02::B-A05::B-B03::B-B10::N-A07::B-1-7::B3-5::B3-3::B3-1-5::B-1-4::N-1-7::N-B04::B-A12::N3-3::B-2-15::B-A01::N3-2-36::N3-7::B3-6::N-A12::N-2-15::B-2-21::B-A08::N3-1::B3-1::B-1-6::B-3-4::B3-1-15::N-1-6::N-B11::N-A02::B-A02::N3-13::B-A07::B-2-9::N-A11::B3-1-2::N3-10::N3-1-2::B3-1-13::N3-1-15::B-B08::N-B08::N-1-2::B-A11::B-B11::	42
chr9	108281200	108570200	chr9_108281200	46	289000	0.00119414591094704	67	2.59569434351083e-14	56	2.64376502289197e-08	::B3-3::N-B04::N3-13::N3-10::B3-10::B3-13::N-A01::N-B09::B-B03::B-A10::B-B02::N3-2-21::B3-7::N3-3::N-A03::N-B10::N3-5::N-2-21::B-2-14::N-2-23::N-A08::N-1-2::B3-1-3::N3-1-3::B-2-21::N-A05::B-A07::N-B03::B3-21::B-B05::B-1-10::N-A07::N-2-25::B-A08::N-1-6::B3-1::N3-1::B-B04::N3-6::N3-1-5::B3-1-11::B3-6::B-B10::B-B11::B-3-1::B-A01::	30
chr9	110420400	110709400	chr9_110420400	46	289000	0.00119414591094704	69	1.71470118376368e-15	56	2.64376502289197e-08	::B-2-23::B-B07::B-B02::B-A03::B-A08::B3-1-15::N3-2-36::N-A02::N-A01::N-A12::B-3-4::B-1-7::B-2-12::N-2-12::N-B05::B-1-2::B-2-17::B-B05::N-2-17::N3-1::N-2-14::B-2-14::B-1-6::B-2-15::N-2-23::B3-19::B3-7::B-1-4::B-2-25::N-3-1::N-B11::B-B10::N3-1-11::N-1-2::N-B08::B-B11::B-A10::B-2-21::B-A11::N-A11::B3-1-13::B3-5::N-2-21::N-1-10::B3-1-11::N-A03::	28
chrUn_GL456393	200	289200	chrUn_GL456393_200	62	289000	1.77858210341376e-11	97	2.30384716289624e-34	73	6.30612395632893e-18	::B3-11::N-2-23::N-B03::N3-2-36::N3-1::N3-8::N-A05::N-2-17::N3-1-3::N-2-25::N3-10::N-A04::N-B11::N-B02::N3-21::N3-1-2::N3-1-13::N3-19::N-3-4::B-A08::N3-1-15::N3-2-21::N-2-15::N3-1-5::B-1-2::B-1-10::N3-6::B-1-7::B3-7::N-B10::N-2-21::N-B05::N-B08::B-B02::B3-3::N-A03::N3-13::B-1-6::B-B05::B-2-21::N-A11::B3-6::B-3-1::N-1-7::B-A07::N-A01::B-A12::B-A03::B3-2-22::B3-21::B3-1::B-A04::B-B11::N-2-26::N-B09::B3-1-2::N-1-6::B-2-15::B-B04::N3-11::N-A08::B3-19::	49
chrUn_JH584304	1500	290500	chrUn_JH584304_1500	42	289000	0.0486814014786314	59	7.39617779113788e-10	52	2.42581343870768e-06	::B-B02::B3-3::N-A03::N3-13::N-2-23::B-1-6::B-B05::B-2-21::N3-1::N-A11::N-2-15::B3-6::B-3-1::N-1-7::B-A07::N-A01::B-A12::N3-2-21::B-A03::B3-2-22::B3-21::B3-1::B-A04::B-B11::N-B08::N-B11::N-2-26::N-B09::B3-1-2::N-1-6::B-A08::B-2-15::B-B04::B-1-2::N3-8::N3-11::N3-1-3::N-A08::B3-19::N-3-4::N-2-17::N3-1-2::	25
chrX	18123700	18412700	chrX_18123700	56	289000	2.64376502289197e-08	108	8.4257494273198e-43	81	4.48786830710744e-23	::N-B04::N3-3::N-2-21::N-A04::N-1-6::N3-8::B3-8::B-1-6::B3-1-11::B-B07::N-B03::N-A01::B3-2-36::B-A08::B3-1::N-B09::B-B09::B-1-2::N-A02::B-B10::N-B10::B-2-14::B3-19::B-B04::N-1-2::B-A05::B-A10::B3-7::N3-7::B3-5::B3-1-13::B3-2::B-2-26::B-A02::N-2-15::N3-1-2::B-2-23::B-A11::N-A11::N-2-17::B-2-17::N-B08::B3-3::N3-1-5::B-2-15::N-3-1::B3-1-2::B-A07::B-3-1::N-A05::B-1-7::N-2-23::N3-1::N-1-7::B3-11::N-2-9::	46
chrX	77378500	77667500	chrX_77378500	42	289000	0.0486814014786314	54	2.62712458507091e-07	45	0.00312010189544696	::B-B02::N-2-25::N-A03::N3-1-5::B-B05::B3-2::N-A08::N-B05::N-A10::B-3-4::N3-13::B3-13::B-A02::N-B11::B-2-21::B3-1-2::N3-1-3::B3-7::B-A08::B-1-10::N-A01::B-B07::N-B07::N3-1-2::B-B11::N-B10::B3-2-21::N-B04::N-A05::B3-1-3::B-2-14::N-2-14::B-A05::B-A10::N3-1-13::N-2-21::B-A07::N3-19::N-A02::B-3-1::B-2-15::B-1-9::	30
