chr10	7642400	7910400	chr10_7642400	43	268000	0.00279458146950317	57	3.98187362723554e-10	50	1.71621772763868e-06	::B-A08::B3-1-2::N-A07::B-A03::B3-2::N3-2-21::B-2-27::B-2-15::B-A12::N-A12::B-B10::N-3-1::B3-6::B-B02::B3-1::B-2-9::N-B03::N-B08::B-1-2::B3-2-21::B-2-25::N-1-7::N3-7::N-2-15::B3-13::B-B07::B3-3::B3-2-22::B-2-17::B3-1-15::N-A04::N3-10::N-2-21::N3-1-2::B3-7::N-A01::B-2-14::N-B05::B-A04::N3-2-22::N-2-26::N3-2-36::B3-2-36::	33
chr10	20136600	20404600	chr10_20136600	43	268000	0.00279458146950317	49	5.25604393188938e-06	44	0.00103692536920838	::N-B04::N3-1-2::N-2-15::N-B11::B3-11::N-A11::B3-7::B3-1-15::B-2-25::B-B02::N-2-17::B3-2-36::N3-1-15::N3-6::B-2-26::B3-6::B-1-2::N-1-2::N-3-1::N-A03::B-2-21::N3-1::B3-1-2::B-2-15::B3-1-3::N-B09::N3-19::B-B09::B-1-7::B-A01::N-2-21::N-A02::N-1-6::N-B02::N-2-26::N-2-25::N-B10::B3-2-21::N-A01::N3-13::B-A10::N3-3::B3-1::	31
chr10	58264300	58532300	chr10_58264300	40	268000	0.0475519327171261	50	1.71621772763868e-06	46	0.000133519272532904	::B3-1-5::B3-1-13::B-2-21::N-2-23::B3-1-11::N-B08::N3-1-2::B3-3::B-B03::B3-6::N-B09::B-3-4::B-1-7::B-A10::B3-1::B-A02::B-B05::B-B02::N-A03::N-2-17::N-B05::N3-19::B-B10::B-2-27::N3-21::N3-6::B-2-25::N3-2-36::N-B04::N-2-21::N-1-6::B-B04::N-1-2::B-A12::B-A07::B3-2-21::N-B02::N-2-27::B3-2-22::B-A03::	22
chr10	66998600	67266600	chr10_66998600	49	268000	5.25604393188938e-06	69	3.38162066315924e-17	61	2.25870746920041e-12	::N-B05::N-B04::N3-1-11::B-A03::B-A08::B-B09::N-A02::N-A08::N3-2-22::B-A10::N-B08::B3-1-15::N3-1-13::B-1-6::N3-11::B-B11::N-2-15::B3-1-2::N-2-17::B-3-1::N-3-1::B-2-17::B-B03::B3-19::B3-6::N3-1-5::N-1-10::N3-13::N3-2-36::N-A07::N-B11::N-A11::N3-10::B-1-2::N-1-2::B3-7::B3-8::N-B07::B-B07::B-2-25::B3-3::B-2-15::N3-8::B3-11::B-A02::N-A01::N3-6::B-B10::B-A12::	33
chr10	108167700	108435700	chr10_108167700	53	268000	5.31340840967399e-08	83	1.40182828552392e-26	60	8.43929992411906e-12	::N-A01::N-2-15::N-2-14::B3-1::N-B04::N-B03::N-A04::N-B09::N3-1-5::B3-1-15::B-A03::N-A08::N3-1-15::N-A03::N-1-2::N3-1::B3-3::B-B11::B3-1-2::B3-7::B3-2-22::B-2-25::B3-6::B-B10::N-B10::B3-1-3::B-3-4::B-A07::N3-5::B-A10::B-2-17::N-1-6::B-1-6::N-B08::B-A08::N-B05::B-2-15::B3-13::B-B09::N-A05::N-B02::B-B04::N3-11::B-2-9::N3-8::N3-2-36::N-3-1::B-3-1::N-A12::B-A12::N-2-21::N3-10::B3-5::	40
chr10	116390700	116658700	chr10_116390700	45	268000	0.000376199650437263	64	3.93185940064512e-14	54	1.60643382647344e-08	::N3-21::B-2-17::B-B10::B3-2-36::N-A01::N-1-9::N-A12::B-3-4::N-B03::B-B02::B-A10::B-2-9::B-1-6::N-B05::N3-1-5::B-B05::B-A01::B3-1::N-A02::B-A02::B-B07::B-A05::B3-7::N3-7::B3-1-3::B3-1-2::N-B02::N3-6::N-2-15::B-1-7::B3-6::N3-1-11::B3-1-11::B3-1-13::N-1-6::N3-2-21::B-A12::N-2-21::B3-1-5::N-3-1::B3-11::B-2-21::B3-13::B3-1-15::N3-1-2::	35
chr10	117111600	117379600	chr10_117111600	43	268000	0.00279458146950317	55	4.76851938453869e-09	46	0.000133519272532904	::N3-3::N3-19::B-A10::B-2-23::B-1-6::N-A02::N-B09::B3-11::N-A05::B-A05::B-A01::B-B05::B-A02::B3-1-11::N-A03::B-A07::B-B02::B3-2-21::B-3-1::N-2-21::B-A08::N-B11::B3-6::N3-1-5::N-2-17::N3-8::N3-11::B3-8::N-B04::B-B10::B3-1::B3-7::B-B09::N-3-1::N3-6::N-A10::B-A11::N-B02::N-B10::B-2-25::B-1-10::N-1-2::B3-13::	24
chr10	122941200	123209200	chr10_122941200	43	268000	0.00279458146950317	50	1.71621772763868e-06	43	0.00279458146950317	::B-2-27::B-3-4::B-B11::N-B02::N-3-1::B-A07::B-A01::B3-6::N-2-12::B-2-12::B-1-4::B-1-2::B3-2-21::N3-1::N-B03::B-B03::N3-3::N3-11::B3-11::N3-1-13::B-2-17::N-2-17::B-A05::B3-1-3::B3-2::N-A07::B-B02::N-A02::B-A11::B3-2-22::N3-2-22::B-A04::B3-5::B3-13::B-B09::N-B09::N3-1-3::N3-1-15::B3-1-15::N3-1-5::N-B04::N-A05::B-A08::	25
chr11	3100500	3368500	chr11_3100500	51	268000	5.49396146687693e-07	83	1.40182828552392e-26	61	2.25870746920041e-12	::N-2-23::N3-8::N3-1-2::N-2-26::N3-10::N-B05::N3-1-3::N-A10::N-2-25::B-A02::N-A11::N3-13::B3-10::B3-21::B-2-14::N-2-15::N3-19::B3-19::B-B07::N-A03::N-A02::B3-5::B-B09::B3-8::N-3-1::B-2-15::B-A03::N-A12::N-A05::B-2-17::B-B10::B3-2::B-2-27::B3-2-36::B-A10::B-2-23::B3-1-13::B-A08::N-A08::N-B04::B3-13::B-1-6::B-1-7::B3-1-3::B-2-9::B-1-2::B3-3::N3-1::B-A04::B-A05::B3-1-11::	31
chr11	4517700	4785700	chr11_4517700	41	268000	0.0189351050115927	62	5.94773622707027e-13	53	5.31340840967399e-08	::B-2-15::N-A02::B-2-26::B3-7::B-2-9::B-1-4::B-2-12::N-2-9::B3-1-3::B3-2-36::N3-2-36::N3-8::B-A08::B-A04::B-B09::B-B10::B3-1-13::B-1-7::N-1-7::B-B05::B3-1-15::N-1-6::B-2-17::B-2-23::N-2-23::N-1-2::B3-2-21::B-A10::N3-19::N-B05::B3-19::N-A04::N-1-10::B-3-4::N3-2::B3-2::N-A11::B-1-2::N-B09::B-3-1::N-3-1::	32
chr11	19967000	20235000	chr11_19967000	45	268000	0.000376199650437263	62	5.94773622707027e-13	54	1.60643382647344e-08	::B-B05::N-2-15::B3-1-2::N3-1-2::B-A05::N-1-2::B3-2-21::N3-6::B-1-7::N-A05::N-2-25::B-2-12::B-B03::N-B03::N-3-4::N-A03::B-B10::B-A08::B3-1-11::B-B02::N3-1-11::N-B02::B-2-17::B3-19::B3-7::N3-13::N-2-17::B3-2::B-3-4::B-2-14::B-1-6::B3-5::N-A01::B-2-15::B3-6::B-A01::B-2-21::N-1-6::N-B05::N-1-4::N3-2::N-2-14::B-1-4::B3-8::N-1-7::	35
chr11	21066700	21334700	chr11_21066700	41	268000	0.0189351050115927	56	1.39020525845787e-09	49	5.25604393188938e-06	::N-B03::B-2-15::N-A02::B-A02::N3-2-21::B3-2-21::B-1-10::B3-11::N3-1-11::B3-5::N-2-23::N-A08::B3-2-37::B-B10::N-B10::N3-11::N-3-4::N-A05::N3-1-2::B-2-25::N-2-27::B-A08::B3-1-2::B-2-26::N-1-4::B-2-21::B-B02::B-2-27::B3-3::N-2-25::N-2-15::B3-19::B3-2-22::B-B04::B3-1-3::B-B03::N-2-21::N-B04::N-A03::N-A12::B-1-2::	28
chr11	23253200	23521200	chr11_23253200	48	268000	1.57750834417275e-05	68	1.42919200418624e-16	60	8.43929992411906e-12	::B-2-15::B-A01::N-A01::N-2-23::N-B08::B3-2::B3-7::B-B09::B3-2-22::B-2-14::N-A12::N-3-1::N3-6::B3-1-13::N-B02::B3-19::B-B07::N3-19::B-3-1::N-1-7::N3-10::N-A03::B3-6::N-2-17::B-1-2::B3-2-21::B-B04::N-A08::B-1-6::N-1-2::N3-3::B3-8::B-2-26::B3-1::N-1-6::N-B05::B-2-23::B-A07::B-1-7::N3-2-21::N-A11::B3-2-36::N-2-14::N-B10::N-2-21::B-A05::N-B09::N-A02::	39
chr11	32459500	32727500	chr11_32459500	44	268000	0.00103692536920838	59	3.10151774623079e-11	51	5.49396146687693e-07	::B-2-25::N-B08::B3-1-11::B3-19::B-B04::B3-2-36::N3-19::B3-2::B-B05::B-B03::N-B10::B-B10::B3-1-2::N-A11::B-2-26::B-2-14::B-B09::N3-10::B-A10::N3-1-5::N3-2::B-2-17::N-3-4::N-B09::B-B02::N-B05::B3-2-22::B-2-15::N-A05::B-A05::N-1-6::B3-2-21::B-A02::B-1-2::N3-1-15::N-2-15::B3-8::N-A01::N-2-14::N-3-1::B3-21::B3-7::B-2-9::B-B08::	32
chr11	53157800	53425800	chr11_53157800	41	268000	0.0189351050115927	50	1.71621772763868e-06	47	4.63798672237819e-05	::B3-2-22::N3-11::B3-11::B-A07::N-B09::N3-1-2::B3-3::B-2-21::B-B02::N-2-27::N-A12::B-A10::N-B02::B3-10::B3-1-11::B-1-10::B3-7::N-2-26::N3-1-15::B-2-23::B-A08::B-B05::N-2-15::N-B04::B-B04::N-2-23::B3-2-36::N-2-14::B-B03::B3-5::N-A08::B-A04::B-2-14::N-A11::B3-19::B3-13::B-2-15::B-B10::N3-1-5::B-A03::B-3-4::	18
chr11	54432500	54700500	chr11_54432500	48	268000	1.57750834417275e-05	70	7.88697111019683e-18	57	3.98187362723554e-10	::B3-11::N-B05::N-A03::B-B05::N3-19::B-2-23::B3-10::B3-3::B-A10::B3-19::B3-1::N-2-15::N-2-14::B3-1-13::N3-1-15::N-2-27::B-A03::N-B04::B-3-1::B3-2-22::B-1-2::N-A08::B-A05::B3-1-15::B-A08::B-2-15::N-A02::B-A11::N-A11::B-A12::B-B03::B-A01::B-2-17::N-1-6::B3-1-3::N3-1-11::B-B10::B3-6::B3-2-21::N3-21::B-1-6::N3-11::B-B04::B3-8::B-B02::N-2-25::N3-1-2::B3-1-2::	40
chr11	59603000	59871000	chr11_59603000	46	268000	0.000133519272532904	63	1.54132616893915e-13	53	5.31340840967399e-08	::B-3-1::N3-1-11::N3-13::B3-10::B-A07::B-A04::B-2-15::N3-2-22::B3-2-22::B-2-14::N-A08::B3-3::B-B02::B3-2-21::B3-1-15::N3-1-15::N-B05::B-2-21::B-A12::B3-19::N-2-15::B-3-4::B-1-6::B3-1-2::N3-3::B-B11::B3-2-36::B-2-23::B-2-27::N-A11::B-A11::B-B08::B3-1-13::B-B03::N-2-21::B-1-10::B-2-25::N-2-25::B-B07::B-A08::N-2-23::B-B09::B-1-7::N-3-1::N-B03::N3-1::	39
chr11	62268100	62536100	chr11_62268100	41	268000	0.0189351050115927	67	5.95272869087715e-16	57	3.98187362723554e-10	::N-B09::B-1-7::B-A08::B-A03::N-A03::N-1-7::N-A05::B-A05::N3-19::B-2-21::N-2-21::B3-3::B-A02::N-A01::B3-7::B-1-2::B-B02::B-B10::B3-10::B-2-14::B3-1::N-B10::N-B04::N-2-23::B3-1-2::B-A10::B-2-15::B-B05::N-1-2::B-2-27::N3-8::N-2-27::N-3-1::N-1-6::B-2-23::N3-1-15::N-A02::N-A08::B3-19::B-3-4::B3-2-21::	33
chr11	69522200	69790200	chr11_69522200	40	268000	0.0475519327171261	55	4.76851938453869e-09	43	0.00279458146950317	::B-2-14::N-3-1::B3-1-2::B3-1-15::N-2-23::N-1-2::N3-2-21::N3-3::N3-1-11::B3-7::N3-10::B-B04::B3-2-21::N3-1-2::N-B07::B-B07::B3-1-13::N3-19::N3-1::B3-2-36::B3-2-22::N-A08::N-B03::B-B03::B3-6::N-B02::B-1-6::N-2-14::B-A02::B3-1-11::B-3-1::N-B10::B-2-21::N-2-15::N3-13::B-B02::B-2-27::B-B08::B-B10::B-2-15::	27
chr11	72549400	72817400	chr11_72549400	48	268000	1.57750834417275e-05	66	2.44291012925667e-15	61	2.25870746920041e-12	::N3-1-2::B-B05::N3-1-3::B-B07::N-A12::B-2-21::B3-21::N-B08::N-3-1::B3-2-22::B3-1-15::N-2-15::B-3-4::N-A01::N-3-4::B3-1-2::B-B10::N3-1-15::B3-13::N-1-2::N3-19::N-A04::B-A04::B-2-15::N3-21::B-A05::B-1-6::B-A10::B-1-7::B-B02::B-A02::N3-11::B3-11::N-A02::B3-1::B-2-12::N-2-12::B3-10::N-B05::N-B04::N3-10::B-2-23::B3-5::N-2-27::B-2-27::N3-8::N-B09::B3-6::	30
chr11	74655800	74923800	chr11_74655800	44	268000	0.00103692536920838	60	8.43929992411906e-12	46	0.000133519272532904	::B-B10::B-B05::N3-3::B-B02::B-1-10::B-A04::B3-1-15::N-2-23::N-2-15::B3-13::N-B05::B3-8::B3-1-2::B-A01::B-3-4::B-B04::N-B04::N-3-1::B-3-1::N3-13::N3-1-5::B-2-25::B3-1-5::N-B07::N3-1-2::N-1-4::B-B07::N-B11::N-2-14::N-B02::B-1-2::B-2-14::N-A01::B-2-15::N3-8::N-2-17::B-1-4::B-B09::B3-2-22::N3-6::B-A05::B3-7::B-A11::B3-19::	29
chr11	75499400	75767400	chr11_75499400	40	268000	0.0475519327171261	53	5.31340840967399e-08	48	1.57750834417275e-05	::B-2-15::N-B02::N-2-25::B-2-25::B3-21::B-3-1::B-1-2::B-B02::B-B10::N3-13::N-1-2::N3-3::N-2-27::B-A02::B-1-6::N-B10::B-A11::B-A01::B3-2-22::N3-2-22::N3-11::N-B04::N3-19::B-B05::N3-1-5::N-A01::B3-6::B3-13::B-2-27::N-A08::B3-2-21::B3-11::B-2-23::B3-3::N-B11::B-B11::N-B08::B3-2::N-A10::B-3-4::	24
chr11	77533500	77801500	chr11_77533500	47	268000	4.63798672237819e-05	79	8.70218202933689e-24	66	2.44291012925667e-15	::N-2-25::B-2-15::N3-19::B3-3::B-B10::B3-1-15::N3-1-15::N-2-15::B-B02::N-B07::B3-2-36::N-B03::B-2-23::N-A05::N-2-12::B-2-12::B3-2-21::N-A02::B-2-14::N3-10::N-1-2::B-A01::N-A11::B-A11::N3-3::B-B11::N-1-7::N-2-17::B-2-25::N-B08::N3-13::N-1-6::B3-11::B-3-4::N-3-4::B3-6::N-A04::B3-1-11::N-2-14::B3-5::B-B03::B-A02::B-3-1::N-3-1::N-B04::B3-19::B-A08::	44
chr11	79408700	79676700	chr11_79408700	55	268000	4.76851938453869e-09	120	6.22431426906314e-56	95	1.91999857108725e-35	::B-1-7::N3-13::B3-2-21::B3-19::N-A01::N-2-15::N3-19::B-3-4::B-2-23::B-A02::B-A08::N-2-23::B-1-6::B-A10::B3-13::N-A05::B-A05::B3-3::N-B07::N-B08::N3-1-13::B-2-27::B-A11::N-A11::B3-21::B-B02::B-1-2::B3-1::N3-1-11::B-B05::B3-1-11::B3-1-3::N-B10::N3-21::B-B09::B3-2-36::B3-1-13::N-B05::N3-2-21::B-2-25::N-2-25::N3-3::B-B10::B-A04::N-A07::N-1-6::N-2-12::B-2-14::N3-1-5::B-B07::N-A03::B3-8::N-1-7::B3-10::N3-1::	51
chr11	86489500	86757500	chr11_86489500	50	268000	1.71621772763868e-06	79	8.70218202933689e-24	67	5.95272869087715e-16	::B3-1-2::B-B03::N-3-4::B3-2-21::B3-2-36::N3-6::N3-3::B3-3::B-2-25::B-2-15::B-A07::B-2-23::B-1-6::B3-8::N-B07::N-B10::N-B05::B-1-2::N-1-2::B-A08::B-A10::N-A11::B-3-4::B-2-14::B3-7::N3-2-36::N-B04::N3-13::B-B02::N-2-17::N3-10::B-B11::N-2-15::B-2-12::B-2-21::B-B10::B3-6::N-B03::N-1-7::B3-1-3::N-B11::N-1-6::B-1-7::N-A02::B-A04::N-A04::N-2-23::N-2-26::B-2-26::B-B05::	40
chr11	88304300	88572300	chr11_88304300	41	268000	0.0189351050115927	47	4.63798672237819e-05	36	1.46806230101439	::N-3-1::B3-6::B-A12::N3-2-21::B-A03::B-2-27::N-1-2::B3-5::N3-13::B-B11::N-A03::B3-1-2::B-B07::B-B05::N3-11::N3-2-36::B3-2-36::B-1-6::N-2-15::B-B09::B3-2::B3-13::B-A11::N-A11::B-B04::N3-1::B-2-15::B3-11::B3-3::N-B10::N-B05::N-3-4::B-1-2::B3-8::B-A08::B3-1-15::B-A10::N3-1-15::N-A08::N-2-25::B-2-25::	23
chr11	93840800	94108800	chr11_93840800	43	268000	0.00279458146950317	79	8.70218202933689e-24	71	1.81357409104395e-18	::B-2-21::B3-2-36::B-B03::B-2-27::N3-13::B-A01::N-A02::N3-19::B-A05::N-B10::N-2-15::B-B10::B-B11::B-2-17::N-A12::B3-6::N3-5::N-2-25::B-A12::B-1-2::N-A01::B-B02::B-A02::N-B05::N3-11::N-2-21::B3-8::B3-19::B3-2-21::B3-1-5::B-A03::N-1-10::N3-1-5::B-A07::N-B04::N3-1-13::B3-1-13::B3-1-2::N-A11::B-3-1::N-B09::B-B09::B3-13::	38
chr11	95241900	95509900	chr11_95241900	44	268000	0.00103692536920838	56	1.39020525845787e-09	44	0.00103692536920838	::N-2-23::B-A12::B-2-17::B-1-7::B-B07::N3-2::N3-13::N-2-21::B-2-21::B-A02::N-A02::N-A11::B-2-14::N-B08::B3-6::B-3-4::N-3-4::B-B02::B3-10::B3-19::N-B03::B-2-26::N-2-26::N-2-25::B-2-25::N3-1-11::N-B09::N3-2-36::B-1-2::N-A04::B-A04::B-B05::N-1-6::B3-1-11::N-B02::B-2-9::B-2-23::B-2-12::B3-1-3::B-A07::B-A01::N-A01::B-2-15::N-2-15::	32
chr11	97170900	97438900	chr11_97170900	42	268000	0.00736040698975854	61	2.25870746920041e-12	55	4.76851938453869e-09	::B3-10::B3-1-13::B3-2::B-B11::N3-3::B3-3::B3-2-21::B-1-2::N3-2-36::B3-2-36::B-A03::B3-13::N3-10::B-B02::N3-13::N3-2-21::N-1-10::B-2-17::B-A07::B-B03::B-B07::N-2-21::N-A08::B3-11::B-B10::B-2-15::B-A05::B-1-6::N-A12::B-A12::N-2-15::B-1-7::B3-19::N-A05::N-1-2::N-B05::N-B08::B3-1-2::B-2-9::N-2-25::B-2-25::N-B03::	24
chr11	98114000	98382000	chr11_98114000	40	268000	0.0475519327171261	51	5.49396146687693e-07	45	0.000376199650437263	::B-B10::N-B08::N3-1-5::N3-2::N3-6::B3-1-11::B-B11::N-2-27::N3-13::B-B05::B3-3::B3-21::N-3-1::B-3-1::B-A05::B-3-4::B-2-25::B3-2-36::B-2-21::N-1-10::B-1-10::B-A07::N-A11::B-A12::B-B02::B-B09::N-2-17::N-1-6::B3-1-15::N-B05::N3-2-22::B-2-14::B-A08::N-A03::N3-1-13::N3-2-36::N3-1-3::N-A12::B-A03::N3-5::	27
chr11	104321300	104589300	chr11_104321300	52	268000	1.72490692960074e-07	105	2.46745518769412e-43	83	1.40182828552392e-26	::N3-10::N-2-12::B-2-12::N-2-15::B-2-15::B-1-6::B-A08::N-B09::N3-1-2::B3-2-22::B3-6::B3-2-21::N-B10::N-1-6::N3-2-21::B-B05::B-2-14::B-3-1::B3-3::B-3-4::N-B07::B-B09::N3-2-36::B-B04::B3-7::N-B05::N3-7::B-2-25::B3-1-3::B-A12::B-B11::N-2-25::N-1-7::B3-10::N3-13::B3-13::N-2-14::B-B03::N3-21::B3-21::N-1-2::N-3-4::B-1-4::N-A02::N-A08::N3-3::B-B07::B3-19::N-A05::B3-11::N-2-27::B-2-27::	49
chr11	105565600	105833600	chr11_105565600	44	268000	0.00103692536920838	71	1.81357409104395e-18	62	5.94773622707027e-13	::B-2-23::N3-2-22::B-1-7::N-3-4::N-1-6::B-1-2::N-A04::B-A04::B3-1-11::B-B11::B3-1::B3-19::N3-1-2::N3-8::B3-8::N-A02::B3-1-3::N3-13::B3-7::N3-19::B-A07::B3-11::N-2-17::N-2-15::B-B02::B-2-17::N3-10::N-B04::B-2-25::B-A05::B3-2-36::N3-2::B-B10::B-B04::N3-6::N3-11::B-B09::N3-1-5::N3-1-11::N-2-25::B3-3::B-2-27::N3-1-3::B3-21::	35
chr11	106023900	106291900	chr11_106023900	40	268000	0.0475519327171261	58	1.12083808804028e-10	49	5.25604393188938e-06	::N-1-2::N3-11::N-A02::B-A02::N3-1-5::B-B07::B3-7::N3-8::B3-1-15::B-1-7::B-3-4::B3-3::B3-19::B3-1::B-A04::N-B11::N-3-1::B3-8::B3-11::B-2-15::N-A05::N3-1-15::B3-6::B3-2::N3-13::N-2-23::N3-6::N-1-10::B-1-6::B-2-12::N-2-26::B-2-26::N-A08::B-A08::B-A03::N3-10::N-3-4::B-2-21::B-B02::N-2-27::	27
chr11	106820100	107088100	chr11_106820100	55	268000	4.76851938453869e-09	80	1.77591255674186e-24	63	1.54132616893915e-13	::B-A05::N-B04::B3-1-11::N3-6::B3-6::B-B03::N-2-26::B-2-26::N-3-1::B3-2-21::B-A12::B-1-6::B3-2-36::B-B11::B-2-14::B-2-23::N-B05::B-B04::B3-1-5::N3-1-5::N3-19::B-A01::N3-13::B-B02::N-A10::B3-1::N3-2-36::N-B03::B3-3::N3-2-21::N3-2-22::N-3-4::N-1-6::B-2-27::B3-1-2::N3-1-2::B3-7::N-A05::B3-11::B3-8::N3-8::N3-11::N-B07::B3-1-3::B-3-4::N-2-27::N3-1-3::B-1-2::B3-13::B-B05::B-2-17::N-B02::N-B09::N3-2::B3-2::	42
chr11	108035300	108303300	chr11_108035300	45	268000	0.000376199650437263	57	3.98187362723554e-10	43	0.00279458146950317	::B-A10::B-1-6::B-A08::B-3-1::B-3-4::B-B09::N-2-14::N3-1-11::B-B04::N3-21::N-1-2::B-A01::N3-10::N-B05::B-B05::N-2-21::N-A08::N3-1-2::B-2-23::B-A02::N3-11::N-2-27::N3-2-21::B3-2-37::N3-1-5::B3-19::B-B10::B3-1-2::N3-5::N-A12::B-2-21::N3-2-36::B3-5::N-2-26::N-2-12::N3-13::N-2-23::N3-1::N-2-15::N-3-4::N-3-1::N3-3::N3-19::B-1-4::B-B02::	16
chr12	3240100	3508100	chr12_3240100	44	268000	0.00103692536920838	71	1.81357409104395e-18	59	3.10151774623079e-11	::N3-13::B-1-2::N-1-2::B-2-15::B3-5::B-2-12::B3-3::N3-2-21::B-B02::B-A02::N-B08::B-2-14::N-B04::N3-1-3::B3-1-3::B-3-1::N-3-1::B3-19::B-1-4::B3-1-11::B-2-23::B3-6::B-2-17::B-1-6::N-B10::N-A08::B-A08::B-B10::B-B03::N-2-12::N-2-26::N3-10::B-A04::B3-1-15::B-A12::N-A04::B3-8::N3-1-5::B-A03::B3-1::N-B09::B-B09::N3-1::N3-19::	35
chr12	51633500	51901500	chr12_51633500	48	268000	1.57750834417275e-05	64	3.93185940064512e-14	58	1.12083808804028e-10	::B-B09::N-2-15::N3-1-5::B3-19::B-1-2::B3-2-22::B3-1-5::B-A07::B3-1-13::B3-6::B-2-21::B-A02::N3-3::N-A11::B-A12::B3-1-15::B-2-14::N-2-14::B3-11::N-3-1::B-2-9::N-1-7::B3-10::N3-10::B-3-4::N-B11::B-A03::B3-1::B-B02::B-1-10::N-1-10::N-B07::N3-6::B-2-25::N3-1-3::N-2-27::B-B10::N-2-21::B3-1-2::B-1-6::N-1-6::B-2-15::N-1-2::B3-3::N3-13::N-A10::N-A12::N3-19::	42
chr12	75329300	75597300	chr12_75329300	44	268000	0.00103692536920838	54	1.60643382647344e-08	50	1.71621772763868e-06	::N-A02::B-B11::B3-2-21::B-2-21::B3-11::B-B04::N3-19::B-2-14::N-A01::B-A12::B-2-23::B-1-6::N-A12::B3-1-2::N-B10::B-B10::B-A07::B3-10::B-1-7::B-2-15::N3-1-5::B3-1::B-2-26::N-A04::N-2-17::B3-1-13::B3-7::B3-13::N-2-21::N-3-1::N3-1-2::B3-3::N-2-23::N-1-7::N-A07::N3-11::B3-2::N-2-12::B3-1-11::B-2-9::N-2-15::B-A08::B-B02::N3-1-3::	24
chr12	110962600	111230600	chr12_110962600	41	268000	0.0189351050115927	51	5.49396146687693e-07	43	0.00279458146950317	::N-A01::N-2-23::B-3-1::N-B07::N-A03::B3-7::N-A07::B-2-15::B3-2-36::B-A03::N3-1::N-2-26::B3-1-2::N3-1-5::N3-1-2::N-1-7::B3-1::B-1-6::N-B08::N-2-15::B-2-21::B-B09::N3-19::B3-3::N3-13::B-B02::N-B04::B-B07::B-1-7::N-3-4::B-3-4::B3-19::N-2-17::N-B10::N3-2-21::B3-13::N3-1-11::B-B03::B-1-2::N-1-2::B3-2::	26
chr13	3363000	3631000	chr13_3363000	43	268000	0.00279458146950317	55	4.76851938453869e-09	45	0.000376199650437263	::B-3-4::B-A08::N-B05::N3-8::B3-1-2::B-2-21::B-B11::N3-19::B-A10::N3-13::N3-10::B-B02::B-A03::N-B04::B-B05::N-A08::N-B08::B3-11::N-2-25::B3-1::N-B02::N3-1-3::B3-1-3::B-B10::B3-10::N-2-21::B-3-1::B3-1-15::B-B09::N3-2-21::B-1-6::N-2-17::N3-2::N-B10::B-A07::B-2-12::B-B07::N3-1-15::B-2-17::B-2-25::N3-11::B3-8::B-1-10::	25
chr13	13957400	14225400	chr13_13957400	42	268000	0.00736040698975854	60	8.43929992411906e-12	53	5.31340840967399e-08	::B3-2-36::B-2-25::B-B09::B-B10::B-A08::B-1-2::B-A01::B-1-6::N3-1-15::N-A12::B-A07::B3-7::B-B02::N-B02::B3-2::N-B11::N3-3::B-2-15::N-B04::N-2-15::B3-1-13::B-A12::B-2-23::N3-8::N-A01::B-A10::B3-13::N3-2-36::B3-1::B3-5::B3-2-22::N-B10::B-2-26::N3-1-2::B-B11::B-2-14::B-B04::B-A02::B-3-4::N3-13::B3-1-5::N3-1-5::	22
chr13	17669200	17937200	chr13_17669200	50	268000	1.71621772763868e-06	67	5.95272869087715e-16	56	1.39020525845787e-09	::N-A02::N-2-21::B-2-21::B3-6::B-1-6::N3-3::B-A10::B-2-12::B-1-2::N-A11::B3-8::B3-13::N3-8::B3-1::N-A08::B-B02::N3-19::B3-19::B3-21::B-B09::B3-2::B-3-4::N-3-4::N-B09::B-2-15::B-A07::B3-1-11::B3-7::N-1-7::N3-10::B-A02::B-1-7::N-A05::B-A05::B-3-1::N-3-1::N-A01::B-B11::N-B10::N3-1-15::N-B11::N-B08::B-B08::B3-2-21::B-B05::B3-11::B-2-27::N-2-27::B-B10::N-2-15::	36
chr13	43208000	43476000	chr13_43208000	48	268000	1.57750834417275e-05	67	5.95272869087715e-16	51	5.49396146687693e-07	::N-B03::B-3-4::B3-2-21::B-B05::B-A10::B-B10::B3-2-22::N3-6::B-A05::N-A02::N-2-9::B-B04::N3-19::N3-1-3::B-A03::B-2-14::N-2-14::N3-1-5::B3-7::N-B10::B3-19::B-1-6::N-B09::B-2-27::N-2-27::B-A12::N-A12::B-2-17::N-A11::B3-1-5::N3-2-21::B-B02::B-B03::B3-6::N3-1-2::N3-1-15::N3-13::N-B07::B3-11::B3-8::N3-8::N3-11::N-A03::N-A08::B3-1-3::B-A04::B-3-1::B-B09::	40
chr13	44727400	44995400	chr13_44727400	40	268000	0.0475519327171261	67	5.95272869087715e-16	57	3.98187362723554e-10	::N-B04::N-2-15::N3-1-3::B3-6::B3-5::B-1-7::N-A01::B-A04::B-A07::B-2-15::N-B02::B3-2-37::B3-2-22::N3-2-22::B-3-4::B-B02::N3-13::B-A12::N-A12::B-B07::N-A07::B-1-6::B-B05::B-1-2::N3-6::B-2-25::N-2-25::B-B04::N-B07::B3-1-2::B-B03::B-A02::B3-13::N3-1-2::B-3-1::B3-19::B-1-4::B-2-26::N-2-12::B-2-12::	25
chr13	94333100	94601100	chr13_94333100	52	268000	1.72490692960074e-07	66	2.44291012925667e-15	33	14.4525254931188	::B-B04::B3-2-22::B-A01::B3-1-11::B-A07::N-2-27::B-A12::N-B07::N-B10::N-2-23::N-A07::N-2-25::N-2-15::B3-7::B-1-7::B3-2-21::N3-19::B-B02::N3-1-5::B-B10::B-A02::B3-13::B-1-6::B-A08::B-B05::N-B08::N3-11::B3-2::N-B05::N-2-26::N-2-14::N3-8::N-B04::N-A02::N-2-12::N-2-17::N-A11::N-B03::N-1-6::N-A12::N-1-2::N-A04::N3-2-36::N-3-4::N3-3::N3-21::N-2-21::N3-6::N3-1::N3-13::N3-2::B-A11::	44
chr13	103696700	103964700	chr13_103696700	42	268000	0.00736040698975854	62	5.94773622707027e-13	50	1.71621772763868e-06	::B-A05::B-1-2::B3-1-15::B3-2-22::B3-1-13::B-A08::B-A03::B-1-7::B-3-4::B3-7::N-B11::N-B02::B-B09::B3-5::N-1-10::B-A10::N3-1-2::B-B10::B-2-21::B3-2-36::B3-19::N-A02::B-A02::N-2-21::B-2-14::N3-1-15::N-A03::N3-6::B-2-9::N-3-1::N3-8::B-B11::N-B08::B-B08::B3-3::N-B09::N-B04::B3-6::B-3-1::B3-2-21::N3-2-36::N-A10::	22
chr13	111611500	111879500	chr13_111611500	40	268000	0.0475519327171261	61	2.25870746920041e-12	36	1.46806230101439	::B3-11::B-2-23::B-A08::B-2-25::N3-5::B-B11::B3-7::N-A04::B-B05::B-1-4::B-2-17::N-A02::B-B02::N-2-15::B-2-15::B-A02::N-2-21::B3-3::B-B07::B-3-1::N-3-1::N-3-4::N3-21::B-B04::B-1-6::B-A12::B-B08::B-A11::B-A10::B-1-7::B3-2-22::B-1-10::B3-19::B-3-4::B3-1-15::B3-2::B3-1-5::B-2-21::N-A05::N-A12::	18
chr14	19282800	19550800	chr14_19282800	54	268000	1.60643382647344e-08	90	1.15092632890717e-31	34	6.93982035724847	::N3-19::B-A08::N-B09::B-B02::N-2-21::B3-6::B-2-14::N-B05::N-A03::N-2-27::N-A01::N3-6::N3-1-3::N3-3::N-A02::N3-2-36::B-1-6::B3-2-36::N3-1-15::N-1-10::N3-1-5::N-B11::N3-2-22::N-A05::N3-11::B-3-4::N-1-7::N3-1-11::N3-8::B-B04::B3-11::N3-10::N-2-17::N-B02::B-2-23::N-2-9::B-B11::N-B10::N3-1::B3-3::N-3-4::N-2-23::N-2-25::N-1-2::B-2-15::B3-2::N-B04::N3-1-13::N-A10::N3-2-21::N-1-6::N-B08::N-B07::N-A08::	51
chr14	26401200	26669200	chr14_26401200	41	268000	0.0189351050115927	50	1.71621772763868e-06	48	1.57750834417275e-05	::B-2-25::B-3-1::N3-2-21::N-2-21::B3-8::B-A04::N-2-15::N-2-26::N3-1-5::N3-19::B-2-14::B-B10::N-1-6::N-A02::B-2-15::B3-1-3::B-A08::B-2-23::B-B09::N-3-1::B3-2-22::N-1-2::B3-2::B3-1::N-3-4::B-B11::N3-1-2::B-B02::B-1-10::N-A08::B-A07::B-A12::B3-1-11::N3-11::B3-1-13::N3-1-13::N-A12::N-2-23::B-A01::N-A11::B-A11::	22
chr14	30973900	31241900	chr14_30973900	44	268000	0.00103692536920838	56	1.39020525845787e-09	44	0.00103692536920838	::B3-1-11::B-B09::N-3-1::N-2-21::B-2-21::N3-7::B3-11::N-B04::N-A01::N3-1-5::B-3-1::N-2-17::N3-1-3::N-2-15::B3-1-3::B-A02::N-B11::B3-2-21::B-B11::B3-1-2::N-B02::B-B07::N-B07::N-A02::N3-13::N-2-12::B3-13::N-B10::B-B10::B-A08::B3-6::N-2-25::N3-1-2::N3-1-13::B3-1-13::N-2-23::N-A11::N3-3::N-A05::N3-21::N-3-4::B3-21::B-3-4::B3-2::	25
chr14	34262300	34530300	chr14_34262300	43	268000	0.00279458146950317	59	3.10151774623079e-11	52	1.72490692960074e-07	::B-1-7::B-B10::B3-1-13::B-B09::B-2-23::B-2-15::B-2-26::N-A08::B3-19::N-B09::B-1-6::N-1-10::B3-2-36::B-2-9::B3-11::B3-2::B-B02::B-B05::B-2-21::B-A01::N-2-25::N-B08::B-B08::B3-1-2::B-A07::N-1-6::N-A05::B3-7::B-2-14::N-2-14::B-2-12::N3-21::B3-1-3::B-A08::B-A11::N-A11::N-B10::N-A02::B-A02::B-1-4::N3-1-5::B-3-4::N-B05::	34
chr14	52073200	52341200	chr14_52073200	41	268000	0.0189351050115927	55	4.76851938453869e-09	49	5.25604393188938e-06	::N-A08::B-A01::B-2-15::B-B10::B-1-7::B-2-14::B-2-25::B-A08::N-1-7::N3-1-13::B-2-21::B-B02::B-2-12::B3-1-3::B-2-27::N3-21::N-B10::N3-19::N-2-21::B-A10::B3-1-13::B-A07::N-A07::N-2-27::B-B07::N-2-15::B-1-10::N-1-10::N-1-2::N3-2-21::B3-11::N3-1-3::B3-2-22::N3-1-11::N-B09::N-2-26::B-2-26::B3-1-11::N3-1-5::B-2-17::N-B04::	32
chr14	73203600	73471600	chr14_73203600	41	268000	0.0189351050115927	72	4.11231342771123e-19	51	5.49396146687693e-07	::N-A01::N3-1-15::B3-1-15::N-3-1::B3-11::B3-8::N-B02::B-B11::B-A08::N-B11::B-A03::N-A03::N-A08::N-A10::B3-19::N3-19::B-B02::N-2-17::B-A05::N3-8::B3-3::B3-2-22::B-A01::N-2-27::B-B04::N-B04::B-A11::B-2-25::N-2-23::B-B07::B-B03::N3-1-5::B3-1-5::N-A05::N-2-15::B-1-4::B-A02::N-B09::B3-6::B3-2-21::B-1-2::	57
chr15	8188500	8456500	chr15_8188500	61	268000	2.25870746920041e-12	93	6.43258541102754e-34	85	5.23315273103272e-28	::N-A07::B-A04::B3-2-22::B3-2-21::B3-19::B-B07::B3-1::N-A08::B-A12::N3-21::B3-13::N-2-15::B-B10::B-B03::B3-1-13::N-2-21::B-3-1::B-1-4::B-3-4::B-B04::N-A12::B-2-14::B-2-15::N-B05::B-2-12::B-1-10::N-1-6::B-A08::N-2-23::B3-2-36::N3-2-21::N3-1-13::N3-1::N-B04::N-B08::B3-11::B-2-17::N-2-17::B-B02::N-2-14::B-A07::B-1-7::B3-1-11::B-1-2::B-B08::N-A11::B-2-26::N3-13::N3-6::B-2-23::N3-10::N3-2-36::B-B11::B-B05::B3-7::B-A11::B-2-25::N-2-25::N3-7::B3-6::N-2-12::	56
chr15	12110500	12378500	chr15_12110500	54	268000	1.60643382647344e-08	75	4.41693053334691e-21	67	5.95272869087715e-16	::B-2-12::B3-2-36::B-A10::N3-2-36::B3-1::B-B11::B3-1-13::N-2-27::N-2-21::B-B08::B-2-21::B3-6::B3-19::N-B02::N-B04::N-B08::N3-19::N-B09::N-A10::B3-7::N3-1-3::B-A12::N3-1-11::N-A11::B-2-14::N3-2-21::B-1-6::B-2-15::B-B02::B-A08::B-B07::N-B07::N-A12::N-1-6::B-1-2::N-2-26::N3-13::N-2-23::B-B03::N-A01::N3-21::N-2-15::B-A01::B-2-25::N-2-25::N-A02::N3-2-22::B-3-4::B3-1-5::B-A05::B3-3::N-1-2::B-A04::B3-2-21::	49
chr15	50622400	50890400	chr15_50622400	43	268000	0.00279458146950317	57	3.98187362723554e-10	50	1.71621772763868e-06	::B-2-25::B-A04::B3-2-21::B-2-9::N3-3::N-2-15::N-A05::B-B05::B-3-4::N-A12::B3-21::B-B09::N3-1-5::N3-2-22::N-2-23::B-B10::N-1-2::B-2-12::N-A07::B3-19::N-2-12::B-2-21::N-B09::B-1-2::N-2-25::N-B05::B-2-15::B-3-1::N-3-1::N3-7::B-2-14::N-2-14::N-B11::B3-5::N3-19::B-1-6::N3-1-3::N-A02::B3-7::N-2-17::B-A08::N-B07::B-A05::	27
chr15	73104400	73372400	chr15_73104400	46	268000	0.000133519272532904	80	1.77591255674186e-24	59	3.10151774623079e-11	::N-B02::N-B09::B-2-12::N3-3::N-B08::B3-3::B-A08::B-B08::B-2-14::N3-1::N3-13::N3-10::B3-10::B3-1::B3-13::B3-2-37::B-1-6::N-1-6::B-B04::B3-19::B-1-7::B-B02::N-B05::B-2-9::N3-21::N3-19::N-A08::N3-2-21::B3-11::B-2-15::B-2-27::B-1-2::B-2-21::B3-1-2::B3-1-11::B-2-25::N-2-23::B-B07::N-B07::N3-1-2::B3-8::B-B05::N-A02::N-2-15::B-A11::N-2-12::	37
chr15	77070100	77338100	chr15_77070100	56	268000	1.39020525845787e-09	75	4.41693053334691e-21	62	5.94773622707027e-13	::N-B08::B-1-6::N3-19::B-B10::B-1-2::N-A02::B3-1-5::N-2-12::B-2-12::B-B04::N-A10::B-A10::B3-3::N3-13::B-A11::B3-19::N-B07::N3-2-21::B3-2-21::B-2-14::B-B08::N3-1-2::B-B07::B3-1-2::B-A04::B-A03::B-2-25::N-B02::N3-1-15::N3-8::B-B05::B-2-23::B-A07::N-B05::N3-7::N-A08::B3-2-36::B3-6::N-2-21::N-B11::B3-1-15::B-A05::B3-21::N3-6::B3-1-13::N-1-2::B-3-4::N3-1-5::B3-2-22::N-3-4::N-2-15::B-A08::N-A03::B-B02::N-1-6::N-2-25::	30
chr15	80674800	80942800	chr15_80674800	58	268000	1.12083808804028e-10	96	3.26522470631053e-36	82	7.1267169381448e-26	::B3-6::B3-1-11::B-B09::N-1-6::B3-1::N-B03::N-B04::B-1-4::N-B10::N-2-25::B-A12::N-B09::B-2-21::B3-1-2::B3-21::N-2-15::B-3-4::B-B11::N3-10::B-2-23::B3-1-3::N3-1-3::N-2-12::B-2-12::B-2-15::B-1-6::B-A04::N-B08::N3-1::B-1-7::B-A03::N3-6::N3-21::B-A11::N-A11::B3-2-21::B-2-14::N-1-2::N3-13::N3-1-5::B3-13::B3-10::N3-1-2::N3-2-21::B-A08::B3-2-22::B-B04::B3-1-5::B-B07::B-A07::B-1-2::N-2-14::N3-2-22::B-B08::B3-1-13::N-A01::B-B10::N-A05::	42
chr15	81582200	81850200	chr15_81582200	40	268000	0.0475519327171261	62	5.94773622707027e-13	50	1.71621772763868e-06	::B-A11::N-3-4::N3-2-21::N-2-12::B-2-21::B-A05::N-B08::B-B08::B-2-25::B-B02::N3-6::B3-6::B-A04::N3-3::N3-1-11::B-2-14::N-2-25::B-1-10::B3-1-2::B-3-4::B-B03::B-B11::B3-2-21::N3-13::N-A01::B-B07::B-B04::N-B04::B3-13::B-1-2::B-A07::N3-11::N3-1-5::B-2-15::N3-21::N-B10::B-2-17::N-2-17::B-B05::B-2-9::	36
chr15	85319000	85587000	chr15_85319000	40	268000	0.0475519327171261	50	1.71621772763868e-06	47	4.63798672237819e-05	::B3-2::N3-1-15::N-A02::B-2-25::B-2-17::B-A07::N-A01::B-3-4::B3-1-2::N-A05::B-A03::N3-1-5::N-2-25::N-1-7::N3-19::N-3-1::B-3-1::B3-7::B-B10::N-B10::N-1-2::B-1-2::B3-2-22::B-A11::N3-2-22::N-2-21::B-2-15::N-B03::B-B03::N3-10::B3-1-15::B3-1-3::N-2-15::B-A12::B3-11::N3-1-3::N3-2-37::N3-7::B-A02::N-2-23::	21
chr15	96215300	96483300	chr15_96215300	47	268000	4.63798672237819e-05	73	9.19701191605749e-20	66	2.44291012925667e-15	::B-B10::B-A04::B3-11::B-A10::B3-2-21::B-1-2::B3-19::B-1-6::N-2-21::B-A08::N3-1-5::N3-6::B-2-14::N3-2-22::B-A12::B3-2-36::N-1-6::B-2-26::B-B02::N3-2-36::N-1-2::B3-1::N-B04::B3-10::B-2-15::B-2-27::B3-3::N3-7::B-2-17::B3-7::B3-21::B-B04::N3-19::N-A08::N-2-14::N-3-4::B-B05::N-2-25::B3-6::B-3-4::B-B11::B3-1-11::N-1-7::B-A05::N3-1::N-B02::B-1-10::	43
chr15	99974300	100242300	chr15_99974300	45	268000	0.000376199650437263	61	2.25870746920041e-12	52	1.72490692960074e-07	::N-A08::B-A07::N-3-1::B-2-15::B3-1-15::N3-1-15::N-2-17::N-B10::N-1-2::B-2-17::N-B05::B3-11::B-3-4::N-2-21::N-2-15::N-B07::B-2-14::B-A11::B-B07::B-B09::B3-6::N-B11::B3-2-22::N-A11::B-A01::B-B05::B-A08::B3-1::N-1-6::N-B04::B3-2::N-A05::B-B11::N-B09::B3-21::N3-21::N-B02::B3-19::B-A02::N3-2-36::N3-2-21::B3-1-5::B-B04::B-2-26::N-2-26::	34
chr15	101963900	102231900	chr15_101963900	41	268000	0.0189351050115927	50	1.71621772763868e-06	41	0.0189351050115927	::B-A04::N3-13::N-B09::N-1-2::N3-1-5::N-B11::N-A11::B-A11::B3-2-22::B-1-6::B-B02::N-3-1::B3-10::B3-13::N3-10::B-2-15::B-2-14::N-2-14::N-B08::N-B05::B3-5::B-1-4::B-2-9::B-B10::B-A12::N3-3::B3-3::B-2-26::N-2-26::B-2-23::B-A08::B-3-4::N-1-7::B3-1-15::B3-21::N3-2::N3-2-21::B3-6::B-B09::N-3-4::B-A02::	26
chr15	102367900	102635900	chr15_102367900	45	268000	0.000376199650437263	57	3.98187362723554e-10	52	1.72490692960074e-07	::N-2-26::N-B04::B3-1-11::N-2-14::B-A04::B3-11::B-A05::N-A11::B3-19::N3-19::B-2-25::N-2-25::B3-3::N-B09::N-1-7::N3-6::B-2-27::N-A05::B-2-14::B-3-4::N-2-23::N-A08::B-A08::N-1-6::B3-5::N-B05::B-2-17::N3-10::N-2-17::N-B03::B3-2-22::B-B03::B-B09::B-2-15::N-B10::N3-2-36::N-2-15::B-B07::N-2-12::B-A07::B-1-6::N-A10::B-1-7::B-B10::N-A03::	27
chr16	3944700	4212700	chr16_3944700	41	268000	0.0189351050115927	60	8.43929992411906e-12	56	1.39020525845787e-09	::N-3-1::N3-1-5::N3-1-3::B3-2-22::B-A10::B3-5::B-B05::N3-21::B-B03::B-2-14::N3-6::B3-7::B3-6::B-1-2::N-B10::N-B02::B-A08::N-1-7::N-B08::B3-13::B-3-1::B-B09::B3-1::N-2-15::N-A01::N-1-2::B3-1-11::B-1-7::B-B10::B3-1-2::B3-2-37::B-2-15::N-2-17::B3-1-3::N3-13::N3-5::B-2-23::N-2-12::N-B11::B-2-21::N-2-21::	34
chr16	11060500	11328500	chr16_11060500	41	268000	0.0189351050115927	55	4.76851938453869e-09	50	1.71621772763868e-06	::B-1-2::N3-8::N3-2-22::B-B11::B3-1-3::N3-1-5::N3-13::B3-11::B-2-15::B-2-14::B3-1-15::B-1-10::B-2-21::B3-1::B3-7::B3-5::B-B07::N3-1-2::N-2-25::B-A07::N-2-27::N-A05::N-A02::N-2-15::N-B03::N3-11::B-A04::N3-1::B-A12::B-B03::N3-1-11::B3-3::B-3-1::N3-2-21::B-A11::N-A11::N3-1-15::B3-2-36::B-2-12::B3-2-22::N-2-17::	25
chr16	17454400	17722400	chr16_17454400	41	268000	0.0189351050115927	50	1.71621772763868e-06	44	0.00103692536920838	::B3-19::N3-1::B3-1::B-3-4::B-1-7::N-2-12::B-2-12::N-A11::N3-8::B3-1-3::N3-2-21::N-3-1::B-A08::N3-2-36::B3-8::B3-3::N3-3::B3-2-22::N3-2-22::B-A02::B3-10::B-1-6::B3-6::B-A07::B-A11::B-B10::N-2-27::N3-6::B-B03::B-A10::N-B03::N-B02::N-2-15::N-A04::N-A02::B-B07::N-2-25::N-B05::B-B05::B3-21::N-A05::	29
chr16	24437100	24705100	chr16_24437100	46	268000	0.000133519272532904	64	3.93185940064512e-14	59	3.10151774623079e-11	::B-A12::B-B09::N-2-17::N3-19::N-B07::N-2-14::B-2-14::N-A02::N-2-15::N-B03::B-1-6::B-1-2::B3-11::B-3-4::N3-8::B-B05::N3-7::N3-10::B3-1-13::B-A07::B-2-21::B3-2-21::N-1-7::B-A10::N-2-21::B-3-1::N-3-1::N3-6::B-2-15::N-3-4::B3-3::N-B08::B-B02::B-A08::B-2-23::N-A10::N3-1-3::N-2-23::B-2-12::B3-1-11::N3-2-22::B3-21::B3-6::B3-1-3::N-1-2::B3-5::	27
chr16	31608500	31876500	chr16_31608500	42	268000	0.00736040698975854	68	1.42919200418624e-16	62	5.94773622707027e-13	::B3-6::B-2-15::N-A05::B-B03::B-B02::N-A08::B3-19::B-A07::B-B05::B-1-6::B3-21::N-2-26::N-A07::N3-1-13::N-3-1::N-B10::N3-19::B-3-4::N-3-4::N-B05::B-B10::N-B03::B-2-12::B-A02::N-2-15::N3-3::B-A11::N-2-21::B3-11::B-2-21::B-A05::B-2-14::B3-2-21::N3-6::N-A02::N-B04::B-2-23::N-B08::N3-21::B3-2-36::B3-1-11::N3-10::	28
chr16	33180400	33448400	chr16_33180400	41	268000	0.0189351050115927	62	5.94773622707027e-13	54	1.60643382647344e-08	::B3-2-21::B-3-1::N-3-1::B-2-9::N-B09::B-B09::N3-11::N3-8::B-1-7::B3-8::N-B03::B3-1-11::N-3-4::B3-1-15::N-A02::B-B03::B3-21::N3-1-3::B-1-6::B3-2-36::N3-2-36::N-A01::N-B05::N3-1-5::N3-2-21::B-2-15::B-A07::N-A12::N3-1-13::B3-1-13::B-B07::B-B05::B-A12::N-B04::N-A05::B-A02::B-A10::B-A08::B3-1-3::B-2-25::N-B02::	29
chr16	38090900	38358900	chr16_38090900	45	268000	0.000376199650437263	77	2.01179189663524e-22	69	3.38162066315924e-17	::B3-7::B-2-25::N3-6::N-1-6::B-1-6::B-B05::N-2-25::B3-11::B3-13::B-2-15::B-A11::B-B10::B-B04::B-B07::N-A07::B-1-7::B-A10::N3-2-22::N-A02::N-2-15::B-A08::B-B09::B-3-1::B-B02::B-1-2::N-1-2::B3-19::B-A05::N-A08::B-A12::N-2-17::N3-1-15::B-A07::N-B05::N-B07::B-B08::N-A05::N-B04::N-2-21::B3-6::B-2-14::N-A11::B-2-23::B-A04::B-2-27::	29
chr16	43292900	43560900	chr16_43292900	47	268000	4.63798672237819e-05	68	1.42919200418624e-16	62	5.94773622707027e-13	::N-A08::B3-10::B-1-6::N-3-4::B3-1-13::B3-7::N-B10::N-A12::B-3-4::N-A01::B3-6::N3-3::N-1-7::N-1-6::N-2-15::N3-1-2::B-A12::B-A08::N-B03::B-B03::B-2-15::B-B10::N-B07::N-B05::N3-2-36::N-B02::B3-1::B-2-23::B3-13::N3-1::N3-10::N3-13::B-B05::N3-1-13::N3-1-5::B-1-7::B-2-14::N-B04::B3-3::B-A10::B3-1-2::B-B07::N-2-12::B3-2-36::B3-2::B-1-4::B3-2-21::	37
chr16	94438000	94706000	chr16_94438000	49	268000	5.25604393188938e-06	66	2.44291012925667e-15	58	1.12083808804028e-10	::N3-13::N-1-10::B3-2-36::B-B02::B-B10::B-A12::N-A12::B-B09::N-A10::N3-6::B-A08::N-A07::N-B09::B3-1-3::N-B07::B3-6::N-3-1::B-1-6::N-2-15::B3-7::B3-5::B-A01::N-A01::N3-1::B-3-1::N3-2-22::N3-1-5::B-2-15::B-B07::B-1-4::B-1-2::N-1-2::N-B08::B-A04::N-B04::B-A11::N-A11::N-B02::N3-2-21::N-B10::B-1-10::B3-2-21::N-B05::N-1-6::N-3-4::N-2-25::B3-19::B3-11::N3-19::	37
chr17	3058000	3326000	chr17_3058000	46	268000	0.000133519272532904	66	2.44291012925667e-15	58	1.12083808804028e-10	::B-B10::N3-1::B3-11::B-2-9::B3-2::N3-1-15::B-A12::B-B04::B3-19::N-2-21::B3-8::N-3-1::N3-2-21::N-A05::B-B02::B3-1-3::N3-1-3::N3-1-5::N-1-6::B-1-6::N-2-15::B-2-12::N-3-4::B-A01::N-B03::B-B03::B-A08::B-2-21::B-2-14::B3-1-11::B-A10::B-3-4::N3-5::B-B05::N-B05::B-A05::N-1-7::N3-19::N-A12::B-A02::N-A08::B3-1::B3-2-36::B3-2-21::N-1-9::B3-6::	33
chr17	5024200	5292200	chr17_5024200	57	268000	3.98187362723554e-10	91	2.06485487973445e-32	76	9.48834305063796e-22	::N-2-9::B-A10::B-B08::N-B02::N-2-21::B3-19::N-3-4::N-1-6::N-2-15::N-B08::B-B02::B-1-6::B-B03::B3-7::B3-1::N3-1::N-2-25::B-3-1::B-2-21::B3-2-36::B-A11::N-A11::N-2-23::N-B09::B-B09::N-A02::N-1-4::B-A02::N-A05::N3-6::N-3-1::B3-6::N3-1-3::B-2-15::B-1-2::N-A04::B-A04::N-2-17::B-1-4::B-A08::N3-1-15::N-A01::B-A05::B-B07::N-B07::B3-5::B-2-25::B3-3::N3-3::N3-13::N-B11::B-B11::N-A08::B3-13::B3-1-3::N3-1-2::N3-8::	40
chr17	10195800	10463800	chr17_10195800	44	268000	0.00103692536920838	56	1.39020525845787e-09	51	5.49396146687693e-07	::B3-1-3::N-A03::B-A04::B-B05::N-B10::N3-2-21::B3-6::B3-1-11::N-A01::B-B10::N-A08::N-A04::N-2-15::N3-13::B3-19::B-B04::N-3-4::N-A10::B3-2-21::B-A07::B-B08::N-3-1::N-2-23::N3-6::B-1-6::B-2-26::N-1-10::B-2-25::B-A03::B-1-10::B-2-21::N-2-21::B-2-23::N-1-2::B-1-7::B3-2-22::B-A10::N-A02::B-A02::B-B09::B-A05::B3-3::N3-19::B3-1-2::	22
chr17	29963500	30231500	chr17_29963500	49	268000	5.25604393188938e-06	77	2.01179189663524e-22	64	3.93185940064512e-14	::B-B11::B3-3::B-B02::B-3-4::B3-21::N3-21::N-3-4::N3-1-5::B-B05::N-A08::B-B10::N-B03::B-B03::N-2-25::N3-11::N-A11::B3-19::N-2-17::B-1-7::B3-1-3::N3-1-3::N-B07::N-A01::N-B04::B-2-27::N3-19::B3-1-11::N-B05::N3-1::B-2-17::B-2-15::B-1-6::B-B04::B-A02::N3-13::B3-1::N-1-6::B-2-14::B-A10::B-2-12::N-2-12::N-A05::B-2-26::B-A07::B3-1-5::N3-3::B3-1-2::B-3-1::N-2-26::	38
chr17	32102500	32370500	chr17_32102500	43	268000	0.00279458146950317	60	8.43929992411906e-12	49	5.25604393188938e-06	::N3-8::B3-1-3::B3-3::N3-1-15::B3-1::B-A12::N3-1-11::B-B05::B-A08::B3-11::B-2-25::B-2-21::B-1-2::N-3-4::N-B10::N-A01::N-2-23::B-B07::B-2-12::B3-7::B-A03::B-A10::B3-1-13::B-B02::B3-1-2::N3-1-2::N-B08::B-2-17::N-2-17::N-B09::N3-1-5::B3-13::B3-10::B3-2-37::N3-10::N3-13::B-2-15::B3-6::N3-6::N3-3::B3-1-11::N-1-2::N-A05::	35
chr17	65568900	65836900	chr17_65568900	40	268000	0.0475519327171261	55	4.76851938453869e-09	43	0.00279458146950317	::N-2-23::B-B11::B-B02::B-B05::B3-2-21::B-2-26::N-2-26::B-B07::B3-10::B3-1::B3-13::N3-10::N3-13::B3-19::B3-1-13::N3-19::B-B10::B3-7::B-A07::B-2-27::N-1-2::B3-11::N-3-1::N-A02::B-3-4::N-2-15::N-B10::N-2-12::B-2-12::B-B09::N-B02::N-A05::N-B04::B-A05::B-1-6::B3-8::B-A03::B-B04::N-A04::N-A11::	29
chr17	74347800	74615800	chr17_74347800	45	268000	0.000376199650437263	59	3.10151774623079e-11	53	5.31340840967399e-08	::B3-1-3::N-A05::B-A05::B-1-2::B3-1-11::B-B05::N3-2-22::B3-2-21::B3-2-22::B-A04::B-B03::B-2-26::B-2-15::N-2-15::B-B04::B-A08::B-2-14::N-B05::B3-1-13::B-B02::B-3-4::B3-6::B-A11::B3-7::N-A11::N-B02::B-A10::N3-2-21::B3-3::N-1-2::B-A02::N-2-23::B-2-23::B3-5::B-B11::N-2-14::N-B03::N3-1-5::B-1-7::B3-1-15::N3-11::B3-11::N3-1-15::B3-1::N3-1::	33
chr18	4835500	5103500	chr18_4835500	40	268000	0.0475519327171261	49	5.25604393188938e-06	42	0.00736040698975854	::B3-6::N-A11::B-2-25::N-2-25::B3-11::B-A03::N-2-15::B-B11::B-A08::B-B10::B3-7::B-1-2::B-A05::N-A05::N-A03::B-1-6::N-A01::N-1-10::B3-1::N-B08::B-B02::N-3-1::B-3-1::N-B10::B3-3::B-A02::B-2-21::B-3-4::B-A10::B3-5::N3-1-5::N3-2-22::N-2-9::B-B04::N3-19::B3-2::B-B07::N3-1-15::B3-1-15::B-1-7::	27
chr18	9217600	9485600	chr18_9217600	42	268000	0.00736040698975854	54	1.60643382647344e-08	44	0.00103692536920838	::B-B05::B-2-15::B-3-1::B3-1::N3-1-5::N-B08::N-B07::N3-1-2::B3-1-2::B-B07::B3-2-22::N-1-2::N-2-12::B-2-12::N-2-23::N-A03::N-2-21::N-A01::N-3-1::B-A08::B-1-2::B-2-25::B3-21::B-B09::B3-10::N3-10::B-B04::B3-3::N3-3::B-2-23::B3-8::N-2-25::B-A01::N-2-17::N-A02::B-A02::B3-2::N3-1::B-A12::B-B11::B3-2-21::N3-6::	28
chr18	9972400	10240400	chr18_9972400	57	268000	3.98187362723554e-10	77	2.01179189663524e-22	70	7.88697111019683e-18	::B-B10::N-B02::B-A03::B-1-10::N-A01::B3-7::N-A11::B3-2-21::B-B04::B-A08::N-1-6::B-1-6::B3-2-22::N3-8::B-3-4::N3-3::B3-3::B3-5::B-B02::N-B11::B-B11::N3-13::N-2-21::N-2-23::B-1-7::N-2-27::B-B05::N3-19::B-2-25::N-B05::N-2-15::N3-1-5::N3-10::N3-2-22::B-2-14::N-B08::N-2-14::B-2-15::B-2-23::N3-1-2::N-1-2::N3-2-21::B-1-2::B-3-1::N-3-1::N3-1-3::B3-10::N-A05::N-B03::N-A02::N-2-17::B3-1-13::B-A02::N-1-7::B-2-27::B3-1::B3-6::	37
chr18	31643200	31911200	chr18_31643200	48	268000	1.57750834417275e-05	64	3.93185940064512e-14	55	4.76851938453869e-09	::N-2-15::N3-13::N-A01::B-2-25::N3-2-21::N-B08::B-B08::B3-2::B-1-7::B-B09::B-2-14::B-A10::N3-1::B3-1-3::B-A01::B3-1-13::N-1-7::N-1-10::B3-2-36::N-3-4::B-A02::B3-6::N-1-6::B-B05::N-2-27::N3-8::N3-11::B3-8::B3-11::N3-19::N3-6::B-2-21::N-2-21::B-B10::B-1-2::N-2-23::B3-19::B-A05::N-A11::B-A08::B3-7::B-3-4::N3-1-5::B3-1-2::N-B05::B-2-17::B3-5::B-B11::	28
chr18	34239300	34507300	chr18_34239300	53	268000	5.31340840967399e-08	77	2.01179189663524e-22	64	3.93185940064512e-14	::B-2-21::B-A10::N-A01::B-B03::N-B03::N-2-15::B3-2::B-1-2::B3-2-22::B-B05::B-B02::N3-1-13::N3-8::B-2-9::B-A07::N-1-7::B3-8::B3-11::N3-1-5::B3-2-36::N-A07::N3-1-11::B3-1-13::N-A11::N3-21::B3-19::B-A05::N-A05::B-2-14::B3-1::N-B02::B3-21::N-B04::B-B04::B3-6::B-2-26::N-A02::N3-10::N3-13::B-A02::B-A08::B-2-15::B3-3::B-B10::N3-5::B-2-23::B3-7::N3-2-22::B-1-6::N3-2-21::N-B09::B-2-27::N-B05::	37
chr18	34923700	35191700	chr18_34923700	40	268000	0.0475519327171261	54	1.60643382647344e-08	47	4.63798672237819e-05	::B-1-10::N3-13::B-B02::B-B07::B3-10::B-1-6::N-B10::B-A05::B-A04::B-2-26::B3-1-13::N3-1-13::N3-1-5::N-3-4::N-2-15::B3-21::N-2-23::B-A08::B-B04::B3-6::B-2-15::B3-7::N3-19::B-A02::B-2-23::B-A01::B-A10::N-A01::B-3-4::B-B09::N-A11::N-A08::B-1-2::N-2-25::B-2-25::B-B05::B3-1::N-3-1::N-1-6::B3-19::	32
chr18	35557000	35825000	chr18_35557000	48	268000	1.57750834417275e-05	71	1.81357409104395e-18	61	2.25870746920041e-12	::B-A10::B-2-23::N-2-23::B3-7::B-2-14::B-1-7::N-A10::B-1-6::B-A01::N-A01::B3-6::B-2-15::B-3-4::B3-2-22::B-B02::N-B11::B-2-25::B-B10::B-3-1::N-2-17::N-1-4::N-B05::B-A07::N-B03::N3-3::N-1-9::B3-19::B-B05::N-2-9::B3-1-2::N-A11::N-1-6::N-B07::B-B07::N3-13::B-1-2::B3-8::B-A04::B-A08::B-A11::B3-1::B3-5::N-A08::B-B11::N-B09::B-2-21::B-A05::N-A02::	36
chr18	42285600	42553600	chr18_42285600	40	268000	0.0475519327171261	54	1.60643382647344e-08	46	0.000133519272532904	::N3-2::B3-2-22::B3-1::B-2-21::N-2-21::B-B05::B-B10::N-1-7::N-2-15::B3-21::B-A05::N-2-23::B3-2::B-2-25::N-A01::N-B05::B-3-4::B-1-6::B-1-7::N3-13::N-B10::N-A12::B-A12::B-B11::B-B09::B-1-2::N-1-2::N-B04::N3-1::B-2-26::B-2-14::B3-8::B3-2-21::B-2-23::N3-10::B3-10::B3-19::N3-19::N-3-1::N-1-6::	27
chr18	73571800	73839800	chr18_73571800	42	268000	0.00736040698975854	56	1.39020525845787e-09	43	0.00279458146950317	::B-A11::B3-6::B3-2-22::N3-2-22::B-B07::N-2-9::B-1-2::N-1-2::N3-13::B-2-12::B-2-14::N-2-12::N-2-27::B-A03::N-A03::B-2-21::N-1-6::B-1-7::N-1-7::N3-1-15::B-2-26::B-A12::B-B02::B3-1-2::N-A12::B-3-1::B-A05::B-2-15::B-A02::N-A02::N-3-1::N-A01::N-A07::B-B09::B-3-4::B-B05::B3-7::N3-7::N-2-26::B-1-6::N3-3::B-A10::	38
chr19	3467300	3735300	chr19_3467300	44	268000	0.00103692536920838	73	9.19701191605749e-20	65	9.87570308569186e-15	::B3-2-36::B3-5::B-A08::B-B10::B3-19::N-1-2::N-B10::B-B05::N-B05::B-1-6::N-A10::N-2-15::B-A05::B-2-15::B-A10::N-B03::B-B03::N3-8::B-1-10::N-2-21::B-1-4::B3-21::N3-1-11::B-2-14::B-2-21::B-B02::N-2-14::N3-1-5::B-1-2::B-B07::B-2-23::N-A01::B3-6::B-A07::B-2-25::N-2-17::N3-2-22::N-A02::B3-2::N3-10::N-B09::N-B02::B-3-1::B3-7::	49
chr19	7203200	7471200	chr19_7203200	41	268000	0.0189351050115927	66	2.44291012925667e-15	56	1.39020525845787e-09	::N3-2-22::B3-8::B-B10::N-B11::N3-19::B3-13::N-A11::N3-10::B3-10::B-B11::B-A10::B-1-6::N-A08::N-2-15::B-2-25::B-B08::N3-13::N3-1-5::B3-1-3::B-B05::B3-2-37::N-1-6::N3-2-36::B3-1-5::N3-1-13::B-2-15::B3-2-22::B3-1::N3-3::B-B09::N-B08::N3-21::B3-21::B-3-4::N3-1-2::B3-3::B-2-23::B-A08::N-A02::B-3-1::N3-1-15::	33
chr19	11732800	12000800	chr19_11732800	42	268000	0.00736040698975854	52	1.72490692960074e-07	45	0.000376199650437263	::B-1-2::N-1-4::B-A10::N-2-23::N-B07::N-1-6::N-2-15::B-B02::B-2-25::B3-1-15::B3-3::B-2-27::N3-3::N3-1-3::N-1-7::N3-2-36::B3-2-36::N-2-14::B-2-15::N3-7::B-B10::B-1-7::N-A11::N-B03::B-B03::B-A01::B-B04::B3-1-5::N3-8::N3-6::N3-1-5::N-B04::B3-6::B-2-9::N-2-9::B-B07::N3-10::N-B02::N-2-21::B-A08::N-A08::B-B05::	27
chr19	16135900	16403900	chr19_16135900	51	268000	5.49396146687693e-07	76	9.48834305063796e-22	68	1.42919200418624e-16	::N3-7::B3-3::B3-11::B3-10::N-2-15::N-A01::B3-13::N-B03::N-2-9::B-A01::N-A07::B-3-1::N-B07::N-B10::B-B07::N3-1-2::N3-10::N3-21::N-B04::B-A11::N-B09::B-B11::B3-6::B3-2-22::B-B02::B-2-25::B-B04::B-3-4::N3-1-15::B3-1::N-2-23::B-A08::B-B09::B3-1-2::N-2-27::B-2-27::N-B02::N3-1::B3-19::B3-2-36::B-2-9::B-A10::B3-5::N-A12::B-1-2::B-2-23::N-A02::N3-1-5::B-B05::N3-2-36::N-B05::	35
chr19	29876200	30144200	chr19_29876200	47	268000	4.63798672237819e-05	63	1.54132616893915e-13	47	4.63798672237819e-05	::B-A11::B3-21::N-2-21::B-2-27::N-2-27::B-A12::B3-1::N-2-15::B-3-1::B-2-25::N3-6::B-1-2::N-1-2::B-B04::B-A08::B3-2-21::B3-6::B-B10::B-2-15::N3-10::B-1-6::N-A10::N-B05::N-2-25::N3-11::B3-1-3::B-B05::N-A08::N-A11::B3-19::B3-13::B3-11::B-1-7::B-A01::N-2-12::B-2-12::N-B09::B-A02::B-A10::B3-10::N3-1-3::N3-1::N3-13::N-A02::N3-1-13::B-A05::N-A05::	28
chr19	36845200	37113200	chr19_36845200	42	268000	0.00736040698975854	48	1.57750834417275e-05	41	0.0189351050115927	::N-B09::B3-2-21::B3-19::N3-2-36::N-2-23::B3-1-3::N3-1-3::B-A08::N3-1::B3-1::B-A10::B3-7::B-B10::B-A02::N-A02::N-A01::B-B02::N3-1-5::N-B04::N-1-6::B3-21::N-A12::N-1-2::B-2-21::N-2-21::B-B03::N3-1-15::B-2-14::N-A08::N-2-25::N3-3::B-B04::B3-6::N3-1-2::B-1-10::B-B11::N3-10::B-B07::B-A04::B3-1-15::B3-3::N-B08::	19
chr2	17982100	18250100	chr2_17982100	44	268000	0.00103692536920838	65	9.87570308569186e-15	57	3.98187362723554e-10	::B3-11::N-2-17::B-B07::B-A08::B-2-17::B-1-2::N-1-6::B3-1::B3-6::B-3-1::N3-2-36::N-B04::N-A11::B-B02::B3-3::N3-19::B-B11::N3-13::N-A05::N-A01::N-2-23::B-B10::B-3-4::N3-1-5::B-2-15::N-A03::B3-8::N3-6::N-B08::N-2-15::B-1-6::B3-2-21::B-A01::B3-1-11::B3-1-2::N-B07::N3-1-2::B-2-21::B-2-12::B3-2-36::N-B02::B3-1-3::B-A07::B3-1-15::	30
chr2	22932700	23200700	chr2_22932700	41	268000	0.0189351050115927	56	1.39020525845787e-09	52	1.72490692960074e-07	::B-3-4::N3-1-13::B3-11::B3-19::N-B08::N-1-10::N3-11::B-B09::B-1-2::B3-1-2::N-B02::B-A04::N3-1-3::B-B08::N-2-25::B-2-27::B3-2-36::B3-1::B-2-14::N-A11::B3-1-11::B-2-15::B-A05::B3-3::B-B04::N-B04::B-B11::B-A11::N-A01::B-1-7::N3-13::N3-2-36::B-B05::B-2-26::N-A07::N-B09::B-2-23::N3-8::N-2-27::B3-5::N-2-23::	29
chr2	37366000	37634000	chr2_37366000	52	268000	1.72490692960074e-07	84	2.72457604668536e-27	75	4.41693053334691e-21	::N-A10::B3-2-36::N3-2-36::N3-3::N3-1-3::N-2-15::B3-1::B3-2-22::N-B08::B-B08::B3-8::B-3-1::N3-19::N-2-21::N3-10::N3-13::N-A05::B3-7::N-B07::N-B04::B-1-2::B-2-15::N-A04::B-B10::N-B10::B3-1-2::B3-1-11::N-3-4::N3-11::B3-11::B-2-14::B-A07::B-B11::B-2-17::N-2-9::N-1-6::N-2-12::N-3-1::B-2-23::B3-6::B-2-27::N3-5::N-B03::N3-6::N3-8::B-B05::B-B07::N-A01::B-A01::B3-2-37::B3-10::N3-1-11::	48
chr2	48808600	49076600	chr2_48808600	46	268000	0.000133519272532904	70	7.88697111019683e-18	62	5.94773622707027e-13	::B-B05::B-B11::N3-1-5::B-A12::N-A12::B-3-1::N3-2-36::N-2-17::B-2-17::B-A11::B3-1::B3-2::N-A11::B3-2-22::N3-6::B-B07::B3-1-11::B-2-12::B-2-27::B-A03::B-A10::B3-7::N-2-27::N3-11::B-2-25::N3-21::N-2-15::B-A01::N-A02::B-A02::N3-1-3::B3-1-3::B-2-15::B3-11::B3-5::N-A05::B3-6::N3-19::B-3-4::B-B10::N-A03::N3-8::B3-19::B3-8::N-1-6::N3-1-13::	36
chr2	49448400	49716400	chr2_49448400	42	268000	0.00736040698975854	64	3.93185940064512e-14	58	1.12083808804028e-10	::B3-7::B-B02::N3-8::N3-2-22::N-B04::B-A11::B3-1::N-A11::N3-13::B3-2-21::B-B05::B3-2::B-2-26::B3-2-22::B-1-7::N-A04::N3-1-3::B-1-10::N-A01::B-A01::B-2-23::B-2-21::B3-19::N-1-6::B-B08::N-B08::N-3-4::B-B11::B-B10::N3-1-15::N3-1-2::N-B05::N-2-15::N-B10::B3-5::N3-19::B3-3::B-A08::N3-1-5::B-B07::N3-2-36::B3-2-36::	29
chr2	90749200	91017200	chr2_90749200	43	268000	0.00279458146950317	66	2.44291012925667e-15	57	3.98187362723554e-10	::B-A12::N3-11::N-B11::B-B11::N-2-23::B3-2-36::N-2-27::B-1-6::N-2-15::B-2-15::B-B02::N-A05::B3-10::N-B10::N-2-21::B-2-12::N-B05::B-A07::B-1-7::N-B02::B-A04::N3-6::B3-1::B3-1-13::N-A12::N-3-4::B-2-14::N-2-14::N3-2-36::B-A02::N-1-2::B-B03::N-B03::N-B07::N3-13::B-A01::N3-2::B-2-21::B3-19::B-A03::N-3-1::B-B09::B-3-4::	34
chr2	91696200	91964200	chr2_91696200	43	268000	0.00279458146950317	63	1.54132616893915e-13	57	3.98187362723554e-10	::B-B09::B-A05::N-B02::B3-3::B3-1-11::N-2-25::B-2-25::B-2-21::N-A10::B3-6::B-B10::B-A07::B-1-6::B-1-10::B3-7::B-2-12::N-A02::N-B05::B-1-7::B-A12::B-B04::B3-13::B3-10::N3-10::N-1-7::B-A01::B-A03::B-1-2::B3-2-36::N-1-2::B-A10::N-A11::N3-1-5::N3-8::B-B07::N-B08::N3-19::B-2-15::B-3-4::N3-1-2::B3-11::N3-2-36::N3-1::	26
chr2	98558700	98826700	chr2_98558700	96	268000	3.26522470631053e-36	590	nan	42	0.00736040698975854	::B-1-2::N3-13::N3-2-36::N-A08::B-A07::B-A08::N-A05::N-1-2::N-A01::N-B07::N-1-7::N-B05::N3-6::N-2-14::N-B10::N-2-26::N-A02::N-2-12::N3-10::N-A11::N3-7::N-B04::N-B09::N3-1-13::N-1-6::N3-8::N3-19::N-B08::N-B11::N-A03::N-A10::N3-1-11::N-A12::N3-1::N3-1-15::N3-2-21::N-2-15::N3-1-3::N3-21::N-2-17::N3-1-5::N-3-1::N-2-25::B-2-21::N-2-9::N-B02::B-B02::N3-2-22::N-1-10::N3-1-2::N3-11::N-2-27::N-2-21::B3-1-11::N3-5::N-3-4::N-B03::N-2-23::B3-1-13::B3-1::B-2-23::B3-6::B3-1-2::B-3-1::N-A07::N3-3::B-B07::N-A04::B3-13::B3-10::B-A02::B-B11::B3-8::B-1-10::N-1-4::B-B10::B3-1-3::B-2-15::B3-2-22::B-A01::B-B08::B3-1-5::B3-11::B-B04::B-1-7::B-1-6::B-A05::B-2-27::B-B03::B3-19::B-2-12::B3-1-15::B-A11::B3-2-36::B-3-4::B-A12::	281
chr2	154638200	154906200	chr2_154638200	48	268000	1.57750834417275e-05	73	9.19701191605749e-20	60	8.43929992411906e-12	::N-A05::B3-21::B3-11::N3-3::B-2-15::B-A11::N-B10::B3-19::N3-19::B-2-9::N-B02::B-B03::N-A07::N-2-21::B3-8::N3-8::N3-11::N-3-1::B-A02::B-B05::B3-2-36::B-A07::B-B10::B-1-6::B-B09::N-2-27::N-2-15::B3-1-11::B-A03::N-B05::B-A01::B3-2-21::N-B04::B-3-4::B-B04::B-3-1::B-B02::B-A05::N3-2-22::N-B08::N3-1-5::N-2-9::N3-1-11::B3-6::N3-2-21::B3-1::N3-1::B-2-23::	45
chr2	160499100	160767100	chr2_160499100	42	268000	0.00736040698975854	48	1.57750834417275e-05	41	0.0189351050115927	::B-1-6::N-3-4::N3-7::N3-5::N3-1-11::N-A11::B-A11::N3-1-5::B-1-2::N-B09::B-B05::B-2-27::B-B02::N-A01::N-2-17::N-B04::N-B08::B-3-4::B-A02::N3-19::N3-21::N-2-15::B-B10::B-2-14::B3-1-11::B3-2::B3-2-36::B3-19::B3-1-5::B-2-15::N-A08::B3-5::N-1-2::B-A04::N-A04::N3-11::B-B07::B3-21::N-B03::B3-11::B-3-1::N3-6::	27
chr2	163509400	163777400	chr2_163509400	48	268000	1.57750834417275e-05	64	3.93185940064512e-14	28	354.871891523559	::N3-11::B3-1-11::B3-1::N-1-2::B3-2-22::B-A10::B3-6::N-B08::B-B05::B-A07::N3-21::B-A04::N-B09::N-3-1::B-3-1::B-B02::B-2-15::B-1-7::B-B04::B3-10::B-2-21::B-B09::B3-13::B-B07::B3-1-2::B-B10::B-B08::B-A08::B-2-27::B-A02::B3-7::B-1-6::B-2-25::B-1-2::B-B11::B-A12::B3-3::B-A05::B-B03::B-A11::B-3-4::B3-1-3::N3-1-3::N-B04::N-2-27::N-3-4::B3-5::N-2-17::	22
chr3	19129800	19397800	chr3_19129800	44	268000	0.00103692536920838	56	1.39020525845787e-09	49	5.25604393188938e-06	::B-3-4::B-A07::B-B09::B-1-7::B3-6::B3-11::B3-1::N-A02::B-2-14::N-3-1::B-B05::B3-3::B-2-27::N-B05::B-2-15::N-1-10::B-B02::N-2-15::B3-1-15::B-B10::N3-13::B3-1-13::N-A12::B-A12::N-B09::B-1-6::N-3-4::N-A11::N-1-2::B3-2::N-A01::B-2-17::B3-13::N-A10::B-2-21::B-2-26::N-2-26::N3-19::B-A11::N-B04::B3-19::B-A04::B-A03::N-A03::	29
chr3	27475800	27743800	chr3_27475800	46	268000	0.000133519272532904	65	9.87570308569186e-15	56	1.39020525845787e-09	::B-A08::N-B07::N-2-25::N-A07::N3-1-13::B3-1-13::B-A07::N3-19::B-2-25::N-2-26::N-A02::B-A02::B3-6::B-B02::N3-1-3::B3-19::N-A05::B-B10::N3-11::N-3-4::B-2-15::B-2-21::N-2-21::B-1-7::B-B07::N-2-15::N3-21::B-1-2::N-B10::N3-8::N-B09::B3-3::B3-1-11::B-2-14::B-B05::N-B05::N-B02::B3-5::N-2-14::B3-2-21::B3-7::B3-13::B-A10::B-2-23::N-2-9::N3-6::	28
chr3	51220200	51488200	chr3_51220200	51	268000	5.49396146687693e-07	80	1.77591255674186e-24	69	3.38162066315924e-17	::B-B10::B3-5::B-A02::N-A02::B3-19::N3-19::B-B09::B-2-12::N-1-6::N-2-23::N3-1-2::N3-1-15::B-B07::B-2-23::B3-1-2::N-B07::N-B04::B-2-15::B-B04::N3-1-5::N-2-15::N3-8::N-2-14::N-2-17::B3-11::B3-1-11::B-B08::N3-3::N-2-25::B3-8::B3-1-5::B-1-2::B-2-14::B-A12::B-B02::B3-3::B3-21::N3-13::B-2-25::N-1-2::B-1-6::B-2-9::B-B05::N3-11::B-2-26::N3-1-3::B-2-21::N-3-1::B-3-1::N-A01::B-A03::	45
chr3	60351300	60619300	chr3_60351300	48	268000	1.57750834417275e-05	67	5.95272869087715e-16	47	4.63798672237819e-05	::N-A11::B-2-21::N-2-21::B-A10::N3-7::N3-1-13::B3-21::B-1-2::B3-1-11::B-1-6::B-2-14::N-2-14::B-B04::N-B04::N-1-6::B-B02::B-2-27::B3-1-3::B-2-23::B-1-7::N-A08::B-B10::N-B03::B-B03::B-A11::B3-2-36::B3-11::B3-19::N-1-7::N-2-12::B-2-12::B-A02::N-2-15::N3-2-21::B3-2-21::B3-3::N3-21::N-3-4::B-3-4::N3-3::N-2-17::N-A02::N-2-23::B-A07::N3-10::N3-19::B-A05::B3-1-2::	30
chr3	63749000	64017000	chr3_63749000	41	268000	0.0189351050115927	48	1.57750834417275e-05	40	0.0475519327171261	::B-B11::B3-11::N3-6::B-2-15::N-2-25::B-1-4::B-2-23::N3-10::B-B08::N-B08::B3-5::N3-8::B-1-10::N-A12::B-A12::B3-3::B3-1-15::N-2-27::B-A03::N3-2-21::B-B02::B-3-1::B-1-6::N3-1-15::N-A08::B3-19::N-B05::B-2-9::N3-2-36::B-A08::B-B03::N-B03::N-2-15::B3-1::N3-11::B-1-7::B3-7::N3-1-13::B-2-14::B3-1-13::B3-2-36::	21
chr3	69003700	69271700	chr3_69003700	48	268000	1.57750834417275e-05	70	7.88697111019683e-18	57	3.98187362723554e-10	::B-B09::B3-3::N-1-6::N-B10::B-B10::N3-19::B-1-2::B3-1-2::B-2-12::N-2-12::N3-1-13::N3-7::N-2-23::B-A08::B-2-25::B-2-14::N-2-14::B-A10::N-A10::N-B07::B-A02::B-B03::N-B03::B-B02::B-2-17::N-A08::N-2-21::B-B04::N3-10::B-2-15::B3-1-3::B3-1::B3-6::N-B09::B3-21::N3-21::N-B08::B-A01::B3-19::B-B08::N-2-25::N-3-1::N-2-17::N3-11::N-A01::N-A07::B-B11::N3-1::	39
chr3	84795100	85063100	chr3_84795100	41	268000	0.0189351050115927	52	1.72490692960074e-07	49	5.25604393188938e-06	::N-B09::N3-1::B-A03::N-B02::B-B05::N-B10::N3-3::B-1-2::N-2-23::B3-8::N-A05::B-2-15::B3-21::B-1-6::B-A08::B3-6::N-2-27::N-A11::B3-19::N-A02::B-A02::N3-1-5::B-2-26::B-2-23::N-3-1::B3-1-11::N3-10::N-A08::B-A11::B3-3::N-1-7::N-A10::B-A12::B3-10::B3-7::N3-1-15::N3-19::B-2-17::B-2-14::N-2-21::B3-2-21::	25
chr3	88852400	89120400	chr3_88852400	47	268000	4.63798672237819e-05	68	1.42919200418624e-16	57	3.98187362723554e-10	::N-1-2::B3-1-15::B-2-25::N-2-25::B-B02::N-2-27::B-2-27::B-B07::B3-13::B-3-4::B3-2::B-B05::B-B08::B-2-21::B3-1-13::B3-6::B-1-7::N-B05::B-2-15::B-3-1::B-B10::N-1-6::N3-1-2::B3-1-2::N-B08::B-B09::B3-2-36::N-B02::B3-1::N-2-15::N3-1-3::B3-1-3::B-B03::B-A07::B3-1-11::N3-1-11::B-A08::B3-3::N3-6::B3-5::B-1-6::N-B07::N-3-1::N-2-21::B-1-2::N3-1-13::N3-21::	37
chr3	90092600	90360600	chr3_90092600	49	268000	5.25604393188938e-06	66	2.44291012925667e-15	58	1.12083808804028e-10	::B-A02::N-B02::N-A10::B-B11::N-A11::B-2-15::N3-1-5::B-A07::B3-11::N3-1-2::B3-2-21::N-2-17::B-A10::B-B10::B3-2-36::B-A12::B-2-23::B3-8::B-B02::B-2-27::N-B08::B-2-14::N3-19::B-2-25::N-B05::B-B05::N3-1-13::B3-5::B3-7::N-B07::N3-8::B-3-4::B3-1-2::N-A01::N-1-6::N-1-2::B-1-2::N-2-27::B3-1::B3-2::N3-2-36::B3-3::B-A01::N-B09::B-1-7::N-1-7::B3-21::N3-21::B-A03::	43
chr3	94838400	95106400	chr3_94838400	43	268000	0.00279458146950317	54	1.60643382647344e-08	49	5.25604393188938e-06	::B3-3::N-2-23::N3-8::N-B05::B3-1::B-2-12::B-A01::N-A01::N-2-15::B3-11::N-1-6::N3-19::B-3-1::B3-13::B-2-27::B-A07::B-B11::N-2-14::B-2-26::N-2-26::B3-10::B3-6::B-B05::N-1-4::N3-2::N-A11::B-A11::B-2-15::N-B04::B-1-10::N-A03::B-A08::B3-1-5::B3-19::B-A12::N-2-17::N-2-9::B3-2-22::B-1-7::B-1-6::B-2-23::N-B09::B3-1-11::	25
chr3	103187600	103455600	chr3_103187600	45	268000	0.000376199650437263	61	2.25870746920041e-12	53	5.31340840967399e-08	::B3-19::B-B03::N-B04::N3-2-22::B3-1::B-B09::N-2-23::N3-3::B-A10::B-B10::B3-3::B-1-2::B3-6::B3-1-5::N3-11::N3-1-11::B-B07::B-A07::B-2-17::N-2-25::B-2-23::N-2-9::B-2-15::B-1-6::N-B03::N-B05::N-2-15::B-2-21::B3-7::B3-13::B-2-25::B-A11::N-A11::B-2-14::B-A08::B3-10::B-2-9::N-A12::N-B07::N-A08::B3-2-21::N-2-27::B-2-27::B-A05::N3-19::	35
chr3	103938700	104206700	chr3_103938700	40	268000	0.0475519327171261	55	4.76851938453869e-09	49	5.25604393188938e-06	::N-3-1::B-1-7::N3-19::B-2-23::N3-1-5::B3-19::B3-7::N-1-10::N3-1::B3-1-2::N-1-7::N-2-27::B-B07::N-2-17::N-B07::N3-1-2::N3-8::B-A05::B3-2-21::B3-3::N-A03::B-3-4::B-2-15::B3-6::B3-2-36::B-2-9::B-1-6::N-2-15::N-A08::B-A11::B-A08::N-B10::B-B02::B-A12::B3-5::N3-2::B-2-21::B-1-4::B3-2-22::N-B05::	32
chr3	122362800	122630800	chr3_122362800	42	268000	0.00736040698975854	65	9.87570308569186e-15	55	4.76851938453869e-09	::B-A11::B-A12::B3-3::B-A03::N-3-1::B-3-1::N-A03::N-A01::N3-1-2::B-2-21::B-3-4::B-2-9::B-A10::B-B10::B-2-25::N-2-15::B-1-6::N3-13::B-B05::N-B05::N3-2-36::B3-2-36::N3-21::N3-19::B-A08::B3-19::B-B03::B-B02::B3-1-2::B-B07::N3-10::N-A11::N3-1-5::B-2-17::N-2-25::N-2-21::B-1-10::N-A04::B-A04::B-A01::N-B03::B3-11::	29
chr3	135429800	135697800	chr3_135429800	45	268000	0.000376199650437263	64	3.93185940064512e-14	47	4.63798672237819e-05	::B-A10::B-B05::N3-13::B-A05::B-B02::B-A08::N3-1-15::B3-1-15::B-1-10::B3-6::N3-10::B3-10::N-2-23::N3-8::N3-11::B3-7::B3-8::B3-11::B-2-21::B-2-14::B-A01::B3-3::N-B09::N-2-17::N-B02::B-A03::N-A08::N-A03::N3-2-36::B3-19::N3-1-2::B-2-25::N-1-6::N3-1-5::N-2-15::B3-1-13::B-2-15::N3-1-11::B-1-6::B-1-2::B-1-7::B-B09::N-B11::B-A04::B-2-27::	32
chr3	144457200	144725200	chr3_144457200	43	268000	0.00279458146950317	58	1.12083808804028e-10	49	5.25604393188938e-06	::B-B09::B3-3::B-1-6::B-A08::N3-3::B-A10::B-2-21::N-A02::N-2-14::B-A02::B-B07::N-1-7::B-A11::B3-10::N-2-15::B3-19::N-2-25::N3-19::B3-2-22::N-A08::N-A11::B3-6::N-B07::B3-1-11::B-2-14::B-2-15::N3-8::B-B02::B3-21::N-B03::B-B03::N3-10::B3-7::N-B10::B-B10::N-2-23::N-B04::N-2-17::B3-11::B-1-2::B3-13::B-B05::N3-2-21::	30
chr3	152183100	152451100	chr3_152183100	47	268000	4.63798672237819e-05	65	9.87570308569186e-15	53	5.31340840967399e-08	::N3-19::N-2-12::B3-6::N3-2-21::N-B04::N3-1::B-B05::B3-2-36::N-A01::B-2-12::N-1-10::B3-19::B-1-2::N3-1-15::N-B10::B-A01::N-2-23::B-A08::N-2-25::B3-1-2::N-B03::N-1-6::N-A05::B-B03::B3-13::N-A11::B-B07::N3-3::B3-1-13::N-2-27::B-2-27::B-2-14::N3-6::N-2-15::B-B02::B-2-15::B3-5::B-2-21::B-2-9::N3-1-5::B-1-10::N3-13::B-A10::B-A04::N-A04::B-A12::N3-1-11::	28
chr4	41110800	41378800	chr4_41110800	40	268000	0.0475519327171261	58	1.12083808804028e-10	52	1.72490692960074e-07	::N-2-25::N3-8::N-A05::B3-13::N-3-1::B-3-1::N3-11::B3-2-21::B-1-7::B-B10::B-2-21::B-A12::B3-19::B3-2-36::N3-7::B-2-12::B-2-23::N-2-27::B3-1-13::B-2-14::N3-13::B-B05::N-2-21::N-2-15::B-B11::B-2-27::B3-11::B-2-15::N-B03::B-A08::N-A08::B-B09::B-B02::B3-1-3::B-A05::N-B09::B3-7::B-A03::B3-1-15::N-A03::	23
chr4	82221200	82489200	chr4_82221200	45	268000	0.000376199650437263	64	3.93185940064512e-14	57	3.98187362723554e-10	::N-A03::N3-19::B-A07::B-A12::N-A11::B3-2-21::N3-1-3::N-A12::B-3-4::B-2-21::B-1-2::N-A07::N3-6::B-2-15::N-B10::B3-19::B-2-9::N-3-1::B3-1-13::B-A01::B3-1-15::N-2-21::N-B07::N-2-25::B-2-25::B-B02::B-B11::N-B04::B-B04::N-B03::N3-2-36::N-1-7::B-1-10::B-B03::B3-6::B-1-7::N3-1-13::N-2-27::B-2-27::B-B09::N-2-14::B-A05::N-A02::N-2-23::B3-2-36::	25
chr4	116424800	116692800	chr4_116424800	40	268000	0.0475519327171261	47	4.63798672237819e-05	36	1.46806230101439	::N3-1-3::B3-3::B3-1-2::N-2-23::B-3-4::N-A01::B3-2-36::N3-1-2::B-2-21::N-B05::N3-1-11::B-B05::B-2-15::N-2-15::N3-8::B-2-23::N-B09::B-B09::B-A08::N3-1-5::N-B04::B-B04::B3-1-5::N3-3::N3-13::N-A03::B3-19::B-B10::B-A02::B-3-1::N-3-1::B-1-10::B3-1-3::B3-2::N-2-9::B-2-27::B-1-9::B-2-9::B-2-12::B-1-7::	19
chr4	130566500	130834500	chr4_130566500	48	268000	1.57750834417275e-05	68	1.42919200418624e-16	51	5.49396146687693e-07	::N3-2::N-A02::B-B02::N-2-21::N-B10::B-B10::N-3-1::B-3-1::B-A10::B-B07::N-A01::N-1-6::N3-8::N3-1-2::N-2-15::B-2-15::N3-13::B3-11::N3-11::B-1-4::N-A08::B-A08::B3-2::B-A05::B3-2-36::N-B02::B-2-9::B3-13::B-1-6::B3-1-11::B-1-2::B3-5::B-A07::N-B07::B3-7::N3-7::N-1-10::N-A11::N-B09::B-B09::B-B05::B3-2-22::B3-2-37::N3-2-22::N3-1-5::B3-1-5::N3-1-13::N3-21::	30
chr4	135208500	135476500	chr4_135208500	45	268000	0.000376199650437263	56	1.39020525845787e-09	42	0.00736040698975854	::B-2-27::B-3-4::B3-5::B3-2-36::N3-2-36::N3-13::B3-13::B-B04::B3-1::N3-1::B-B02::N-3-1::B-A04::N-A04::B-2-12::N-2-12::B3-7::B-A08::N-A01::B-1-7::B3-1-11::N-B10::B-B10::N-A11::N3-19::B-A10::N-A10::N-B05::B-B05::B-1-6::N-2-17::B3-1-3::B-A05::N-A05::B-A07::B-2-25::N-2-9::N3-11::B-2-21::N-2-23::N-A12::B-A03::N-B07::N3-1-2::B-B07::	33
chr4	136329900	136597900	chr4_136329900	48	268000	1.57750834417275e-05	86	9.93455366637526e-29	67	5.95272869087715e-16	::B3-1-11::B-B11::N-B04::B-B04::B-A04::B-B08::B3-19::B-A01::B-1-7::B-2-15::N-B07::B-3-4::N-A01::B-B05::B-B07::B-2-26::N-2-26::N-2-15::N3-1-3::N-1-7::N-3-4::N3-19::B3-1::B3-2-36::B-2-27::N3-8::N3-13::B3-7::B-A10::N-3-1::B-A12::N3-2-21::B3-1-15::B-A08::B-A03::N3-1-15::N-A08::N-A03::B3-13::B-2-23::N-A07::N3-2::B3-2::B3-6::N-B08::N-2-12::N3-1-5::B-2-25::	49
chr4	150288700	150556700	chr4_150288700	43	268000	0.00279458146950317	57	3.98187362723554e-10	53	5.31340840967399e-08	::B3-2-21::B3-1-15::B-A05::N-A05::B3-2-36::B3-6::B3-7::N3-1-5::B3-10::B-2-14::N-A10::N-B09::B3-2-37::N-B05::B-2-23::B-B09::N-B02::B-2-25::B-B02::B-2-15::N-2-15::B-A04::N3-1::B-A08::N-A01::B-1-10::N-B08::B-B08::B-B05::B-A10::B3-3::N-B04::B3-2::N-1-7::N-2-23::B-B11::B3-1::B-2-9::B-3-1::B-B04::B-B03::B-A12::B3-19::	27
chr5	20903400	21171400	chr5_20903400	41	268000	0.0189351050115927	53	5.31340840967399e-08	49	5.25604393188938e-06	::B3-10::B3-2-36::B-A01::B3-7::N-2-9::N-A01::N3-10::B3-1-3::B-2-15::B-B02::N-1-10::B-B09::B-1-10::B-B10::B-A10::B-B03::N-2-17::B3-19::N3-19::B-B05::N-3-4::B-2-27::B3-2-21::N3-2-36::N-B10::N-A05::N-A12::B-3-1::B-3-4::N3-11::N-2-14::B-A02::B-2-25::B3-6::B-1-6::N-1-6::N3-1-5::B-2-23::N3-13::N3-1-2::N-A02::	35
chr5	23420500	23688500	chr5_23420500	48	268000	1.57750834417275e-05	65	9.87570308569186e-15	62	5.94773622707027e-13	::B-B02::B-1-7::B-A10::B3-7::B-A08::N-2-15::B-B07::B-A01::B-2-15::N-B09::B3-2-22::B3-1::B3-2-21::N-2-9::N3-11::B3-2-36::B3-11::B3-2::N-A01::B-1-2::N-2-21::N3-1-2::B-2-14::B-A05::N3-3::B3-3::B3-6::N-B04::N-A07::B-3-4::B3-19::B-A03::B-B05::B-2-25::B-A07::N-A05::B-A12::N3-10::N-2-27::N-A02::B3-1-3::B-1-6::N-2-23::B-2-21::N-B10::B3-13::B-B04::B-B10::	25
chr5	25263100	25531100	chr5_25263100	63	268000	1.54132616893915e-13	192	0	141	6.48198003708791e-75	::B-2-27::N3-13::B3-6::N3-2-22::B-A11::B-B09::N-2-17::N-2-9::B-2-9::B3-1-2::B-1-2::B-2-15::N3-21::B-A10::N-A05::N3-10::B3-13::B3-7::B3-1::N3-1-3::B-2-17::N3-1-15::B3-1-15::B-1-6::B3-10::B3-2-36::N3-1::N-2-25::N-2-15::B-B02::N-B02::N-3-1::N-A03::B-B10::B-B07::B-A02::B-A08::B-A03::N-A08::B-B08::B-1-10::B-2-25::B3-1-11::N3-1-11::N3-1-2::N-B07::N-B10::B3-1-3::N3-2-21::B3-2-22::N-B08::N-A07::B-3-1::B3-5::N3-1-5::N-2-23::B-B05::B-B03::B-2-21::B-2-23::N-B05::N3-2-36::N3-19::	110
chr5	28130200	28398200	chr5_28130200	95	268000	1.91999857108725e-35	222	0	28	354.871891523559	::N-A01::N-2-23::B3-7::N-2-15::N-A08::N-B09::N3-1-5::N-2-25::N3-11::N-3-4::N-1-2::N-2-21::B-2-21::B-2-12::B-2-15::B-B10::B3-6::B3-5::B-A08::B-1-2::B-B04::B3-1-2::N-A11::B-2-25::B-A10::B3-1-3::B-2-9::N-B04::N-2-14::N-1-7::N-B03::N-B05::N3-1-11::N-1-6::N3-3::N-1-4::B-A04::B-B11::B-2-14::B-B03::B-2-17::B3-11::B-B05::B-B08::B-1-7::B-1-10::B-B09::B-1-6::B-B07::B-1-4::B-2-23::B-A02::B3-13::B-A01::B-3-4::B3-2-21::B3-2-36::B-A11::B-3-1::B3-3::B3-2::B3-19::B3-1-11::B-A05::B-B02::B3-1-5::B-2-27::B3-2-22::B-A07::N-3-1::N3-5::B3-10::B3-1-13::B3-2-37::N-2-12::N-B02::N3-10::N3-7::N-B10::N-B08::N-A03::N-2-27::N-1-10::N-A02::N-A10::B-A12::N3-13::N-A12::B3-1-15::N3-21::N3-1-2::N3-2-21::B-2-26::B3-21::N-A05::	139
chr5	65413800	65681800	chr5_65413800	52	268000	1.72490692960074e-07	93	6.43258541102754e-34	83	1.40182828552392e-26	::N3-2-36::B-3-4::N-1-2::N3-1-13::B-2-15::N-2-26::B-2-26::B-B02::N-A03::N-1-7::B-B10::N-3-1::N-2-21::B3-7::B-A10::B3-2-21::N-2-15::B-A02::B-3-1::B-1-2::B-B05::B3-13::B-A07::N-A11::B-2-21::N-A01::N3-2-21::B3-2-36::B-2-25::N-A12::N3-1-3::N-1-6::B-1-10::N3-1-11::B-1-6::N3-1-5::B-A11::B3-1-13::B3-1-3::B-1-7::B3-1-11::B3-6::N3-6::N3-13::N-B02::N-1-10::B-B07::B-2-23::B-B09::N-B05::B-A05::N3-2-22::	53
chr5	90154400	90422400	chr5_90154400	41	268000	0.0189351050115927	65	9.87570308569186e-15	61	2.25870746920041e-12	::N3-19::N-2-17::B-A02::N-1-6::B-A04::B-B05::N-B05::B3-1-5::B-B04::B3-6::B3-1::B-A10::N3-13::B-A12::N-1-2::N3-3::B-1-2::B-A01::B3-19::N3-6::N-A10::N-2-23::B-2-25::N-2-21::B3-1-2::B-2-15::N-B10::B-B09::B3-1-11::N-1-7::B3-7::B-1-6::B-1-7::B-A08::N-A02::N-2-25::N3-1-11::N-A07::N-B08::B3-1-3::N-3-1::	27
chr5	99950600	100218600	chr5_99950600	40	268000	0.0475519327171261	53	5.31340840967399e-08	41	0.0189351050115927	::B-2-25::B-2-15::N-A04::N-B09::N-A02::N-A11::B-A02::N-2-15::B3-6::N3-1-11::B3-2-36::N3-13::B-B05::N-B05::N-B10::B3-1-13::B-B10::B3-1::B3-13::B3-10::N3-1::N3-10::B3-5::N-A05::B-2-21::B3-1-15::B-A03::B-A08::B-1-6::N3-1-5::B3-7::B3-2-21::B-A05::B-B04::N-2-25::N-B11::N-2-17::N-2-23::B-A01::N3-8::	34
chr5	103595700	103863700	chr5_103595700	43	268000	0.00279458146950317	59	3.10151774623079e-11	47	4.63798672237819e-05	::N3-8::B-2-23::B3-13::B3-3::B-A11::N-A11::B3-1-11::N3-3::B3-1-15::B-1-2::B-B09::N-B08::B-B08::N3-6::B-2-12::N3-13::N-B03::B-2-15::B3-7::N-3-4::N-2-15::B3-2-21::N-2-9::B3-6::B-2-21::N-B10::B3-5::B-A07::N-A07::B-1-6::N-2-23::N-B05::B-1-7::N-1-7::N-1-6::B-A04::B-B02::N3-1-5::B3-19::N3-19::N-3-1::N3-1-11::N-B02::	31
chr5	115004600	115272600	chr5_115004600	43	268000	0.00279458146950317	55	4.76851938453869e-09	50	1.71621772763868e-06	::B-A03::N-B10::B3-10::N3-10::B3-5::B-B10::B-A05::N-B02::N-1-6::B3-1::N-A04::N3-13::B3-13::B-B02::B3-2-21::B3-3::N-A02::B-2-15::B-B05::B3-7::B-1-2::N3-19::B-B04::N-B04::N3-6::N-2-9::B-A10::B-2-14::B3-1-11::B-2-21::B-A12::B-A08::B-A07::B-2-25::N3-1-2::B-3-4::N-2-15::N3-7::B3-6::B-2-23::N3-1-11::B-A04::B-B09::	29
chr5	122243100	122511100	chr5_122243100	45	268000	0.000376199650437263	65	9.87570308569186e-15	54	1.60643382647344e-08	::B-A07::B3-11::B-2-15::B-A02::N-2-15::B-A10::B3-19::B-B03::N3-1-2::N3-1-3::N-B08::N3-8::B-B04::B-B10::B-B05::B-A11::N-A11::N-B02::N3-19::N3-13::B-A08::B-A03::B3-1-15::N-A08::N3-1-15::N-A03::B-3-4::B3-2-36::N-2-25::N-3-1::N-2-27::B-3-1::B3-21::N-B09::B3-1-3::B-A01::N-A01::B-B02::N-1-2::B3-3::B-1-6::B3-6::B-2-25::B-B09::B-2-27::	38
chr6	28487900	28755900	chr6_28487900	44	268000	0.00103692536920838	63	1.54132616893915e-13	61	2.25870746920041e-12	::B-A05::N-1-2::B-A02::N3-19::N-2-14::N-2-23::B3-2-21::N3-2::B-2-15::B3-1::B-1-6::B3-3::N-A02::B-B10::B3-19::N-B07::B-B02::B-1-7::B-1-2::N3-3::B-B05::N3-8::B3-6::B-2-21::B3-7::N3-2-22::B-A04::B-A10::B-2-23::N-A11::B-3-4::B3-1-13::B-A07::N-B05::N-B02::N-2-21::N-A01::B3-5::B3-1-3::N-2-15::N3-1-5::N-B09::B-A12::N3-1-11::	26
chr6	31253100	31521100	chr6_31253100	42	268000	0.00736040698975854	63	1.54132616893915e-13	58	1.12083808804028e-10	::B-3-1::N-A03::B-A03::B-B07::B3-5::B-1-6::B-A04::B3-1-2::N3-10::N3-1-11::N-B03::B-B03::B-B05::N-1-2::B3-1-13::B-A10::N-2-15::B3-11::B3-19::B3-1::N-A08::B-A02::B3-2::N3-2-22::B3-2-21::B3-7::B-2-27::N3-1::B-2-21::N-B07::N-1-6::N3-3::B-2-15::B3-6::B3-3::N-3-4::B-A08::N-2-23::B-B02::N-3-1::B3-1-5::B-B10::	23
chr6	38480200	38748200	chr6_38480200	44	268000	0.00103692536920838	56	1.39020525845787e-09	48	1.57750834417275e-05	::N-2-17::N-2-26::B-B05::N-B07::N-1-2::N-3-1::B-1-6::B3-7::N3-1-11::N-2-27::N-2-25::N-B03::B3-1-11::B-1-7::N3-1-3::B-2-25::B3-19::B3-2-21::B3-3::N-3-4::N3-2-21::B-2-14::N-A12::B-A08::N3-1::B3-1::B-2-17::N3-11::B3-13::N3-13::B-B04::N-A04::N3-2-36::B-B10::N-B08::B-B03::B-B02::N3-6::N-A03::N-1-7::B-2-15::B-A10::N3-21::B3-21::	31
chr6	47333800	47601800	chr6_47333800	48	268000	1.57750834417275e-05	65	9.87570308569186e-15	55	4.76851938453869e-09	::B3-3::N-1-2::N-A01::B-B02::N3-6::B3-1-15::N-B04::N3-3::B3-1-2::N3-19::B-2-9::B-2-23::B-2-21::B-A01::B-1-10::B3-1-11::N-A02::B3-2::B-B04::N-2-17::B-2-15::B-B10::B-A08::N3-1-5::N-B07::B3-1-5::N-A03::B3-1::N3-1-3::B3-7::N-B10::N-3-4::B-2-12::N3-2-21::N-1-7::B-B03::N-B03::N3-13::B-A02::B3-6::B-B09::N-B05::N-A10::N-1-6::B-A07::B-2-25::N-2-15::B-B05::	27
chr6	83169700	83437700	chr6_83169700	41	268000	0.0189351050115927	54	1.60643382647344e-08	46	0.000133519272532904	::B-A07::B3-19::B-B05::B3-7::B-2-14::N-2-26::B-2-26::N-1-6::B-B03::B-B08::N-B08::B-1-2::N-2-9::N-B05::B-A01::B-1-6::B3-1::B3-1-3::N3-1-2::N-B07::N-A08::N-3-4::B3-6::B3-21::B-1-7::B3-11::N-B02::N-A05::N3-6::N-2-17::B3-13::N3-13::N3-21::B-2-12::B-B11::N-1-2::B-2-15::N-A01::B-2-23::B-A02::B3-2-36::	27
chr6	103509100	103777100	chr6_103509100	41	268000	0.0189351050115927	52	1.72490692960074e-07	23	3608.28628716101	::B-2-23::N-B08::B-2-27::N-A01::B-A01::B-B05::B-1-7::B3-19::N3-8::B3-2-36::N-2-14::N-B11::N-3-1::B-B11::N3-13::N-B10::N-2-12::N3-10::N3-1-11::N-A05::N-B04::N3-1-13::N-2-21::N3-1-15::N-B05::N-1-7::N-2-15::N3-3::N-A12::N3-11::N-A02::B3-1-2::B3-1::N-A11::N3-1-2::B3-2-21::N-2-23::N3-19::B-A10::B-A07::B3-11::	28
chr6	112970900	113238900	chr6_112970900	50	268000	1.71621772763868e-06	62	5.94773622707027e-13	55	4.76851938453869e-09	::B-B09::B3-2-22::N3-1::N-2-23::B-B10::N3-1-15::B-1-6::B3-1-13::B-B02::B-B05::B3-8::B-1-2::N-B11::N-1-6::B-2-12::B3-1::B-B04::B-A11::N-2-15::B-2-21::B-2-15::N3-10::B-A12::B-A07::B-2-23::N-1-4::N-1-2::B-A05::B-2-27::N-2-27::N-2-25::N3-13::N-1-7::B3-2::B-B11::N-A03::N-2-17::B-A08::B-B07::N3-11::N-B08::B-B08::B-A03::B-2-25::N-1-10::B3-1-11::B-B03::N-A05::N3-8::N3-1-3::	33
chr6	119757900	120025900	chr6_119757900	47	268000	4.63798672237819e-05	68	1.42919200418624e-16	59	3.10151774623079e-11	::N-B04::B3-2-21::N3-1-5::N3-10::B-A05::B-A04::B-2-15::B-1-6::B3-6::N3-2-22::B3-11::B3-3::B3-19::N-B09::B3-1-2::N-B03::B-B04::N-1-2::B3-1-11::B-A08::N-2-9::B3-2-36::B-B10::B-B05::N3-19::B-A07::N3-1-2::B-A12::B3-7::B-A11::N-2-21::B-2-21::B3-13::N-2-23::N-B11::N-2-15::B-2-12::N-2-12::B-2-14::N-2-14::B3-8::N3-11::N-B05::N-A01::N3-1-13::B3-1-13::B-2-25::	32
chr6	134045800	134313800	chr6_134045800	42	268000	0.00736040698975854	59	3.10151774623079e-11	49	5.25604393188938e-06	::N-2-25::B-B09::B3-2-22::N3-2-22::B-A04::N-A02::B-A02::N-A08::N-2-21::B-2-15::B3-1-3::B-2-25::N3-8::B-2-9::B-B11::B-1-10::N-A05::B-A05::N3-1-5::B3-1-5::B-B04::B-A08::N-B03::B-B05::N-3-1::B-3-1::B-B02::B-B03::B3-3::N-A01::B3-6::N-B04::N-1-2::B-1-4::B-A01::N-2-17::N-B02::B-1-6::N-2-15::N3-11::B3-1-11::N-A10::	26
chr6	134435400	134703400	chr6_134435400	46	268000	0.000133519272532904	64	3.93185940064512e-14	58	1.12083808804028e-10	::N-1-7::B3-2-36::N-A04::B-A04::B3-2-22::B-A08::N-B09::B3-2-21::N3-13::B-1-2::B-2-17::N-2-21::B-2-15::N3-1-5::B-2-23::B-A12::B-B10::B-2-21::N-2-25::B3-7::N3-7::B-2-12::B3-1-5::N-B07::N-1-2::N-3-1::N-2-12::N-A03::N-2-23::B3-5::N-A02::B-1-7::B-B02::B3-19::B3-1::B3-6::B-1-6::N-B11::B-1-10::N-A08::B-2-27::B-3-1::B-B04::N-A05::B-A03::N-A11::	34
chr7	49290200	49558200	chr7_49290200	41	268000	0.0189351050115927	49	5.25604393188938e-06	35	3.23715567886552	::B3-2::B3-1-15::B-A03::B-A10::B-A08::N-A03::N3-1-15::N-A08::B-1-4::B3-2-36::N-2-26::B3-19::B-2-26::B-A11::B-B11::B3-11::B3-6::B-2-17::N-B09::N-2-25::N-1-6::N-A05::N3-1-3::B-B02::B3-1-3::N-B04::N-A01::N-A11::N3-8::B-B07::N-A07::N-2-15::B-A05::N3-13::N-3-1::B-3-1::N3-10::N-1-10::N-B08::N3-11::N-B02::	31
chr7	89953600	90221600	chr7_89953600	50	268000	1.71621772763868e-06	81	3.5794801679651e-25	61	2.25870746920041e-12	::B-B05::N-A03::B-A03::N3-10::B-A02::B-B04::N-B04::B-B11::B-1-6::N-1-2::B-B09::B-A04::N3-1-15::B-1-2::B3-1::N-A02::B-B02::B-2-21::B3-1-13::N-B09::N3-11::B3-8::B3-11::N-1-4::B-A08::N-B02::B-2-23::B-B07::N-2-25::N3-8::N-A11::B3-6::B3-7::N-3-1::B-B10::B-3-1::N-2-21::N-A01::B-A01::B3-13::B3-10::N3-13::N3-1::B-A11::B3-2-21::N-1-6::B3-2-36::N3-6::B3-1-11::B-1-10::	39
chr7	97559200	97827200	chr7_97559200	41	268000	0.0189351050115927	54	1.60643382647344e-08	50	1.71621772763868e-06	::N-2-17::N-B10::B-3-1::N3-1-13::B-B05::B-A04::N-B09::B-B09::N3-1-5::B-2-26::B-2-12::N-2-27::B3-8::N3-8::N3-11::N3-7::B3-7::B-A05::N-1-10::N3-1-15::B-A10::B3-19::B-2-15::B-B02::B3-1-13::B3-2::B-2-23::N-A11::B-B07::N-2-21::B3-1-15::B-A12::N-B08::B-B08::B-A02::N-2-25::B-3-4::N3-2-36::N-2-23::N-A01::N-B04::	25
chr7	101942100	102210100	chr7_101942100	44	268000	0.00103692536920838	62	5.94773622707027e-13	52	1.72490692960074e-07	::N-1-4::B-1-6::B-A10::B-A05::B3-6::B3-19::N-B02::B3-3::B-B02::B-B07::N-B07::N-2-27::B-A08::B3-1-11::B-1-10::B3-2-21::B-1-7::N3-13::N-2-17::B3-7::N-2-25::B3-2-36::B3-1-2::B3-1-13::N3-1-2::N-2-15::N3-10::N-B10::B-2-21::N3-1-5::N-A02::B-3-1::B-B04::B-A07::B-B05::N-B05::B-2-15::N-1-6::B-1-2::N-B09::N-1-2::N3-21::B-2-27::B-2-26::	33
chr7	111850400	112118400	chr7_111850400	43	268000	0.00279458146950317	61	2.25870746920041e-12	50	1.71621772763868e-06	::N-2-23::N-B08::B-3-4::B3-3::B3-2-37::N3-7::B3-19::N3-13::N3-2-36::N3-19::N-A02::B-A02::B-B05::N-A01::N3-21::B-1-7::B3-1-2::B3-13::B-1-2::N-B07::N-B03::B-B03::B3-1-13::N-2-25::B-A04::B3-8::N-1-2::B-2-14::B3-1::B-1-6::B-1-10::B-2-27::B-B09::B-B07::N-2-17::B-2-17::N-B04::B-B02::N3-1-2::N-2-21::N-2-27::B-A08::B-2-23::	31
chr7	118038200	118306200	chr7_118038200	45	268000	0.000376199650437263	51	5.49396146687693e-07	49	5.25604393188938e-06	::B-B07::N-2-25::B-2-14::B-2-23::B-B05::B3-1-11::B-1-2::B-B04::B-B08::B3-6::N3-19::N3-1::B3-3::B-A01::B-3-1::N-A05::B-A05::B-3-4::N-1-6::B3-11::N-B08::B-A08::B3-1::B3-1-2::N-2-23::B-B03::N-2-14::B3-7::B3-1-5::N3-11::B-1-10::N3-5::N3-13::N-A08::N-3-1::N-3-4::B-2-27::N-2-27::B3-1-13::B-2-26::B3-2-36::N3-2-36::B-A11::N-A12::B-B10::	24
chr7	121617800	121885800	chr7_121617800	61	268000	2.25870746920041e-12	79	8.70218202933689e-24	32	29.2128737973392	::B-1-10::B-B07::N-3-4::N3-5::N-A02::N3-13::B-B10::B-A04::B3-2-22::N-2-17::B-B05::N-B09::B-2-27::N-2-27::N-1-2::N3-2-36::B3-1-13::N3-1-11::N-B04::B-2-9::B3-2-36::N-2-15::B-B04::B-2-25::B-3-1::N-3-1::N3-1-15::N-2-12::N-2-21::N-A10::N-2-25::N3-2-22::N-1-6::N3-1-2::N-A11::N-2-14::N3-6::N-B05::N-B07::N-1-9::N-B08::N-2-9::N-2-26::N3-11::N3-21::N-B11::N-A12::N-B02::N-1-7::N-A07::N3-2-21::N-A05::N3-2::N-A04::N-B10::N3-19::N3-3::N3-1-3::N-2-23::N3-1-5::B-2-21::	65
chr7	136154600	136422600	chr7_136154600	65	268000	9.87570308569186e-15	74	2.02907654607294e-20	17	13849.2575664276	::N3-1-3::B3-19::N-2-17::N3-1-15::N3-6::B-B04::N-B07::B-2-17::B-2-15::N-A05::B3-6::B-B09::N3-1::N-A02::N-2-12::N-B11::N3-2-36::N-A08::N-2-9::N-2-14::N3-13::N-2-26::N-B04::N-2-27::N-2-25::N-B09::N-B05::N-A11::N3-5::N-B02::N3-1-11::N-2-23::N3-8::N3-1-5::N-B03::N-A10::N3-1-13::N-3-4::N3-19::N-A07::N-3-1::N-A01::N3-11::N-1-2::N3-2-21::N3-10::N-2-15::N-1-6::N3-2-37::N-2-21::N-A12::N-A03::N-A04::N-1-10::N-1-4::N3-21::N3-2::N-1-7::N-B10::N3-3::N-B08::N3-7::N3-1-2::N3-2-22::B-A10::	66
chr8	25589700	25857700	chr8_25589700	47	268000	4.63798672237819e-05	58	1.12083808804028e-10	49	5.25604393188938e-06	::N3-2-22::B3-1-11::B-B02::N3-1-11::B-2-14::N-1-2::B-A08::N3-21::N-3-4::B-3-4::B3-21::B3-19::B-A03::N-A07::B-A07::N-2-15::N3-2-21::N-2-25::B-2-12::N3-8::N3-1-5::N3-13::N3-10::B-B10::B-1-7::B3-1-2::B-2-21::B-2-15::B-B08::B-2-27::N-B03::B-1-2::N-B09::B3-1-3::B-2-9::B3-5::N-2-12::B-A02::B-A12::B-B03::N3-1::N-A08::B3-1-15::N3-1-15::B-2-25::B-A05::N-A05::	27
chr8	80658400	80926400	chr8_80658400	42	268000	0.00736040698975854	57	3.98187362723554e-10	47	4.63798672237819e-05	::N-A11::N-B10::N3-19::B3-19::B-1-6::B3-3::B3-11::B3-2-21::N3-10::N-A01::B-A01::N-2-15::N-B03::B3-1-3::N3-13::B-3-1::B3-7::N-B09::N3-1-2::B-2-23::B-A05::B-B07::B3-2-36::B-1-7::B-2-15::B-B05::N-B07::N-2-12::N-B04::B-B04::N-B05::N3-1-5::B-B10::B3-2-37::N3-1::B3-13::B3-10::B3-1::B3-1-2::N-2-23::B-A11::N3-1-3::	22
chr8	90826700	91094700	chr8_90826700	40	268000	0.0475519327171261	53	5.31340840967399e-08	46	0.000133519272532904	::N-2-27::B3-2-22::N3-6::B3-6::N-3-4::B-3-4::N-A01::N-2-15::N-A11::B3-7::N-1-6::B-A11::N-A12::B-2-27::B3-11::N-3-1::B3-8::B-2-9::B-3-1::N-B02::B-2-15::B-A12::B3-5::B-B10::B-2-23::B-2-14::B-2-25::B-B02::N-2-17::N3-1::N-B09::B3-19::N3-11::B-B07::B-A04::N3-10::B-B11::B3-2::B-A01::B3-2-21::	25
chr8	95717600	95985600	chr8_95717600	40	268000	0.0475519327171261	63	1.54132616893915e-13	56	1.39020525845787e-09	::B3-1-3::B-A07::N-1-2::N-B10::B-B04::B3-2::N-2-23::N3-6::B3-1-2::B-B05::N-A05::B-2-23::N-A02::B-2-14::B3-2-21::N3-7::B-1-6::N-B05::B3-19::N-2-17::B3-1-11::N-A07::B3-2-22::N3-2-22::N-2-15::N-2-25::B3-1-13::B3-6::B-B10::B-A01::B-1-2::B-B02::N-A12::B-2-25::N3-13::N3-1-5::B-A11::N-A11::N-B08::N-A01::	35
chr8	106824400	107092400	chr8_106824400	42	268000	0.00736040698975854	52	1.72490692960074e-07	43	0.00279458146950317	::B-2-25::N-A10::N-3-1::B-A12::N3-10::N-B09::N-A12::B3-1-2::B-A04::N-B08::B-1-6::B-1-7::B-B07::B-B10::N3-2-21::B-1-2::B-2-14::N-1-2::B3-1::N3-1::N-1-4::N3-5::B3-1-11::N-2-23::B-2-15::N-2-25::B-B11::N-B10::B-2-12::N-2-12::N3-1-5::B3-2-21::N-2-21::N-2-26::N-A11::N3-1-3::B3-1-13::N-2-15::B-3-1::N3-21::N-B05::N3-2-36::	29
chr8	109669800	109937800	chr8_109669800	52	268000	1.72490692960074e-07	92	3.66425010107947e-33	65	9.87570308569186e-15	::B-2-9::B-1-6::N-A02::B-A10::B-1-7::B-2-25::N-B08::B-B10::N-B10::B-1-4::B3-1-13::N3-1-13::N-2-15::B3-8::N3-8::B3-1-3::B3-1-2::N-B07::B3-2-37::N3-19::N3-1-11::B-2-21::B-2-14::N-2-14::N-B11::N-1-6::B3-19::B-A02::N3-11::B3-11::B-2-15::N-2-25::N3-1-5::B3-2-36::N-1-7::B-A12::B-B07::N3-1-2::N-3-1::B-3-1::N-2-17::B-2-17::B-B02::N3-2-36::B-B05::N-2-21::N-1-4::N-1-9::N-A04::B-A07::B3-2-22::N3-2-21::	46
chr8	117269300	117537300	chr8_117269300	41	268000	0.0189351050115927	57	3.98187362723554e-10	49	5.25604393188938e-06	::N-2-15::B-3-1::N-A01::N-A10::B-B04::B-1-2::B-B07::N-B10::B3-1-11::N3-1-13::B-2-17::N-2-17::N-B09::B-A10::N-A11::N-1-2::B3-1::B3-1-3::N3-1-5::N-B04::B3-1-5::B-B02::B-A12::N-2-26::B-1-10::N-A05::B3-2-22::B-A02::B3-2-21::B3-5::N-B05::B-A08::N-A02::N-B08::N3-13::N-3-1::B-B03::B-A07::N-2-27::B-2-27::N3-1-15::	25
chr8	122895100	123163100	chr8_122895100	42	268000	0.00736040698975854	55	4.76851938453869e-09	49	5.25604393188938e-06	::N-B02::N3-1-5::N-3-1::B-3-1::B3-6::B3-2-21::N3-19::B3-19::B-B07::B-B10::B-A08::B-B02::B-2-15::N-B04::B3-7::B-B05::B-1-2::N-2-14::B3-1-3::N-A05::B3-3::B-B03::N-A02::B-A02::B3-1::N-B10::B3-5::B-A07::N-A01::B-2-17::N3-1::B-2-25::N3-13::B3-13::B-A10::N-B09::B-2-14::B-2-23::N3-2-21::N3-6::N3-10::N-A08::	30
chr8	127037700	127305700	chr8_127037700	43	268000	0.00279458146950317	54	1.60643382647344e-08	53	5.31340840967399e-08	::N-A11::N-B11::N-2-23::B-1-6::B-B07::N3-1::B-B09::N-A08::B-B03::B-3-4::B3-5::N-2-15::N-2-9::B3-6::N-A02::N3-1-5::B-1-2::N-2-25::B3-1-2::B-B04::N-2-26::N-A01::N-B09::N-3-1::B-2-26::B-2-25::B3-1-13::B-B02::B3-1::B3-2-21::B-B05::N3-6::B-A08::B-A12::B-2-21::B3-19::B-2-14::N-B08::N3-2-21::B-B11::B-B10::N-3-4::B3-2-22::	30
chr9	3000100	3268100	chr9_3000100	71	268000	1.81357409104395e-18	136	2.89902715872455e-70	41	0.0189351050115927	::N-A08::N-B08::B-B02::N3-2-21::N-3-4::N-B07::N-A05::N-A04::N-2-17::N-A02::N-2-23::N-2-15::N3-6::N-B05::N3-11::B-B11::B-A02::B-A10::B3-2-21::N-B11::N-A11::N3-2-22::B3-7::N-2-21::N-A01::N3-19::N-2-12::N-B04::N-2-26::N3-1-3::N3-8::N-B10::N-2-14::N3-1::N3-1-15::N3-5::N-A07::N3-13::N3-1-5::N3-2::N-1-10::N-2-27::B3-5::B3-11::B-2-15::B-1-10::B3-10::B-B10::N-B02::B-2-23::B3-2-22::B-A08::B3-1::N-A12::N3-21::N-2-25::N-1-6::N-1-4::N3-2-36::N3-1-2::N-B03::N3-1-13::B-B09::N-A03::B-B05::B-2-17::N3-10::B-2-25::N-B09::N3-1-11::N-1-7::	65
chr9	21432600	21700600	chr9_21432600	44	268000	0.00103692536920838	71	1.81357409104395e-18	63	1.54132616893915e-13	::B-B07::B-A07::B-B08::N-B08::N-2-17::B-2-21::N-2-15::B3-11::N3-10::B-B10::B-1-2::N-2-25::N-1-2::B-B04::N3-5::N3-1-5::N3-2-36::B-3-4::N-B07::N-2-9::B-2-9::N-B04::B-2-14::B-B05::B-1-6::B3-3::B-A08::B3-1-15::N3-19::B3-1-2::N-A05::B3-13::B-A02::B-B02::B3-19::B-1-10::B3-2-21::N-A04::N-A08::N-2-12::N-1-6::B-2-15::N-B02::N-B09::	34
chr9	59333600	59601600	chr9_59333600	46	268000	0.000133519272532904	64	3.93185940064512e-14	61	2.25870746920041e-12	::N3-19::N3-11::N-2-23::B3-1-2::N-1-7::B-2-23::N-B08::B-2-12::N-2-12::N-A08::N-B10::N-A02::B-B09::B-B02::B-A08::N-A01::B-3-1::B3-6::B3-3::N3-1-5::N3-13::B-2-14::N3-1-2::N-A07::N-2-14::N-1-4::B3-1-5::N-2-15::B3-10::N-B07::B-2-27::B-B10::N-2-17::B-2-17::B-2-15::B3-2::B-B03::N3-2-36::B3-5::B-A10::B-B05::B-2-21::B3-19::N3-2-21::N-3-1::B3-2-36::	27
chr9	65569200	65837200	chr9_65569200	45	268000	0.000376199650437263	53	5.31340840967399e-08	48	1.57750834417275e-05	::B-A10::B-B03::B3-13::N-B09::B3-2-36::B3-1::N-2-14::B-B04::B3-21::N3-13::B-1-2::B-B10::B-2-23::B3-10::N3-10::N-B03::N-1-10::N-B04::B-A04::B-3-4::B-B05::B-B09::N-2-25::N-A10::B-B11::N-B11::B-B02::B-2-14::B3-7::B-A01::B-2-27::N-2-27::N-1-2::N-A08::B-A03::B-2-15::N3-1-11::N-B02::N3-2-21::N3-1-2::B-A07::B3-1-13::N3-1-13::N-A07::B-1-7::	29
chr9	66332100	66600100	chr9_66332100	50	268000	1.71621772763868e-06	68	1.42919200418624e-16	62	5.94773622707027e-13	::N-3-4::N-B04::B-1-2::N3-1-13::B3-21::N-2-21::B3-2-36::N3-2-22::B3-6::B-3-4::N3-2-36::B3-3::N-B08::B-B07::N-B07::B3-11::B3-1::N-B05::B-B10::B-B05::B3-1-13::N3-8::N-1-6::B-2-15::B3-2-22::B3-19::B-2-17::N-2-27::B-A01::B-A08::B3-7::B-B09::B-1-7::B-2-14::N3-13::B-1-6::B3-1-2::N-2-23::N-1-2::B3-8::N-2-17::N-B10::N-A11::B-A07::N3-19::N-2-15::B-A02::B-2-21::N3-1::N-B11::	34
chr9	70438200	70706200	chr9_70438200	60	268000	8.43929992411906e-12	90	1.15092632890717e-31	78	4.2108701882267e-23	::B-A07::B3-2-36::N-2-15::B-1-2::N3-1-3::N3-1-11::N-A11::B-A05::B-B09::B3-6::B3-1-3::B3-1-13::N3-1-13::N-A07::B-B05::N-A05::B-B02::N-1-2::B-A01::B3-3::B3-1-5::B3-7::N3-2-21::N-3-4::B-B10::B-1-7::B-A08::N-B05::B-A11::B-3-1::N-3-1::N-A03::B3-1-11::N3-1-5::B-B07::B-2-23::N-2-21::B-B04::N-B07::N-B11::B-2-15::B3-2-22::N-B09::B-A10::N-1-6::B-2-21::B3-5::N3-10::B-A02::N3-1-2::N-B08::N-2-27::B-2-27::B-2-25::N-2-25::B-1-10::N3-19::B-A03::N3-13::B3-2-21::	42
chr9	71857500	72125500	chr9_71857500	61	268000	2.25870746920041e-12	110	1.94864936312737e-47	90	1.15092632890717e-31	::B-2-14::B-2-25::B3-2-36::N-A03::N-B11::B3-1-2::N3-1-2::B-B10::B-A11::N-B08::N-2-12::B-2-12::B-A01::B-A10::N-B09::B-B08::B3-11::B-2-21::N-A11::B-2-17::N3-2-36::B-3-1::N-A05::N-A07::B-A05::B-A12::N-A12::N-1-7::B3-2::N3-13::B3-5::N-2-15::B-1-6::B-B02::B3-6::N-1-4::N-B03::N-2-14::N3-1-11::N-B10::N-B04::B3-2-21::N-2-17::N-2-25::B3-1-13::N3-1-13::N-1-6::B-2-15::B3-1::B-B11::N-B05::N3-1-3::B3-1-3::B-1-2::B-3-4::B-B04::B3-1-5::N3-1-5::B3-3::B-2-9::N-1-2::	67
chr9	72484300	72752300	chr9_72484300	46	268000	0.000133519272532904	59	3.10151774623079e-11	51	5.49396146687693e-07	::B-A12::N-1-2::N3-1-13::N3-1-3::N-B03::B-A05::N-A05::B-B10::B-B02::N-B08::N-2-23::B3-21::B3-6::B-2-9::N3-11::B3-11::N3-8::B-2-25::N-A01::N-B10::B3-8::B-2-23::B-A10::N3-19::N-2-26::N3-1-11::B-A08::B3-2-22::B-1-6::B3-1-2::N-2-15::B3-2-36::N3-2-36::N3-6::B-A04::B3-7::B-3-1::N-3-1::N-B02::B3-5::B-A02::B3-3::N3-3::N-A08::B-3-4::B-A07::	30
chr9	100626600	100894600	chr9_100626600	44	268000	0.00103692536920838	58	1.12083808804028e-10	51	5.49396146687693e-07	::N3-13::B-A10::N-2-12::B-2-12::N-B10::N-A07::N-2-25::B-2-25::B-2-9::N-A01::N3-1-3::B-A07::B-A04::B-B11::B3-1-15::N-1-7::B3-1-3::B-1-7::B-3-1::B-B03::B-A02::B3-5::N-A08::N-B09::B3-3::N3-10::B-2-14::B-B09::B-1-6::N-1-2::B-A11::B-1-2::B3-1-13::N-3-4::B3-1-2::N3-8::N-2-15::B3-2-36::N-A04::N3-2-22::B3-11::N3-1-2::N-2-17::N3-11::	21
chr9	107737500	108005500	chr9_107737500	56	268000	1.39020525845787e-09	78	4.2108701882267e-23	64	3.93185940064512e-14	::N-2-17::B3-13::B-A04::N-2-25::B-2-25::N-A01::B-2-23::B-1-2::N-2-21::N3-11::B3-11::N-B02::B-B02::B-A05::B-B03::B-B10::N-A07::B-1-7::B3-5::B3-3::B3-1-5::B-1-4::N-1-7::N-B04::B-A12::N3-3::B-2-15::B-A01::N3-2-36::N3-7::B3-6::N-A12::N-2-15::B-2-21::B-A08::N3-1::B3-1::B-1-6::B-3-4::B3-1-15::N-1-6::N-B11::N-A02::B-A02::N3-13::B-A07::B-2-9::N-A11::B3-1-2::N3-10::N3-1-2::B3-1-13::N3-1-15::B-B08::N-B08::N-1-2::	37
chr9	108379000	108647000	chr9_108379000	44	268000	0.00103692536920838	61	2.25870746920041e-12	48	1.57750834417275e-05	::N-A08::N-1-2::B3-1-3::N3-1-3::B-2-21::N-2-21::B3-10::N-A05::B-A07::N-B03::B-B03::B3-21::B-B05::B-1-10::N-A07::B3-13::N-2-25::B-A08::N-1-6::B3-1::N3-1::N-2-23::B-B04::N3-6::N3-1-5::B3-1-11::B3-6::B-B10::B-B11::B-3-1::B-A10::B-A01::N-A01::B-2-23::N-2-15::N-B04::B3-1-5::N3-10::N-B10::N-A11::B-A03::N-A03::B-1-7::N-1-7::	34
chr9	110332900	110600900	chr9_110332900	43	268000	0.00279458146950317	65	9.87570308569186e-15	57	3.98187362723554e-10	::B3-1-5::B-A11::B-B05::N-B05::B-B07::B3-1-2::N-3-1::B-2-25::B-2-23::B-B02::B-A03::B-A08::B3-1-15::N3-2-36::N-A02::N-A01::N-A12::B-3-4::B-1-7::B-2-12::N-2-12::B-1-2::B-2-17::N-2-17::N3-1::N-2-14::B-2-14::B-1-6::B-2-15::N-2-23::B3-19::B3-7::B-1-4::N-B11::B-B10::N3-1-11::N-1-2::N-B08::B-B11::B-A10::B-2-21::N-A11::B3-1-13::	27
chrUn_GL456393	200	268200	chrUn_GL456393_200	62	268000	5.94773622707027e-13	97	5.49572181309731e-37	73	9.19701191605749e-20	::B3-11::N-2-23::N-B03::N3-2-36::N3-1::N3-8::N-A05::N-2-17::N3-1-3::N-2-25::N3-10::N-A04::N-B11::N-B02::N3-21::N3-1-2::N3-1-13::N3-19::N-3-4::B-A08::N3-1-15::N3-2-21::N-2-15::N3-1-5::B-1-2::B-1-10::N3-6::B-1-7::B3-7::N-B10::N-2-21::N-B05::N-B08::B-B02::B3-3::N-A03::N3-13::B-1-6::B-B05::B-2-21::N-A11::B3-6::B-3-1::N-1-7::B-A07::N-A01::B-A12::B-A03::B3-2-22::B3-21::B3-1::B-A04::B-B11::N-2-26::N-B09::B3-1-2::N-1-6::B-2-15::B-B04::N3-11::N-A08::B3-19::	49
chrUn_JH584304	1500	269500	chrUn_JH584304_1500	42	268000	0.00736040698975854	59	3.10151774623079e-11	52	1.72490692960074e-07	::B-B02::B3-3::N-A03::N3-13::N-2-23::B-1-6::B-B05::B-2-21::N3-1::N-A11::N-2-15::B3-6::B-3-1::N-1-7::B-A07::N-A01::B-A12::N3-2-21::B-A03::B3-2-22::B3-21::B3-1::B-A04::B-B11::N-B08::N-B11::N-2-26::N-B09::B3-1-2::N-1-6::B-A08::B-2-15::B-B04::B-1-2::N3-8::N3-11::N3-1-3::N-A08::B3-19::N-3-4::N-2-17::N3-1-2::	25
chrX	18123700	18391700	chrX_18123700	56	268000	1.39020525845787e-09	108	8.76568944165036e-46	81	3.5794801679651e-25	::N-B04::N3-3::N-2-21::N-A04::N-1-6::N3-8::B3-8::B-1-6::B3-1-11::B-B07::N-B03::N-A01::B3-2-36::B-A08::B3-1::N-B09::B-B09::B-1-2::N-A02::B-B10::N-B10::B-2-14::B3-19::B-B04::N-1-2::B-A05::B-A10::B3-7::N3-7::B3-5::B3-1-13::B3-2::B-2-26::B-A02::N-2-15::N3-1-2::B-2-23::B-A11::N-A11::N-2-17::B-2-17::N-B08::B3-3::N3-1-5::B-2-15::N-3-1::B3-1-2::B-A07::B-3-1::N-A05::B-1-7::N-2-23::N3-1::N-1-7::B3-11::N-2-9::	46
chrX	77409200	77677200	chrX_77409200	41	268000	0.0189351050115927	53	5.31340840967399e-08	44	0.00103692536920838	::N-2-25::N-A03::N3-1-5::B-B05::B3-2::N-A08::N-B05::N-A10::B-3-4::N3-13::B3-13::B-A02::N-B11::B-2-21::B3-1-2::N3-1-3::B3-7::B-A08::B-1-10::N-A01::B-B07::N-B07::N3-1-2::B-B11::N-B10::B3-2-21::N-B04::N-A05::B3-1-3::B-2-14::N-2-14::B-A05::B-A10::N3-1-13::N-2-21::B-A07::N3-19::N-A02::B-3-1::B-2-15::B-1-9::	30
