chr11	3100400	3327400	chr11_3100400	17	227000	0.0497124610468628	28	3.04950252542685e-10	20	0.000494725670564796	::N3-9::N3-8::N3-1-2::N3-10::N3-1-3::N3-18::B3-10::B3-21::N3-2-2::B3-8::B3-14::B3-2-36::B3-1-13::B3-1-3::N3-1::B3-2-7::N3-2-7::	9
chr11	54472500	54699500	chr11_54472500	17	227000	0.0497124610468628	22	1.78522376480559e-05	18	0.0112765916303463	::B3-14::B3-1-13::N3-1-15::B3-2-22::B3-1-15::B3-9::N3-9::B3-10::B3-1-3::N3-1-11::B3-2-21::N3-21::N3-18::B3-8::B3-2-2::N3-1-2::B3-1-2::	11
chr11	72549400	72776400	chr11_72549400	17	227000	0.0497124610468628	24	5.39167580891004e-07	21	9.61900710927427e-05	::N3-1-2::N3-1-3::B3-21::B3-2-22::B3-1-15::B3-18::N3-18::B3-1-2::N3-1-15::N3-21::B3-1::N3-9::B3-9::B3-10::N3-10::B3-14::N3-8::	8
chr11	79456300	79683300	chr11_79456300	19	227000	0.0024233120779993	25	8.80580080212609e-08	21	9.61900710927427e-05	::B3-1::N3-1-11::B3-1-11::B3-1-3::B3-21::N3-21::B3-18::B3-2-36::B3-1-13::N3-2-21::B3-2-21::B3-14::B3-2-2::N3-2-2::N3-1-13::N3-1-5::B3-8::B3-10::N3-1::	10
chr11	86159600	86386600	chr11_86159600	19	227000	0.0024233120779993	26	1.38286760702528e-08	21	9.61900710927427e-05	::N3-1-15::N3-1-5::B3-18::B3-2-2::B3-2-7::N3-2-7::N3-2-36::B3-2-21::B3-4::B3-10::N3-4::B3-1-5::B3-9::N3-9::N3-10::N3-1-11::B3-1-11::N3-1-3::B3-1-3::	11
chr11	106842800	107069800	chr11_106842800	17	227000	0.0497124610468628	28	3.04950252542685e-10	23	3.1692019765553e-06	::B3-2-36::B3-2-2::B3-1-5::N3-1-5::B3-1::N3-2-36::N3-2-21::N3-2-22::B3-1-2::N3-1-2::B3-8::N3-8::B3-1-3::B3-2-21::N3-1-3::N3-4::N3-14::	17
chr11	108191600	108418600	chr11_108191600	17	227000	0.0497124610468628	19	0.0024233120779993	13	10.2167574691147	::N3-14::B3-2-2::N3-2-21::B3-2-37::N3-1-5::B3-1-2::N3-2-36::N3-10::N3-2-7::N3-9::N3-21::N3-1::N3-4::N3-1-11::N3-1-3::N3-1-13::N3-18::	5
chr14	19231200	19458200	chr14_19231200	17	227000	0.0497124610468628	35	1.70228720027583e-16	21	9.61900710927427e-05	::N3-4::N3-1-3::N3-2-36::B3-2-36::N3-1-15::N3-18::N3-1-5::N3-2-22::B3-2-2::N3-1-11::N3-8::N3-10::N3-1::N3-1-13::N3-2-21::N3-9::N3-2-7::	23
chr15	43240500	43467500	chr15_43240500	18	227000	0.0112765916303463	20	0.000494725670564796	17	0.0497124610468628	::N3-2-21::N3-10::B3-2-37::B3-21::N3-21::B3-1::N3-9::B3-9::B3-18::B3-2-22::N3-2-36::B3-8::N3-2-22::B3-2-21::N3-1-5::N3-1-15::N3-8::B3-2-2::	9
chr15	77089100	77316100	chr15_77089100	17	227000	0.0497124610468628	22	1.78522376480559e-05	17	0.0497124610468628	::B3-2-2::B3-1-5::B3-2-7::N3-2-7::N3-2-21::B3-2-21::N3-1-2::B3-1-2::N3-1-15::N3-8::B3-14::B3-2-36::B3-1-15::B3-21::B3-1-13::N3-1-5::B3-2-22::	10
chr15	80701900	80928900	chr15_80701900	18	227000	0.0112765916303463	27	2.09123064316585e-09	23	3.1692019765553e-06	::B3-1::B3-1-2::B3-21::N3-10::B3-1-3::N3-1-3::N3-1::B3-1-11::N3-21::B3-2-21::N3-1-5::B3-10::N3-1-2::N3-2-21::B3-2-22::B3-1-5::N3-2-22::B3-1-13::	10
chr16	33208800	33435800	chr16_33208800	18	227000	0.0112765916303463	26	1.38286760702528e-08	23	3.1692019765553e-06	::N3-8::B3-8::N3-9::B3-1-11::B3-1-15::B3-21::N3-1-3::B3-2-36::N3-2-36::N3-1-5::B3-2-2::B3-2-21::N3-2-21::N3-1-13::B3-1-13::B3-14::N3-4::B3-4::	11
chr18	34263800	34490800	chr18_34263800	17	227000	0.0497124610468628	22	1.78522376480559e-05	19	0.0024233120779993	::B3-2-22::N3-1-13::N3-8::B3-8::N3-1-5::B3-2-36::N3-1-11::B3-1-13::N3-21::N3-4::B3-1::B3-21::N3-18::N3-10::B3-14::N3-2-22::N3-2-21::	12
chr19	7203200	7430200	chr19_7203200	17	227000	0.0497124610468628	24	5.39167580891004e-07	21	9.61900710927427e-05	::N3-2-22::B3-8::N3-2-7::N3-10::B3-10::N3-4::N3-1-5::B3-1-3::B3-2-37::N3-2-36::B3-1-5::N3-1-13::B3-2-22::N3-14::B3-1::N3-21::B3-21::	11
chr2	98461100	98688100	chr2_98461100	35	227000	1.70228720027583e-16	206	0	29	4.29354574184727e-11	::B3-8::B3-21::B3-2-36::N3-8::N3-2-36::N3-2-2::N3-14::N3-9::N3-10::N3-1-13::N3-2-7::N3-1-11::N3-18::N3-1::N3-1-15::N3-4::N3-2-21::N3-1-3::N3-21::N3-1-5::N3-2-22::N3-1-2::B3-1-11::B3-1-13::B3-1::B3-2-7::B3-2-2::B3-1-2::B3-10::B3-1-3::B3-2-22::B3-1-5::B3-9::B3-1-15::B3-14::	98
chr2	154663400	154890400	chr2_154663400	17	227000	0.0497124610468628	19	0.0024233120779993	16	0.206980337350881	::B3-21::B3-8::N3-8::N3-18::B3-2-36::B3-18::B3-1-11::B3-9::B3-2-21::B3-2-7::B3-14::N3-2-22::N3-1-5::N3-1-11::N3-2-21::B3-1::N3-1::	13
chr5	25275800	25502800	chr5_25275800	27	227000	2.09123064316585e-09	98	5.79372640546844e-92	68	1.03113540610018e-52	::N3-2-22::B3-2-7::N3-2-7::B3-1-2::N3-2-2::B3-2-2::N3-21::N3-9::N3-10::B3-1::N3-1-3::N3-1-15::B3-14::B3-1-15::B3-10::B3-2-36::N3-1::B3-18::B3-1-11::N3-1-11::B3-9::N3-1-2::B3-1-3::N3-2-21::B3-2-22::N3-1-5::N3-2-36::	62
chr5	28146800	28373800	chr5_28146800	28	227000	3.04950252542685e-10	50	8.45214674879988e-32	14	2.97968354715505	::N3-14::N3-4::N3-1-5::N3-2-2::B3-14::B3-1-2::B3-1-3::N3-1-11::B3-4::B3-2-21::B3-2-36::B3-2-2::B3-1-11::B3-18::B3-1-5::B3-2-22::B3-10::B3-1-13::B3-2-37::N3-10::N3-18::B3-1-15::N3-21::N3-1-2::B3-2-7::N3-2-21::N3-9::B3-21::	29
chr7	121638900	121865900	chr7_121638900	18	227000	0.0112765916303463	27	2.09123064316585e-09	12	32.5290471262782	::N3-18::N3-4::B3-2-22::N3-2-36::B3-1-13::N3-1-11::B3-2-36::N3-9::B3-9::N3-1-15::N3-2-22::N3-1-2::N3-21::N3-2-7::N3-2-21::N3-1-3::N3-1-5::N3-14::	20
chr7	136203500	136430500	chr7_136203500	21	227000	9.61900710927427e-05	24	5.39167580891004e-07	5	6863.27494757329	::N3-1-15::B3-18::N3-1::N3-2-36::N3-4::N3-9::N3-1-11::N3-8::N3-1-5::N3-1-13::N3-1-3::N3-2-21::N3-10::N3-2-7::N3-2-2::N3-2-37::N3-21::N3-1-2::N3-2-22::N3-18::N3-14::	22
chr9	3001100	3228100	chr9_3001100	21	227000	9.61900710927427e-05	34	1.45920323356164e-15	12	32.5290471262782	::N3-2-21::N3-18::B3-2-21::N3-9::N3-2-22::N3-2-7::N3-1-3::N3-8::N3-1::N3-1-15::N3-2-2::N3-1-5::B3-10::B3-2-22::B3-1::N3-21::N3-2-36::N3-1-2::N3-1-13::N3-10::N3-1-11::	16
chrUn_GL456390	0	227000	chrUn_GL456390_0	26	227000	1.38286760702528e-08	50	8.45214674879988e-32	36	1.93070280477367e-17	::B3-18::N3-1-2::N3-9::N3-2-7::N3-1-3::N3-1::N3-4::N3-2-2::N3-10::N3-1-15::N3-1-11::N3-2-22::N3-2-36::N3-18::N3-8::N3-21::N3-1-13::N3-14::N3-2-21::B3-14::N3-1-5::B3-2-7::B3-2-22::B3-21::B3-1::B3-1-2::	28
chrX	143444500	143671500	chrX_143444500	20	227000	0.000494725670564796	32	9.82060969577126e-14	5	6863.27494757329	::N3-2-7::N3-4::N3-10::N3-1::N3-2-36::N3-18::N3-2-2::B3-2-36::N3-8::N3-1-5::N3-1-2::N3-21::N3-2-22::N3-1-15::B3-1::N3-1-13::N3-14::N3-1-3::B3-2-21::B3-2-7::	27
