chr10	20066800	20364800	chr10_20066800	30	298000	0.00149516288846642	34	8.89006268681379e-06	33	3.35122455480315e-05	::B-A03::N-B08::B3-17::B-A11::N-B04::N3-1-2::N-B11::N-A11::B3-1-15::B-B02::N-2-17::B3-2-36::N3-1-15::N3-6::B-2-26::B3-6::B-1-2::N-1-2::N-A03::B3-18::B3-1-2::B3-1-3::N-B09::B-B09::B-A01::N-B02::N-2-26::N-B10::N-A01::N3-3::	22
chr10	108119800	108417800	chr10_108119800	28	298000	0.0159899586142892	45	7.05082419301762e-13	31	0.000435017798184082	::B3-1-11::N-A01::N-B04::N-B09::N3-1-5::B3-1-15::B-A03::N-A08::N3-1-15::N-A03::N-1-2::B3-3::B-B11::B3-1-2::B3-2-22::B3-6::B-B10::N-B10::B3-1-3::B-2-17::N-B08::B-A08::B3-17::B-B09::N-B02::B-B04::B-2-9::N3-2-36::	22
chr11	23161900	23459900	chr11_23161900	30	298000	0.00149516288846642	49	9.17630251575398e-16	43	1.71610815259686e-11	::B-B02::N3-2-2::N3-1-5::N3-2-36::B-B11::B-A01::N-A01::B3-c-32::B3-18::N-B08::N3-17::B-B09::B3-2-22::N3-6::N-B02::B-B07::N-A03::B3-6::B3-17::N-2-17::B-1-2::B3-c-10::B3-2-2::B-B04::N-A08::N-1-2::N3-3::B-2-26::N-A11::B3-2-36::	27
chr11	54498900	54796900	chr11_54498900	28	298000	0.0159899586142892	44	3.51780845907134e-12	33	3.35122455480315e-05	::N3-1-15::N-A03::B-A03::N-B04::B3-2-22::B-1-2::N-A08::B3-1-15::B-A08::B-A11::N-A11::B-A01::B-2-17::B3-1-3::N3-1-11::B-B10::B3-6::B3-17::B-B04::N3-18::B3-2-2::B-B02::N3-1-2::B3-1-2::N-A01::B3-18::N-B11::N-B09::	25
chr11	60144400	60442400	chr11_60144400	27	298000	0.049639244174194	35	2.29095727471998e-06	32	0.000122613208903904	::B-B02::B-1-2::N-B09::B-B11::N3-2-36::N3-1-5::B3-1-5::N3-2-7::N-1-2::B3-2-36::B3-18::N-B02::N-B11::B3-3::B3-2-7::N3-2-2::B3-1-3::N-A08::N3-1-15::B-B07::B-B09::B-A03::B3-1-2::B-2-26::B3-2-22::B3-17::N-B07::	15
chr11	74671500	74969500	chr11_74671500	30	298000	0.00149516288846642	42	8.18149933041206e-11	35	2.29095727471998e-06	::N3-3::B-B02::B3-1-15::B3-1-2::B-A01::B-B04::N-B04::B-B10::B3-2-2::N3-1-5::B3-1-5::N-B07::N3-1-2::B-B07::N-B11::N-B02::B-1-2::N-A01::N-2-17::B3-18::B-B09::B3-2-22::N3-6::B3-17::B-A11::N3-17::N-B09::N3-2-36::B3-1-11::B-2-17::	20
chr11	77321600	77619600	chr11_77321600	27	298000	0.049639244174194	44	3.51780845907134e-12	36	5.73977277533097e-07	::N-A01::B-B10::B3-18::N-2-9::B-A08::B3-1-2::B-2-17::N-2-17::B3-6::N3-1-15::B-1-2::N3-1-5::B3-2-2::B3-3::B3-1-15::B-B02::N-B07::B3-2-36::B3-17::N3-17::N-1-2::B-A01::N-A11::B-A11::N3-3::B-B11::N-B08::	23
chr11	79240100	79538100	chr11_79240100	27	298000	0.049639244174194	50	1.65530462729759e-16	44	3.51780845907134e-12	::B3-1-15::B3-2-36::B3-17::N-A03::N-B08::N3-1-2::B-1-2::B-A11::N-A11::B3-3::B-B11::B-A08::N3-1-5::N3-2-2::N-A01::N-B10::N3-3::B3-2-7::N-B07::B-B02::N3-1-11::B3-1-11::B3-1-3::B3-18::B-B09::B3-c-10::B3-2-2::	26
chr11	86558100	86856100	chr11_86558100	28	298000	0.0159899586142892	44	3.51780845907134e-12	37	1.39917870534434e-07	::N-B07::N-B10::B-1-2::N-1-2::B3-17::B-A08::B3-1-2::N-A11::N3-2-36::N-B04::B-B02::N-2-17::B-B11::B-B10::B3-6::B3-2-7::N3-2-7::B3-2-2::B3-3::B3-1-3::N-B11::N3-3::N-2-26::B-2-26::B3-2-36::N-B09::B3-1-11::B-B09::	29
chr11	106823700	107121700	chr11_106823700	32	298000	0.000122613208903904	51	2.92743973867843e-17	43	1.71610815259686e-11	::N-B04::B3-1-11::N3-6::B3-6::N-2-26::B-2-26::B3-2-36::B-B11::B3-2-2::B-B04::B3-1-5::N3-1-5::B-A01::B-B02::N3-c-10::N3-2-36::B3-c-10::B3-3::B3-17::N3-2-22::N3-17::B3-1-2::N3-1-2::N-B07::B3-1-3::N3-1-3::B-1-2::B-2-17::N-B02::N-B09::B3-18::B-B09::	27
chr12	8676400	8974400	chr12_8676400	27	298000	0.049639244174194	34	8.89006268681379e-06	28	0.0159899586142892	::B-B02::N-B02::N3-1-5::B-2-9::B-B08::N-B08::B3-3::B3-1-5::N-B10::N-B11::B3-6::B3-1-2::B3-2-36::B-B11::B-B07::N-B07::B3-1-11::N-1-2::B-1-2::N3-1-2::N-B09::B-B10::B-A01::N3-2-7::B3-2-7::N3-17::N-B04::	18
chr13	23930400	24228400	chr13_23930400	27	298000	0.049639244174194	39	7.68042769458101e-09	32	0.000122613208903904	::B3-18::N-2-17::B3-3::B3-1-11::B-A03::N3-3::N3-1-2::B3-1-15::B-A08::N3-1-15::N-A08::N-A03::N3-17::N-B11::B-2-17::B3-2-22::N3-2-22::B-B02::N3-1-3::B3-1-3::B3-17::B-A11::N-B08::B3-2-7::N3-6::B-2-9::N-2-26::	20
chr13	103618200	103916200	chr13_103618200	29	298000	0.00497312703002425	45	7.05082419301762e-13	33	3.35122455480315e-05	::B3-2-2::N3-2-7::B3-18::B-1-2::B3-1-15::B3-2-22::B-A08::B-A03::N3-c-10::B3-2-7::N-B11::N-B02::B-B09::N3-1-2::B-B10::B3-2-36::N3-1-15::N-A03::N3-6::B-2-9::B3-17::B-B11::N-B08::B-B08::B3-3::N-B09::N-B04::B3-6::N3-2-36::	17
chr14	19134700	19432700	chr14_19134700	33	298000	3.35122455480315e-05	50	1.65530462729759e-16	27	0.049639244174194	::N-B08::B-A08::N-B09::B-B02::B3-6::N-A03::N-A01::N3-6::N3-1-3::N3-3::N3-2-36::B3-2-36::N3-1-15::N3-18::N3-1-5::N-B11::N3-2-22::B3-2-2::N3-17::N3-1-11::B-B04::N-2-17::N-B02::N-2-9::B-B11::N-B10::B3-3::N-1-2::B3-17::N-B04::N-B07::N-A08::N3-2-7::	35
chr15	8164400	8462400	chr15_8164400	28	298000	0.0159899586142892	36	5.73977277533097e-07	35	2.29095727471998e-06	::B3-1-2::B-B10::B3-2-2::B3-2-22::B-B07::N-A08::B-B04::B3-18::B-A08::N3-c-32::B3-2-36::N-B04::N-B08::B-2-17::N-2-17::B-B02::B3-1-11::B3-c-10::B-1-2::B-B08::N-A11::B-2-26::N3-6::B3-17::N3-2-36::B-B11::B-A11::B3-6::	25
chr15	12101300	12399300	chr15_12101300	27	298000	0.049639244174194	40	1.73183145943558e-09	34	8.89006268681379e-06	::N3-2-2::B3-2-36::N3-2-36::B3-c-32::B-B11::B-B08::B3-6::N-B02::N-B04::N-B08::N-B09::N3-1-3::N3-1-11::N-A11::B-B02::B-A08::B-B07::N-B07::B-1-2::N-2-26::B3-2-2::N-A01::B-A01::N3-2-22::B3-1-5::B3-3::N-1-2::	21
chr15	77070100	77368100	chr15_77070100	31	298000	0.000435017798184082	46	1.38249084873148e-13	36	5.73977277533097e-07	::N-B08::B-B10::B-1-2::B3-2-2::N3-17::B3-1-5::B3-2-7::N3-2-7::B-B04::B3-3::B-A11::N-B07::B-B08::N3-1-2::B-B07::B3-1-2::B-A03::N-B02::N3-1-15::N-A08::B3-2-36::B3-6::N-B11::B3-1-15::N3-6::N-1-2::N3-1-5::B3-2-22::B-A08::N-A03::B-B02::	22
chr15	80645900	80943900	chr15_80645900	30	298000	0.00149516288846642	58	9.38043333439097e-23	49	9.17630251575398e-16	::B-B07::B-B08::B3-6::B3-1-11::B-B09::N-B04::N-B10::N-B09::B3-1-2::B3-17::B-B11::B3-1-3::N3-1-3::N-B08::N3-17::B-A03::N3-6::B-A11::N-A11::N-1-2::N3-1-5::N3-1-2::B-A08::B3-2-22::B-B04::B3-1-5::B-1-2::N3-2-22::N-A01::B-B10::	28
chr15	99786000	100084000	chr15_99786000	27	298000	0.049639244174194	37	1.39917870534434e-07	33	3.35122455480315e-05	::N3-1-5::B-A08::N-1-2::B3-17::N3-17::N3-2-22::B3-2-22::B3-c-10::B3-1-11::N3-2-36::N-B02::N3-2-2::N-B11::N-A08::B3-1-15::N3-1-15::N-2-17::N-B10::B3-2-2::B-2-17::N-B07::B-A11::B-B07::B-B09::B3-6::N-A11::B-A01::	15
chr16	94362500	94660500	chr16_94362500	28	298000	0.0159899586142892	34	8.89006268681379e-06	30	0.00149516288846642	::B3-3::B-B11::B3-1-3::N3-2-7::B-A08::B3-2-36::B-B02::B-B10::B-B09::N3-6::N-B09::N-B07::B3-6::B-A01::N-A01::N3-2-22::N3-1-5::B-B07::B-1-2::N-1-2::N-B08::B3-2-2::N3-2-2::N-B04::B-A11::N-A11::N-B02::N-B10::	22
chr17	5024200	5322200	chr17_5024200	33	298000	3.35122455480315e-05	50	1.65530462729759e-16	43	1.71610815259686e-11	::N-2-9::B-B08::N-B02::N-B08::B-B02::N3-17::B3-2-36::B-A11::N-A11::N-B09::B-B09::N3-6::B3-6::B3-17::N3-1-3::B3-18::B-1-2::N-2-17::B-A08::N3-1-15::N-A01::B-B07::N-B07::B3-3::N3-3::N-B11::B-B11::N-A08::B3-1-3::N3-1-2::B-2-17::B3-c-32::N3-1-5::	21
chr18	9972400	10270400	chr18_9972400	27	298000	0.049639244174194	33	3.35122455480315e-05	28	0.0159899586142892	::B-B10::N-B02::B-A03::N-A01::B3-2-7::N3-2-7::N-A11::B-B04::B-A08::B3-2-22::N3-3::B3-3::B-B02::N-B11::B-B11::N3-2-2::N3-1-5::N3-2-22::N-B08::N3-1-2::B3-18::N-1-2::B-1-2::N3-1-3::N-2-17::B3-6::B3-17::	11
chr19	16136600	16434600	chr19_16136600	30	298000	0.00149516288846642	44	3.51780845907134e-12	39	7.68042769458101e-09	::B3-3::N-A01::N-2-9::B-A01::N-B07::N-B10::B-B07::N3-1-2::N-B04::N3-18::N3-2-7::B-A11::B3-17::N-B09::B-B11::B3-6::B3-2-22::B-B02::B-B04::N3-1-15::B3-18::B-A08::B-B09::B3-1-2::N-B02::B3-2-36::B-2-9::B-1-2::N3-1-5::N3-2-36::	20
chr2	17968500	18266500	chr2_17968500	31	298000	0.000435017798184082	50	1.65530462729759e-16	43	1.71610815259686e-11	::N-B04::N-2-17::B-B07::B3-18::B-A08::B-2-17::B-1-2::B3-6::N3-2-36::B3-2-2::N-A11::B-B02::B3-3::B-B11::N-A01::B-B10::N3-1-5::N-A03::N3-6::N-B08::B3-17::B-A01::N3-18::B3-1-11::B3-1-2::N-B07::N3-1-2::B3-2-36::N-B02::B3-1-3::B3-1-15::	23
chr2	49415100	49713100	chr2_49415100	27	298000	0.049639244174194	40	1.73183145943558e-09	36	5.73977277533097e-07	::B-B09::B-B02::B3-c-10::N3-2-22::N-B04::B-A11::N-A11::B-2-26::B3-18::N3-2-7::B3-2-22::N3-1-3::N-A01::B-A01::B-B08::N-B08::B-B11::B-B10::N3-1-15::N3-1-2::N-B10::B3-3::B-A08::N3-1-5::B-B07::N3-2-36::B3-2-36::	19
chr2	98392100	98690100	chr2_98392100	50	298000	1.65530462729759e-16	333	nan	34	8.89006268681379e-06	::N-B04::B-A01::B3-17::B3-2-36::B-1-2::N3-2-36::N-A08::B-A08::N3-2-2::N-1-2::N-A01::N-B07::N3-6::N-B10::N-2-26::N-A11::N-B09::N-B08::N-B11::N3-2-7::N-A03::N3-1-11::N3-18::N3-1-15::N3-17::N3-1-3::N-2-17::N3-1-5::N-2-9::N-B02::B-B02::N3-2-22::N3-1-2::B3-1-11::B3-2-7::B3-6::B3-2-2::B3-1-2::N3-3::B-B07::B-B11::B-B10::B3-1-3::B3-2-22::B-B08::B3-1-5::B-B04::N3-c-10::B3-1-15::B-A11::	157
chr2	154669100	154967100	chr2_154669100	27	298000	0.049639244174194	35	2.29095727471998e-06	34	8.89006268681379e-06	::N3-3::B-A11::N-B10::B-2-9::N-B02::N3-18::B3-2-36::B-B10::B-B09::B3-18::B3-1-11::B-A03::B-A01::N-B04::B3-2-7::B-B04::B-B02::N3-2-22::N-B08::N3-1-5::N-2-9::N3-1-11::B3-c-10::B3-6::B-B07::B3-17::B3-2-22::	18
chr3	51220200	51518200	chr3_51220200	28	298000	0.0159899586142892	43	1.71610815259686e-11	38	3.32100707716322e-08	::B-B10::N3-2-7::B-B09::B3-17::N3-1-2::N3-1-15::N3-18::B-B07::B3-1-2::N-B07::N-B04::B-B04::N3-1-5::B3-18::N-2-17::B3-1-11::B-B08::N3-3::B3-1-5::B-1-2::B-B02::B3-3::N-1-2::B-2-9::B-2-26::N3-1-3::N-A01::B-A03::	18
chr5	25268300	25566300	chr5_25268300	39	298000	7.68042769458101e-09	161	7.02544913171212e-133	113	3.386639721006e-76	::B3-6::N3-2-22::B-A11::B3-2-7::B-B09::N3-2-7::N-2-17::N-2-9::B-2-9::B3-1-2::B-1-2::N3-2-2::B3-2-2::N3-1-3::B-2-17::N3-1-15::B3-1-15::B3-2-36::B-B02::N-B02::N-A03::B-B10::B-B07::B-A08::B-A03::N-A08::B-B08::B3-18::B3-1-11::N3-1-11::N3-1-2::N-B07::N-B10::B3-1-3::B3-2-22::N-B08::B3-17::N3-1-5::N3-2-36::	103
chr5	28130200	28428200	chr5_28130200	44	298000	3.51780845907134e-12	99	3.43383545460207e-61	15	1426.08630510258	::N-A01::N-A08::N-B09::N3-1-5::N3-2-2::N-1-2::B-B10::B3-6::B-A08::B-1-2::B-B04::B3-1-2::N-A11::B3-1-3::B-2-9::N-B04::N3-1-11::N3-3::B-B11::B-2-17::B-B08::B-B09::B-B07::B-A01::B3-2-36::B3-2-2::B-A11::B3-3::B3-17::B3-1-11::B3-18::B-B02::B3-1-5::B3-2-22::N-B02::N-B10::N-B08::N3-18::N-A03::B3-1-15::B3-c-10::N3-1-2::B3-2-7::B-2-26::	63
chr5	122292600	122590600	chr5_122292600	28	298000	0.0159899586142892	41	3.80979825623566e-10	32	0.000122613208903904	::N3-1-2::N3-1-3::N-B08::N3-2-2::B-B04::B-B10::B-A11::N-A11::N-B02::B-A08::B-A03::B3-1-15::N-A08::N3-1-15::N-A03::B3-2-36::N-B09::B3-1-3::B-A01::N-A01::B-B02::N-1-2::B3-3::B3-6::B-B09::B-B07::N3-3::B3-2-2::	27
chr7	121581600	121879600	chr7_121581600	32	298000	0.000122613208903904	45	7.05082419301762e-13	19	101.454576603303	::B3-2-36::N3-6::B-B07::N3-18::B-B10::B3-2-22::N-2-17::N-B09::N-1-2::N3-2-36::N3-1-11::N-B04::B-2-9::B3-c-32::B-B04::N3-1-15::N3-2-22::N3-1-2::N-A11::N-B07::N-B08::N-2-9::N-2-26::N-B11::N3-2-7::N-B02::N-B10::N3-c-10::N3-3::N3-1-3::N3-1-5::N3-17::	37
chr7	136115900	136413900	chr7_136115900	37	298000	1.39917870534434e-07	45	7.05082419301762e-13	16	803.907420673148	::B3-3::B3-1-3::N3-1-3::N-2-17::N3-1-15::N3-6::B-B04::N-B07::B-2-17::B3-18::B3-6::B-B09::N3-c-10::N-B11::N3-2-36::N-A08::N-2-9::N-2-26::N-B04::N3-17::N-B09::N-A11::N-B02::N3-1-11::N3-1-5::N-A01::N-1-2::N3-2-7::N3-2-2::N3-c-32::N-A03::N-B10::N3-3::N-B08::N3-1-2::N3-2-22::N3-18::	36
chr8	109580000	109878000	chr8_109580000	27	298000	0.049639244174194	44	3.51780845907134e-12	37	1.39917870534434e-07	::B-B10::N-A01::B-2-9::N3-17::B3-c-10::N-B08::N-B10::N3-18::B3-1-3::B3-1-2::N-B07::N3-1-11::N-B11::N3-1-5::B3-2-36::B-B07::N3-1-2::N-2-17::B-2-17::B-B02::N3-2-36::B3-c-32::B3-2-7::B3-18::B3-17::B3-2-2::B3-2-22::	22
chr9	3000100	3298100	chr9_3000100	33	298000	3.35122455480315e-05	62	4.63680634781646e-26	21	19.6509148664646	::N-A08::N-B08::B-B02::N-B07::N-2-17::N3-18::N3-6::B-B11::N-B11::N-A11::N3-2-22::N-A01::N-B04::N-2-26::N3-2-7::N3-1-3::N-B10::N3-1-15::N3-17::N3-2-2::N3-1-5::B-B10::N-B02::B3-17::B3-2-22::B-A08::N3-2-36::N3-1-2::B-B09::N-A03::B-2-17::N-B09::N3-1-11::	29
chr9	21407900	21705900	chr9_21407900	28	298000	0.0159899586142892	51	2.92743973867843e-17	45	7.05082419301762e-13	::N3-c-10::N3-18::B-B07::B-B08::N-B08::N-2-17::B-B10::B-1-2::N3-2-7::N-1-2::B-B04::N3-1-5::N3-17::N3-2-36::N-B07::N-2-9::B-2-9::N-B04::B3-3::B-A08::B3-1-15::B3-1-2::B3-18::B-B02::N-A08::N-B02::N-B09::B3-17::	27
chr9	66309400	66607400	chr9_66309400	28	298000	0.0159899586142892	40	1.73183145943558e-09	38	3.32100707716322e-08	::B-B07::N-B02::N-B04::B-1-2::B3-2-36::N3-2-22::B3-6::N3-2-36::B3-3::N-B08::N-B07::B3-17::B-B10::B3-18::B3-2-22::N3-18::N3-17::B-2-17::B-A01::B-A08::B-B09::B3-1-2::N-1-2::N-2-17::N3-c-10::N-B10::N-A11::N-B11::	21
chr9	70366700	70664700	chr9_70366700	33	298000	3.35122455480315e-05	47	2.6530450108494e-14	44	3.51780845907134e-12	::B3-2-2::B-B07::B-B02::N-B02::N3-2-2::B3-2-36::B-1-2::N3-1-3::N3-1-11::N-A11::B-B09::B3-6::B3-1-3::N-1-2::B-A01::B3-3::B3-1-5::B-B10::B-A08::B-A11::N-A03::B3-1-11::N3-1-5::B-B04::N-B07::N-B11::B3-2-22::N-B09::N3-17::B3-18::N3-18::N3-1-2::N-B08::	24
chr9	71864700	72162700	chr9_71864700	39	298000	7.68042769458101e-09	67	2.38818185579404e-30	55	2.36686313241509e-20	::B3-2-36::N-A03::N3-2-2::N-B11::B3-1-2::N3-1-2::B-B10::B-A11::N-B08::B-A01::N-B09::B-B08::N3-18::B3-17::N-A11::B-2-17::N3-2-36::N3-c-32::B-B02::B3-18::B3-6::N3-1-11::N-B10::N-B04::N-2-17::B3-c-10::N3-17::B-B11::N3-1-3::B3-1-3::B-1-2::B-B04::B3-1-5::N3-1-5::B3-2-2::B3-3::B-2-9::N-1-2::B3-2-7::	46
chr9	72471300	72769300	chr9_72471300	28	298000	0.0159899586142892	36	5.73977277533097e-07	31	0.000435017798184082	::N3-1-2::N-1-2::N3-1-3::B3-17::B-B10::B-B02::N-B08::B3-6::B-2-9::N3-2-2::B3-2-2::N3-2-7::N-A01::N-B10::N-2-26::N3-18::N3-1-11::B-A08::B3-2-22::B3-1-2::B3-2-36::N3-2-36::N3-6::N-B02::B3-3::N3-3::N-A08::B3-c-10::	23
chrUn_GL456390	0	298000	chrUn_GL456390_0	38	298000	3.32100707716322e-08	80	3.1814961773284e-42	58	9.38043333439097e-23	::B3-18::N3-6::N3-1-2::N3-2-7::N3-1-3::B3-3::N-2-17::N3-2-2::N3-17::N-B09::N-A03::N3-1-15::N3-3::N-B08::N-B04::N-A08::N-A01::N-B10::N3-1-11::B-1-2::N3-2-22::N3-2-36::N3-18::N-B11::N-B02::B-A08::N3-1-5::B3-2-7::B-B02::B3-17::N-A11::B3-6::B-A03::B3-2-22::B-B11::N-2-26::B3-1-2::B-B04::	47
chrUn_GL456393	1400	299400	chrUn_GL456393_1400	32	298000	0.000122613208903904	52	5.07767419356912e-18	41	3.80979825623566e-10	::N3-2-36::N3-18::N-2-17::N3-1-3::N-B11::N-B02::N3-1-2::N3-2-2::B-A08::N3-1-15::N3-1-5::B-1-2::N3-6::B3-2-7::N-B10::N-B08::B-B02::B3-3::N-A03::B3-17::N-A11::B3-6::N-A01::B-A03::B3-2-22::B-B11::N-2-26::N-B09::B3-1-2::B-B04::N-A08::N3-17::	27
chrX	18123700	18421700	chrX_18123700	29	298000	0.00497312703002425	64	9.35532451276833e-28	50	1.65530462729759e-16	::N-B04::N3-3::B3-1-11::B-B07::N-A01::B3-2-36::B-A08::N-B09::B-B09::B-1-2::N3-2-7::B3-2-7::B-B10::N-B10::B-B04::B3-17::N-1-2::B-2-26::N3-1-2::B-A11::N-A11::N-2-17::B-2-17::N3-17::N-B08::B3-3::N3-1-5::B3-1-2::N-2-9::	27
