chr10	7609100	7819100	chr10_7609100	33	210000	0.00526516969639605	45	1.16141410691106e-09	39	3.90718011632341e-06	::N-A10::N3-13::B-A08::N-A07::B3-16::B-A03::B3-2::B-2-27::B-2-15::B-A12::N-A12::B-B10::N-3-1::B3-6::B-B02::B-2-9::N-B03::N-B08::B-1-2::B-2-25::N-1-7::N3-7::N-2-15::B3-13::B-B07::B3-3::N3-17::B-2-17::N-A04::N-2-21::B3-7::N-A01::B-2-14::	29
chr10	20171100	20381100	chr10_20171100	36	210000	0.000162269962341719	41	2.86727754625202e-07	35	0.000532495033235615	::N-2-15::N-B11::B3-11::N-A11::B3-7::B-2-25::B-B02::N-2-17::B3-17::N3-6::B-2-26::B3-6::B-1-2::N-1-2::B3-12::N-3-1::N-A03::B-2-21::B-2-15::N-B09::N3-19::B-B09::B-1-7::B-A01::N-2-21::N-A02::N-1-6::N-B02::N-2-26::N-2-25::N-B10::N-A01::B3-c-28::N3-13::B-A10::N3-3::	30
chr10	58284800	58494800	chr10_58284800	31	210000	0.0461983156236993	38	1.38900229830847e-05	35	0.000532495033235615	::N-B08::B3-3::B-B03::B3-6::N-B09::B-3-4::B-1-7::B-A10::B3-12::B-A02::B-B05::B-B02::N-A03::N-2-17::B3-16::N-B05::N3-19::B-B10::B-2-27::N3-6::B-2-25::N-B04::N-2-21::B3-c-28::N-1-6::B-B04::N3-16::N-1-2::B-A12::B-A07::N-B02::	18
chr10	67061200	67271200	chr10_67061200	40	210000	1.07158966316934e-06	57	1.04173261640839e-17	52	3.29401892140083e-14	::N-A08::N-A02::B-A10::N-B08::B3-15::B-1-6::N3-11::B-B11::N-2-15::N3-15::N-2-17::B-3-1::N-3-1::B-2-17::B-B03::B3-19::B3-6::N-1-10::N3-13::N-A07::N-B11::N-A11::B-1-2::B-A03::N-1-2::B3-7::N-B07::B-B07::B-2-25::B3-3::B-2-15::B3-12::B3-11::B-A02::N-A01::B-B09::N3-6::B-B10::B3-c-14::B-A12::	26
chr10	108167700	108377700	chr10_108167700	43	210000	1.91074238491379e-08	66	1.78505392263699e-24	48	1.47762896019352e-11	::N-A01::N-2-15::N-2-14::N-B04::N-B03::N-A04::N-B09::B-A03::N-A08::N-A03::N-1-2::B3-3::B-B11::B3-7::B-2-25::B3-6::B-B10::N-B10::B-3-4::B-A07::N3-5::B-A10::B-2-17::N-1-6::B-1-6::N-B08::B-A08::N-B05::B3-c-28::B-2-15::B3-13::B3-17::B-B09::N-A05::N-B02::B-B04::N3-11::B-2-9::B3-16::N-3-1::B-3-1::N-A12::B-A12::	29
chr10	116394600	116604600	chr10_116394600	34	210000	0.00169886367677109	53	6.81828726420767e-15	44	4.76403052770134e-09	::B-2-17::B-B10::N-A01::N-1-9::N-A12::B-3-4::N-B03::B-B02::B-A10::B-2-9::B-1-6::N-B05::B-B05::B-A01::N-A02::B-A02::B-B07::B-A05::B3-7::N3-7::N-B02::N3-6::N-2-15::N3-16::B-1-7::B3-6::N-1-6::B-A12::N-2-21::N-3-1::B3-16::B3-11::B-2-21::B3-13::	32
chr10	122995900	123205900	chr10_122995900	33	210000	0.00526516969639605	41	2.86727754625202e-07	34	0.00169886367677109	::N-3-1::B-A07::B-A01::B3-6::N-2-12::B-2-12::B-1-4::B-1-2::N-B03::B-B03::N3-3::N3-11::B3-11::B-2-17::N-2-17::B-A05::B3-2::N-A07::B-B02::N3-c-28::N3-16::B3-16::N-A02::B-A11::B-A04::B3-5::B3-13::B-B09::N-B09::B3-15::N-B04::N-A05::B-A08::	25
chr10	127974100	128184100	chr10_127974100	31	210000	0.0461983156236993	42	7.48937399139004e-08	37	4.81128946144909e-05	::B-2-25::B-B03::B-2-15::N-1-6::N-A05::B-A10::N-A10::B3-3::B-1-2::B-1-10::N-B05::B3-c-9::N-1-2::B-B09::B-B05::B-1-6::B-A08::N-A01::B-2-21::N-B04::B3-11::N-2-21::B-B11::B-B02::N3-13::N-2-25::B-B07::N-B07::B3-c-28::B-A05::B-2-14::	22
chr10	128275600	128485600	chr10_128275600	34	210000	0.00169886367677109	40	1.07158966316934e-06	35	0.000532495033235615	::B-2-15::B3-6::B3-7::N-1-6::B3-13::B-B02::B-1-2::N-1-2::B-B10::B-B11::N-B11::B-A08::B3-15::B-A02::N-B05::N3-6::B-2-14::N3-16::N-1-10::B-3-4::B-B07::N-2-21::B-B04::N-2-23::N-2-9::N-A05::N-B02::N-A12::B-A12::N-2-25::N-2-14::B-3-1::B3-17::N-A11::	19
chr10	128680200	128890200	chr10_128680200	31	210000	0.0461983156236993	40	1.07158966316934e-06	34	0.00169886367677109	::N-B04::N-A05::N3-16::N-2-21::N-A08::N3-19::B-B07::N-1-7::B-A05::B-B11::N-B11::N-B09::B-3-4::B-A11::B3-c-28::B-2-25::B3-15::B-2-23::B-1-6::B-A08::N-2-25::B-1-2::N-1-6::N-A01::N-B03::B3-6::B-A04::B-B10::B-B03::B-1-7::N-2-12::	20
chr11	3100500	3310500	chr11_3100500	41	210000	2.86727754625202e-07	64	6.36294958556128e-23	49	3.30822004742952e-12	::N-2-23::N-2-26::N-B05::N-A10::N-2-25::B-A02::N-A11::N3-13::B-2-14::N-2-15::N3-19::B3-19::B-B07::N-A03::N-A02::B3-c-9::B3-5::B-B09::B3-12::N-3-1::B-2-15::B-A03::N-A12::N-A05::B-2-17::B-B10::B3-2::B-2-27::B-A10::N3-17::B-2-23::B-A08::N-A08::N-B04::B3-13::B-1-6::B-1-7::B-2-9::B-1-2::B3-3::B-A04::	28
chr11	4381600	4591600	chr11_4381600	32	210000	0.015838032802534	50	7.25854309404279e-13	42	7.48937399139004e-08	::B3-3::B-B05::N3-13::B-2-25::B-2-26::B3-6::N-1-6::B-2-9::B-B10::N-B10::N3-17::B-2-15::N-A02::B3-7::B-1-4::B-2-12::N-2-9::B-A08::B-A04::B-B09::B-1-7::N-1-7::B-2-17::B-2-23::N-2-23::N-1-2::B-A10::N3-19::N-B05::B3-19::N-A04::N-1-10::	33
chr11	20056700	20266700	chr11_20056700	37	210000	4.81128946144909e-05	50	7.25854309404279e-13	46	2.76983781380031e-10	::B-A05::B-B10::B3-12::B-A08::B-B02::N-B02::B-2-17::B3-19::B3-7::N3-13::N-2-17::B3-2::B-3-4::B-2-14::B-B05::B-1-6::B3-5::N-A01::B-1-7::B-2-15::B3-6::B-A01::B-2-21::N-1-6::N-B05::B3-c-9::N-1-4::N3-2::N3-16::B3-c-28::N-2-14::B-1-4::N-1-7::N3-c-9::N-A02::N3-6::B3-17::	31
chr11	21093500	21303500	chr11_21093500	31	210000	0.0461983156236993	37	4.81128946144909e-05	34	0.00169886367677109	::B3-c-9::N-A02::B-A02::B-1-10::B3-11::B3-5::B3-12::N-2-23::N-A08::B-B10::N-B10::N3-11::N-3-4::N-A05::B3-17::B-2-25::N-2-27::B-A08::B-2-26::N-1-4::B-2-21::B-B02::B-2-27::B3-3::N-2-25::B3-c-28::N-2-15::B3-19::B-B04::B-B03::N-2-21::	20
chr11	23249300	23459300	chr11_23249300	46	210000	2.76983781380031e-10	74	6.16276584811827e-31	61	1.20474593816278e-20	::B3-c-28::B-2-15::B-A01::N-A01::N-2-23::B3-c-32::N-B08::B3-2::N3-17::B3-7::B-B09::B-2-14::N-A12::N-3-1::N3-6::N-B02::B3-19::B-B07::N3-19::B-3-1::N-1-7::N-A03::B3-6::B3-17::N3-16::B3-c-14::N3-c-14::N-2-17::B-1-2::B3-c-10::B-B04::N3-c-9::N-A08::B-1-6::N-1-2::N3-15::N3-3::B-2-26::B3-12::N-1-6::N-B05::B-2-23::B-A07::B3-c-9::B-1-7::N-A11::	46
chr11	29676200	29886200	chr11_29676200	32	210000	0.015838032802534	39	3.90718011632341e-06	33	0.00526516969639605	::N-A11::B3-19::N-2-17::B-2-21::B3-15::N-1-6::B-2-12::N-A10::B-A08::N-A08::N-B02::N-2-27::B3-2::B-A07::B-B02::B-2-14::N-2-14::B-2-23::B-2-27::N-3-1::B-A02::N-B04::B-1-2::B-3-4::B-B04::B-2-9::B3-c-10::N-B08::B-A12::B3-11::B-B07::B-1-4::	22
chr11	30091600	30301600	chr11_30091600	31	210000	0.0461983156236993	37	4.81128946144909e-05	35	0.000532495033235615	::B-1-6::B-2-17::B-2-27::N-B05::B-B02::B-2-15::B-A07::B-A05::N-A05::B-3-1::B3-11::B3-5::N3-16::B3-16::N-B10::N-B03::B-B05::B3-3::B3-c-10::N-B11::B-1-10::B-B10::B-B04::B3-c-28::B-2-14::B3-19::N3-19::N-1-6::N3-3::B-2-25::N-3-1::	20
chr11	32552700	32762700	chr11_32552700	31	210000	0.0461983156236993	39	3.90718011632341e-06	35	0.000532495033235615	::N-A11::B-2-26::B-2-14::B-B09::B-A10::B3-17::B-B03::B3-2::N3-2::B-2-17::B-B05::N-3-4::N-B09::B-B10::B-B02::N-B05::B-2-15::N-A05::B-A05::N-1-6::B-A02::B-1-2::N-2-15::N-A01::N-2-14::N-3-1::B3-7::N3-19::B-2-9::B-B08::B-A04::	25
chr11	51587100	51797100	chr11_51587100	33	210000	0.00526516969639605	52	3.29401892140083e-14	46	2.76983781380031e-10	::N-B09::B-2-15::B-B02::B3-17::N-2-23::B-B09::B3-12::B-A01::B3-6::B-1-6::B-B04::N3-13::N-A12::B-2-23::B-A08::N-B05::N-B04::B-A07::B3-7::N-2-15::B-B10::N-2-27::N-1-2::N-B08::B3-c-32::N-3-1::B-2-27::B-A10::B3-11::B-A03::B-1-10::B-A12::N-A01::	25
chr11	53274400	53484400	chr11_53274400	33	210000	0.00526516969639605	40	1.07158966316934e-06	37	4.81128946144909e-05	::B-B02::B-A10::N-B02::N3-16::B-1-10::B3-7::N-2-26::B-2-23::B-A08::B-B05::N-2-15::N-B04::B-B04::N-2-23::N-2-14::B-B03::B3-5::N-A08::B-A04::B-2-14::N-A11::B3-11::B3-19::B3-13::B-2-15::B-B10::B-A03::B-3-4::N3-13::N-B08::B-A07::N3-6::B3-2::	16
chr11	54441300	54651300	chr11_54441300	35	210000	0.000532495033235615	47	6.46519393495797e-11	39	3.90718011632341e-06	::N-B05::N-A03::B-B05::N3-19::B-2-23::B3-3::B-A10::B3-19::N3-16::N-2-15::N-2-14::N-2-27::B-A03::N-B04::B-3-1::B-1-2::N-A08::B-A05::B-A08::B-2-15::B3-c-28::N-A02::B-A11::N-A11::B-A12::B-B03::B-A01::B-2-17::N-1-6::B-B10::B3-6::B-1-6::B3-17::N3-11::B-B04::	29
chr11	59636000	59846000	chr11_59636000	39	210000	3.90718011632341e-06	48	1.47762896019352e-11	42	7.48937399139004e-08	::B-A07::B-A04::B-2-15::B-2-14::B3-c-14::N3-c-14::N-A08::B3-3::N3-16::B-B02::N3-12::N-B05::B-2-21::B-A12::B3-19::N-2-15::B-3-4::B-1-6::N3-3::B-B11::B-2-23::B-2-27::N-A11::B-A11::B-B08::B-B03::N-2-21::B-1-10::B-2-25::N-2-25::N3-c-9::B-B07::B-A08::N3-13::N-2-23::B-B09::B-1-7::N-3-1::N-B03::	30
chr11	60108100	60318100	chr11_60108100	32	210000	0.015838032802534	43	1.91074238491379e-08	36	0.000162269962341719	::B-A11::N-B08::N-2-15::B-2-15::N-A12::B-2-25::N-1-2::B3-3::B3-5::B-2-9::B3-12::B-2-27::N-A02::B-A02::B3-17::B-B02::B-A10::B-1-2::B3-2::B-A07::B-B03::N-B09::B-B11::N3-13::N-A10::N3-19::N-2-21::N-B03::N3-2::N3-16::N-B02::N-B11::	23
chr11	62268100	62478100	chr11_62268100	43	210000	1.91074238491379e-08	65	1.07391572204665e-23	57	1.04173261640839e-17	::N-B09::B-1-7::B-A08::B-A03::N-A03::N-1-7::N-A05::B-A05::N3-19::N3-c-28::B-2-21::N-2-21::B3-3::B-A02::N3-c-14::B3-c-14::N-A01::B3-7::B-1-2::B-B02::B-B10::B3-c-28::B-2-14::N-B10::B3-17::N-B04::B3-c-9::N-2-23::B-A10::B-2-15::B-B05::N-1-2::B-2-27::B3-12::N3-17::N-2-27::N-3-1::N-1-6::B-2-23::N-A02::N-A08::B3-19::B-3-4::	31
chr11	65561100	65771100	chr11_65561100	32	210000	0.015838032802534	39	3.90718011632341e-06	36	0.000162269962341719	::N-A03::B-B07::B-1-7::N-A08::B3-11::N3-11::N-B04::B-1-4::B-2-14::B-A10::B-B10::N3-7::N-2-23::B-1-6::B3-5::N-A07::B-A07::N-2-15::B3-2::N3-2::B-2-15::B3-6::B3-17::B-B11::N-2-27::B-1-2::B-A08::B3-3::B-2-23::N-B10::B-A02::N3-c-10::	19
chr11	68693700	68903700	chr11_68693700	31	210000	0.0461983156236993	35	0.000532495033235615	31	0.0461983156236993	::B-A04::N-B04::B-A10::N-A01::B-2-21::N3-16::N3-6::N-1-7::B3-19::B3-c-28::N3-13::B-B04::B-B11::B-2-14::B-B09::N-1-2::N-B07::B-B10::B-A01::B-A11::N-A11::B3-7::N-2-15::N-2-12::N-A10::N3-7::B-A02::N-B09::N-2-23::B-1-2::B3-3::	16
chr11	70846000	71056000	chr11_70846000	31	210000	0.0461983156236993	35	0.000532495033235615	35	0.000532495033235615	::B3-7::N3-5::B3-6::N-2-15::B-B10::B-3-4::N-3-4::B-A02::N-A01::B3-12::N3-19::B-B03::B-2-25::B3-5::B-2-23::B3-11::N-2-12::B-2-21::N-2-27::B3-c-10::B3-c-28::N3-12::N-3-1::B-2-9::N-A12::B-2-14::N3-7::N-B04::N-A02::N3-16::N-A05::	18
chr11	72533300	72743300	chr11_72533300	36	210000	0.000162269962341719	51	1.56136470678081e-13	48	1.47762896019352e-11	::B-A02::B-B05::B-B07::N-A12::B-2-21::N-B08::N-3-1::N3-16::N-2-15::B-3-4::N-A01::N-3-4::B3-c-28::B-B10::B3-13::N-1-2::N3-19::N-A04::B-A04::B-2-15::B-A05::B-1-6::B-A10::B-1-7::B-B02::N3-11::B3-11::N-A02::B-2-12::N-2-12::N-B05::N-B04::B-2-23::B3-5::N-2-27::B-2-27::	23
chr11	74528200	74738200	chr11_74528200	33	210000	0.00526516969639605	42	7.48937399139004e-08	32	0.015838032802534	::B3-6::B-3-1::N-2-15::N3-c-14::N3-7::B-B05::N3-11::B-2-26::B-B10::N3-3::B-B02::B-1-10::B-A04::N-2-23::B3-13::N-B05::B-A01::B-3-4::B-B04::N-B04::N-3-1::N3-13::B-2-25::N-B07::N-1-4::B-B07::N-B11::N-2-14::N-B02::B-1-2::B-2-14::N-A01::B-2-15::	15
chr11	75590700	75800700	chr11_75590700	36	210000	0.000162269962341719	50	7.25854309404279e-13	46	2.76983781380031e-10	::B-3-1::B-1-2::N3-17::B-B02::B-B10::N3-13::N-1-2::N3-3::N-2-27::B-A02::B-1-6::N-B10::B-A11::B-A01::N3-11::N-B04::N3-19::B-B05::B3-12::B3-c-32::N-A01::B3-6::B3-13::B-2-15::B-2-27::N-A08::B3-11::B-2-23::B3-3::B3-c-28::N-B11::B-B11::N-B08::B3-2::N-A10::B-3-4::	20
chr11	77533500	77743500	chr11_77533500	44	210000	4.76403052770134e-09	70	1.17495380733277e-27	57	1.04173261640839e-17	::N-2-25::B-2-15::N3-19::B3-3::N3-c-28::B-B10::N-2-15::B-B02::N-B07::B3-c-28::N-B03::B-2-23::B3-17::N3-17::N-A05::N-2-12::B-2-12::N-A02::B-2-14::N-1-2::B-A01::N-A11::B-A11::N3-3::B-B11::N-1-7::N-2-17::B-2-25::N-B08::N3-13::N-1-6::B3-11::B-3-4::N-3-4::B3-6::N-A04::N-2-14::B3-5::B3-c-10::N3-c-10::B-B03::B-A02::B-3-1::N-3-1::	41
chr11	79375000	79585000	chr11_79375000	44	210000	4.76403052770134e-09	130	5.63945534312023e-85	99	2.21283658887036e-53	::N-A01::B-2-23::N-2-23::N-1-7::B-1-7::N-2-25::N3-19::N-B10::B3-19::N3-c-28::N3-3::N-A02::N-A05::N3-13::N-2-15::B-3-4::B-A02::B-A08::N3-c-9::B-1-6::B-A10::B3-13::B-A05::B3-3::N-B07::N-B08::B-2-27::B-A11::N-A11::B-B02::B-1-2::B3-15::B-B05::N3-15::B-B09::B3-c-10::N-B05::B-2-25::B-B10::B-A04::N-A07::N-1-6::N-2-12::B-2-14::	55
chr11	80385200	80595200	chr11_80385200	31	210000	0.0461983156236993	41	2.86727754625202e-07	38	1.38900229830847e-05	::B3-17::B-2-21::N-A02::B-A02::B-2-14::N3-6::N-2-15::N-B03::B3-19::B-2-25::N-3-4::N-A01::B-3-4::B3-7::B3-6::N-1-6::N3-16::B-B03::N-B02::B-B02::N-1-10::B-B08::B3-3::N-B08::B-A05::N-2-12::N-3-1::N-B05::B-B04::B-A08::N-B09::	15
chr11	86575100	86785100	chr11_86575100	45	210000	1.16141410691106e-09	68	4.71539169215179e-26	59	3.66375485105269e-19	::N-B10::N-B05::B-1-2::N-1-2::B-1-6::B3-15::B3-17::B-A08::B-A10::B-2-23::N-A11::B-3-4::B-2-14::B3-7::B-2-15::N-B04::N3-13::B-B02::N-2-17::B-B11::N-2-15::B-B03::B-2-25::B-2-12::B-2-21::N3-16::B-B10::B3-6::N-B03::N-1-7::B3-3::N-B11::N3-3::N-3-4::N-1-6::B-1-7::N-A02::B-A04::N-A04::N-2-23::N-2-26::B-2-26::B-B05::B3-c-9::N-B09::	35
chr11	87997200	88207200	chr11_87997200	33	210000	0.00526516969639605	47	6.46519393495797e-11	43	1.91074238491379e-08	::N-B10::N3-11::N-3-1::B3-6::B3-c-9::N3-17::B-B05::B3-3::B-B11::N-2-23::B3-7::N-1-2::B-B02::B-A10::N-1-6::N-B03::N-2-25::B3-15::N3-15::N-B08::B-B08::N3-3::N3-16::B-B07::N-B04::B3-16::N-B11::B-1-2::N-2-21::N-A04::B-B10::B-3-4::N-A12::	22
chr11	93858300	94068300	chr11_93858300	37	210000	4.81128946144909e-05	69	7.49710784355178e-27	63	3.7120462738834e-22	::B-B03::B-2-27::N3-13::B-A01::N-A02::N3-19::B3-17::B-A05::N-B10::N-2-15::B-B10::B-B11::B-2-17::N-A12::B3-6::N3-5::N-2-25::B-A12::B-1-2::N3-16::N-A01::B-B02::B-A02::N-B05::N3-11::N-2-21::B3-19::B-A03::N-1-10::B-2-21::B-A07::N-B04::N3-c-28::N-A11::B-3-1::N-B09::B-B09::	38
chr11	95241900	95451900	chr11_95241900	35	210000	0.000532495033235615	41	2.86727754625202e-07	33	0.00526516969639605	::N-2-23::B-A12::B-2-17::B-1-7::B-B07::N3-2::N3-13::N-2-21::B-2-21::B-A02::N-A02::N-A11::B-2-14::N-B08::B3-6::B-3-4::N-3-4::B-B02::B3-19::N-B03::B-2-26::N-2-26::N3-16::N-2-25::B-2-25::N-B09::B-1-2::N-A04::B-A04::B-B05::N-1-6::N-B02::B-2-9::B3-12::B-2-23::	23
chr11	97218900	97428900	chr11_97218900	35	210000	0.000532495033235615	46	2.76983781380031e-10	42	7.48937399139004e-08	::N3-13::B3-12::N-1-10::B-2-17::B3-3::B-A07::B-B03::B-B02::B-B07::N-2-21::N-A08::B3-11::B-B10::B-2-15::B-A05::B3-17::N3-17::N3-3::B3-13::B-1-6::N-A12::B-A12::B-A03::N-2-15::B-1-7::B3-19::B3-2::N-A05::B-B11::N-1-2::N-B05::N-B08::B-2-9::N-2-25::B-2-25::	22
chr11	98081300	98291300	chr11_98081300	34	210000	0.00169886367677109	42	7.48937399139004e-08	36	0.000162269962341719	::N3-3::B-B10::N-B08::N3-2::N3-6::B-B11::N-2-27::N3-13::B-B05::B3-3::N-3-1::B-3-1::B-A05::B-3-4::B-2-25::B-2-21::B3-c-9::N-1-10::B-1-10::B-A07::N-A11::B-A12::B-B02::N3-16::B-B09::B3-c-14::N-2-17::N3-17::N-1-6::N-B05::B-2-14::B-A08::N-A03::B3-17::	19
chr11	104376100	104586100	chr11_104376100	42	210000	7.48937399139004e-08	71	1.81546348820817e-28	59	3.66375485105269e-19	::B3-3::B-3-4::N-2-15::N-B07::B-B09::B-1-6::B-2-12::N-2-12::N-1-6::B-B04::B3-7::N3-c-14::N-B05::N3-7::B-2-25::B3-12::B-A12::B-B11::N-2-25::B-2-15::N-1-7::N3-13::B3-13::N-2-14::B-B03::B3-c-14::N-1-2::B-B05::N-3-4::B-1-4::N-A02::N-A08::N3-3::B3-15::B-A08::B-B07::B-2-14::B3-19::N-A05::B3-11::N-2-27::B-2-27::	34
chr11	105550000	105760000	chr11_105550000	32	210000	0.015838032802534	45	1.16141410691106e-09	42	7.48937399139004e-08	::B-1-6::N-2-17::B-2-23::B-1-7::N-3-4::N-1-6::B-1-2::N-A04::B-A04::B-B11::B3-19::B3-12::N-A02::N3-13::B3-7::N3-19::B-A07::B3-11::N-2-15::B-B02::B-2-17::N-B04::B-2-25::B-A05::N3-2::B-B10::N3-16::B-B04::N3-6::N3-11::B-B09::N-2-25::	18
chr11	106080000	106290000	chr11_106080000	35	210000	0.000532495033235615	49	3.30822004742952e-12	45	1.16141410691106e-09	::B-B07::B3-7::B3-17::B-1-7::B-3-4::B3-3::B3-19::B-A04::N-B11::N-3-1::N3-17::B3-11::N3-11::B-2-15::N-A05::B3-6::B3-2::N3-13::B3-c-28::N3-16::N-2-23::N3-6::N-1-10::B-1-6::B-2-12::N-2-26::B-2-26::N-A08::B-A08::B-A03::N-3-4::B-2-21::B-B02::N-2-27::B-A02::	22
chr11	106403600	106613600	chr11_106403600	35	210000	0.000532495033235615	42	7.48937399139004e-08	36	0.000162269962341719	::N-B08::N-2-15::N-B05::B3-6::N-B04::B-B04::N3-15::N3-3::B-B07::N-A10::N-1-7::N-B10::B-B05::N3-11::B3-2::N3-2::N-3-1::B-2-25::B3-3::B-2-15::B-2-21::N-2-17::B3-19::B-2-27::N3-19::B3-17::B-A04::B-A02::B3-12::B3-5::N-A05::B-A05::N-1-2::B-A08::N-A12::	19
chr11	106801000	107011000	chr11_106801000	37	210000	4.81128946144909e-05	51	1.56136470678081e-13	44	4.76403052770134e-09	::B-2-27::N3-6::B3-6::N-2-25::N-3-4::B3-c-9::B-2-21::B-A05::N-B04::B-B03::N-2-26::B-2-26::N-3-1::B-A12::B-1-6::B-B11::B-2-14::B-2-23::N-B05::B-B04::N3-19::B-A01::N3-13::B-B02::N-A10::N3-c-10::N-B03::B3-c-10::B3-3::B3-17::N3-17::N-1-6::B3-c-28::B3-7::N-A05::B3-11::N3-11::	27
chr12	3163500	3373500	chr12_3163500	31	210000	0.0461983156236993	39	3.90718011632341e-06	32	0.015838032802534	::N-B04::N-A11::B-B04::B3-5::B-1-2::N3-19::N3-13::N-1-2::B-2-15::B-2-12::B3-3::B3-c-9::B-B02::B-A02::N-B08::B-2-14::B-3-1::N-3-1::B3-19::B-1-4::B-2-23::B3-6::B-2-17::B-1-6::N-B10::N-A08::B-A08::B-B10::B-B03::N-2-12::N-2-26::	21
chr12	51622300	51832300	chr12_51622300	41	210000	2.86727754625202e-07	60	6.69884965608555e-20	54	1.38518126748229e-15	::B-2-15::B-A12::B-2-14::B-B02::B-1-6::B-B09::B3-12::N-2-15::N3-12::B3-19::B-1-2::B3-15::B-A07::B3-6::B-2-21::B3-16::B-A02::N3-3::N-A11::N-2-14::B3-11::N-3-1::B-2-9::N-1-7::B3-c-10::B-3-4::N-B11::B-A03::B-1-10::N-1-10::N-B07::N3-6::B-2-25::N3-16::N3-c-10::N-2-27::B-B10::N-2-21::N-1-6::N-1-2::B3-3::	35
chr12	75395000	75605000	chr12_75395000	33	210000	0.00526516969639605	42	7.48937399139004e-08	38	1.38900229830847e-05	::B3-11::B-B04::N3-19::B-2-14::N-A01::B-A12::B-2-23::B-1-6::N-A12::N-B10::B-B10::B-A07::N3-16::B-1-7::B-2-15::B-2-26::N-A04::N-2-17::B3-7::B3-13::N-2-21::N-3-1::B3-3::N-2-23::N-1-7::N-A07::N3-11::B3-2::N-2-12::B-2-9::N-2-15::B-A08::B-B02::	16
chr12	80759600	80969600	chr12_80759600	33	210000	0.00526516969639605	48	1.47762896019352e-11	40	1.07158966316934e-06	::N-A02::N-A01::B3-5::B-B02::B3-7::N-2-14::B-2-14::B-A01::B-3-1::N-A10::B-A10::N3-19::B-2-27::N-1-2::N-A11::B3-3::B3-6::B3-11::B-A11::B-2-12::B-B05::N-1-10::B-A08::B-1-2::B-2-21::B-1-6::N-2-26::B-2-26::N-A05::N-2-27::B-A03::B-A07::N-2-23::	20
chr12	111049400	111259400	chr12_111049400	36	210000	0.000162269962341719	44	4.76403052770134e-09	38	1.38900229830847e-05	::B3-7::N-A07::B-2-15::B-A03::B3-12::N3-c-10::N-2-26::N-A01::N-1-7::B-1-6::N-B08::B3-16::N-2-15::B-2-21::B-B09::N3-19::B3-3::N3-13::B-B02::N-B04::B-B07::B-1-7::N-3-4::B-3-4::B3-19::N-2-17::N-B10::B3-15::N3-15::B3-13::B-B03::B-1-2::N-1-2::B3-2::N-B05::B-A10::	23
chr13	3400000	3610000	chr13_3400000	31	210000	0.0461983156236993	36	0.000162269962341719	30	0.130545756900064	::B-B11::N3-19::N3-16::B-A10::N3-13::B-B02::B-A03::N-B04::B-B05::N-A08::N-B08::B3-11::N-2-25::N-B02::B-B10::N-2-21::B-2-21::B-3-1::B-A08::B-B09::B-1-6::N-2-17::N3-2::N-B10::B-A07::B-2-12::B-B07::B-2-17::B-2-25::N3-11::B-1-10::	18
chr13	8966700	9176700	chr13_8966700	32	210000	0.015838032802534	43	1.91074238491379e-08	35	0.000532495033235615	::N-2-23::B3-19::B-A07::B-A03::N-1-6::B-1-6::B-A02::B-B05::B-2-15::B-B02::B-2-23::N3-19::N-2-15::N3-16::B3-16::N-A03::B-A08::B-A10::N-2-21::B-2-21::N-2-25::N-2-17::N-A01::N-2-27::B3-17::N-1-10::N-B09::B-B09::N-2-12::N-3-4::B3-7::N-2-14::	15
chr13	13968100	14178100	chr13_13968100	37	210000	4.81128946144909e-05	49	3.30822004742952e-12	46	2.76983781380031e-10	::B-2-25::B-B09::B-B10::B-A08::B-1-2::N3-16::B-A01::B-1-6::N-A12::N3-17::B-A07::B3-7::B3-c-9::B-B02::N-B02::B3-2::N-B11::N3-3::B-2-15::N3-12::B3-12::N-B04::N-2-15::B-A12::B-2-23::N-A01::B-A10::B3-13::B3-5::N-B10::B-2-26::B-B11::B-2-14::B-B04::B-A02::B-3-4::N3-13::	18
chr13	17692400	17902400	chr13_17692400	37	210000	4.81128946144909e-05	50	7.25854309404279e-13	42	7.48937399139004e-08	::B-2-21::B3-6::B-1-6::N3-3::B3-12::B-A10::B-2-12::B-1-2::N-A11::B3-13::N3-c-32::N-A08::B-B02::N3-19::B3-19::B-B09::B3-2::B-3-4::N-3-4::N-B09::B-2-15::B-A07::B3-7::N-1-7::B-A02::B-1-7::N-A05::B-A05::B-3-1::N-3-1::N-A01::B-B11::N-B10::N-B11::N-B08::B-B08::B3-17::	28
chr13	24042900	24252900	chr13_24042900	31	210000	0.0461983156236993	42	7.48937399139004e-08	37	4.81128946144909e-05	::B-2-25::B-A03::B-A10::B-A08::N-A08::N-A03::B3-5::B3-c-28::N3-17::N-B11::N-2-17::B-2-17::B-B02::B3-12::B3-17::B-A11::B3-7::N-B08::B-2-15::B-1-6::B3-19::B-A04::B-2-27::N3-6::B-2-21::B-A12::B-2-9::N-2-26::B-2-23::N-A02::B3-16::	23
chr13	43285400	43495400	chr13_43285400	38	210000	1.38900229830847e-05	55	2.76292435727107e-16	43	1.91074238491379e-08	::B-A10::B-B10::N3-6::B-A05::N-A02::N-2-9::B-B04::N3-19::B-A03::B-2-14::N-2-14::B3-c-9::B3-7::N-B10::B3-19::B-1-6::N-B09::B-2-27::N-2-27::B-A12::N-A12::B-2-17::N-A11::B3-17::B-B02::B-B03::B3-6::N3-13::N-B07::B3-11::N3-11::N-A03::N-A08::B-A04::B-3-1::N3-16::B-B09::B-1-10::	30
chr13	44757000	44967000	chr13_44757000	34	210000	0.00169886367677109	57	1.04173261640839e-17	51	1.56136470678081e-13	::N-A01::B-A04::B-A07::B-2-15::N-B02::B-3-4::B-B02::N3-13::B-A12::N-A12::B3-6::B-B07::N-A07::N-2-15::B-1-6::N-B04::B-B05::B-1-2::N3-6::B-2-25::B3-12::N-2-25::B-B04::N-B07::B-B03::B-A02::B3-17::B3-13::N3-16::B-3-1::B3-19::B-1-4::B-2-26::B3-c-28::	22
chr13	46691200	46901200	chr13_46691200	32	210000	0.015838032802534	41	2.86727754625202e-07	38	1.38900229830847e-05	::B3-c-28::B-B10::N-B10::B-1-6::B-B07::N3-6::B-3-4::N-3-4::B-2-21::B3-16::B-B11::B3-5::B-A08::B3-6::B-1-7::N-B08::B-A10::B-2-25::B3-3::B-B02::N-A11::N-B07::N-B09::N3-19::B-A04::B-A07::B-2-27::N-A03::B3-7::B-1-2::N-2-15::N3-13::	26
chr13	63112100	63322100	chr13_63112100	32	210000	0.015838032802534	38	1.38900229830847e-05	33	0.00526516969639605	::N-2-17::N-A07::B-2-26::N-B05::B-A03::N-A11::B-A11::N-B08::B-A01::B-3-4::B3-12::B-2-15::B3-7::B-2-12::N-2-12::B-A12::N3-13::B-B02::B-A08::B3-6::B-1-10::N-3-1::B-2-9::B-2-27::N-B02::B-B04::B-A07::B3-3::N3-3::N-A02::B-A02::B-1-2::	16
chr13	85118600	85328600	chr13_85118600	31	210000	0.0461983156236993	50	7.25854309404279e-13	43	1.91074238491379e-08	::B-2-15::N3-7::B3-19::N-B03::N3-17::B-1-2::N3-c-10::B-A12::N-1-6::N3-2::B3-2::B-A01::B-B03::B-2-27::B-B07::N-1-10::B-B11::B-B05::B3-17::B-B10::B3-c-10::B3-15::N3-15::N-A05::B-A05::B3-3::N-B10::B-A10::B3-c-28::B-2-14::B-2-17::	30
chr13	94410300	94620300	chr13_94410300	45	210000	1.16141410691106e-09	52	3.29401892140083e-14	25	14.0492060670185	::N-A07::N-2-25::N-2-15::B3-7::B-1-7::B3-c-28::N3-19::B-A07::B-B02::B-B10::B-A02::B3-12::B3-13::B-1-6::B-A08::B-B05::N-B08::N3-11::B3-2::N-B05::N-2-26::N-2-14::N-B04::N-A02::N-2-12::N-2-17::N-B07::N-A11::N-2-27::N-B03::N-1-6::N-B10::N-A12::N-1-2::N-A04::N-3-4::N3-3::N-2-23::N-2-21::N3-16::N3-6::N3-13::N3-2::B-A11::B-A12::	34
chr13	98717600	98927600	chr13_98717600	34	210000	0.00169886367677109	59	3.66375485105269e-19	50	7.25854309404279e-13	::B-B05::B-2-25::B-B02::B-B11::N-1-2::B3-2::N-2-25::B3-7::B-2-23::B-B10::N-B03::B-B03::B-A07::B-1-6::N-2-15::B-1-2::B-2-15::N-A07::B-2-21::N-1-6::B-B09::N3-6::B-A10::N-2-14::N-B09::B-3-4::N3-15::B3-12::N3-16::B3-19::N-2-23::N3-2::N-B04::B-A01::	22
chr13	103701200	103911200	chr13_103701200	36	210000	0.000162269962341719	50	7.25854309404279e-13	40	1.07158966316934e-06	::B-1-2::B-A08::B-A03::B-1-7::B-3-4::N3-c-10::B3-7::N-B11::N-B02::B-B09::B3-5::N-1-10::B-A10::B-B10::B-2-21::N3-c-9::B3-19::B-A05::N-A02::B-A02::N-2-21::B3-c-9::B-2-14::N-A03::N3-6::B-2-9::N-3-1::B3-17::B-B11::N-B08::B-B08::B3-3::N-B09::N-B04::B3-6::B-3-1::	22
chr13	111691200	111901200	chr13_111691200	36	210000	0.000162269962341719	57	1.04173261640839e-17	35	0.000532495033235615	::N3-5::B-B11::B3-7::N-A04::B-B05::N3-16::B-1-4::B-2-17::N-A02::B-B02::N-2-15::B-2-15::B-A02::N-2-21::B3-3::B-B07::B-3-1::N-3-1::N-3-4::B-B04::B-1-6::B-A12::B-B08::B-A11::B-A10::B-1-7::B3-17::B-1-10::B3-19::B-3-4::B3-2::B-2-23::B-2-21::N-A05::N-A12::B3-11::	19
chr14	19282800	19492800	chr14_19282800	48	210000	1.47762896019352e-11	72	2.76617783713632e-29	30	0.130545756900064	::N3-19::B3-12::B-A08::N-B09::B-B02::N-2-21::B3-6::B-2-14::N-B05::N-A03::N-2-27::N-A01::N3-6::N3-3::N-A02::B-1-6::N-1-10::N-B11::N-A05::N3-11::B-3-4::N-1-7::N3-17::N3-16::B-B04::B3-11::N-2-17::N-B02::B-2-23::N-2-9::B-B11::N-B10::N3-12::B3-3::N-3-4::N-2-23::N-2-25::N-1-2::B-2-15::B3-17::B3-2::N-B04::N3-15::N-A10::N-1-6::N-B08::N-B07::N-A08::	39
chr14	20932300	21142300	chr14_20932300	31	210000	0.0461983156236993	49	3.30822004742952e-12	44	4.76403052770134e-09	::B3-7::B3-12::B-B02::B-3-4::N3-7::B3-c-28::B-A10::N-1-6::B-1-6::B-2-23::B-A04::N-2-25::N-A07::B-B05::N-A05::B-A05::N-3-1::B-2-14::B3-15::N-B04::B-1-10::B3-19::B3-c-9::N-1-2::B-2-25::N-B02::B-A07::B-3-1::B-B04::N-3-4::B-B10::	28
chr14	31009700	31219700	chr14_31009700	37	210000	4.81128946144909e-05	53	6.81828726420767e-15	45	1.16141410691106e-09	::B-B09::N-3-1::N-2-21::B-2-21::N3-7::B3-11::N-B04::B3-c-10::N-A01::B-3-1::N-2-17::N-2-15::B-A02::N-B11::B-B11::N-B02::B-B07::N-B07::N-A02::N3-13::N-2-12::B3-13::N-B10::N3-c-10::B-B10::B-A08::B3-6::B3-12::N-2-25::N-2-23::N3-c-28::B3-c-28::N-A11::N3-3::N-A05::N-3-4::B-3-4::	24
chr14	34298700	34508700	chr14_34298700	38	210000	1.38900229830847e-05	51	1.56136470678081e-13	46	2.76983781380031e-10	::B-2-26::N-A08::B3-19::N-B09::B-1-6::N-1-10::B-2-9::N3-17::B3-17::B-2-23::B3-11::B-2-15::B3-2::B-B02::B-B05::B-2-21::B-A01::N-2-25::N-B08::B-B08::B3-c-28::B-A07::N-1-6::B3-12::N-A05::B3-7::B-2-14::N-2-14::B-2-12::B-A08::B-A11::N-A11::N-B10::N-A02::B-A02::B-1-4::B-3-4::N-B05::	30
chr14	52073200	52283200	chr14_52073200	34	210000	0.00169886367677109	48	1.47762896019352e-11	42	7.48937399139004e-08	::N-A08::B-A01::B-2-15::B-B10::B3-17::B-1-7::B-2-14::B-2-25::B3-16::B-A08::N-1-7::B-2-21::B-B02::B-2-12::B-2-27::N-B10::N3-19::N-2-21::B-A10::B-A07::N-A07::N-2-27::B-B07::B3-12::N-2-15::B-1-10::N-1-10::N3-c-28::B3-c-28::N-1-2::B3-11::N-B09::N-2-26::B-2-26::	23
chr14	73203600	73413600	chr14_73203600	37	210000	4.81128946144909e-05	64	6.36294958556128e-23	50	7.25854309404279e-13	::N-A01::B3-12::N-3-1::B3-11::N-B02::B-B11::B-A08::N-B11::B-A03::N-A03::N-A08::N-A10::B3-15::B3-19::N3-19::B-B02::N-2-17::B-A05::B3-c-14::B3-3::B-A01::B3-c-10::N3-c-10::N-2-27::B-B04::N-B04::B-A11::B3-c-9::B-2-25::N-2-23::B-B07::B-B03::N-A05::N-2-15::B-1-4::B-A02::N-B09::	48
chr14	79356800	79566800	chr14_79356800	33	210000	0.00526516969639605	41	2.86727754625202e-07	33	0.00526516969639605	::B3-c-9::B-3-4::B-1-4::B-1-2::B-A07::B-B07::N-B08::B-B10::B3-6::B-A10::N-2-23::N-2-26::B-2-26::N-1-7::B-B09::N-1-6::B3-12::N-A12::B-1-6::N-A02::N3-19::N-3-4::N-3-1::B3-2::B-2-12::N-2-12::B-2-25::B3-5::B-1-7::B-2-15::N-2-15::B-1-10::B3-17::	20
chr15	8245400	8455400	chr15_8245400	53	210000	6.81828726420767e-15	72	2.76617783713632e-29	66	1.78505392263699e-24	::B-B07::N-A08::B-A12::B3-13::N-2-15::B-B10::B-B03::B3-12::B3-19::N-2-21::B-3-1::B-1-4::B3-c-28::B-3-4::B-B04::N-A12::B-2-14::B-2-15::N-B05::B-2-12::B-1-10::N-1-6::B-A08::N3-c-32::N-2-23::N-B04::N-B08::B3-11::B-2-17::N-2-17::B-B02::N-2-14::B-A07::B-1-7::B3-c-10::B-1-2::B-B08::N-A11::B-2-26::N3-13::N-A07::N3-6::B3-17::B-2-23::B-B11::B-B05::B3-7::B-A11::B-2-25::N-2-25::N3-7::B3-6::N-2-12::	49
chr15	12122400	12332400	chr15_12122400	39	210000	3.90718011632341e-06	50	7.25854309404279e-13	45	1.16141410691106e-09	::B-A10::B3-c-32::B3-12::B-B11::N-2-27::N-2-21::B-B08::B-2-21::B3-6::B3-19::N-B02::N-B04::N-B08::N3-19::N-B09::N-A10::B3-7::B-A12::N-A11::B-2-14::B-1-6::B-2-15::B-B02::B-A08::B-B07::N-B07::N-A12::N-1-6::B-1-2::N-2-26::N3-13::N-2-23::B-B03::N-A01::N-2-15::B-A01::B-2-25::N-2-25::N-A02::	34
chr15	37901500	38111500	chr15_37901500	35	210000	0.000532495033235615	62	2.13171360062743e-21	55	2.76292435727107e-16	::N3-15::B-B05::N-3-1::B-3-1::N3-16::B-3-4::B-A08::B3-c-9::B-B11::B-2-15::B3-6::B-B04::N3-5::B3-13::B-B03::N-3-4::N-B04::B3-19::N-2-26::N-A01::B-A01::B-2-14::N3-19::N3-17::N-B02::N-B03::N3-3::B-A10::B3-15::B3-17::B3-12::B-1-6::N-B08::B-A04::N3-13::	32
chr15	50673600	50883600	chr15_50673600	38	210000	1.38900229830847e-05	50	7.25854309404279e-13	43	1.91074238491379e-08	::N-2-15::N-A05::B-B05::B-3-4::N-A12::B-B09::N-2-23::N3-15::B-B10::N-1-2::B3-15::B-2-12::N-A07::B-2-25::N3-c-14::B3-19::N-2-12::B-2-21::N-B09::B-1-2::N-2-25::N-B05::B-2-15::B-3-1::N-3-1::N3-7::B-2-14::N-2-14::N-B11::B3-5::N3-19::B-1-6::N-A02::B3-7::N-2-17::B-A08::N-B07::B-A05::	24
chr15	51776300	51986300	chr15_51776300	31	210000	0.0461983156236993	45	1.16141410691106e-09	38	1.38900229830847e-05	::B3-19::B-A10::N3-19::B-B05::N-3-1::B-2-21::N-A11::B-A11::B-B10::N-2-21::B-3-1::B-1-6::B-2-9::N-2-9::N-B05::B-B07::N-A10::B-A02::B-3-4::N-2-26::N3-16::N-2-25::B-2-15::B-1-10::B3-5::B3-11::B3-2::B-1-7::N-B03::B-B03::N3-3::	23
chr15	53128200	53338200	chr15_53128200	31	210000	0.0461983156236993	42	7.48937399139004e-08	39	3.90718011632341e-06	::N-2-21::B3-c-28::N-1-7::N-2-23::B3-12::B-2-14::N-2-14::N-1-6::B-2-15::N-2-15::N3-19::B-B05::N3-16::B-1-6::B-2-21::B-3-4::B-A08::N-A11::B3-19::B-2-23::N-2-17::B-B09::N3-c-14::B-A02::N-A10::B-B07::B-B03::B3-17::B-2-25::N-2-25::N-3-4::	26
chr15	73151800	73361800	chr15_73151800	34	210000	0.00169886367677109	55	2.76292435727107e-16	45	1.16141410691106e-09	::B-2-14::N3-3::B3-3::N3-13::B3-13::B-1-6::N-1-6::B-B04::B3-19::B-1-7::B-B02::N-B05::B-2-9::N3-19::B-A08::N-A08::N3-c-14::B3-11::B-2-15::B3-c-28::B-2-27::B-1-2::B-2-21::B-2-25::N-2-23::B-B07::N-B07::B-B05::B3-17::N-A02::B3-c-14::N-B09::N-2-15::B-A11::	25
chr15	77086600	77296600	chr15_77086600	46	210000	2.76983781380031e-10	56	5.41260136690614e-17	49	3.30822004742952e-12	::B-B10::B3-12::B-1-2::N-A02::N3-17::N-2-12::B-2-12::B-B04::N-A10::B-A10::B3-3::N3-13::B-A11::B3-19::N-B07::N3-19::N-B08::B-2-14::B-B08::B-B07::B-A04::B-A03::B-2-25::N-B02::B-B05::B-2-23::B-A07::N-B05::N3-7::N-A08::B3-6::B-1-6::N-2-21::N-B11::B-A05::N3-6::N3-16::N-1-2::B-3-4::N3-c-28::N-3-4::N-2-15::B-A08::N-A03::B-B02::N-1-6::	24
chr15	80719000	80929000	chr15_80719000	41	210000	2.86727754625202e-07	65	1.07391572204665e-23	57	1.04173261640839e-17	::N-B04::B-1-4::N-B10::N-2-25::B-A12::N-B09::B-2-21::B3-17::B3-c-28::N-2-15::B-3-4::B-B11::B-2-23::N-2-12::B-2-12::B3-6::B-2-15::B-1-6::B-A04::N-B08::N3-17::B-1-7::B-A03::N3-6::B-A11::N-A11::N-1-6::B-2-14::N-1-2::N3-13::B3-13::B-A08::N3-c-28::B-B04::B-B07::B-A07::B-1-2::N-2-14::B-B08::N-A01::B-B10::	32
chr15	81468900	81678900	chr15_81468900	34	210000	0.00169886367677109	49	3.30822004742952e-12	40	1.07158966316934e-06	::N-A03::B-B05::B-2-26::B-A01::N-A01::B-2-14::N3-11::B3-2::B3-15::B-A11::N-3-4::N-2-12::B-2-21::B-A05::N-B08::B-B08::B-2-25::B-B02::N3-6::N3-c-9::B3-6::B-A04::N3-3::N-2-25::B-1-10::B-3-4::B-B03::B-B11::N3-13::B3-c-9::B-B07::B-B04::N-B04::B3-13::	27
chr15	96255900	96465900	chr15_96255900	41	210000	2.86727754625202e-07	60	6.69884965608555e-20	55	2.76292435727107e-16	::B-A04::B3-11::B3-17::B-A10::B-1-2::B3-19::B-1-6::N-2-21::B-A08::N3-6::B-2-14::B-A12::N-1-6::B-2-26::B-B02::N-1-2::N-B04::N3-16::B-2-15::B-2-27::B3-3::N3-7::B-2-17::B3-7::B-B04::B3-c-14::N3-c-14::N3-19::N-A08::N-2-14::B3-c-32::N-3-4::B-B05::N-2-25::B3-6::B-3-4::B-B11::N-1-7::B-A05::N-B02::B-1-10::	36
chr15	99730500	99940500	chr15_99730500	35	210000	0.000532495033235615	43	1.91074238491379e-08	38	1.38900229830847e-05	::N-A02::B-A02::N-1-7::B3-3::B-2-23::N-B09::B-B09::B3-19::B-2-14::B-3-4::N-A05::B-A05::N-3-1::N-3-4::N3-16::B-A08::N-1-2::B-A10::N-2-21::B-1-4::N-1-6::B-1-6::B3-17::N3-17::N-1-4::B-2-15::B3-13::N-2-15::B-A12::B-1-7::B3-c-10::B-A04::N-B02::N-B11::N3-c-9::	18
chr15	99955500	100165500	chr15_99955500	34	210000	0.00169886367677109	49	3.30822004742952e-12	44	4.76403052770134e-09	::B-2-15::N-A08::B-A07::N-3-1::N3-16::N-2-17::N-B10::N-1-2::B-2-17::N-B05::B3-11::B-3-4::N-2-21::N-2-15::N-B07::B-2-14::B3-15::B-A11::B-B07::B-B09::B3-6::N-B11::N-A11::B-A01::B-B05::B-A08::B3-c-28::N-1-6::N-B04::B3-2::N-A05::B-B11::B3-c-9::N-B09::	24
chr15	102050500	102260500	chr15_102050500	34	210000	0.00169886367677109	37	4.81128946144909e-05	30	0.130545756900064	::N-3-1::B3-13::N3-13::B-2-15::B-2-14::N-2-14::N3-17::N-B08::N-1-2::N-B05::B3-5::B-1-4::B-2-9::B-B10::B-A12::N3-3::B3-3::B-2-26::N-2-26::B-2-23::N-B11::B-A08::B-3-4::N-1-7::N3-2::B-B02::B3-6::B-B09::B-1-6::N-3-4::B3-17::B-A04::B-A02::N-A02::	17
chr15	102416300	102626300	chr15_102416300	42	210000	7.48937399139004e-08	52	3.29401892140083e-14	47	6.46519393495797e-11	::B-A05::N-A11::B3-19::B3-16::N3-16::N3-19::B-2-25::N-2-25::B3-3::N-B09::N-1-7::N3-6::B3-12::B-2-27::N-A05::B-2-14::B-3-4::N-2-23::B3-c-9::N-A08::B-A08::N-1-6::B3-5::N-B05::B-2-17::N-2-17::N-B03::B-B03::B-B09::B-2-15::N-B10::N-2-15::B3-11::B-B07::N-2-12::B-A07::B-1-6::N-2-14::N-A10::B3-15::B-1-7::B-B10::	27
chr16	4010800	4220800	chr16_4010800	35	210000	0.000532495033235615	50	7.25854309404279e-13	46	2.76983781380031e-10	::B-A10::B3-5::B-B05::B-B03::B-2-14::N3-6::B3-c-28::B3-7::B3-6::B-1-2::N-B10::N-B02::B-A08::N-1-7::N-B08::B3-13::B3-17::B3-c-10::B-3-1::B-B09::N-2-15::N-A01::N3-12::N-1-2::B-1-7::B-B10::B-2-15::N-2-17::N3-13::N3-5::B-2-23::N-2-12::N-B11::B-2-21::N-2-21::	28
chr16	16984400	17194400	chr16_16984400	35	210000	0.000532495033235615	47	6.46519393495797e-11	41	2.86727754625202e-07	::B3-c-28::N-2-12::B-2-12::N-B02::N-A03::N-2-21::B3-19::B-2-15::N-A08::B-A12::B-B10::B-B11::N-B03::N-2-23::B-B03::N-2-14::B3-3::B-2-14::B-3-1::N-3-1::B-2-21::N3-13::N-A07::N3-16::B3-5::N-A11::N-1-7::B-3-4::B3-6::B-B05::B-2-17::N-B09::N-2-17::B3-13::B-A08::	19
chr16	24437100	24647100	chr16_24437100	38	210000	1.38900229830847e-05	48	1.47762896019352e-11	46	2.76983781380031e-10	::B-A12::B-B09::N-2-17::N3-19::N-B07::N-2-14::B-2-14::N-A02::N-2-15::N-B03::B-1-6::B-1-2::B3-c-28::B3-11::B-3-4::B-B05::N3-c-14::N3-7::B-A07::B-2-21::N-1-7::B-A10::B3-12::N-2-21::B-3-1::N-3-1::N3-6::B-2-15::N-3-4::N3-17::B3-3::N-B08::B-B02::B-A08::B-2-23::N-A10::N-2-23::B-2-12::	22
chr16	31657900	31867900	chr16_31657900	37	210000	4.81128946144909e-05	59	3.66375485105269e-19	53	6.81828726420767e-15	::N-A05::B-B03::B-B02::N-A08::B-2-15::N3-c-14::B3-19::B-A07::B-B05::B-1-6::N-2-26::N-A07::N-3-1::N-B10::N3-19::B-3-4::N-3-4::N-B05::B-B10::N-B03::B-2-12::B-A02::N-2-15::N3-3::B-A11::N-2-21::B3-11::B-2-21::B-A05::B-2-14::N3-17::N3-6::N-A02::N-B04::B-2-23::N3-c-28::N-B08::	26
chr16	38090900	38300900	chr16_38090900	45	210000	1.16141410691106e-09	74	6.16276584811827e-31	65	1.07391572204665e-23	::B3-7::B-2-25::N3-6::N-1-6::B-1-6::B-B05::N-2-25::B3-11::B3-13::B-2-15::B-A11::B-B10::B-B04::B-B07::N-A07::B-1-7::B-A10::N-A02::N-2-15::B3-c-9::B-A08::B-B09::B-3-1::B-B02::B-1-2::N-1-2::B3-19::B-A05::N-A08::B-A12::N-2-17::B-A07::N3-12::N3-16::N-B05::N-B07::B-B08::N-A05::N-B04::N-2-21::B3-6::B-2-14::N-A11::B-2-23::B-A04::	25
chr16	43329300	43539300	chr16_43329300	33	210000	0.00526516969639605	45	1.16141410691106e-09	43	1.91074238491379e-08	::B3-7::N-B10::N-A12::B-3-4::N-A01::B3-6::N3-3::N-1-7::N-1-6::N-2-15::B-A12::B-A08::N-B03::B-B03::B-2-15::B-B10::B-1-6::B3-17::N-B07::N-B05::N-B02::B-2-23::B3-13::N3-13::B-B05::N3-c-14::B-1-7::B-2-14::N-B04::B3-3::B-A10::B-B07::N-2-12::	22
chr16	87306400	87516400	chr16_87306400	32	210000	0.015838032802534	40	1.07158966316934e-06	37	4.81128946144909e-05	::B-1-4::B3-c-10::B-2-9::B-3-4::B3-11::N-2-15::B-2-15::N3-c-9::B3-15::N3-7::B-B04::N-2-27::B3-3::N-A01::B-A01::B-B10::B-A03::B-A12::B-2-12::B-A08::B3-c-9::B-A05::N3-11::N-A04::B3-6::B-B07::B-B02::B-B09::B3-c-28::N3-17::N-B04::N3-6::	17
chr17	3058000	3268000	chr17_3058000	39	210000	3.90718011632341e-06	58	1.97039521103612e-18	51	1.56136470678081e-13	::B-B10::B3-11::B-2-9::B3-2::B-A12::B-B04::B3-19::N-2-21::N-3-1::N3-17::N-A05::B-B02::N-1-6::B-1-6::N-2-15::B-2-12::N-3-4::N3-15::B3-15::B-A01::N-B03::B-B03::B-A08::B-2-21::B3-12::B-2-14::B-A10::B-3-4::N3-5::N3-16::B-B05::N-B05::B-A05::N-1-7::N3-19::B3-17::N-A12::B-A02::N-A08::	23
chr17	5036400	5246400	chr17_5036400	51	210000	1.56136470678081e-13	74	6.16276584811827e-31	63	3.7120462738834e-22	::B-B08::N-B02::N3-16::N-2-21::B3-19::N-3-4::N-1-6::N-2-15::N-B08::B-B02::B-1-6::B-B03::N3-17::B3-7::N-2-25::B-3-1::B-2-21::B3-12::B-A11::N-A11::N-2-23::N-B09::B-B09::N-A02::N-1-4::B-A02::N-A05::N3-6::N-3-1::B3-6::B3-17::B-2-15::B-1-2::B-A10::N-A04::B-A04::N-2-17::B-1-4::B-A08::N-A01::B-A05::B3-c-14::B-B07::N-B07::B3-5::B-2-25::B3-3::N3-3::N3-13::N-B11::B-B11::	37
chr17	10112700	10322700	chr17_10112700	41	210000	2.86727754625202e-07	57	1.04173261640839e-17	49	3.30822004742952e-12	::B3-17::N-A03::B-A04::B-B05::N-B10::B3-6::N-A01::B-B10::N3-16::N-A08::N-A04::N-2-15::N3-13::B3-19::B-B04::N3-c-9::N-3-4::N-A10::B-A07::N3-17::B-B08::N-3-1::N-2-23::N3-6::B-1-6::B-2-26::N-1-10::B-2-25::B-A03::B-1-10::B-2-21::N-2-21::B-2-23::N-1-2::B-1-7::B-A10::N-A02::B-A02::B-B09::N3-c-28::B-A05::	22
chr17	28950300	29160300	chr17_28950300	31	210000	0.0461983156236993	36	0.000162269962341719	32	0.015838032802534	::N3-16::B3-6::N-B04::B-1-7::B-2-15::B3-c-28::B-B07::B-A07::B-1-6::N-A03::B-B03::N-B05::N-2-25::B3-15::B-A12::N-A12::B-A02::N-A02::B-2-9::B-A05::B-A11::B-B05::N-3-4::B3-19::B3-16::N-2-26::N-1-6::N-B07::N3-11::N3-c-10::B-2-25::	17
chr17	30006400	30216400	chr17_30006400	42	210000	7.48937399139004e-08	65	1.07391572204665e-23	58	1.97039521103612e-18	::B-B02::B-3-4::N-3-4::B-B05::N-A08::B3-17::B-B10::N-B03::B-B11::B-B03::N-2-25::N3-11::N-A11::B3-19::N-2-17::B-1-7::N-B07::N-A01::N-B04::B-2-27::B3-3::N3-16::N3-19::N-B05::B-2-17::B3-12::B3-c-28::B-2-15::B-1-6::B-B04::B-A02::N3-13::N-1-6::B-2-14::B-A10::B-2-12::N-2-12::N-A05::B-2-26::B-A07::N3-3::B-3-1::	31
chr17	32154600	32364600	chr17_32154600	37	210000	4.81128946144909e-05	51	1.56136470678081e-13	46	2.76983781380031e-10	::B3-3::B-A12::B-B05::B-A08::B3-11::B-2-25::B-2-21::B-1-2::N3-c-10::N-3-4::B3-c-28::N-B10::N-A01::B3-17::N-2-23::B-B07::B-2-12::B3-7::B-A03::B-A10::B-B02::B3-15::N3-16::N3-12::N-B08::B-2-17::N-2-17::N-B09::B3-13::N3-13::B-2-15::B3-6::N3-6::N3-3::B3-16::N-1-2::N-A05::	26
chr17	44532400	44742400	chr17_44532400	33	210000	0.00526516969639605	46	2.76983781380031e-10	39	3.90718011632341e-06	::N3-17::N-A03::B-3-4::B-A10::N-B05::B3-11::B-2-23::B3-17::B-B10::N-B09::N3-c-14::B-A02::B-1-2::B-A08::N3-16::N-A08::B3-c-28::B3-2::N-2-14::N-2-25::N-A02::N3-2::N-2-23::B-B02::B-2-27::N-B02::B-2-12::N-2-12::B3-19::N3-19::B-1-7::N-B03::B3-3::	24
chr17	74178700	74388700	chr17_74178700	35	210000	0.000532495033235615	47	6.46519393495797e-11	43	1.91074238491379e-08	::B-B10::N3-19::B-B02::B-2-25::B3-6::B3-c-9::B-A10::B-B05::B3-17::N3-17::N-A12::B-A11::B-2-27::N-B05::N3-7::B-3-4::B3-7::N-A08::B-2-23::N-2-23::N-2-25::B-2-15::N-2-17::B3-11::N3-11::B-B04::N-B11::N-A05::B-A05::B-1-2::B-A04::B-B03::B-2-26::B3-c-28::N-2-15::	23
chr17	74533600	74743600	chr17_74533600	37	210000	4.81128946144909e-05	54	1.38518126748229e-15	49	3.30822004742952e-12	::B3-6::B-A11::B3-7::N-A11::N-2-15::N-B02::B-A10::B3-3::N-1-2::B-A02::B-2-14::N-2-23::B-2-23::B3-5::N-B05::B-B11::N-2-14::B3-15::N-B03::B-1-7::N3-11::B3-11::B-3-4::B3-13::N-1-6::B-B05::N-3-4::N-B08::B-1-2::B3-c-28::N3-16::B-2-25::N-2-25::B-1-6::N3-19::B-1-10::B-1-9::	31
chr18	4886500	5096500	chr18_4886500	39	210000	3.90718011632341e-06	49	3.30822004742952e-12	43	1.91074238491379e-08	::N-2-25::B3-11::B-A03::N3-16::N-2-15::B-B11::B-A08::B-B10::B3-7::B-1-2::B-A05::N-A05::N-A03::B-1-6::N3-17::N-A01::N-1-10::N-B08::B-B02::N-3-1::B-3-1::N-B10::B3-3::B-A02::N3-c-28::B-2-21::B-3-4::B-A10::B3-c-9::B3-5::N-2-9::B-B04::N3-19::B3-17::B3-15::B3-2::B3-c-28::B-B07::B-1-7::	28
chr18	7729000	7939000	chr18_7729000	35	210000	0.000532495033235615	56	5.41260136690614e-17	46	2.76983781380031e-10	::N-2-27::N-3-4::N-B09::N-2-23::B-A07::B-2-17::N3-16::B3-7::N3-7::B-A10::N-A10::N-2-15::B-1-2::B-2-25::B-B10::N-1-6::N-3-1::B-2-21::N-2-14::B-3-1::B3-12::B-A11::B-2-15::B-2-27::B-1-7::B-A01::B-B07::B-2-23::N-A02::B3-11::N3-15::B3-15::N-1-2::B3-17::B3-6::	29
chr18	9278800	9488800	chr18_9278800	37	210000	4.81128946144909e-05	48	1.47762896019352e-11	41	2.86727754625202e-07	::B-2-15::B-3-1::B3-c-9::B-B05::N-B08::N-B07::B-B07::B3-c-28::N-1-2::N-2-12::B-2-12::N-2-23::N-A03::N-2-21::N-A01::N-3-1::B-A08::B-1-2::B3-c-10::B-2-25::B3-17::B-B09::B3-12::B-B04::B3-3::N3-3::B-2-23::N-2-25::B-A01::N3-c-9::N-2-17::N-A02::B-A02::B3-2::B-A12::B-B11::N3-6::	25
chr18	9972400	10182400	chr18_9972400	48	210000	1.47762896019352e-11	65	1.07391572204665e-23	60	6.69884965608555e-20	::B-B10::N-B02::B-A03::B-1-10::N-A01::B3-7::N-A11::B-B04::B-A08::N-1-6::B3-c-9::B-1-6::B-3-4::N3-3::B3-3::B3-5::B-B02::N-B11::B-B11::N3-13::N-2-21::N-2-23::B-1-7::N-2-27::B-B05::N3-19::B-2-25::N-B05::N3-16::N-2-15::B-2-14::N-B08::N-2-14::B-2-15::B3-16::B-2-23::N-1-2::B3-c-28::B-1-2::B-3-1::N-3-1::N-A05::N-B03::N-A02::N-2-17::B-A02::N-1-7::B-2-27::	33
chr18	31662400	31872400	chr18_31662400	34	210000	0.00169886367677109	42	7.48937399139004e-08	38	1.38900229830847e-05	::B-2-25::N-B08::B-B08::B3-2::B-1-7::B-B09::B-2-14::B-A10::B-A01::N-1-7::N-1-10::N-3-4::B-A02::B3-6::N-1-6::B-B05::N-2-27::N3-11::B3-11::N3-19::N3-6::B-2-21::N-2-21::B-B10::B-1-2::N-2-23::N3-13::B3-19::B-A05::N-A11::B-A08::B3-7::B-3-4::N-B05::	17
chr18	34239300	34449300	chr18_34239300	33	210000	0.00526516969639605	44	4.76403052770134e-09	39	3.90718011632341e-06	::B-2-21::B-A10::N-A01::B-B03::N-B03::N-2-15::B3-2::B-1-2::B-B05::B-B02::B-2-9::B3-12::B-A07::N-1-7::B3-11::B3-c-32::N-A07::N-A11::B3-19::B-A05::N-A05::B-2-14::N-B02::N-B04::B-B04::B3-6::B-2-26::N-A02::N3-13::B-A02::B-A08::B-2-15::B3-3::	22
chr18	35067100	35277100	chr18_35067100	36	210000	0.000162269962341719	52	3.29401892140083e-14	44	4.76403052770134e-09	::B-A08::B-B04::N3-13::N3-17::B3-17::B3-6::B-2-15::B3-7::B3-c-28::N3-19::B-A02::B-2-23::B-A01::B-A10::N-A01::B-3-4::B-B09::N-A11::N-A08::B-1-2::N-2-25::B-2-25::B-B05::N-2-15::N-3-1::N-B10::N-1-6::B3-19::B-B03::B-B10::B-1-6::B-B07::N-B05::N-1-2::N-B02::B-B02::	29
chr18	35556000	35766000	chr18_35556000	38	210000	1.38900229830847e-05	48	1.47762896019352e-11	42	7.48937399139004e-08	::N3-c-28::B-A10::B-2-23::N-2-23::B3-7::B-2-14::B-1-7::N-A10::B-1-6::B-A01::N-A01::B3-c-10::B3-6::B-2-15::B-3-4::B-B02::N-B11::B-2-25::B-B10::B-3-1::N-2-17::B3-16::N3-16::N-1-4::N-B05::B-A07::N-B03::N3-3::N-1-9::B3-19::B-B05::N-2-9::N-A11::N-1-6::N-B07::B-B07::N3-13::B-1-2::	26
chr18	42179400	42389400	chr18_42179400	33	210000	0.00526516969639605	41	2.86727754625202e-07	37	4.81128946144909e-05	::B3-6::N-A10::B3-7::N-2-23::B-A03::B-A02::N3-15::B3-15::N3-6::N-A12::B-1-6::B-B05::N-A02::B-A07::N3-2::B-2-21::N-2-21::B-B10::B3-c-9::N-1-7::N-2-15::B-A05::B3-2::B-2-25::N-A01::N-B05::B-3-4::B-1-7::N3-13::N-B10::B-A12::B-B11::B-B09::	24
chr19	3453200	3663200	chr19_3453200	37	210000	4.81128946144909e-05	65	1.07391572204665e-23	56	5.41260136690614e-17	::B3-5::N-A01::N3-c-9::B-A08::B-B10::B3-19::N-1-2::N-B10::B-B05::N-B05::N3-12::B-1-6::N-A10::N-2-15::B-A05::B-2-15::B-A10::N-B03::B-B03::B3-c-9::N3-16::B-1-10::N-2-21::B-1-4::B-2-14::B-2-21::B-B02::N-2-14::B-1-2::B-B07::B-2-23::B3-6::B-A07::B-2-25::N-2-17::N-A02::B3-2::	43
chr19	4624800	4834800	chr19_4624800	31	210000	0.0461983156236993	40	1.07158966316934e-06	37	4.81128946144909e-05	::B-A04::N-3-1::B-3-4::B3-5::B-A02::N-B05::B-2-12::B-A03::N-1-6::N3-17::N3-11::B3-6::B3-7::B-2-21::B-2-17::B3-17::B-1-2::N-B03::B-B03::B-1-6::B-A01::B3-11::N-2-27::B-A11::N-A10::N-2-15::B-B04::B3-19::B-A05::N-2-17::B3-c-9::	19
chr19	11793800	12003800	chr19_11793800	32	210000	0.015838032802534	41	2.86727754625202e-07	37	4.81128946144909e-05	::B3-c-9::N-2-15::B-B02::B-2-25::B3-3::B-2-27::N3-3::N-1-7::N-2-14::B-2-15::N3-7::N3-c-9::B-B10::B-1-7::N-A11::N-B03::B-B03::B-A01::B-B04::N3-6::N-B04::B3-6::B-2-9::N-2-9::B-B07::N-B02::B3-12::N-2-21::B-1-2::B-A08::N-A08::B-B05::	25
chr19	16135900	16345900	chr19_16135900	39	210000	3.90718011632341e-06	57	1.04173261640839e-17	52	3.29401892140083e-14	::N3-7::B3-3::B3-11::N-2-15::N-A01::B3-13::N-B03::N-2-9::B-A01::N-A07::B-3-1::N-B07::N-B10::B-B07::N-B04::B-A11::B3-17::N-B09::B-B11::B3-6::B-B02::B-2-25::B-B04::B-3-4::N-2-23::B-A08::B-B09::N-2-27::B-2-27::N-B02::B3-19::B-2-9::B-A10::B3-5::N-A12::B-1-2::B-2-23::N-A02::N3-16::	31
chr19	29947600	30157600	chr19_29947600	35	210000	0.000532495033235615	42	7.48937399139004e-08	32	0.015838032802534	::B-3-1::B-2-25::N3-6::B-1-2::N-1-2::B-B04::B-A08::B3-6::B-B10::B-2-15::B-1-6::N-A10::N-B05::N-2-25::N3-11::B-B05::B3-c-9::N-A08::B-A11::N-A11::B3-19::B3-13::B3-11::B-1-7::B-A01::N-2-12::B-2-12::N-B09::B3-17::B-A02::B-A10::N3-13::N-A02::B-A05::N-A05::	20
chr19	45569300	45779300	chr19_45569300	33	210000	0.00526516969639605	43	1.91074238491379e-08	34	0.00169886367677109	::B-B05::N-B08::B-2-23::B-A07::N3-c-28::N3-13::B3-13::B3-c-28::B3-6::B-B10::N-2-21::B-A04::N3-11::N-2-9::N-2-15::B-A08::B3-16::N-B09::B-B09::B-B03::B-2-26::N-2-26::N-2-17::B3-2::B-A10::B-2-15::B-A05::B-2-27::B-B02::N-A08::B-1-2::N-1-2::B3-19::	16
chr2	17992700	18202700	chr2_17992700	37	210000	4.81128946144909e-05	53	6.81828726420767e-15	48	1.47762896019352e-11	::B-A08::B-2-17::B-1-2::N-1-6::B-B07::B3-6::B-3-1::B3-12::B3-16::N-B04::N-A11::B-B02::B3-3::N3-19::B-B11::N3-13::N-A05::N-A01::N-2-23::B-B10::B3-15::B3-c-9::B-3-4::N-2-17::B-2-15::N-A03::N3-6::N-B08::N-2-15::B3-17::N3-16::B-1-6::B-A01::N-B07::B-2-21::N3-c-14::B-2-12::	25
chr2	22961800	23171800	chr2_22961800	31	210000	0.0461983156236993	37	4.81128946144909e-05	35	0.000532495033235615	::N-1-10::N3-12::B3-19::N3-11::B-B09::B-1-2::N-B02::B-A04::B-B08::N-B08::B3-12::N-2-25::B-2-27::B-2-14::B3-c-14::N-A11::B-3-4::B-2-15::B-A05::B3-3::B-B04::N-B04::B-B11::B-A11::N-A01::B-1-7::N3-13::N3-16::B-B05::B-2-26::N-A07::	18
chr2	37397100	37607100	chr2_37397100	38	210000	1.38900229830847e-05	55	2.76292435727107e-16	52	3.29401892140083e-14	::B-3-1::N3-19::N-2-21::N3-13::N-A05::B3-7::N-B07::N-B04::B-1-2::B-2-15::N-A04::N-B08::B-B08::B-B10::N-B10::N-3-4::N3-11::B3-11::B-2-14::B-A07::B-B11::N3-16::B-2-17::N-2-9::N-1-6::N-2-12::N-3-1::B-2-23::B3-6::B-2-27::N3-5::N-B03::N-2-15::N3-6::B-B05::B-B07::N-A01::B-A01::	32
chr2	48774100	48984100	chr2_48774100	35	210000	0.000532495033235615	57	1.04173261640839e-17	51	1.56136470678081e-13	::N-2-17::B3-19::B-B05::B3-c-10::B-B11::B-A12::N-A12::B-3-1::B-2-17::B-A11::B3-2::N-A11::N3-6::B-B07::B-2-12::B-2-27::B-A03::B-A10::B3-7::N-2-27::N3-11::B-2-25::N-2-15::B-A01::N-A02::B-A02::B-2-15::B3-11::B3-5::N-A05::B3-6::N3-19::B-3-4::B-B10::N-A03::	31
chr2	49411700	49621700	chr2_49411700	33	210000	0.00526516969639605	47	6.46519393495797e-11	43	1.91074238491379e-08	::B3-c-9::B-B09::B3-7::B-B02::B3-c-10::N-B04::B-A11::N-A11::N3-13::B-B05::B3-2::B-2-26::B-1-7::N-A04::N3-c-9::B-1-10::N-A01::B-A01::B-2-23::B-2-21::B3-19::N-1-6::B-B08::N-B08::N-3-4::B-B11::B-B10::N-B05::N-2-15::N-B10::B3-5::N3-19::B3-3::	22
chr2	59154000	59364000	chr2_59154000	31	210000	0.0461983156236993	40	1.07158966316934e-06	36	0.000162269962341719	::B3-3::B3-17::B-A11::B-B10::N-A07::B-1-10::N3-7::B-1-2::B-2-9::B-B05::B3-12::N3-6::B-2-15::N-A11::N-B02::B3-11::N3-11::N3-16::B-A04::B-A02::B3-7::N-A05::B-A05::N-2-14::B-A08::N3-15::B3-15::N-A01::N-B05::N-B09::B3-c-14::	19
chr2	60728900	60938900	chr2_60728900	33	210000	0.00526516969639605	46	2.76983781380031e-10	39	3.90718011632341e-06	::B-B11::B-2-23::B-B07::N-2-15::B3-3::B-B03::N3-3::N-A12::B-A08::N-2-23::N-3-4::B-A05::N-A05::B-2-27::B-2-15::N-2-27::B-A10::N3-c-14::N-2-17::B3-c-14::N-A11::B-A11::B-2-14::B-B02::N-A02::B-B05::N3-5::N-B05::B-2-25::N-2-25::N3-7::N-3-1::B-A07::	23
chr2	90824700	91034700	chr2_90824700	35	210000	0.000532495033235615	42	7.48937399139004e-08	37	4.81128946144909e-05	::B-1-7::N-B02::N3-16::B-A04::N3-6::B-1-6::N-A12::B-A12::N-B05::N-3-4::B-2-14::N-2-14::N-2-15::N-2-21::B-A02::N-1-2::N-A05::B-B03::N-B03::N-B07::N3-13::B-A01::N-B11::N3-2::B-2-21::B3-19::B3-12::B3-c-9::B-B02::B-A03::N-3-1::B3-c-32::B-B09::B-3-4::B-2-27::	27
chr2	91724900	91934900	chr2_91724900	35	210000	0.000532495033235615	50	7.25854309404279e-13	47	6.46519393495797e-11	::B3-3::N3-16::N-2-25::B-2-25::B-2-21::N-A10::B3-6::B-B10::B-A07::B-1-6::B-1-10::B3-7::B-2-12::B3-17::N-A02::N-B05::B-1-7::B-A12::B-B04::B3-13::N-1-7::B-A01::B-A03::B-B09::B-1-2::N-1-2::B-A10::N-A11::B-B07::N-B08::N3-19::N-B02::B-2-15::B-3-4::B3-11::	19
chr2	98644700	98854700	chr2_98644700	82	210000	8.99704997302508e-38	485	nan	38	1.38900229830847e-05	::B-A07::B-A08::N-A05::N-1-2::N-A01::N3-16::N-B07::N-1-7::N-B05::N3-6::N-2-14::N-B10::N-2-26::N-A02::N-2-12::N-A11::N3-7::N-B04::N-B09::N-A08::N-1-6::N3-13::N3-19::N-B08::N-B11::N-A03::N-A10::N-A12::N3-17::N3-c-14::N-2-15::N3-15::N-2-17::N-3-1::N-2-25::B-2-21::B3-12::N-2-9::N-B02::B-B02::N-1-10::N3-11::N3-12::N-2-27::N-2-21::N3-5::N-3-4::N-B03::N-2-23::N3-c-9::B-2-23::B3-17::B3-6::B-1-2::B-3-1::N-A07::N3-3::B3-c-28::B-B07::N-A04::B3-13::B-A02::B-B11::B-1-10::N-1-4::B-B10::B-2-15::B-A01::B-B08::B3-11::B-B04::N3-c-10::B-1-7::B-1-6::B-A05::B-2-27::B-B03::B3-19::B-A11::B-2-12::B-3-4::B-A12::	233
chr2	152130100	152340100	chr2_152130100	34	210000	0.00169886367677109	40	1.07158966316934e-06	37	4.81128946144909e-05	::N-2-17::B-1-4::N3-c-10::N-A12::N-A11::B3-5::B-2-27::N-2-27::B3-c-10::N-A05::B-A10::N-B08::B-2-14::N-2-21::B-2-25::B-2-23::B-B10::B-1-6::B3-7::N-A01::N3-7::B-A08::N-1-6::B-2-12::N3-16::N3-13::B3-13::N3-c-14::B-2-15::N-A02::B3-17::N-B09::N-3-4::B-3-4::	16
chr2	154754000	154964000	chr2_154754000	31	210000	0.0461983156236993	44	4.76403052770134e-09	39	3.90718011632341e-06	::B-1-6::B-B09::N-2-27::N-2-15::B-A03::N-B05::B3-c-9::B-A01::B-B10::B-B05::N-B04::B-3-4::B-B04::N-B02::B-3-1::B-B02::N-A05::B-A05::B3-12::N-B08::N-2-9::B3-c-10::N-A07::B-A07::B3-6::B-2-23::B3-c-14::B-B07::B3-17::B3-11::N-2-23::	21
chr2	156085800	156295800	chr2_156085800	34	210000	0.00169886367677109	42	7.48937399139004e-08	35	0.000532495033235615	::B3-12::B-B03::B-1-6::N3-16::N-A02::N-B02::B-1-2::B-1-7::N-1-7::N-1-2::B3-3::B-B02::N3-6::N-3-1::B-2-14::N-2-14::B3-7::B-3-4::N3-c-14::B3-c-14::B3-19::B-B05::N-B03::B-B10::N3-11::B3-11::B3-2::B-A07::N-2-17::B-A12::N-A07::B3-c-9::N-B10::B3-c-28::	18
chr2	160645200	160855200	chr2_160645200	33	210000	0.00526516969639605	41	2.86727754625202e-07	36	0.000162269962341719	::N-B09::B3-c-28::B-B05::B-2-27::B-B02::N-A01::N-2-17::N-B04::N-B08::B-3-4::B-A02::N3-19::N-2-15::B-B10::B3-12::B-2-14::B3-2::B3-19::B-2-15::N-A08::B3-5::N-1-2::B-A04::N-A04::N3-11::B-B07::N-B03::N3-17::N-A11::B-A11::B3-11::B-3-1::N3-6::	24
chr3	16043500	16253500	chr3_16043500	31	210000	0.0461983156236993	35	0.000532495033235615	32	0.015838032802534	::N3-11::B-2-25::N-3-4::N-2-26::N-A08::B-A04::N3-13::B-2-15::N3-3::B-B02::N-A11::N3-6::B3-6::B3-12::B-3-1::B-B08::N3-19::B3-19::B-1-2::N-2-15::B-A07::B-B11::B3-7::B3-11::B3-2::N-2-17::B-2-27::N-2-14::N-1-2::B-A08::B-2-21::	15
chr3	19129800	19339800	chr3_19129800	38	210000	1.38900229830847e-05	48	1.47762896019352e-11	42	7.48937399139004e-08	::B-3-4::B-A07::B-B09::B-1-7::B3-6::B3-11::N-A02::B-2-14::N-3-1::B-B05::B3-3::B-2-27::N-B05::B3-c-28::B-2-15::N-1-10::B-B02::N-2-15::B-B10::N3-13::N-A12::B-A12::N-B09::B-1-6::N-3-4::N-A11::N-1-2::B3-2::N-A01::B-2-17::B3-13::N-A10::B-2-21::B-2-26::N-2-26::N3-19::B-A11::N-B04::	25
chr3	27512200	27722200	chr3_27512200	39	210000	3.90718011632341e-06	58	1.97039521103612e-18	50	7.25854309404279e-13	::N3-c-14::N-2-25::N-A07::B-A07::B3-17::N3-19::B-2-25::N3-17::N-2-26::N-A02::B-A02::B3-6::B-B02::B3-19::N-A05::B-B10::N3-11::N-3-4::B-2-15::B-2-21::N-2-21::B-1-7::B-B07::N-2-15::B3-c-14::B-1-2::N-B10::N-B09::B3-3::B-2-14::B-B05::N-B05::N-B02::B3-5::N-2-14::B3-7::B3-13::B-A10::B-2-23::	28
chr3	33908800	34118800	chr3_33908800	31	210000	0.0461983156236993	35	0.000532495033235615	31	0.0461983156236993	::B-1-6::N3-15::B-1-4::N-2-17::N-A11::N-B08::B-B05::B3-3::B-A01::B-3-1::B-A07::N-A07::B3-7::B3-12::B-1-7::N-2-23::B-B10::B-2-21::B-2-9::B3-16::B-B09::B-B02::N3-19::B-B07::N-B05::B3-13::B-2-12::B-A11::B-B03::B-2-23::N-3-1::	27
chr3	51363300	51573300	chr3_51363300	38	210000	1.38900229830847e-05	54	1.38518126748229e-15	48	1.47762896019352e-11	::N-2-14::N-2-17::B3-11::B-B04::B-B08::N3-3::N-2-25::B3-19::B-1-2::B-2-14::B-A12::N3-19::B-B02::B3-3::N3-13::B-2-25::N-1-2::B-1-6::B-B10::N-1-6::B-2-9::B-B05::B-2-15::N3-11::B-2-26::B-2-21::N-3-1::B-3-1::N-B04::N-A01::B-A03::N-B03::B3-7::N3-7::B3-c-14::B-A02::B-A07::N-A08::	22
chr3	58413500	58623500	chr3_58413500	31	210000	0.0461983156236993	40	1.07158966316934e-06	34	0.00169886367677109	::N-A02::B-2-14::B3-19::B-A12::B-B10::N-B10::B-2-26::N-2-15::B-B02::N-B09::B-B09::B-A03::N3-c-14::B3-c-14::N-2-26::B-1-7::N-B05::N-B11::N3-16::N3-3::N-2-27::B-2-25::N3-19::B3-13::N3-13::N-1-7::B-A11::N-A11::N-B02::B-2-15::B-A10::	20
chr3	60460700	60670700	chr3_60460700	36	210000	0.000162269962341719	50	7.25854309404279e-13	36	0.000162269962341719	::B-1-6::B-2-14::N-2-14::B-B04::N-B04::N-1-6::N-2-21::B-1-2::B-B02::B-2-27::B-2-23::B-1-7::N-A08::B-B10::N-B03::B-B03::B-A11::N-A11::B3-11::B3-19::N-1-7::N-2-12::B-2-12::B-A02::N-2-15::B3-3::N-3-4::B-3-4::N3-3::N-2-17::N-A02::N-2-23::B-A07::N3-19::B-A05::N-A07::	20
chr3	69003700	69213700	chr3_69003700	43	210000	1.91074238491379e-08	64	6.36294958556128e-23	51	1.56136470678081e-13	::B-B09::B3-3::N-1-6::N-B10::B-B10::B3-c-28::N3-19::B-1-2::B-2-12::N-2-12::N3-7::N-2-23::B-A08::B-2-25::B-2-14::N-2-14::B-A10::N-A10::N-B07::B-A02::B-B03::N-B03::B-B02::B-2-17::N-A08::N-2-21::B3-c-10::B-B04::B-2-15::N3-15::B3-15::B3-6::N-B09::N-B08::B-A01::B3-19::B-B08::N-2-25::N-3-1::N-2-17::N3-11::N-A01::N-A07::	35
chr3	84795100	85005100	chr3_84795100	31	210000	0.0461983156236993	40	1.07158966316934e-06	39	3.90718011632341e-06	::N-B09::B-A03::N-B02::B-B05::N-B10::N3-3::B-1-2::N-2-23::N-A05::B-2-15::B-1-6::B-A08::B3-6::N-2-27::N-A11::B3-19::N-A02::B-A02::B-2-26::B-2-23::N-3-1::N-A08::B-A11::B3-3::N-1-7::N-A10::B-A12::B3-7::N3-19::B-2-17::B-2-14::	21
chr3	88852400	89062400	chr3_88852400	37	210000	4.81128946144909e-05	54	1.38518126748229e-15	51	1.56136470678081e-13	::N-1-2::B-2-25::N-2-25::B3-12::B-B02::N-2-27::B-2-27::B-B07::N3-16::B3-13::B-3-4::B3-2::B-B05::B-B08::B-2-21::B3-6::B-1-7::N-B05::B-2-15::B-3-1::B-B10::N-1-6::N-B08::B-B09::N-B02::N-2-15::B-B03::B-A07::B-A08::B3-3::N3-6::B3-c-28::B3-17::B3-5::B-1-6::N-B07::N-3-1::	30
chr3	89890800	90100800	chr3_89890800	32	210000	0.015838032802534	38	1.38900229830847e-05	34	0.00169886367677109	::N-B08::B-A04::B-2-27::N-2-27::N-B04::B3-2::B-A08::B3-c-28::B-1-10::N-A04::N-1-6::N-A11::B-2-14::B-1-6::N3-12::B3-12::N-A08::N-B09::N3-19::B-A10::N-A01::N-3-4::B-B02::N-2-25::N-2-23::B-2-21::N-2-21::B-1-2::B-A02::N-B02::N-A10::B-B11::	21
chr3	90290900	90500900	chr3_90290900	40	210000	1.07158966316934e-06	49	3.30822004742952e-12	42	7.48937399139004e-08	::N-A11::B-2-27::N-B08::B-2-14::N3-19::B-2-25::N-B05::B-B05::B3-5::B-A07::B3-7::B-A02::N-B07::B-3-4::N-A01::N-1-6::N-1-2::B-1-2::N-2-27::N3-16::B3-16::B-B10::B3-2::N-2-17::B3-3::B-A01::N-B09::B-2-15::B-1-7::N-1-7::B-2-23::B-A03::B3-6::B-B02::B-A08::B3-17::N-B04::B3-c-10::N3-11::B-B11::	27
chr3	94838400	95048400	chr3_94838400	33	210000	0.00526516969639605	41	2.86727754625202e-07	36	0.000162269962341719	::B3-3::N-2-23::N-B05::B-2-12::B-A01::N-A01::N-2-15::B3-11::N-1-6::B3-16::N3-19::B-3-1::B3-13::B-2-27::B-A07::B-B11::N-2-14::B-2-26::N-2-26::B3-6::B-B05::N-1-4::N3-2::N-A11::B-A11::B-2-15::N-B04::B-1-10::N-A03::B-A08::B3-19::B-A12::N-2-17::	20
chr3	103243500	103453500	chr3_103243500	41	210000	2.86727754625202e-07	54	1.38518126748229e-15	46	2.76983781380031e-10	::B3-15::B-B09::N-2-23::N3-3::B3-c-28::B-A10::B-B10::B3-3::B-1-2::B3-6::N3-11::B-B07::B-A07::N-B04::B-2-17::N-2-25::B3-12::B-2-23::N-2-9::B-2-15::B-1-6::B-B03::N-B03::N-B05::N-2-15::B-2-21::B3-7::B3-13::B-2-25::B-A11::N-A11::B-2-14::B-A08::B-2-9::N-A12::N-B07::N-A08::N-2-27::B-2-27::B-A05::N3-19::	31
chr3	104821100	105031100	chr3_104821100	41	210000	2.86727754625202e-07	50	7.25854309404279e-13	45	1.16141410691106e-09	::B3-17::B-B02::B-3-1::B-A07::B-A08::B-B05::N-B03::B-B03::B-B09::B-B07::B-B11::B-A12::N-1-6::N-B04::B-B04::B-2-21::N-A12::B-A11::B-2-15::B-2-25::N-2-25::B-A10::N-2-26::B3-12::B-2-9::N-3-4::B3-15::B-2-17::B-A04::N-1-2::B-A01::N-A01::B-2-27::B3-11::N3-16::B-A03::N-2-15::B3-6::N-B05::B-1-6::N-2-21::	27
chr3	135406400	135616400	chr3_135406400	33	210000	0.00526516969639605	44	4.76403052770134e-09	35	0.000532495033235615	::N-A05::B3-c-28::B-A10::B-B05::N3-13::B-A05::B-B02::B-A08::B-1-10::B3-6::N-2-23::B3-16::N3-11::B3-7::B3-11::B-2-21::B-2-14::B-A01::B3-3::N-B09::N-2-17::N-B02::B-A03::N-A08::N-A03::N3-17::N3-16::B3-19::B-2-25::N-1-6::N-2-15::B3-c-9::B-2-15::	24
chr3	144509000	144719000	chr3_144509000	33	210000	0.00526516969639605	42	7.48937399139004e-08	35	0.000532495033235615	::B-A11::B-B07::N-2-15::N3-15::B3-15::B3-19::N-2-25::N3-19::N-A08::N-A11::B3-6::N-B07::B-A10::B-2-14::B-2-15::B-B02::N-B03::B-B03::B3-7::N-B10::B-B10::N-2-23::B3-12::N-B04::N-2-17::B3-11::B3-c-9::B-1-2::B3-13::B3-3::B-A02::B3-17::B-B05::	21
chr3	152212500	152422500	chr3_152212500	42	210000	7.48937399139004e-08	52	3.29401892140083e-14	39	3.90718011632341e-06	::N3-c-14::B-B05::N-A01::N3-16::B3-16::B-2-12::N-2-12::N-1-10::B3-19::B-1-2::N-B10::B-A01::N-2-23::B-A08::N3-12::N-2-25::N-B03::N-1-6::N-A05::B-B03::B3-13::N-A11::B-B07::N3-3::N-2-27::B-2-27::B3-6::N3-c-28::B3-c-28::B-2-14::N3-6::N-2-15::B-B02::B-2-15::B3-5::B-2-21::B-2-9::B-1-10::N3-13::B-A10::B-A04::N-A04::	20
chr4	41091100	41301100	chr4_41091100	33	210000	0.00526516969639605	43	1.91074238491379e-08	41	2.86727754625202e-07	::B-B09::B-B03::B-B04::N-2-25::N-A05::B3-13::N-3-1::B-3-1::N3-11::B-1-7::B-B10::B-2-21::B-A12::B3-19::B3-c-32::N3-7::B-2-12::B-2-23::N-2-27::B-2-14::N3-13::B-B05::N-2-21::N-2-15::B-B11::B-2-27::B3-11::N3-16::B-2-15::N-B03::B-A08::N-A08::N3-17::	16
chr4	44770700	44980700	chr4_44770700	33	210000	0.00526516969639605	45	1.16141410691106e-09	42	7.48937399139004e-08	::B-1-2::B-1-6::B-B10::B-2-15::B3-6::B3-16::N3-16::B-A05::B-1-4::B-B02::N3-13::B3-13::B-B05::B-2-27::B-1-7::B3-11::B-3-1::N-3-1::B3-19::B-2-14::B-A07::N-2-15::N3-7::N-2-17::B-2-26::N-2-23::B-2-23::B3-7::N-3-4::N-A08::B-2-9::N-A01::N-1-2::	22
chr4	82257700	82467700	chr4_82257700	43	210000	1.91074238491379e-08	54	1.38518126748229e-15	47	6.46519393495797e-11	::B-A12::N-A11::N3-19::N-A12::B-3-4::B-2-21::B-1-2::N-A07::N3-6::B-2-15::N-B10::B3-c-9::B3-19::B-2-9::N-3-1::B-A07::B-A01::B3-15::N-2-21::N-B07::B3-17::B3-12::N-2-25::B-2-25::B-B02::B-B11::N-B04::B-B04::N-B03::N-1-7::B-1-10::B-B03::B3-6::B-1-7::N3-c-9::N-2-27::B-2-27::N3-16::B3-16::B-B09::N-2-14::B-A05::N-A02::	21
chr4	84347800	84557800	chr4_84347800	31	210000	0.0461983156236993	40	1.07158966316934e-06	36	0.000162269962341719	::B3-17::B-B03::N-B03::N-3-1::B-3-1::N-B05::B-2-14::B-B07::B-1-6::N-1-6::B-2-27::B-B10::N-A01::B-A08::B3-3::B-2-17::N-A03::B-2-25::N3-12::N3-16::N-B04::B-A05::N-2-26::B-1-7::N-B08::B-B08::B-2-23::B-B09::N-1-7::N-B11::B-3-4::	25
chr4	116520300	116730300	chr4_116520300	32	210000	0.015838032802534	35	0.000532495033235615	27	2.4086007657738	::B3-c-28::B-2-21::N-B05::B-B05::B-2-15::N-2-15::N-2-23::B-2-23::N-B09::B-B09::B3-3::B-A08::N-B04::B-B04::N3-3::N3-13::N-A03::B3-19::B-B10::B-A02::B-3-1::N-3-1::B-1-10::N-A01::B3-2::N-2-9::B-2-27::B-1-9::B-2-9::B-2-12::B-1-7::N-2-14::	13
chr4	119515700	119725700	chr4_119515700	33	210000	0.00526516969639605	42	7.48937399139004e-08	38	1.38900229830847e-05	::N-1-7::B3-3::B-1-7::N-B07::N-1-2::N3-13::B-A08::N-2-23::B-3-1::N-3-1::B-3-4::N3-19::B-B05::N3-11::N-B11::B3-11::N-A01::N-1-6::B3-5::B3-17::B-1-2::B3-19::B-B02::N-2-14::B-2-23::B-B10::N-2-15::B-A01::B3-c-9::B3-12::B3-6::N-2-27::N-B05::	23
chr4	129698100	129908100	chr4_129698100	34	210000	0.00169886367677109	39	3.90718011632341e-06	34	0.00169886367677109	::N-B09::B-B09::B-2-21::N-A01::B3-5::B-A08::N-2-9::B-2-9::N-B08::B-B08::B-B04::B-A11::N3-6::N-B02::N3-19::N-B04::N-1-6::B3-13::N3-13::B-A02::B-A07::N-2-15::B-2-15::B-1-6::N-A05::N-2-12::B-3-1::B-B10::N3-17::B3-11::B3-15::B3-c-32::B-A12::B-B11::	20
chr4	130566500	130776500	chr4_130566500	42	210000	7.48937399139004e-08	63	3.7120462738834e-22	49	3.30822004742952e-12	::N3-2::N-A02::N3-17::B-B02::N-2-21::N-B10::B-B10::N-3-1::B-3-1::B3-c-28::B-A10::B-B07::N-A01::N-1-6::B3-17::B3-12::N-2-15::B-2-15::N3-13::B3-11::N3-11::B-1-4::N-A08::B-A08::B3-2::N3-16::B-A05::N-B02::B-2-9::B3-13::B-1-6::B-1-2::B3-5::B-A07::N-B07::B3-7::N3-7::N-1-10::N-A11::N-B09::B-B09::B-B05::	29
chr4	132172500	132382500	chr4_132172500	33	210000	0.00526516969639605	44	4.76403052770134e-09	36	0.000162269962341719	::B3-17::B-B08::N-B08::B-A01::B-A11::B-A08::N-2-25::B-2-25::B-B07::B-B02::B-2-15::B-2-14::B3-15::N-3-4::B-3-4::N-A01::N-2-23::B3-5::B-B04::N-B04::B-1-7::N-2-26::N3-13::N-2-14::N3-11::N-A02::N-B05::B-B05::B3-13::N3-17::N-1-2::N-A05::N-A10::	24
chr4	135226100	135436100	chr4_135226100	36	210000	0.000162269962341719	45	1.16141410691106e-09	37	4.81128946144909e-05	::B3-c-28::N3-13::B3-13::B-B04::B-B02::N-3-1::B-A04::N-A04::B-2-12::N-2-12::B3-7::B-A08::N-A01::B-1-7::N-B10::B-B10::N-A11::B3-c-10::N3-19::B-A10::N-A10::N-B05::B-B05::B-1-6::N-2-17::B-A05::N-A05::B-A07::B-2-25::N-2-9::N3-11::B-2-21::N-2-23::N-A12::B-A03::B3-c-9::	28
chr4	136449400	136659400	chr4_136449400	40	210000	1.07158966316934e-06	67	2.92281691387302e-25	51	1.56136470678081e-13	::B-1-7::B-2-26::N-2-26::N-2-15::B3-c-9::N-1-7::N-3-4::B-3-4::N3-12::N3-19::N3-16::B-2-15::B-2-27::B3-12::N3-13::B3-7::B-A10::N-B07::B-B07::N3-c-9::N-3-1::B-A12::B-A08::B-A03::N-A08::N-A03::N3-c-14::B3-13::B-2-23::N-A07::B3-17::N3-2::B3-2::B3-6::N-B08::B-B08::N-2-12::B-A01::N-A01::B-2-25::	34
chr4	137234900	137444900	chr4_137234900	31	210000	0.0461983156236993	38	1.38900229830847e-05	32	0.015838032802534	::N-2-17::N-B08::B3-11::N3-c-28::B3-12::N3-17::N-B04::B-2-15::B-B07::B3-5::N3-7::N-1-6::B-B08::N-2-26::N3-6::N-2-25::B3-7::B-1-6::B3-c-28::B-3-4::N-2-15::B3-3::N3-c-9::B-A12::N-A10::B-A10::N3-13::B3-13::B-A11::N-3-1::N-2-12::	17
chr4	150288800	150498800	chr4_150288800	33	210000	0.00526516969639605	41	2.86727754625202e-07	37	4.81128946144909e-05	::N3-16::B-A05::N-A05::B3-6::N3-15::B3-7::B3-16::B-2-14::N-A10::N-B09::N-B05::B-2-23::B-B09::N-B02::B-2-25::B-B02::B-2-15::N-2-15::B-A04::B3-c-28::B-A08::N-A01::B-1-10::N-B08::B-B08::B-B05::B-A10::B3-3::N-B04::B3-2::N-1-7::N-2-23::B-B11::	20
chr4	155478300	155688300	chr4_155478300	38	210000	1.38900229830847e-05	49	3.30822004742952e-12	40	1.07158966316934e-06	::B-B09::B-2-9::B-A10::N-2-9::B-B11::B-2-27::B3-17::B-A07::N3-13::B-2-15::N-2-14::B3-c-32::B-2-23::B3-19::N3-19::N-B04::N-2-15::B-2-25::N-2-25::B3-13::B-2-14::B3-3::N3-3::N-1-2::B-1-6::B3-11::B-B02::N-A11::B-A11::B-B05::N3-11::B-A12::N-A02::B-1-2::N-3-1::B-B10::N-2-27::B-A02::	26
chr5	20832800	21042800	chr5_20832800	37	210000	4.81128946144909e-05	50	7.25854309404279e-13	47	6.46519393495797e-11	::B-1-2::N-1-7::B3-17::B3-6::B-2-25::B-3-1::N-2-27::N-1-6::B-2-15::B-A01::B3-7::N-2-9::N-A01::B-B02::N-1-10::B-B09::B-1-10::B-B10::B-A10::B-B03::N-2-17::B3-19::N3-19::B-B05::N-3-4::B-2-27::N-B10::N-A05::B3-c-32::N3-17::N-A12::B-3-4::N3-11::N-2-14::B-A02::B-1-6::B3-12::	33
chr5	23420500	23630500	chr5_23420500	40	210000	1.07158966316934e-06	54	1.38518126748229e-15	50	7.25854309404279e-13	::B-B02::B-1-7::B-A10::B3-7::B3-12::B-A08::N-2-15::B-B07::B-A01::B-2-15::N-B09::N-2-9::N3-11::B3-11::B3-2::N-A01::B-1-2::N-2-21::B-2-14::B-A05::N3-3::B3-3::B3-6::N-B04::N-A07::B-3-4::B3-19::B-A03::B-B05::B-2-25::B3-c-28::B-A07::N-A05::B-A12::N-2-27::N-A02::B-1-6::N-2-23::B3-c-9::B-2-21::	24
chr5	25286900	25496900	chr5_25286900	47	210000	6.46519393495797e-11	134	2.65054874224027e-89	105	3.32903517619082e-59	::N-2-9::B-2-9::B-1-2::B-2-15::B-A10::N-2-17::N-A05::B3-13::B3-7::B-2-17::B3-12::N3-12::B-1-6::N3-13::N-2-25::N-2-15::B-B02::N-B02::B-2-27::N-3-1::N-A03::B-B10::B-B07::B-A02::B-A08::B-A03::N-A08::B-B08::B-1-10::B3-c-9::B-2-25::B-B09::B-A11::N-B07::N-B10::N-B08::B3-17::N-A07::B-3-1::B3-5::N-2-23::B3-6::B-B05::B-B03::B-2-21::B-2-23::N-B05::	74
chr5	28061800	28271800	chr5_28061800	86	210000	2.55697025901506e-41	205	0	12	13646.9161952876	::B-2-27::N-B04::N-A01::N-2-23::B3-7::N-2-15::N-A08::N-B09::N-2-25::N3-16::N3-11::N-3-4::N-1-2::N-2-21::B3-c-28::B-2-21::B-2-12::B-2-15::B3-12::B-B10::B3-6::B3-c-9::B3-5::N3-15::B-A08::B-1-2::B-B04::N-A11::B3-16::B-2-25::B-A10::B-2-9::N-2-14::N-1-7::N-B03::N-B05::N-1-6::N3-3::N-1-4::N3-c-14::B-A04::B-B11::B-2-14::B3-15::B-B03::B-2-17::B3-11::B-B05::B-B08::B-1-7::B-1-10::B-B09::B-1-6::B-B07::B-1-4::B-2-23::B-A02::B3-13::B-A01::B-3-4::B-A11::B-3-1::B3-3::B3-17::B3-2::B3-19::B-A05::B-B02::B-A07::N-3-1::N3-5::N-2-12::N3-12::N-B02::N3-7::N-B10::N-B08::N-A03::N-2-27::N-1-10::N-A02::N-A10::B-A12::N3-13::N-A12::B3-c-10::	130
chr5	32450000	32660000	chr5_32450000	35	210000	0.000532495033235615	40	1.07158966316934e-06	34	0.00169886367677109	::B3-17::B-2-17::N-2-17::B-3-1::N-A05::B-A05::N-A08::B-B02::N-2-25::B-2-25::B-A07::B-3-4::N-2-23::B-A08::N-3-1::B-2-15::N-A12::N3-16::B3-16::B-A10::N-A11::N3-19::N-2-15::N3-17::B3-19::B3-c-10::B-2-23::B-A11::B-B09::N-B09::B-A12::N3-11::N3-c-9::B3-13::B-B07::	23
chr5	34339200	34549200	chr5_34339200	37	210000	4.81128946144909e-05	73	4.15702189655323e-30	62	2.13171360062743e-21	::B3-12::B-2-21::N3-3::B3-3::N-A12::N-B04::N-B05::N-B08::N3-16::B-B02::B-1-7::B-1-6::N-A01::N-B10::B-B10::N-1-6::B-B05::N-2-26::B-2-15::B-2-14::B-A05::N-B03::N-A02::B-3-1::B3-c-9::B-A08::N-2-12::B3-6::N3-13::B3-16::B3-13::B-A12::B3-11::N-2-17::B-2-17::B-2-23::B3-17::	34
chr5	53522600	53732600	chr5_53522600	32	210000	0.015838032802534	37	4.81128946144909e-05	31	0.0461983156236993	::B3-2::B-1-2::B-A12::N-3-4::B-2-14::B3-6::N3-6::N-A02::B3-13::N3-13::B3-19::B3-c-9::B-3-1::N-B09::B-3-4::B-2-12::B-B04::N-B02::B-B02::N-A10::B3-17::N-A03::N-2-21::N-B04::B-B05::B-A02::B-2-23::N-2-23::N-B03::N3-c-28::B-2-26::B-A04::	18
chr5	65514300	65724300	chr5_65514300	39	210000	3.90718011632341e-06	64	6.36294958556128e-23	59	3.66375485105269e-19	::N-A03::N-1-7::B-B10::N-3-1::N-2-21::B3-7::B-A10::B-2-15::N-2-15::B-A02::B-3-1::B-1-2::B-B05::N3-c-14::B3-13::B-A07::N-A11::B-2-21::N-A01::B-2-25::N-A12::N-1-6::B-1-10::B3-c-14::B-1-6::B3-c-28::B3-12::B-A11::B-1-7::B3-6::N3-6::N3-13::N-B02::N-1-10::B-B07::B-2-23::B-B09::N-B05::B-A05::	38
chr5	90225400	90435400	chr5_90225400	40	210000	1.07158966316934e-06	66	1.78505392263699e-24	62	2.13171360062743e-21	::N-1-6::B-A04::B-B05::N-B05::B3-c-9::B-B04::B3-6::N-2-17::B3-17::B-A10::N3-13::B-A12::N-1-2::N3-3::B-1-2::B-A01::B3-19::N3-6::N-A10::N-2-23::B-2-25::B3-12::N-2-21::B-2-15::N-B10::B-B09::N-1-7::N3-17::B3-7::B-A02::B-1-6::N3-19::B-1-7::B-A08::N3-c-14::N-A02::N-2-25::N-A07::N-B08::N-3-1::	34
chr5	96070200	96280200	chr5_96070200	31	210000	0.0461983156236993	39	3.90718011632341e-06	36	0.000162269962341719	::N-B08::N3-6::N-A01::N-2-15::B3-19::B3-c-9::B-3-4::B-2-15::N-B10::B-B10::B-A03::B-A02::N-A02::N-2-17::B-B02::B3-17::B-B04::B-1-2::N-A11::B3-3::N3-16::B-1-6::B3-13::N-1-6::N-B05::N3-13::N-B02::N-B04::B-2-25::B3-11::B-1-7::	20
chr5	103668700	103878700	chr5_103668700	37	210000	4.81128946144909e-05	51	1.56136470678081e-13	42	7.48937399139004e-08	::N3-3::B-1-2::B-B09::N-B08::B-B08::N3-6::B-2-12::B3-c-9::N3-13::N-B03::B-2-15::B-2-23::B3-7::N-3-4::N-2-15::N-2-9::B3-6::B3-c-28::B-2-21::N-B10::B3-12::B3-5::B-A07::N-A07::B-1-6::N-2-23::N-B05::B-1-7::N-1-7::N-1-6::B-A04::B-B02::B3-19::N3-19::N-3-1::N-B02::B-A08::	24
chr5	108450300	108660300	chr5_108450300	31	210000	0.0461983156236993	46	2.76983781380031e-10	42	7.48937399139004e-08	::B3-5::B-1-2::B-2-23::B-1-6::B-2-12::N-2-12::B3-17::B-A10::B-2-14::B3-12::B-A05::B-2-15::N-2-23::B-A07::N-2-15::B-A01::B-B04::N-B04::N-A12::N-A04::N-1-6::B3-3::N3-15::N-A11::B-A11::B-B03::B-3-4::N3-11::B3-11::B-B05::B-3-1::	23
chr5	121653300	121863300	chr5_121653300	32	210000	0.015838032802534	39	3.90718011632341e-06	33	0.00526516969639605	::N3-17::N-B03::B-1-10::B-2-27::B-A05::N-B02::N-2-26::B3-c-10::N-2-21::N-1-2::B-1-2::N-2-15::B-A07::B3-19::B3-6::B-B09::B3-11::B3-5::N-3-1::B-2-15::N-2-25::N-B08::N3-c-32::B3-3::B-B10::B-1-6::B3-17::N-1-6::B-B11::B-B03::B-A08::N-A08::	15
chr5	122286300	122496300	chr5_122286300	36	210000	0.000162269962341719	49	3.30822004742952e-12	42	7.48937399139004e-08	::B-A10::B3-19::B-B03::N-B08::B-B04::B-B10::B-B05::B-A11::N-A11::N-B02::N3-19::N3-13::B-A08::B-A03::N-A08::N-A03::B-3-4::N-2-25::N-3-1::N-2-27::B3-c-9::N-2-15::B-3-1::N-B09::B-2-15::B-A01::N-A01::B-A07::B-B02::N-1-2::B3-3::B-1-6::B3-6::B-2-25::B-B09::B-2-27::	27
chr5	125009400	125219400	chr5_125009400	32	210000	0.015838032802534	46	2.76983781380031e-10	44	4.76403052770134e-09	::B3-6::B-B05::B-2-15::N-B10::B-2-21::B3-17::N3-17::B3-c-28::N-B11::B-B11::B-1-6::N-2-25::B3-7::B-A03::B-1-2::B-A07::N-2-23::N-2-14::B3-12::B3-3::B-A10::B-A08::B-A02::N-3-4::N-2-15::N-1-2::B-2-14::N-B09::B3-c-32::B-B10::N-A11::B-B08::	24
chr5	147345600	147555600	chr5_147345600	36	210000	0.000162269962341719	56	5.41260136690614e-17	49	3.30822004742952e-12	::N-A03::B-2-25::B3-13::N3-17::N-2-17::B-A02::B3-c-9::N-2-15::B-A08::B3-19::N3-19::N3-2::B-A05::N3-c-14::B3-17::B3-5::B-B03::B-1-7::N-2-23::B-2-23::N-1-7::B3-7::B-B08::B-3-1::B-A12::B-1-6::N-B04::B-B02::B3-c-28::B-B07::N-B08::B3-6::B-B04::B-A10::N3-6::B-3-4::	31
chr6	17642400	17852400	chr6_17642400	32	210000	0.015838032802534	44	4.76403052770134e-09	37	4.81128946144909e-05	::B3-3::B-2-27::B-B10::N-B10::B3-c-14::N3-c-14::B3-13::B-A02::B3-12::N-1-2::B-1-2::B-A11::N-A11::B-1-6::B-2-25::N-B03::B-1-10::B-3-4::B-2-21::N-A10::B-A10::N-2-15::B-A04::B-A08::N-A02::B-B09::B-2-17::B3-c-28::B3-17::N-2-17::N-B04::B-B03::	20
chr6	28487900	28697900	chr6_28487900	32	210000	0.015838032802534	43	1.91074238491379e-08	42	7.48937399139004e-08	::B-A05::N-1-2::B-A02::N3-19::N-2-14::N-2-23::N3-2::B-2-15::B-1-6::B3-3::N-A02::B-B10::B3-19::B3-c-28::N-B07::B-B02::B-1-7::B-1-2::N3-3::B-B05::B3-6::B-2-21::B3-7::N3-12::B-A04::B-A10::B-2-23::N-A11::B-3-4::B-A07::N-B05::N-B02::	17
chr6	31301800	31511800	chr6_31301800	31	210000	0.0461983156236993	47	6.46519393495797e-11	45	1.16141410691106e-09	::B3-5::B-1-6::B-A04::N-B03::B-B03::B-B05::N-1-2::B-A10::N-2-15::B3-11::B3-19::N-A08::B-A02::B3-2::B3-7::B-A03::N3-12::B-2-27::B-2-21::N-B07::N-1-6::N3-3::B-2-15::B3-6::B3-3::N-3-4::B-A08::N-2-23::B-B02::N-3-1::B-B07::	18
chr6	35008500	35218500	chr6_35008500	32	210000	0.015838032802534	42	7.48937399139004e-08	41	2.86727754625202e-07	::N-2-23::B-2-23::N-B04::B-B07::N-B10::B3-6::B-3-1::N-A02::B3-17::B3-3::B3-12::B-A08::B-1-6::B-B05::B3-19::B3-11::N-A07::N-2-25::B-2-25::B3-c-9::N3-19::N-B09::N3-6::B-B03::N3-17::N-1-2::N-B03::B-A10::B3-c-10::B3-c-28::N-3-1::B-2-9::	25
chr6	38437900	38647900	chr6_38437900	37	210000	4.81128946144909e-05	46	2.76983781380031e-10	39	3.90718011632341e-06	::N3-17::B-2-25::B3-c-28::B-B11::B3-6::B-2-9::N-2-17::N-2-26::B-B05::N-B07::N-1-2::N-3-1::B-1-6::B3-7::N-2-27::N-2-25::N-B03::B-1-7::B3-19::N3-16::B3-3::N-3-4::B-2-14::N-A12::B-A08::B-2-17::N3-11::B3-13::N3-13::B-B04::N-A04::B-B10::N-B08::N3-15::B-B03::B-B02::N3-12::	21
chr6	38699200	38909200	chr6_38699200	33	210000	0.00526516969639605	42	7.48937399139004e-08	40	1.07158966316934e-06	::N3-6::N-A03::B3-17::N-1-7::B-2-15::B-B02::B-A10::B3-19::N-B05::B3-13::N3-16::N-2-15::N3-11::N3-13::N-A05::N-A07::N3-19::N-2-9::B-2-9::N3-3::N-2-25::N-2-23::B-2-23::B-2-14::B-2-25::B3-6::B-B03::B-A11::N-2-21::N3-17::B-1-6::B-A08::B-3-4::	20
chr6	47410000	47620000	chr6_47410000	43	210000	1.91074238491379e-08	59	3.66375485105269e-19	49	3.30822004742952e-12	::N3-6::N-B04::N3-3::N3-19::B-2-9::B-2-23::B-2-21::B3-c-28::B-A01::B-1-10::N-A02::B3-2::B-B04::N-2-17::B-2-15::B-B10::B-A08::N-B07::B3-15::N-A03::B3-12::B3-7::N-B10::N-3-4::B-2-12::N-1-7::B-B03::N-B03::N3-13::B-A02::B3-6::B-B09::N-B05::N-A10::N-1-6::B-A07::B-2-25::N-2-15::N3-c-9::B3-c-14::B3-c-9::B-B05::N3-16::	26
chr6	83279400	83489400	chr6_83279400	31	210000	0.0461983156236993	41	2.86727754625202e-07	37	4.81128946144909e-05	::N-2-9::B-B05::N-B05::B-A01::B-1-6::B3-19::N-B07::N-A08::N-3-4::B-2-14::B3-6::B-1-7::B3-11::N-B02::N-A05::N3-6::N-2-17::B3-13::N3-13::B-2-12::B-B11::N-1-2::B-2-15::N-A01::B-2-23::B-A02::B3-7::B-B07::N-A10::B-2-26::B-B02::	21
chr6	83820400	84030400	chr6_83820400	34	210000	0.00169886367677109	36	0.000162269962341719	34	0.00169886367677109	::B-B04::N3-17::N-B07::B3-2::B-2-23::N-B08::B-A07::B-1-6::B-2-15::N-2-17::N-2-26::B-3-4::B-1-7::B-A12::B-A08::B-A01::B-A02::B3-11::B-2-25::N-2-27::B3-17::N-B04::N-2-21::N3-16::B-1-2::B3-c-28::N-2-14::N-A01::B-B09::B-B10::B3-c-10::B-2-21::N-2-9::B-2-9::	18
chr6	86720100	86930100	chr6_86720100	31	210000	0.0461983156236993	32	0.015838032802534	30	0.130545756900064	::N-1-6::N3-11::N-2-26::B-A12::N-A04::B3-c-10::B-B07::N-B02::N-A01::N-1-7::B-B11::N-A05::B-B03::B-A10::B-1-10::N3-17::B-A05::B-A01::N-2-15::N3-13::B3-c-9::B-1-7::B3-5::B-2-23::B-A07::N-2-17::B3-c-28::B-1-2::N-B09::B-B04::B-B09::	18
chr6	113004700	113214700	chr6_113004700	45	210000	1.16141410691106e-09	62	2.13171360062743e-21	51	1.56136470678081e-13	::N-2-23::B-B10::B-1-6::B-B02::B-B05::B-1-2::N-B11::N-1-6::B3-c-9::N3-c-9::B-2-12::N3-16::B-B04::B-A11::B3-c-14::N3-c-14::N-2-15::B-2-21::B-2-15::B-A12::B-A07::B3-c-28::B-2-23::N-1-4::N-1-2::B-A05::B-2-27::N-2-27::N-2-25::N3-13::N-1-7::B3-2::B-B11::N-A03::N-2-17::B-A08::B-B07::N3-11::N-B08::B-B08::B-A03::B-2-25::N-1-10::B-B03::N-A05::	38
chr6	119810500	120020500	chr6_119810500	35	210000	0.000532495033235615	49	3.30822004742952e-12	44	4.76403052770134e-09	::B3-6::B3-11::B3-3::B3-19::N-B09::N-B03::B-B04::N-1-2::B-A08::B-2-15::N-2-9::B-1-6::B-B10::B-B05::N3-19::B-A07::B-A12::B3-7::B-A11::N-2-21::B-2-21::B3-13::N-2-23::N-B11::N-2-15::B-2-12::N-2-12::B-2-14::N-2-14::N3-11::B3-17::N-B05::N-A01::N3-12::B-2-25::	26
chr6	134040500	134250500	chr6_134040500	32	210000	0.015838032802534	45	1.16141410691106e-09	38	1.38900229830847e-05	::N-A03::N-2-25::B-B09::B-A04::N-A02::B-A02::N-A08::N-2-21::B-2-15::B-2-25::B-2-9::B-B11::B-1-10::N-A05::B-A05::B-B04::B-A08::N-B03::B-B05::N-3-1::B-3-1::B-B02::B-B03::B3-3::N-A01::B3-6::N-B04::N-1-2::B-1-4::B-A01::N-2-17::N-B02::	20
chr6	134417100	134627100	chr6_134417100	40	210000	1.07158966316934e-06	52	3.29401892140083e-14	48	1.47762896019352e-11	::B-A03::B3-7::N-1-7::B3-c-28::N-A04::B-A04::B-A08::N-B09::N3-13::B-1-2::B-2-17::N-2-21::B-2-15::B-2-23::B-A12::B-B10::B-2-21::N-2-25::N3-7::B-2-12::N-B07::N-1-2::N-3-1::N-2-12::N-A03::N-2-23::B3-5::N-A02::B3-12::B-1-7::B-B02::B3-19::N3-16::B3-6::B-1-6::N3-c-9::B3-17::N-B11::B-1-10::N-A08::	28
chr6	146894700	147104700	chr6_146894700	32	210000	0.015838032802534	43	1.91074238491379e-08	39	3.90718011632341e-06	::B-A02::B-B10::B-3-4::N-A11::B-A11::B-A07::N-3-4::B3-11::B-B03::N-B03::N-2-14::B-A10::N-A07::B-1-7::N-2-15::B-A12::B-B02::B3-5::N-B10::B-A04::B-2-23::B3-17::N-2-17::B-B07::N-2-21::B3-7::N3-7::N3-6::B-B09::N-A02::B-A05::N-1-2::	17
chr7	67152200	67362200	chr7_67152200	33	210000	0.00526516969639605	37	4.81128946144909e-05	30	0.130545756900064	::N-B08::N-A05::N-3-1::B-3-1::B3-15::N-2-23::B3-7::B-B05::N-B04::B-B09::B-B07::N3-c-14::N3-3::N3-17::B-A03::N-1-7::N-A01::B-B04::B-A11::N-A11::B-2-26::B3-6::B3-11::B3-5::B-2-15::B3-17::B-A08::N-A03::N-A08::B-A02::B-1-7::N3-11::B3-2::	22
chr7	80600500	80810500	chr7_80600500	35	210000	0.000532495033235615	42	7.48937399139004e-08	36	0.000162269962341719	::N-A04::B-3-1::B3-2::N3-2::N3-19::B3-c-9::B-A07::N-B08::B-1-6::B3-3::N-A11::B-3-4::N3-12::B-2-21::N-2-15::B-2-15::B-2-9::N-B09::B3-19::N-B04::B3-13::N3-16::N-A08::N3-13::B-A02::N-A07::B-B02::N-1-6::B-B11::N-A02::N-A10::B-1-2::B-2-17::B-2-12::N-2-17::	19
chr7	90108400	90318400	chr7_90108400	38	210000	1.38900229830847e-05	54	1.38518126748229e-15	45	1.16141410691106e-09	::B-2-21::B3-17::N-B09::N3-11::B3-11::N-1-4::B-A02::B-A08::N-1-2::N-B02::B-2-23::B-B07::B3-c-9::N-2-25::B-B09::N3-c-32::N3-16::N-A11::B3-6::B-A03::B-B02::B3-7::N-3-1::B-B10::B-3-1::N-A02::N-2-21::B-1-2::N-A01::B-A01::B3-13::N3-13::B-A11::N-1-6::N3-6::B-1-10::B3-5::N-A12::	24
chr7	97616300	97826300	chr7_97616300	31	210000	0.0461983156236993	36	0.000162269962341719	34	0.00169886367677109	::B-2-26::N-2-17::B-2-12::N-2-27::N3-11::N3-7::B3-7::B-A05::N-1-10::B-A04::B-B09::N-B09::B-A10::B3-19::B-2-15::B-B02::B-B05::B3-2::B-2-23::N-A11::B-B07::N-2-21::B-A12::N-B08::B-B08::B-A02::N-2-25::B-3-4::N-2-23::N-A01::N-B04::	19
chr7	102046200	102256200	chr7_102046200	34	210000	0.00169886367677109	44	4.76403052770134e-09	40	1.07158966316934e-06	::B-1-7::B3-c-28::N3-13::N-2-17::B3-6::B3-7::B-A05::N-2-25::B-B07::N-B07::N-2-15::N-B10::B-1-10::B-2-21::N-A02::B-3-1::B-B04::B-A07::B-B05::N-B05::N3-c-9::B3-c-9::B-2-15::N-1-6::B-1-2::N-2-27::N-B09::N-1-2::B-2-27::B-B02::B-2-26::B-3-4::B3-12::N-2-21::	23
chr7	111991400	112201400	chr7_111991400	34	210000	0.00169886367677109	45	1.16141410691106e-09	40	1.07158966316934e-06	::N3-19::N-A02::B-A02::B-B05::N-A01::B-1-7::B3-13::B-1-2::N-B07::N-B03::B-B03::N-2-25::B-A04::N-1-2::B-2-14::N3-17::B-1-6::B-1-10::B-2-27::B-B09::N3-7::B-B07::N-2-17::B-2-17::N-B04::B-B02::B3-12::N-2-21::N-2-27::B-A08::B-2-23::N-1-7::B3-2::N-B02::	27
chr7	118102100	118312100	chr7_118102100	40	210000	1.07158966316934e-06	49	3.30822004742952e-12	45	1.16141410691106e-09	::N-2-25::B-2-14::B-2-23::B-B05::B3-16::N3-16::B-1-2::B-B04::B-B08::B3-6::N3-19::B3-3::B-A01::B-3-1::N-A05::B-A05::B-3-4::N-1-6::B3-11::N-B08::B-A08::N-2-23::B-B03::N-2-14::B3-7::N3-11::B-1-10::N3-5::N3-13::N-A08::N-3-1::B-B07::N-3-4::B-2-27::N-2-27::B-2-26::B-A11::N3-17::N-A12::B-B10::	23
chr7	121631200	121841200	chr7_121631200	52	210000	3.29401892140083e-14	64	6.36294958556128e-23	24	32.0159738388301	::B-B07::N-3-4::N3-5::N-A02::N3-13::B-B10::B-A04::N-2-17::B-B05::N-B09::B-2-27::N-2-27::N-1-2::N-B04::B-2-9::B3-c-32::N-2-15::B3-12::B-B04::B-2-25::B-3-1::N-3-1::N-2-12::N-2-21::N-A10::N-2-25::N-1-6::N-A11::N3-16::N-2-14::N3-6::N-B05::N-B07::N-1-9::N-B08::N-2-9::N-2-26::N3-11::N-B11::N-A12::N-B02::N-1-7::N-A07::N-A05::N3-2::N-A04::N-B10::N3-19::N3-c-10::N3-3::N-2-23::N3-17::	54
chr7	136195200	136405200	chr7_136195200	59	210000	3.66375485105269e-19	64	6.36294958556128e-23	12	13646.9161952876	::N-2-17::N3-6::B-B04::N-B07::B-2-17::B-2-15::N-A05::B3-6::B-B09::N3-c-10::N-A02::N-2-12::N-B11::N-A08::N-2-9::N-2-14::N3-13::N-2-26::N-B04::N3-17::N-2-27::N-2-25::N-B09::N-B05::N-A11::N3-5::N-B02::N-2-23::N-B03::N-A10::N-3-4::N3-19::N-A07::N-3-1::N-A01::N3-11::N-1-2::N-2-15::N3-16::N-1-6::N-2-21::N-A12::N3-c-32::N-A03::N-A04::N-1-10::N3-c-28::N-1-4::N3-2::N-1-7::N-B10::N3-3::N-B08::N3-7::N3-c-9::N3-12::N3-c-14::N3-15::B-A10::	58
chr8	25618600	25828600	chr8_25618600	32	210000	0.015838032802534	39	3.90718011632341e-06	36	0.000162269962341719	::B-A08::N-3-4::B-3-4::B3-19::B-A03::N-A07::B-A07::N-2-15::N-2-25::N-1-2::B-2-12::N3-13::B-B10::B-1-7::B-2-21::B-2-15::B-B08::B-2-27::N-B03::B-1-2::N-B09::B-2-9::B3-5::N-2-12::B-A02::N3-c-14::B-A12::B-B03::N-A08::B-2-25::B-A05::N-A05::	18
chr8	44927300	45137300	chr8_44927300	31	210000	0.0461983156236993	37	4.81128946144909e-05	33	0.00526516969639605	::B-A11::B3-17::B3-5::B3-13::B-A03::B3-7::N-B09::N3-2::B3-2::B3-3::B3-12::B-2-25::B-B10::N-1-2::N3-19::N-2-15::B-B02::B-1-6::B3-6::B-2-15::B-A07::N-A08::B-A08::N-B10::N3-6::N-A02::B-3-1::B-B05::B3-c-28::N-B04::B-A12::	18
chr8	69896200	70106200	chr8_69896200	32	210000	0.015838032802534	42	7.48937399139004e-08	38	1.38900229830847e-05	::N-2-15::B3-11::N-B10::N3-7::N-A11::B3-5::B3-3::B3-2::N-A08::B-1-6::N-2-23::N-B09::B-B09::B-B10::N3-c-9::N-1-6::B-2-15::N-B04::B-B04::B-1-2::N3-16::B-A04::B-B02::N-A02::B-A02::N3-13::N-2-27::B-B05::N-1-2::N-2-25::N-2-14::B-A12::	17
chr8	80696000	80906000	chr8_80696000	33	210000	0.00526516969639605	44	4.76403052770134e-09	37	4.81128946144909e-05	::N-B10::N3-19::B3-19::B-1-6::B3-3::B3-11::N-A01::B-A01::N3-12::N-2-15::N-B03::N3-13::B-3-1::B3-7::B3-15::N-B09::B-2-23::B-A05::B-B07::B-1-7::B-2-15::B-B05::N-B07::N-2-12::N-B04::B-B04::N-B05::B-B10::N3-15::B3-13::N-2-23::N-A11::B-A11::	15
chr8	90826700	91036700	chr8_90826700	34	210000	0.00169886367677109	44	4.76403052770134e-09	38	1.38900229830847e-05	::N-2-27::N3-6::B3-6::N-3-4::B-3-4::N-A01::N-2-15::N-A11::B3-7::N-1-6::B-A11::N-A12::B-2-27::B3-11::N-3-1::B-2-9::B-3-1::N-B02::B-2-15::B-A12::B3-5::B-B10::B-2-23::B-2-14::B-2-25::B-B02::B3-c-28::N-2-17::N-B09::B3-19::N3-11::B-B07::B-A04::B-B11::	21
chr8	95702200	95912200	chr8_95702200	34	210000	0.00169886367677109	54	1.38518126748229e-15	47	6.46519393495797e-11	::N3-17::B-A07::N-1-2::N-B10::B-B04::B3-2::N3-16::B3-16::N-2-23::N3-6::B-B05::N-A05::B-2-23::N-A02::B-2-14::N3-7::B-1-6::N-B05::B3-19::N-2-17::N-A07::N-2-15::N-2-25::B3-6::B-B10::B-A01::B-1-2::B3-c-10::B-B02::N-A12::B-2-25::N3-13::B-A11::N-A11::	26
chr8	107117200	107327200	chr8_107117200	33	210000	0.00526516969639605	44	4.76403052770134e-09	33	0.00526516969639605	::B-A12::B-A05::N-B10::N3-16::B3-7::N-2-23::B-2-23::N-B03::B-B03::B-B07::N-B07::N-B09::B-3-1::B-A08::N-A01::N-A11::N-1-6::N-2-15::N3-12::N-2-21::B-B10::B-2-15::B-2-21::N3-13::N3-15::N-A05::N-A12::N-B05::B-B05::B3-6::B-A10::B-2-14::B3-16::	28
chr8	109669800	109879800	chr8_109669800	45	210000	1.16141410691106e-09	76	1.30122069308605e-32	58	1.97039521103612e-18	::B-2-9::N3-17::B-1-6::N-A02::B-A10::B-1-7::B-2-25::B3-c-10::N-B08::B-B10::N-B10::B-1-4::N-2-15::N-B07::N3-19::B-2-21::B-2-14::N-2-14::N-B11::N-1-6::B3-19::B-A02::N3-11::B3-11::B-2-15::N-2-25::B3-12::N-1-7::B-A12::B-B07::N-3-1::B-3-1::N-2-17::B-2-17::B-B02::B3-c-32::B-B05::N-2-21::N-1-4::N-1-9::B3-c-14::N3-c-14::N-A04::B-A07::B3-17::	37
chr8	111460600	111670600	chr8_111460600	32	210000	0.015838032802534	39	3.90718011632341e-06	34	0.00169886367677109	::B-A07::B-B04::N-1-6::N-2-12::N-2-26::B-B07::N-A11::N-1-10::B3-13::B-B10::B-1-2::N-2-15::N-B10::N3-16::B3-16::B-2-25::N-B09::B3-7::N-2-21::B-B02::B3-11::B-B03::B-2-17::B-B09::N3-17::B-1-6::B-1-10::B3-17::B-2-26::B3-5::B3-19::B-A11::	20
chr8	117283200	117493200	chr8_117283200	31	210000	0.0461983156236993	40	1.07158966316934e-06	34	0.00169886367677109	::N-A10::N3-16::B3-16::B-B04::B3-17::B-1-2::B-B07::N-B10::N-2-15::N-A01::B-2-17::N-2-17::N-B09::B-A10::N-A11::N-1-2::N-B04::B-B02::B-A12::N-2-26::B-1-10::N-A05::B-A02::B3-5::N-B05::B-A08::N-A02::N-B08::N3-13::N-3-1::B-3-1::	20
chr8	122827600	123037600	chr8_122827600	37	210000	4.81128946144909e-05	47	6.46519393495797e-11	41	2.86727754625202e-07	::B3-2::N-A11::N-B02::N-3-1::B-3-1::B3-6::N3-19::B3-19::B-B07::B-B10::B-A08::B-B02::B-2-15::N-B04::B3-7::B-B05::B-1-2::N-2-14::B3-15::B3-17::N-A05::B3-3::B-B03::N-A02::B-A02::N-B10::B3-5::B-A07::N-A01::B-2-17::B-2-25::N3-13::B3-13::B-A10::N-B09::B-2-14::B-2-23::	25
chr8	127056000	127266000	chr8_127056000	33	210000	0.00526516969639605	45	1.16141410691106e-09	43	1.91074238491379e-08	::N-2-23::B3-c-10::B-1-6::B-B07::B-B09::N-A08::B-B03::B-3-4::B3-5::N-2-15::N-2-9::B3-6::N-A02::B-1-2::N-2-25::B-B04::B3-12::N-2-26::B3-17::N-A01::N-B09::N-3-1::B-2-26::B-2-25::B-B02::B-B05::N3-6::B-A08::B-A12::B-2-21::B3-19::B-2-14::N-B08::	26
chr9	3000100	3210100	chr9_3000100	60	210000	6.69884965608555e-20	117	2.75562878640004e-71	36	0.000162269962341719	::N-A08::N-B08::B-B02::N-3-4::N-B07::N-A05::N-A04::N-2-17::N-A02::N-2-23::N-2-15::N3-6::N3-16::N-B05::N3-11::B-B11::B-A02::B-A10::N-B11::N-A11::B3-7::N-2-21::N-A01::N3-19::N-2-12::N-B04::N-2-26::N-B10::N-2-14::N3-5::N-A07::N3-17::N3-13::N3-2::N-1-10::N-2-27::B3-5::B3-11::B-2-15::B-1-10::B3-c-28::B-B10::N-B02::B3-17::B-2-23::B-A08::N-A12::N-2-25::N-1-6::N-1-4::N-B03::B-B09::N3-15::N-A03::B-B05::B-2-17::B-2-25::N3-c-28::N-B09::N-1-7::	55
chr9	21496300	21706300	chr9_21496300	35	210000	0.000532495033235615	51	1.56136470678081e-13	44	4.76403052770134e-09	::B-3-4::N-B07::N-2-9::B-2-9::N-B04::B-B07::B-2-14::N3-16::B-B05::B-B04::B-1-6::B3-3::B-A08::B3-12::N-2-17::N3-19::N-A05::N-1-2::B3-13::B-1-2::B-A02::B-B02::B3-19::B-1-10::N-A04::N-A08::N-2-12::N3-5::N-1-6::B-2-15::B-B10::N-B02::N-B09::B-B08::B3-17::	24
chr9	59303700	59513700	chr9_59303700	41	210000	2.86727754625202e-07	59	3.66375485105269e-19	56	5.41260136690614e-17	::B-A08::B-A03::N3-19::N3-11::N-2-23::N-1-7::B-2-23::N-B08::B-2-12::N-2-12::B3-12::N-A08::N-B10::N-A02::B-B09::B-B02::N-A01::B-3-1::B3-6::B3-3::N3-13::B-2-14::N-A07::N-2-14::N-1-4::B3-15::N-2-15::N-B07::B-2-27::N3-16::B-B10::N-2-17::B-2-17::B-2-15::B3-2::B-B03::B3-5::B-A10::B3-16::B-B05::B-2-21::	25
chr9	62766600	62976600	chr9_62766600	31	210000	0.0461983156236993	38	1.38900229830847e-05	29	0.356992375319587	::N-A02::B-2-15::N-B02::B-A08::N-2-23::B-2-14::B3-3::B3-11::N-B11::B-B03::N-2-26::B-2-9::B-2-26::N3-16::B3-16::N-B05::B-3-1::N-A05::B-2-23::B-A05::B-A02::N-B09::N-A10::N-B04::B3-7::B-1-6::N-1-6::B-B04::N-2-17::N-B03::B3-19::	19
chr9	65675300	65885300	chr9_65675300	36	210000	0.000162269962341719	46	2.76983781380031e-10	42	7.48937399139004e-08	::N3-13::B-1-2::B-B10::B-2-23::N-B03::N-1-10::N-B04::B3-17::N3-17::B-A04::B-3-4::B3-12::B-B05::B3-15::B-B09::N-2-25::N-A10::B-B11::N-B11::B-B02::B-2-14::B3-7::B-A01::B-2-27::N-2-27::B3-c-28::N-1-2::N-A08::B-A03::B-2-15::N-B02::B3-13::B-A07::N-A07::B-1-7::B-A10::	24
chr9	66384300	66594300	chr9_66384300	39	210000	3.90718011632341e-06	50	7.25854309404279e-13	47	6.46519393495797e-11	::N-B08::B-B07::N-B07::B3-11::N-B05::B3-17::B-B10::B-B05::N-1-6::B-2-15::N3-17::B3-19::B-2-17::N3-16::N-B04::N-2-27::B-A01::B-A08::B3-7::B-B09::B3-15::N3-15::B-1-7::B-2-14::N3-13::B-1-6::N-2-23::B-1-2::N-1-2::N-2-17::N3-c-10::N-B10::N-A11::B-A07::N3-19::N-2-15::B-A02::B-2-21::N-B11::	26
chr9	70446400	70656400	chr9_70446400	43	210000	1.91074238491379e-08	55	2.76292435727107e-16	49	3.30822004742952e-12	::B-B09::B3-6::B-A07::N-A07::B-B05::N-A05::B-B02::N-1-2::B-A01::B3-3::B3-7::N3-c-9::B3-c-9::N-3-4::B-B10::B-1-7::B-A08::N-B05::B-A11::B-3-1::N-3-1::N-A03::B-B07::B-2-23::N-2-15::N-2-21::B-B04::N-B07::N-B11::B-2-15::N-B09::N3-17::B-A10::B3-c-28::N-1-6::B-2-21::B3-5::B-A02::N3-16::N-B08::N-2-27::B-2-27::B-2-25::	20
chr9	71881400	72091400	chr9_71881400	48	210000	1.47762896019352e-11	81	6.7249476861521e-37	70	1.17495380733277e-27	::N-B11::B-B10::B-A11::N-B08::N-2-12::B-2-12::B-A01::B-A10::N-B09::B-B08::B3-11::B-2-21::B3-17::N-A11::B-2-17::B-3-1::N-A05::N-A07::B-A05::B-A12::N-A12::N3-c-32::N-1-7::B3-2::N3-13::B3-5::N-2-15::B-2-14::B-1-6::B-B02::B3-6::N-1-4::B-2-25::N-B03::N-2-14::B3-12::N-B10::N-B04::N-2-17::N-2-25::N-1-6::B3-c-10::N3-17::B-2-15::B-B11::N-B05::B-1-2::B-3-4::	46
chr9	72535200	72745200	chr9_72535200	37	210000	4.81128946144909e-05	48	1.47762896019352e-11	42	7.48937399139004e-08	::B3-17::N-B03::B-A05::N-A05::B-B10::B-B02::N-B08::N-2-23::N-1-2::B3-6::B-2-9::N3-11::B3-11::B-2-25::N-A01::N-B10::B-2-23::B-A10::N3-19::N-2-26::B-A08::B-1-6::N-2-15::B3-16::N3-16::N3-6::B-A04::B3-7::B-3-1::N-3-1::N-B02::B3-5::B-A02::B3-3::N3-3::N-A08::B-3-4::	26
chr9	75039500	75249500	chr9_75039500	32	210000	0.015838032802534	47	6.46519393495797e-11	40	1.07158966316934e-06	::N-2-15::B3-c-28::B-A07::B3-c-10::N-A11::B-B05::N-B04::N-B05::B3-5::B-2-25::B-A02::B-A04::N-3-1::N3-11::B3-12::B-1-6::N-B09::N-B10::N-2-25::N-1-2::N3-3::B-B10::B-3-4::B3-3::N-1-6::B-A10::B-A11::B3-13::N-B07::N-A07::B-2-15::B-B11::	28
chr9	80071100	80281100	chr9_80071100	36	210000	0.000162269962341719	49	3.30822004742952e-12	41	2.86727754625202e-07	::B-1-6::N3-3::B-B02::N3-c-28::B3-3::N3-16::N-2-17::B-1-2::B-3-1::B-2-21::B-B10::N-B10::B-A05::N-A07::B-A07::B-2-15::B-B11::N-2-26::B-2-26::B3-7::N-B03::B3-6::B3-c-9::N-A11::B-A11::B-A08::B-B07::N-1-7::B3-5::N-2-15::B-B09::N-B09::N-1-2::B-1-10::B-B05::N-A01::	26
chr9	88391600	88601600	chr9_88391600	31	210000	0.0461983156236993	40	1.07158966316934e-06	33	0.00526516969639605	::N-A05::N-2-25::N-1-9::N-2-21::B-B05::B-A05::B3-c-9::N-B10::B-B04::N-B09::B-2-27::B-2-23::B-2-9::N-2-9::B-2-14::B-1-2::B-B10::N-B05::B-B02::B-A10::B-A02::B-1-10::B-2-12::N-1-6::N-B04::B-A04::B-A11::N3-19::N-1-2::B-A12::N3-13::	23
chr9	100605700	100815700	chr9_100605700	36	210000	0.000162269962341719	44	4.76403052770134e-09	40	1.07158966316934e-06	::N-A11::N3-13::B-A10::N-2-12::B-2-12::N-B10::N-A07::N-2-25::B-2-25::B3-17::B-2-9::N-A01::B-A07::B-A04::B-B11::N3-16::N-1-7::B-1-7::B-3-1::B-B03::B-A02::B3-c-28::B3-c-9::B3-5::N3-17::N-A08::N-B09::B3-3::B3-c-10::B-2-14::B-B09::B-1-6::N-1-2::B-A11::B-1-2::N-3-4::	20
chr9	102708000	102918000	chr9_102708000	31	210000	0.0461983156236993	34	0.00169886367677109	28	0.943695455349696	::N-1-2::B-2-9::N-2-14::N-2-12::B-2-12::N3-c-10::N3-17::N-2-9::N-B05::B-2-21::B-1-6::B-A12::B-A08::B3-6::B-A07::B-1-10::N-2-27::B-1-7::N3-11::N-B09::N-2-15::B-2-15::B3-17::B-A11::B-2-23::B-B02::B-B05::N-3-1::B-3-1::B-A10::N3-3::	13
chr9	107659900	107869900	chr9_107659900	49	210000	3.30822004742952e-12	68	4.71539169215179e-26	56	5.41260136690614e-17	::N-B07::B-B09::B3-13::N-2-17::B-A04::N-2-25::B-2-25::N-A01::B-2-23::B-1-2::N-2-21::N3-11::B3-11::N-B02::B-B02::B-A05::B3-17::B-B03::N3-17::B-B10::N-A07::B-1-7::B3-5::B3-3::N3-c-10::B-1-4::N-1-7::N-B04::B-A12::B3-16::N3-3::B-2-15::B-A01::N3-7::B3-6::N-A12::N-2-15::B-2-21::B-A08::B-1-6::B-3-4::N-1-6::N-B11::N-A02::B-A02::N3-13::B-A07::N3-16::B-2-9::	37
chr9	108615700	108825700	chr9_108615700	36	210000	0.000162269962341719	46	2.76983781380031e-10	41	2.86727754625202e-07	::N-2-15::B3-c-9::N-B04::B-B04::N-B10::B3-17::B-2-23::N-2-23::N-A11::B-A03::N-A03::B-A07::B-3-1::N-B03::B-1-7::N-1-7::N3-c-9::N-2-21::B3-5::N3-3::N-A01::B-B11::B-A10::N-B09::B-A08::N3-16::B3-2::B3-7::B3-6::B-B07::B-B10::N-A08::N-B08::B-2-15::B-3-4::N-A12::	26
chr9	110509500	110719500	chr9_110509500	43	210000	1.91074238491379e-08	63	3.7120462738834e-22	53	6.81828726420767e-15	::N-A02::N-A01::N-A12::N3-12::B-3-4::B-1-7::B-2-12::N-2-12::N-B05::B-1-2::B3-12::B-2-17::B-B05::N-2-17::N-2-14::B-2-14::B-1-6::B-2-15::N-2-23::B-2-23::B3-19::B3-7::B-1-4::B-2-25::N-3-1::N-B11::B-B10::N-1-2::N-B08::B-A08::B-B11::B3-15::B-A10::B-2-21::B-A11::N-A11::B-B02::B3-5::N-2-21::N-1-10::N-A03::B-A03::B3-6::	24
chr9	115115500	115325500	chr9_115115500	32	210000	0.015838032802534	37	4.81128946144909e-05	34	0.00169886367677109	::B-A07::B-2-21::B-A12::N3-2::B-2-15::B3-17::N-1-6::B-3-1::N-1-7::N3-16::N-A10::B-A10::B3-6::B-B05::N-B05::B-B04::B-A08::N-B11::B-B11::N-A08::B3-7::B-2-25::N-B03::B-B02::B3-19::N-3-1::N-A12::B-1-2::N-A01::B-2-17::N-A07::N3-13::	15
chrUn_GL456393	200	210200	chrUn_GL456393_200	53	210000	6.81828726420767e-15	80	4.96533842581074e-36	68	4.71539169215179e-26	::B3-11::N-2-23::N-B03::N-A05::N-2-17::N-2-25::N-A04::N-B11::N-B02::N3-19::N-3-4::B-A08::N-2-15::B-1-2::B-1-10::N3-6::B-1-7::B3-7::N-B10::N-2-21::N-B05::N-B08::N3-16::B-B02::B3-3::N-A03::B3-15::N3-13::B3-17::B-1-6::B-B05::B-2-21::N-A11::B3-6::B-3-1::N-1-7::B-A07::N3-c-28::N-A01::B-A12::B-A03::B-A04::B-B11::N-2-26::N-B09::N-1-6::B-2-15::B-B04::N3-11::N-A08::B3-19::N3-17::N3-c-14::	41
chrUn_JH584304	1500	211500	chrUn_JH584304_1500	39	210000	3.90718011632341e-06	53	6.81828726420767e-15	48	1.47762896019352e-11	::B-B02::B3-3::N-A03::B3-15::N3-13::B3-17::N-2-23::B-1-6::B-B05::B-2-21::N3-16::N-A11::N-2-15::B3-6::B-3-1::N-1-7::B-A07::N3-c-28::N-A01::B-A12::B-A03::B-A04::B-B11::N-B08::N-B11::N-2-26::N-B09::N-1-6::B-A08::B-2-15::B-B04::B-1-2::N3-11::N-A08::B3-19::N-3-4::N3-17::N-2-17::N3-c-14::	24
chrX	18123700	18333700	chrX_18123700	52	210000	3.29401892140083e-14	108	3.58822948209991e-62	78	2.6074487616341e-34	::N-B04::N3-3::N-2-21::N-A04::N-1-6::B-1-6::B-B07::N-B03::N-A01::B-A08::N-B09::B-B09::B-1-2::B3-15::N-A02::B-B10::N-B10::B-2-14::B3-19::B-B04::B3-12::B3-17::N-1-2::B-A05::B-A10::B3-7::N3-7::B3-5::N3-c-9::B3-c-9::B3-2::B-2-26::B-A02::N-2-15::B-2-23::B-A11::N3-c-14::N-A11::N-2-17::B-2-17::N3-17::N-B08::B3-3::B-2-15::N-3-1::N3-12::B-A07::B-3-1::N-A05::B-1-7::N-2-23::N-1-7::	47
chrX	77490500	77700500	chrX_77490500	35	210000	0.000532495033235615	41	2.86727754625202e-07	35	0.000532495033235615	::B-B05::B3-2::N-A08::N-B05::N-A10::B-3-4::N3-13::B3-13::B-A02::N-B11::B-2-21::N3-12::B3-7::B-A08::B-1-10::N-A01::B-B07::N-B07::B-B11::N-B10::B3-17::B3-12::N-B04::N-A05::B-2-14::N-2-14::B-A05::B-A10::N-2-21::B-A07::N3-19::N-A02::B-3-1::B-2-15::B-1-9::	21
chrX	105762800	105972800	chrX_105762800	32	210000	0.015838032802534	44	4.76403052770134e-09	35	0.000532495033235615	::N-2-25::B-2-27::N-B04::N-2-27::B-B07::N3-17::B-B04::N-2-21::N-2-15::N-1-2::N-3-1::B-A11::N-A11::B-B05::B-A05::N-A05::B-B02::N-A03::B-1-6::B-2-15::N-A12::B-3-4::B-A10::B3-7::B-2-26::B3-12::N-2-26::N-B11::B-B11::N-B02::N3-16::B-B09::	19
chrX	143303200	143513200	chrX_143303200	50	210000	7.25854309404279e-13	84	1.55307669885275e-39	11	14927.6242875441	::N-B04::B-B09::B-2-14::B-B05::B3-17::B-2-23::B-2-21::N-3-4::N-2-14::N-2-26::N-2-17::N-3-1::N-2-15::N-A11::N-2-12::N-B02::N-2-27::N3-11::N3-c-10::N-B08::N3-16::N3-12::N-2-21::N3-19::N3-13::N-2-23::N-2-25::N-A01::N3-c-14::N-A12::N-A03::N-B03::N-B09::N-B11::N-2-9::N-1-6::N-A04::B3-7::N3-6::N-A10::B-3-4::B3-c-10::N3-17::N-A08::N-A02::N3-15::N3-c-9::N-B05::N3-7::B-B07::	61
