chr10	7777800	7805800	chr10_7777800	7	28000	0.0424323987473772	7	0.0424323987473772	6	0.589764129994852	::B3-1-15::N3-10::N3-1-2::B3-2-21::B3-4::N3-9::B3-9::	3
chr10	108172200	108200200	chr10_108172200	9	28000	0.000149485691470312	10	7.52864628658534e-06	9	0.000149485691470312	::B3-1::N3-1-5::B3-1-15::N3-1-15::N3-9::N3-1::B3-1-2::B3-2-22::B3-1-3::	6
chr10	116514600	116542600	chr10_116514600	7	28000	0.0424323987473772	7	0.0424323987473772	5	7.0260678018906	::B3-1-3::B3-1::B3-1-2::N3-4::N3-1-11::B3-1-11::B3-1-13::	3
chr11	3100400	3128400	chr11_3100400	8	28000	0.00267131353942824	8	0.00267131353942824	4	69.7533503170647	::N3-9::N3-8::N3-1-2::N3-10::N3-1-3::N3-18::B3-10::B3-21::	2
chr11	3185300	3213300	chr11_3185300	9	28000	0.000149485691470312	11	3.44700153701041e-07	10	7.52864628658534e-06	::N3-2-2::B3-8::N3-18::N3-1-3::B3-14::N3-9::N3-10::B3-2-36::B3-1-13::	3
chr11	21099800	21127800	chr11_21099800	7	28000	0.0424323987473772	8	0.00267131353942824	7	0.0424323987473772	::N3-2-21::N3-1-11::N3-9::B3-9::B3-2-21::B3-2-37::N3-1-2::	1
chr11	59667000	59695000	chr11_59667000	7	28000	0.0424323987473772	9	0.000149485691470312	7	0.0424323987473772	::N3-2-22::B3-2-22::N3-4::B3-2-21::B3-2-2::B3-1-15::N3-1-15::	6
chr11	69607900	69635900	chr11_69607900	9	28000	0.000149485691470312	9	0.000149485691470312	8	0.00267131353942824	::N3-10::B3-2-21::N3-1-2::B3-1-2::B3-1-13::B3-2-2::N3-1::B3-2-36::B3-2-22::	5
chr11	74678500	74706500	chr11_74678500	8	28000	0.00267131353942824	10	7.52864628658534e-06	8	0.00267131353942824	::B3-1-15::B3-8::B3-1-2::N3-4::B3-2-2::N3-1-5::B3-1-5::N3-1-2::	5
chr11	79489900	79517900	chr11_79489900	9	28000	0.000149485691470312	10	7.52864628658534e-06	7	0.0424323987473772	::B3-1-3::B3-21::N3-21::B3-18::B3-2-36::B3-1-13::N3-2-21::B3-2-21::B3-14::	4
chr11	86322800	86350800	chr11_86322800	9	28000	0.000149485691470312	10	7.52864628658534e-06	7	0.0424323987473772	::B3-10::N3-4::B3-4::B3-1-5::B3-9::N3-9::N3-10::N3-1-11::B3-1-11::	4
chr11	94017100	94045100	chr11_94017100	7	28000	0.0424323987473772	9	0.000149485691470312	8	0.00267131353942824	::B3-8::B3-2-21::B3-1-5::N3-1-5::N3-1-13::B3-1-13::B3-1-2::	1
chr11	97154900	97182900	chr11_97154900	7	28000	0.0424323987473772	8	0.00267131353942824	6	0.589764129994852	::B3-2-21::B3-10::B3-1-13::N3-18::B3-18::N3-2-36::B3-2-36::	2
chr11	107042900	107070900	chr11_107042900	7	28000	0.0424323987473772	7	0.0424323987473772	5	7.0260678018906	::B3-2-21::B3-1-3::N3-1-3::N3-4::N3-14::N3-1-5::B3-1-5::	4
chr11	108274500	108302500	chr11_108274500	8	28000	0.00267131353942824	10	7.52864628658534e-06	4	69.7533503170647	::N3-2-36::N3-10::N3-2-7::N3-9::N3-21::N3-1::N3-4::N3-1-11::	1
chr11	121261100	121289100	chr11_121261100	7	28000	0.0424323987473772	7	0.0424323987473772	5	7.0260678018906	::B3-1-11::B3-1-2::N3-1-2::N3-1-3::B3-1-3::N3-1-11::B3-14::	3
chr12	105802800	105830800	chr12_105802800	7	28000	0.0424323987473772	7	0.0424323987473772	6	0.589764129994852	::N3-1-2::N3-2-36::N3-2-2::N3-1-3::N3-2-7::B3-2-7::N3-1-5::	1
chr13	3543500	3571500	chr13_3543500	8	28000	0.00267131353942824	8	0.00267131353942824	8	0.00267131353942824	::B3-1::B3-18::N3-1-3::B3-1-3::B3-10::B3-1-15::N3-2-21::N3-10::	2
chr13	17697500	17725500	chr13_17697500	7	28000	0.0424323987473772	9	0.000149485691470312	7	0.0424323987473772	::B3-14::N3-14::B3-2-2::B3-8::N3-8::B3-1::N3-18::	6
chr13	43453500	43481500	chr13_43453500	7	28000	0.0424323987473772	7	0.0424323987473772	5	7.0260678018906	::N3-1-2::N3-1-15::B3-8::N3-8::B3-1-3::B3-4::N3-4::	7
chr13	94600200	94628200	chr13_94600200	8	28000	0.00267131353942824	8	0.00267131353942824	1	13104.6222740512	::N3-8::N3-18::N3-1-5::N3-2-36::N3-21::N3-2-2::N3-4::N3-1::	8
chr13	106989100	107017100	chr13_106989100	8	28000	0.00267131353942824	9	0.000149485691470312	7	0.0424323987473772	::B3-1-3::N3-1-3::B3-1-15::B3-2-21::N3-2-21::B3-2-2::B3-2-36::N3-1-5::	3
chr14	19415800	19443800	chr14_19415800	16	28000	2.13090429700218e-14	33	4.4308946169913e-43	19	4.68210041969663e-19	::N3-1-3::N3-2-36::B3-2-36::N3-1-15::N3-18::N3-1-5::N3-2-22::B3-2-2::N3-1-11::N3-8::N3-10::N3-1::N3-1-13::N3-2-21::N3-9::N3-2-7::	21
chr14	34472400	34500400	chr14_34472400	7	28000	0.0424323987473772	8	0.00267131353942824	8	0.00267131353942824	::N3-18::B3-2-36::N3-21::B3-1-3::N3-1-5::B3-14::B3-1-2::	2
chr15	8337200	8365200	chr15_8337200	7	28000	0.0424323987473772	13	5.60468767484399e-10	10	7.52864628658534e-06	::B3-1::B3-18::B3-2-21::B3-2-36::N3-2-21::N3-1-13::N3-1::	3
chr15	43250900	43278900	chr15_43250900	13	28000	5.60468767484399e-10	14	2.0162326782706e-11	11	3.44700153701041e-07	::N3-10::B3-2-37::B3-21::N3-21::B3-1::N3-9::B3-9::B3-18::B3-2-22::N3-2-36::B3-8::N3-2-22::B3-2-21::	7
chr15	73155500	73183500	chr15_73155500	7	28000	0.0424323987473772	7	0.0424323987473772	3	553.997486804317	::N3-1::N3-10::B3-10::B3-1::B3-2-37::N3-21::N3-2-21::	1
chr16	8712400	8740400	chr16_8712400	8	28000	0.00267131353942824	8	0.00267131353942824	6	0.589764129994852	::B3-18::B3-4::B3-2-36::B3-2-22::B3-2-37::N3-2-22::N3-18::B3-2-2::	7
chr16	17461100	17489100	chr16_17461100	8	28000	0.00267131353942824	11	3.44700153701041e-07	10	7.52864628658534e-06	::N3-8::B3-1-3::N3-2-21::N3-2-36::B3-8::B3-2-22::N3-2-22::B3-10::	7
chr16	44146000	44174000	chr16_44146000	9	28000	0.000149485691470312	9	0.000149485691470312	7	0.0424323987473772	::N3-9::B3-1::B3-1-2::B3-2-22::N3-2-22::B3-14::N3-4::B3-4::B3-10::	6
chr17	3116300	3144300	chr17_3116300	7	28000	0.0424323987473772	7	0.0424323987473772	6	0.589764129994852	::B3-2-2::N3-4::B3-8::N3-2-21::B3-1-3::N3-1-3::N3-1-5::	7
chr17	84986800	85014800	chr17_84986800	7	28000	0.0424323987473772	7	0.0424323987473772	7	0.0424323987473772	::N3-2-7::B3-1-11::B3-2-36::N3-1-5::N3-10::N3-2-21::B3-2-21::	4
chr18	3005100	3033100	chr18_3005100	10	28000	7.52864628658534e-06	10	7.52864628658534e-06	5	7.0260678018906	::B3-8::B3-2-2::B3-1::B3-2-36::B3-1-3::B3-2-22::N3-2-36::N3-10::N3-1::B3-1-15::	7
chr18	34257200	34285200	chr18_34257200	9	28000	0.000149485691470312	13	5.60468767484399e-10	11	3.44700153701041e-07	::B3-2-22::N3-1-13::N3-8::B3-8::N3-1-5::B3-2-36::N3-1-11::B3-1-13::N3-21::	5
chr19	7309500	7337500	chr19_7309500	11	28000	3.44700153701041e-07	12	1.44669672986848e-08	11	3.44700153701041e-07	::B3-1-3::B3-2-37::N3-2-36::N3-1-5::B3-1-5::N3-1-13::N3-2-22::B3-2-22::N3-10::N3-14::B3-1::	7
chr19	36839600	36867600	chr19_36839600	7	28000	0.0424323987473772	9	0.000149485691470312	6	0.589764129994852	::B3-2-2::B3-2-21::N3-2-36::B3-1-3::N3-1-3::N3-1::B3-1::	6
chr2	23165600	23193600	chr2_23165600	8	28000	0.00267131353942824	8	0.00267131353942824	6	0.589764129994852	::N3-2-36::B3-9::N3-9::N3-8::B3-1-11::B3-1::B3-4::N3-4::	8
chr2	30061400	30089400	chr2_30061400	7	28000	0.0424323987473772	9	0.000149485691470312	6	0.589764129994852	::B3-2-22::B3-9::N3-1-5::N3-21::B3-21::N3-1-13::B3-1-13::	3
chr2	35174000	35202000	chr2_35174000	7	28000	0.0424323987473772	9	0.000149485691470312	9	0.000149485691470312	::B3-18::N3-2-36::N3-1-3::B3-2-36::B3-2-22::N3-4::B3-1-5::	3
chr2	37377800	37405800	chr2_37377800	9	28000	0.000149485691470312	11	3.44700153701041e-07	9	0.000149485691470312	::B3-14::B3-2-36::N3-2-36::N3-1-3::B3-1::B3-2-22::N3-18::B3-8::N3-10::	9
chr2	70786500	70814500	chr2_70786500	7	28000	0.0424323987473772	7	0.0424323987473772	7	0.0424323987473772	::B3-4::B3-18::N3-2-21::B3-1::N3-10::B3-1-11::N3-1-5::	4
chr2	78880000	78908000	chr2_78880000	7	28000	0.0424323987473772	10	7.52864628658534e-06	7	0.0424323987473772	::B3-21::N3-9::N3-2-36::B3-1-5::N3-1::N3-1-5::B3-2-21::	3
chr2	98662200	98690200	chr2_98662200	34	28000	6.5634136021262e-45	201	0	24	2.97451401079103e-27	::N3-2-36::N3-2-2::N3-14::N3-9::N3-10::N3-1-13::N3-8::N3-2-7::N3-1-11::N3-18::N3-1::N3-1-15::N3-4::N3-2-21::N3-1-3::N3-21::N3-1-5::N3-2-22::N3-1-2::B3-1-11::B3-1-13::B3-1::B3-2-7::B3-2-2::B3-1-2::B3-10::B3-8::B3-1-3::B3-2-22::B3-1-5::B3-9::B3-1-15::B3-14::B3-2-36::	96
chr2	126642500	126670500	chr2_126642500	7	28000	0.0424323987473772	7	0.0424323987473772	5	7.0260678018906	::N3-1-11::B3-9::N3-9::B3-2-36::N3-1-2::B3-2-2::N3-2-2::	7
chr2	154852500	154880500	chr2_154852500	7	28000	0.0424323987473772	7	0.0424323987473772	5	7.0260678018906	::N3-2-22::N3-1-5::N3-1-11::B3-2-21::N3-2-21::B3-1::N3-1::	6
chr2	160694400	160722400	chr2_160694400	8	28000	0.00267131353942824	12	1.44669672986848e-08	10	7.52864628658534e-06	::N3-21::B3-1-11::B3-14::B3-2-36::N3-14::B3-2-2::B3-1-5::N3-2-2::	9
chr2	161077800	161105800	chr2_161077800	8	28000	0.00267131353942824	9	0.000149485691470312	7	0.0424323987473772	::N3-10::B3-9::N3-9::B3-1-11::N3-1-11::N3-1-5::B3-1-13::B3-8::	7
chr2	163635900	163663900	chr2_163635900	8	28000	0.00267131353942824	8	0.00267131353942824	3	553.997486804317	::N3-21::B3-2-7::B3-1::B3-10::B3-1-2::B3-4::B3-2-2::B3-1-3::	1
chr3	69097400	69125400	chr3_69097400	7	28000	0.0424323987473772	8	0.00267131353942824	7	0.0424323987473772	::N3-10::B3-1-3::B3-1::N3-2-2::B3-21::N3-21::N3-18::	5
chr3	84527800	84555800	chr3_84527800	7	28000	0.0424323987473772	7	0.0424323987473772	6	0.589764129994852	::N3-1-15::N3-10::N3-21::B3-1-13::B3-21::N3-9::B3-9::	3
chr3	90327600	90355600	chr3_90327600	8	28000	0.00267131353942824	8	0.00267131353942824	7	0.0424323987473772	::N3-8::B3-1-2::B3-1::B3-4::N3-2-36::B3-14::B3-21::N3-21::	6
chr3	96102000	96130000	chr3_96102000	7	28000	0.0424323987473772	7	0.0424323987473772	6	0.589764129994852	::B3-4::B3-1-2::N3-1-2::N3-1-15::B3-1::B3-2-21::N3-4::	5
chr3	103025300	103053300	chr3_103025300	7	28000	0.0424323987473772	7	0.0424323987473772	7	0.0424323987473772	::N3-14::B3-18::B3-2-22::B3-1-11::B3-1::B3-2-36::B3-2-21::	3
chr3	107299500	107327500	chr3_107299500	9	28000	0.000149485691470312	11	3.44700153701041e-07	8	0.00267131353942824	::N3-4::N3-9::B3-9::N3-2-21::N3-2-7::B3-2-2::N3-2-2::B3-2-21::B3-1-11::	4
chr3	135441100	135469100	chr3_135441100	11	28000	3.44700153701041e-07	14	2.0162326782706e-11	8	0.00267131353942824	::N3-4::N3-1-15::B3-1-15::N3-10::B3-10::B3-4::N3-8::B3-8::N3-2-36::B3-18::N3-18::	5
chr4	34841600	34869600	chr4_34841600	7	28000	0.0424323987473772	9	0.000149485691470312	8	0.00267131353942824	::N3-10::B3-2-36::N3-2-2::N3-1::B3-1::B3-1-13::N3-8::	2
chr4	74306300	74334300	chr4_74306300	7	28000	0.0424323987473772	8	0.00267131353942824	6	0.589764129994852	::N3-1-2::N3-2-7::N3-18::B3-2-7::N3-10::B3-10::B3-2-22::	4
chr4	103125800	103153800	chr4_103125800	7	28000	0.0424323987473772	8	0.00267131353942824	7	0.0424323987473772	::B3-2-22::N3-1-5::B3-1-15::N3-1-15::B3-1-3::N3-4::N3-1::	4
chr4	106907100	106935100	chr4_106907100	7	28000	0.0424323987473772	7	0.0424323987473772	4	69.7533503170647	::N3-9::N3-2-2::B3-10::B3-1::N3-1::N3-10::N3-1-5::	5
chr4	120489800	120517800	chr4_120489800	8	28000	0.00267131353942824	8	0.00267131353942824	5	7.0260678018906	::B3-2-36::N3-1-5::N3-1::N3-10::B3-1::B3-14::B3-10::B3-2-37::	3
chr4	127029000	127057000	chr4_127029000	7	28000	0.0424323987473772	7	0.0424323987473772	7	0.0424323987473772	::B3-2-2::B3-1-5::N3-8::N3-2-21::B3-1-11::N3-1-3::B3-2-21::	2
chr4	152293900	152321900	chr4_152293900	8	28000	0.00267131353942824	8	0.00267131353942824	4	69.7533503170647	::B3-4::N3-4::N3-21::B3-1-11::B3-1::B3-10::N3-1::N3-10::	7
chr4	155508800	155536800	chr4_155508800	9	28000	0.000149485691470312	12	1.44669672986848e-08	8	0.00267131353942824	::B3-2-36::N3-2-36::N3-8::B3-10::B3-2-22::N3-10::N3-1::B3-1::B3-2-21::	7
chr5	25275800	25303800	chr5_25275800	8	28000	0.00267131353942824	9	0.000149485691470312	6	0.589764129994852	::N3-2-22::B3-2-7::N3-2-7::B3-1-2::N3-2-2::B3-2-2::N3-21::N3-9::	4
chr5	25322100	25350100	chr5_25322100	13	28000	5.60468767484399e-10	21	2.827652074897e-22	14	2.0162326782706e-11	::N3-10::B3-1::N3-1-3::B3-1-2::N3-1-15::B3-14::N3-2-7::B3-1-15::B3-10::B3-2-36::N3-1::B3-2-7::B3-2-2::	13
chr5	25393800	25421800	chr5_25393800	14	28000	2.0162326782706e-11	22	6.47322285924619e-24	15	6.76965691135224e-13	::N3-9::B3-1-11::N3-1-11::B3-9::B3-1-15::N3-1-2::B3-1-2::B3-2-2::N3-2-2::B3-1-3::N3-1-15::N3-2-21::B3-2-22::N3-2-22::	17
chr5	25457000	25485000	chr5_25457000	9	28000	0.000149485691470312	10	7.52864628658534e-06	6	0.589764129994852	::N3-1::N3-1-5::N3-10::B3-10::B3-1-3::N3-1-3::B3-2-7::N3-2-7::B3-2-36::	5
chr5	36675200	36703200	chr5_36675200	8	28000	0.00267131353942824	9	0.000149485691470312	8	0.00267131353942824	::B3-1-2::B3-1-3::N3-1-3::B3-18::N3-18::B3-2-2::N3-1::N3-1-2::	5
chr5	65618300	65646300	chr5_65618300	7	28000	0.0424323987473772	8	0.00267131353942824	7	0.0424323987473772	::N3-2-21::B3-2-21::B3-1-13::B3-1-3::B3-1-11::B3-18::N3-18::	6
chr5	99965400	99993400	chr5_99965400	9	28000	0.000149485691470312	10	7.52864628658534e-06	7	0.0424323987473772	::N3-1-11::B3-2-36::B3-1-13::B3-14::B3-1::B3-10::N3-1::N3-10::N3-4::	7
chr5	144267500	144295500	chr5_144267500	8	28000	0.00267131353942824	9	0.000149485691470312	7	0.0424323987473772	::N3-2-36::N3-1-5::B3-1-3::N3-1-3::N3-1-2::B3-1-2::N3-2-2::B3-2-2::	1
chr6	12041500	12069500	chr6_12041500	7	28000	0.0424323987473772	7	0.0424323987473772	7	0.0424323987473772	::N3-8::N3-1-15::B3-1-11::N3-10::N3-2-36::B3-1::B3-2-22::	4
chr6	51458200	51486200	chr6_51458200	7	28000	0.0424323987473772	8	0.00267131353942824	5	7.0260678018906	::N3-9::B3-9::B3-18::B3-4::N3-4::N3-1-13::B3-1-13::	3
chr6	103628500	103656500	chr6_103628500	9	28000	0.000149485691470312	10	7.52864628658534e-06	5	7.0260678018906	::N3-8::B3-2-36::N3-18::N3-10::N3-1-11::N3-1-13::N3-1-15::B3-1-2::B3-1::	4
chr6	119995000	120023000	chr6_119995000	8	28000	0.00267131353942824	9	0.000149485691470312	8	0.00267131353942824	::B3-1-11::N3-4::B3-18::B3-8::B3-2-21::N3-1-13::B3-1-13::B3-1-2::	2
chr7	121827000	121855000	chr7_121827000	15	28000	6.76965691135224e-13	16	2.13090429700218e-14	2	3299.9835920829	::N3-9::B3-9::N3-1-15::N3-4::N3-2-22::N3-1-2::N3-1-11::N3-21::N3-2-7::N3-2-21::N3-2-36::N3-1-3::N3-1-5::N3-14::N3-18::	14
chr7	136389300	136417300	chr7_136389300	20	28000	1.17903852841893e-20	22	6.47322285924619e-24	3	553.997486804317	::N3-1::N3-2-36::N3-4::N3-9::N3-1-11::N3-8::N3-1-5::N3-1-13::N3-1-3::N3-1-15::N3-2-21::N3-10::N3-2-7::N3-2-2::N3-2-37::N3-21::N3-1-2::N3-2-22::N3-18::N3-14::	21
chr8	4291800	4319800	chr8_4291800	8	28000	0.00267131353942824	8	0.00267131353942824	7	0.0424323987473772	::B3-1-3::B3-1-2::N3-1-3::N3-1::B3-1::B3-2-2::N3-4::N3-2-21::	4
chr8	80698200	80726200	chr8_80698200	7	28000	0.0424323987473772	7	0.0424323987473772	6	0.589764129994852	::B3-2-2::N3-2-2::N3-4::B3-2-21::N3-10::B3-1-3::N3-1-2::	6
chr8	95750200	95778200	chr8_95750200	7	28000	0.0424323987473772	10	7.52864628658534e-06	7	0.0424323987473772	::B3-1-2::B3-2-21::B3-4::B3-1-11::N3-4::B3-2-22::N3-2-22::	8
chr8	105185500	105213500	chr8_105185500	7	28000	0.0424323987473772	8	0.00267131353942824	7	0.0424323987473772	::B3-2-21::N3-1-2::B3-1-2::B3-2-22::N3-10::B3-1::N3-4::	2
chr8	106936900	106964900	chr8_106936900	7	28000	0.0424323987473772	7	0.0424323987473772	6	0.589764129994852	::B3-1::N3-1::B3-1-11::N3-9::B3-9::B3-1-2::N3-10::	5
chr9	3015700	3043700	chr9_3015700	20	28000	1.17903852841893e-20	31	1.84467899129047e-39	9	0.000149485691470312	::B3-2-21::N3-9::N3-2-22::N3-2-7::N3-1-3::N3-8::N3-1::N3-1-15::N3-2-2::N3-1-5::B3-10::B3-2-22::B3-1::N3-21::N3-2-36::N3-1-2::N3-1-13::N3-10::N3-1-11::N3-18::	14
chr9	13800500	13828500	chr9_13800500	8	28000	0.00267131353942824	9	0.000149485691470312	7	0.0424323987473772	::N3-1::N3-2-7::B3-1-3::B3-2-22::B3-10::N3-10::B3-4::N3-4::	8
chr9	35305200	35333200	chr9_35305200	12	28000	1.44669672986848e-08	14	2.0162326782706e-11	5	7.0260678018906	::N3-1-11::N3-1-3::N3-18::B3-1::N3-1-2::N3-1-15::N3-10::N3-8::N3-1::N3-4::N3-1-5::N3-2-21::	7
chr9	70431300	70459300	chr9_70431300	10	28000	7.52864628658534e-06	14	2.0162326782706e-11	12	1.44669672986848e-08	::N3-1::N3-4::B3-2-2::N3-2-2::B3-2-36::N3-1-3::N3-1-11::B3-1-3::B3-1-13::N3-1-13::	9
chr9	72064200	72092200	chr9_72064200	8	28000	0.00267131353942824	9	0.000149485691470312	7	0.0424323987473772	::B3-18::B3-1-13::N3-1-13::B3-1::N3-1-3::B3-1-3::B3-2-36::N3-2-36::	5
chrUn_GL456383	15400	43400	chrUn_GL456383_15400	7	28000	0.0424323987473772	7	0.0424323987473772	5	7.0260678018906	::N3-1-3::N3-2-21::B3-1-3::B3-18::N3-9::N3-1-5::N3-1::	1
chrUn_GL456385	10200	38200	chrUn_GL456385_10200	8	28000	0.00267131353942824	9	0.000149485691470312	3	553.997486804317	::B3-2-2::N3-1-3::N3-18::N3-10::N3-1::N3-2-2::N3-4::N3-2-7::	0
chrUn_GL456389	10700	38700	chrUn_GL456389_10700	7	28000	0.0424323987473772	7	0.0424323987473772	1	13104.6222740512	::N3-18::N3-10::N3-1-3::N3-1::N3-2-2::N3-4::N3-2-7::	0
chrUn_GL456390	0	28000	chrUn_GL456390_0	22	28000	6.47322285924619e-24	37	1.79849531101307e-50	24	2.97451401079103e-27	::B3-18::N3-1-2::N3-9::N3-2-7::N3-1-3::N3-1::N3-4::N3-2-2::N3-10::N3-1-15::N3-1-11::N3-2-22::N3-2-36::N3-18::N3-8::N3-21::N3-1-13::N3-14::N3-2-21::B3-14::N3-1-5::B3-2-7::	22
chrUn_GL456392	10100	38100	chrUn_GL456392_10100	8	28000	0.00267131353942824	10	7.52864628658534e-06	8	0.00267131353942824	::N3-1::N3-4::N3-2-2::N3-10::N3-1-15::N3-1-11::N3-2-22::N3-1-3::	6
chrUn_GL456393	1400	29400	chrUn_GL456393_1400	13	28000	5.60468767484399e-10	15	6.76965691135224e-13	5	7.0260678018906	::N3-2-36::N3-18::N3-1::N3-8::N3-1-3::N3-10::N3-21::N3-1-2::N3-2-2::N3-1-13::N3-14::N3-1-15::N3-2-21::	9
chrX	143483000	143511000	chrX_143483000	18	28000	1.76635119388714e-17	29	6.76346446671357e-36	2	3299.9835920829	::N3-4::N3-10::N3-1::N3-2-36::N3-2-7::N3-18::N3-2-2::B3-2-36::N3-8::N3-1-5::N3-1-2::N3-21::N3-2-22::N3-1-15::B3-1::N3-1-13::N3-14::N3-1-3::	25
