chr10	7576800	7814800	chr10_7576800	40	238000	0.00256182893970641	54	1.64223414230652e-10	47	1.08844526972813e-06	::N3-1-5::B3-2-21::N-A10::N3-13::B-A08::B3-1-2::N-A07::B-A03::B3-2::N3-2-21::B-2-27::B-2-15::B-A12::N-A12::B-B10::N-3-1::B3-6::B-B02::B3-1::B-2-9::N-B03::N-B08::B-1-2::B-2-25::N-1-7::N3-7::N-2-15::B3-13::B-B07::B3-3::B3-2-22::B-2-17::B3-1-15::N-A04::N3-10::N-2-21::N3-1-2::B3-7::N-A01::B-2-14::	33
chr10	20136600	20374600	chr10_20136600	42	238000	0.000312728966239801	48	3.28769047504602e-07	43	0.000105444812322739	::N-B04::N3-1-2::N-2-15::N-B11::B3-11::N-A11::B3-7::B3-1-15::B-2-25::B-B02::N-2-17::B3-2-36::N3-1-15::N3-6::B-2-26::B3-6::B-1-2::N-1-2::N-3-1::N-A03::B-2-21::N3-1::B3-1-2::B-2-15::B3-1-3::N-B09::N3-19::B-B09::B-1-7::B-A01::N-2-21::N-A02::N-1-6::N-B02::N-2-26::N-2-25::N-B10::B3-2-21::N-A01::N3-13::B-A10::N3-3::	30
chr10	58264300	58502300	chr10_58264300	38	238000	0.0190118157478461	48	3.28769047504602e-07	44	3.47454632358895e-05	::B3-1-5::B3-1-13::B-2-21::N-2-23::B3-1-11::N-B08::N3-1-2::B3-3::B-B03::B3-6::N-B09::B-3-4::B-1-7::B-A10::B3-1::B-A02::B-B05::B-B02::N-A03::N-2-17::N-B05::N3-19::B-B10::B-2-27::N3-21::N3-6::B-2-25::N3-2-36::N-B04::N-2-21::N-1-6::B-B04::N-1-2::B-A12::B-A07::B3-2-21::N-B02::N-2-27::	21
chr10	67036100	67274100	chr10_67036100	46	238000	3.52840874459885e-06	66	6.00877141707675e-18	59	1.75128699279159e-13	::B-A08::B-B09::N-A02::N-A08::N3-2-22::B-A10::N-B08::B3-1-15::N3-1-13::B-1-6::N3-11::B-B11::N-2-15::B3-1-2::N-2-17::B-3-1::N-3-1::B-2-17::B-B03::B3-19::B3-6::N3-1-5::N-1-10::N3-13::N3-2-36::N-A07::N-B11::N-A11::N3-10::B-1-2::B-A03::N-1-2::B3-7::B3-8::N-B07::B-B07::B-2-25::B3-3::B-2-15::N3-8::B3-11::B-A02::N-A01::N3-6::B-B10::B-A12::	31
chr10	108167700	108405700	chr10_108167700	51	238000	8.01920575192894e-09	80	8.2887693195097e-28	57	2.85092766461179e-12	::N-A01::N-2-15::N-2-14::B3-1::N-B04::N-B03::N-A04::N-B09::N3-1-5::B3-1-15::B-A03::N-A08::N3-1-15::N-A03::N-1-2::N3-1::B3-3::B-B11::B3-1-2::B3-7::B3-2-22::B-2-25::B3-6::B-B10::N-B10::B3-1-3::B-3-4::B-A07::N3-5::B-A10::B-2-17::N-1-6::B-1-6::N-B08::B-A08::N-B05::B-2-15::B3-13::B-B09::N-A05::N-B02::B-B04::N3-11::B-2-9::N3-8::N3-2-36::N-3-1::B-3-1::N-A12::B-A12::N-2-21::	38
chr10	116390700	116628700	chr10_116390700	44	238000	3.47454632358895e-05	63	5.4131025621236e-16	53	6.1165041150927e-10	::N3-21::B-2-17::B-B10::B3-2-36::N-A01::N-1-9::N-A12::B-3-4::N-B03::B-B02::B-A10::B-2-9::B-1-6::N-B05::N3-1-5::B-B05::B-A01::B3-1::N-A02::B-A02::B-B07::B-A05::B3-7::N3-7::B3-1-3::B3-1-2::N-B02::N3-6::N-2-15::B-1-7::B3-6::N3-1-11::B3-1-11::B3-1-13::N-1-6::N3-2-21::B-A12::N-2-21::B3-1-5::N-3-1::B3-11::B-2-21::B3-13::B3-1-15::	35
chr10	122968900	123206900	chr10_122968900	42	238000	0.000312728966239801	49	9.72792935165769e-08	42	0.000312728966239801	::B-3-4::B-B11::N-B02::N-3-1::B-A07::B-A01::B3-6::N-2-12::B-2-12::B-1-4::B-1-2::B3-2-21::N3-1::N-B03::B-B03::N3-3::N3-11::B3-11::N3-1-13::B-2-17::N-2-17::B-A05::B3-1-3::B3-2::N-A07::B-B02::N-A02::B-A11::B3-2-22::N3-2-22::B-A04::B3-5::B3-13::B-B09::N-B09::N3-1-3::N3-1-15::B3-1-15::N3-1-5::N-B04::N-A05::B-A08::	25
chr10	127974100	128212100	chr10_127974100	38	238000	0.0190118157478461	50	2.82082385751743e-08	41	0.000905924145749075	::B-2-25::B-B03::B-2-15::N-1-6::N-A05::B-A10::N-A10::B3-3::B3-2-21::B-1-2::B-1-10::N-B05::B3-1-5::N-1-2::B-B09::B-B05::B-1-6::B-A08::N-A01::B-2-21::N-B04::B3-11::N-2-21::B-B11::B-B02::N3-13::N-2-25::B-B07::B3-1-2::B3-2-37::N3-1-2::N-B07::B-A05::N3-1-11::B-2-14::B3-8::N-B08::B-B08::	26
chr10	128275600	128513600	chr10_128275600	42	238000	0.000312728966239801	52	2.23590618525532e-09	46	3.52840874459885e-06	::B-2-15::B3-6::B3-7::N-1-6::B3-13::B-B02::B-1-2::N3-1::B3-1::N-1-2::B-B10::B-B11::N-B11::B-A08::B-A02::N-B05::N3-1-15::N3-6::B3-2-22::B-2-14::N-1-10::B-3-4::B3-2-21::B-B07::N-2-21::B-B04::B3-1-3::B3-1-15::N-2-23::N-2-9::B3-1-11::N-A05::N-B02::N-A12::B-A12::N-2-25::N-2-14::B-3-1::N-A11::B-A03::N3-2-22::B-2-25::	23
chr10	128643500	128881500	chr10_128643500	37	238000	0.0498289377272414	50	2.82082385751743e-08	44	3.47454632358895e-05	::N-1-7::B-B09::N-B04::N-A05::B3-2-22::B3-1-2::N-2-21::N-A08::N3-19::B-B07::B-A05::B-B11::N-B11::N-B09::N3-1-2::B-3-4::B3-1-11::B-A11::N3-2-22::B-2-25::B-2-23::B-1-6::B-A08::N-2-25::B-1-2::N-1-6::N-A01::N-B03::B3-6::B-A04::B3-1::N3-10::B-B10::B-B03::B-1-7::B3-2-21::N-2-12::	28
chr11	3100500	3338500	chr11_3100500	49	238000	9.72792935165769e-08	81	1.48364705481717e-28	59	1.75128699279159e-13	::N-2-23::N3-8::N3-1-2::N-2-26::N3-10::N-B05::N3-1-3::N-A10::N-2-25::B-A02::N-A11::N3-13::B3-10::B3-21::B-2-14::N-2-15::N3-19::B3-19::B-B07::N-A03::N-A02::B3-5::B-B09::B3-8::N-3-1::B-2-15::B-A03::N-A12::N-A05::B-2-17::B-B10::B3-2::B-2-27::B3-2-36::B-A10::B-2-23::B3-1-13::B-A08::N-A08::N-B04::B3-13::B-1-6::B-1-7::B3-1-3::B-2-9::B-1-2::B3-3::N3-1::B-A04::	30
chr11	4381600	4619600	chr11_4381600	40	238000	0.00256182893970641	59	1.75128699279159e-13	51	8.01920575192894e-09	::B3-3::B-B05::B3-1-3::N3-13::B-2-25::B-2-26::B3-6::N3-10::N-1-6::B-2-9::B-B10::N-B10::B-2-15::N-A02::B3-7::B-1-4::B-2-12::N-2-9::B3-2-36::N3-2-36::N3-8::B-A08::B-A04::B-B09::B3-1-13::B-1-7::N-1-7::B3-1-15::B-2-17::B-2-23::N-2-23::N-1-2::B3-2-21::B-A10::N3-19::N-B05::B3-19::N-A04::N-1-10::B-3-4::	36
chr11	19878000	20116000	chr11_19878000	40	238000	0.00256182893970641	55	4.32910332973707e-11	48	3.28769047504602e-07	::B-A08::B-B03::N-A01::N-2-27::B3-1-3::B-B05::N-2-15::B3-1-2::N3-1-2::B-A05::N-1-2::B3-2-21::N3-6::B-1-7::N-A05::N-2-25::B-2-12::N-B03::N-3-4::N-A03::B-B10::B3-1-11::B-B02::N3-1-11::N-B02::B-2-17::B3-19::B3-7::N3-13::N-2-17::B3-2::B-3-4::B-2-14::B-1-6::B3-5::B-2-15::B3-6::B-A01::B-2-21::N-1-6::	29
chr11	23253200	23491200	chr11_23253200	47	238000	1.08844526972813e-06	67	1.3002786895693e-18	59	1.75128699279159e-13	::B-2-15::B-A01::N-A01::N-2-23::N-B08::B3-2::B3-7::B-B09::B3-2-22::B-2-14::N-A12::N-3-1::N3-6::B3-1-13::N-B02::B3-19::B-B07::N3-19::B-3-1::N-1-7::N3-10::N-A03::B3-6::N-2-17::B-1-2::B3-2-21::B-B04::N-A08::B-1-6::N-1-2::N3-3::B3-8::B-2-26::B3-1::N-1-6::N-B05::B-2-23::B-A07::B-1-7::N3-2-21::N-A11::B3-2-36::N-2-14::N-B10::N-2-21::B-A05::N-B09::	39
chr11	30035300	30273300	chr11_30035300	37	238000	0.0498289377272414	42	0.000312728966239801	38	0.0190118157478461	::B-1-2::B-2-17::B-1-6::B-2-27::N-B05::B-B02::B-2-15::N3-1-13::B3-1-13::B-A07::N3-21::B-A05::N-A05::B-3-1::B3-11::B3-5::N-B10::N-B03::B-B05::B3-3::N-B11::N3-1::B-1-10::B-B10::B-B04::B3-1-3::B3-1-2::B3-2-21::B-2-14::B3-2-36::B3-19::N3-19::N-1-6::N3-2-21::N3-3::B-2-25::N-3-1::	23
chr11	32470200	32708200	chr11_32470200	40	238000	0.00256182893970641	52	2.23590618525532e-09	44	3.47454632358895e-05	::N-B08::B3-1-11::B3-19::B-B04::B3-2-36::N3-19::B3-2::B-B05::B-B03::N-B10::B-B10::B3-1-2::N-A11::B-2-26::B-2-14::B-B09::N3-10::B-A10::N3-1-5::N3-2::B-2-17::N-3-4::N-B09::B-B02::N-B05::B3-2-22::B-2-15::N-A05::B-A05::N-1-6::B3-2-21::B-A02::B-1-2::N3-1-15::N-2-15::B3-8::N-A01::N-2-14::N-3-1::B3-21::	26
chr11	53252200	53490200	chr11_53252200	40	238000	0.00256182893970641	48	3.28769047504602e-07	45	1.11946664190943e-05	::N-2-27::N-A12::B-B02::B-A10::N-B02::B3-10::B3-1-11::B-1-10::B3-7::N-2-26::N3-1-15::B-2-23::B-A08::B-B05::N-2-15::N-B04::B-B04::N-2-23::B3-2-36::N-2-14::B-B03::B3-5::N-A08::B-A04::B-2-14::N-A11::B3-11::B3-19::B3-13::B-2-15::B-B10::N3-1-5::B-A03::B-3-4::N3-13::N-B08::B-A07::B3-21::N3-6::B3-2::	19
chr11	54448700	54686700	chr11_54448700	44	238000	3.47454632358895e-05	64	1.22628621499634e-16	52	2.23590618525532e-09	::N3-19::B-2-23::B3-10::B3-3::B-A10::B3-19::B3-1::N-2-15::N-2-14::B3-1-13::N3-1-15::B-B05::N-A03::N-2-27::B-A03::N-B04::B-3-1::B3-2-22::B-1-2::N-A08::B-A05::B3-1-15::B-A08::B-2-15::N-A02::B-A11::N-A11::B-A12::B-B03::B-A01::B-2-17::N-1-6::B3-1-3::N3-1-11::B-B10::B3-6::B3-2-21::N3-21::B-1-6::N3-11::B-B04::B3-8::B-B02::N-2-25::	39
chr11	59614500	59852500	chr11_59614500	45	238000	1.11946664190943e-05	62	2.35212956449499e-15	52	2.23590618525532e-09	::N3-1-11::N3-13::B3-10::B-A07::B-A04::B-2-15::N3-2-22::B3-2-22::B-2-14::N-A08::B3-3::B-B02::B3-2-21::B3-1-15::N3-1-15::N-B05::B-2-21::B-A12::B3-19::N-2-15::B-3-4::B-1-6::B3-1-2::N3-3::B-B11::B3-2-36::B-2-23::B-2-27::N-A11::B-A11::B-B08::B3-1-13::B-B03::N-2-21::B-1-10::B-2-25::N-2-25::B-B07::B-A08::N-2-23::B-B09::B-1-7::N-3-1::N-B03::N3-1::	39
chr11	60116500	60354500	chr11_60116500	41	238000	0.000905924145749075	56	1.12081901288864e-11	47	1.08844526972813e-06	::N3-1::N-2-15::B-2-15::B3-1-15::N-B08::N-A12::B-2-25::N-1-2::N3-1-3::B3-3::B3-5::B-2-9::B-2-27::N-A02::B-A02::N3-21::B-B02::B-A10::B-1-2::B3-2::B-A07::B-B03::N-B09::B-B11::N3-13::N3-2-36::N3-1-5::B3-1-5::N-A10::N3-19::B3-2-36::N-2-21::N-B03::N3-2::N-B02::N-B11::B3-1-3::N-A08::N3-1-15::B-B05::B-B07::	27
chr11	62217300	62455300	chr11_62217300	40	238000	0.00256182893970641	63	5.4131025621236e-16	53	6.1165041150927e-10	::B-A08::B-A10::N-B09::B-1-7::B-A03::N-A03::N-1-7::N-A05::B-A05::N3-19::B-2-21::N-2-21::B3-3::B-A02::N-A01::B3-7::B-1-2::B-B02::B-B10::B3-10::B-2-14::B3-1::N-B10::N-B04::N-2-23::B3-1-2::B-2-15::B-B05::N-1-2::B-2-27::N3-8::N-2-27::N-3-1::N-1-6::B-2-23::N3-1-15::N-A02::N-A08::B3-19::B-3-4::	31
chr11	65544900	65782900	chr11_65544900	38	238000	0.0190118157478461	49	9.72792935165769e-08	43	0.000105444812322739	::B3-1-11::N-B05::N-A03::B-B07::B-1-7::N3-1-15::N-A08::B3-11::N3-11::N-B04::B-1-4::B-2-14::B3-2-21::B-A10::N3-1-11::B-B10::N3-7::N-2-23::B-1-6::B3-5::N-A07::B-A07::N-2-15::B3-2::N3-2::B-2-15::B3-6::B-B11::N-2-27::B-1-2::B-A08::B3-3::B-2-23::N-B10::B-A02::B3-10::N3-1-3::B-A11::	24
chr11	69522200	69760200	chr11_69522200	39	238000	0.00706780492375132	53	6.1165041150927e-10	41	0.000905924145749075	::B-2-14::N-3-1::B3-1-2::B3-1-15::N-2-23::N-1-2::N3-2-21::N3-3::N3-1-11::B3-7::N3-10::B-B04::B3-2-21::N3-1-2::N-B07::B-B07::B3-1-13::N3-19::N3-1::B3-2-36::B3-2-22::N-A08::N-B03::B-B03::B3-6::N-B02::B-1-6::N-2-14::B-A02::B3-1-11::B-3-1::N-B10::B-2-21::N-2-15::N3-13::B-B02::B-2-27::B-B08::B-B10::	25
chr11	72533300	72771300	chr11_72533300	46	238000	3.52840874459885e-06	62	2.35212956449499e-15	58	7.12662273897158e-13	::B-A02::N3-1-2::B-B05::N3-1-3::B-B07::N-A12::B-2-21::B3-21::N-B08::N-3-1::B3-2-22::B3-1-15::N-2-15::B-3-4::N-A01::N-3-4::B3-1-2::B-B10::N3-1-15::B3-13::N-1-2::N3-19::N-A04::B-A04::B-2-15::N3-21::B-A05::B-1-6::B-A10::B-1-7::B-B02::N3-11::B3-11::N-A02::B3-1::B-2-12::N-2-12::B3-10::N-B05::N-B04::N3-10::B-2-23::B3-5::N-2-27::B-2-27::N3-8::	26
chr11	74485900	74723900	chr11_74485900	42	238000	0.000312728966239801	56	1.12081901288864e-11	42	0.000312728966239801	::B3-3::N-B04::N-1-2::N3-8::B-1-2::N3-1-5::B3-6::B-3-1::N-2-15::B3-1-11::N3-7::B-B05::N3-11::B-2-26::B-B10::N3-3::B-B02::B-1-10::B-A04::B3-1-15::N-2-23::B3-13::N-B05::B3-8::B3-1-2::B-A01::B-3-4::B-B04::N-3-1::N3-13::B-2-25::B3-1-5::N-B07::N3-1-2::N-1-4::B-B07::N-B11::N-2-14::N-B02::B-2-14::N-A01::B-2-15::	21
chr11	75590700	75828700	chr11_75590700	39	238000	0.00706780492375132	53	6.1165041150927e-10	49	9.72792935165769e-08	::B-3-1::B-1-2::B-B02::B-B10::N3-13::N-1-2::N3-3::N-2-27::B-A02::B-1-6::N-B10::B-A11::B-A01::B3-2-22::N3-2-22::N3-11::N-B04::N3-19::B-B05::N3-1-5::N-A01::B3-6::B3-13::B-2-15::B-2-27::N-A08::B3-2-21::B3-11::B-2-23::B3-3::N-B11::B-B11::N-B08::B3-2::N-A10::B-3-4::B3-2-36::N3-1-2::N-2-23::	23
chr11	77533500	77771500	chr11_77533500	45	238000	1.11946664190943e-05	75	3.73231447461697e-24	62	2.35212956449499e-15	::N-2-25::B-2-15::N3-19::B3-3::B-B10::B3-1-15::N3-1-15::N-2-15::B-B02::N-B07::B3-2-36::N-B03::B-2-23::N-A05::N-2-12::B-2-12::B3-2-21::N-A02::B-2-14::N3-10::N-1-2::B-A01::N-A11::B-A11::N3-3::B-B11::N-1-7::N-2-17::B-2-25::N-B08::N3-13::N-1-6::B3-11::B-3-4::N-3-4::B3-6::N-A04::B3-1-11::N-2-14::B3-5::B-B03::B-A02::B-3-1::N-3-1::N-B04::	43
chr11	79337300	79575300	chr11_79337300	52	238000	2.23590618525532e-09	160	1.01346019374705e-100	126	6.59245751899929e-67	::N3-13::B-1-2::B-A11::N-A11::B-B03::N-2-23::B3-3::B3-19::B3-1-13::B-B11::B-A08::N-A02::B-A02::N3-19::N3-1-5::B3-21::N3-2-21::N-A01::B-2-23::N-1-7::B-1-7::N-2-25::N-B10::N3-3::N-A05::B3-2-21::N-2-15::B-3-4::B-1-6::B-A10::B3-13::B-A05::N-B07::N-B08::N3-1-13::B-2-27::B-B02::B3-1::N3-1-11::B-B05::B3-1-11::B3-1-3::N3-21::B-B09::B3-2-36::N-B05::B-2-25::B-B10::B-A04::N-A07::N-1-6::N-2-12::	66
chr11	80385200	80623200	chr11_80385200	38	238000	0.0190118157478461	48	3.28769047504602e-07	45	1.11946664190943e-05	::B3-1::N3-1-15::B3-2-21::N3-1-2::B-2-21::N-A02::B-A02::B-2-14::N3-6::N-2-15::N-B03::B3-19::B-2-25::N-3-4::B3-2-37::N-A01::B-3-4::B3-7::B3-6::N-1-6::B-B03::N-B02::B-B02::N-1-10::B-B08::B3-3::N-B08::B-A05::N-2-12::N-3-1::N-B05::B-B04::N3-10::B3-8::B-A08::N-B09::N-1-7::B-B09::	20
chr11	86503600	86741600	chr11_86503600	48	238000	3.28769047504602e-07	71	2.46390699633086e-21	60	4.23186335622446e-14	::B3-2-36::N3-6::N3-3::B3-3::B-2-25::B-2-15::B-A07::B-2-23::B-1-6::B3-8::N-B07::N-B10::N-B05::B-1-2::N-1-2::B-A08::B3-1-2::B-A10::N-A11::B-3-4::B-2-14::B3-7::N3-2-36::N-B04::N3-13::B-B02::N-2-17::N3-10::B-B11::N-2-15::B-B03::B-2-12::B-2-21::B-B10::B3-6::N-B03::N-1-7::B3-1-3::N-B11::N-3-4::N-1-6::B-1-7::N-A02::B-A04::N-A04::N-2-23::N-2-26::B-2-26::	34
chr11	88343200	88581200	chr11_88343200	38	238000	0.0190118157478461	42	0.000312728966239801	31	8.97931787514936	::B-2-27::N-1-2::B3-5::N3-13::B-B11::N-A03::B3-1-2::B-B07::B-B05::N3-11::N3-2-36::B3-2-36::B-1-6::B3-6::N-2-15::B-B09::B3-2::B3-13::B-A11::N-A11::B-B04::N3-1::B-2-15::B3-11::B3-3::N-B10::N-B05::N-3-4::B-1-2::B3-8::B-A03::B-A08::B3-1-15::B-A10::N3-1-15::N-A08::N-2-25::B-2-25::	22
chr11	93840800	94078800	chr11_93840800	42	238000	0.000312728966239801	77	1.3406797219468e-25	69	5.82545122621371e-20	::B-2-21::B3-2-36::B-B03::B-2-27::N3-13::B-A01::N-A02::N3-19::B-A05::N-B10::N-2-15::B-B10::B-B11::B-2-17::N-A12::B3-6::N3-5::N-2-25::B-A12::B-1-2::N-A01::B-B02::B-A02::N-B05::N3-11::N-2-21::B3-8::B3-19::B3-2-21::B3-1-5::B-A03::N-1-10::N3-1-5::B-A07::N-B04::N3-1-13::B3-1-13::B3-1-2::N-A11::B-3-1::N-B09::B-B09::	37
chr11	95263400	95501400	chr11_95263400	42	238000	0.000312728966239801	53	6.1165041150927e-10	41	0.000905924145749075	::B-2-17::B-1-7::B-B07::N3-2::N3-13::N-2-21::B-2-21::B-A02::N-A02::N-A11::B-2-14::N-B08::B3-6::B-3-4::N-3-4::B-B02::B3-10::B3-19::N-B03::B-2-26::N-2-26::N-2-25::B-2-25::N3-1-11::N-B09::N3-2-36::B-1-2::N-A04::B-A04::B-B05::N-1-6::B3-1-11::N-B02::B-2-9::B-2-23::B-2-12::B3-1-3::B-A07::B-A01::N-A01::B-2-15::N-2-15::	30
chr11	97218900	97456900	chr11_97218900	39	238000	0.00706780492375132	49	9.72792935165769e-08	46	3.52840874459885e-06	::N3-13::N3-2-21::N-1-10::B-2-17::B3-3::B3-2-36::B-A07::B-B03::B-B02::B-B07::N-2-21::N-A08::B3-11::B-B10::B-2-15::B-A05::N3-3::B3-13::B-1-6::N-A12::B-A12::B-A03::N-2-15::B-1-7::B3-19::B3-2::N-A05::B-B11::N-1-2::N-B05::N-B08::B3-1-2::B-2-9::N-2-25::B-2-25::N-B03::N-2-27::N3-1-5::N-2-23::	23
chr11	98081300	98319300	chr11_98081300	37	238000	0.0498289377272414	46	3.52840874459885e-06	40	0.00256182893970641	::N3-3::B-B10::N-B08::N3-1-5::N3-2::N3-6::B3-1-11::B-B11::N-2-27::N3-13::B-B05::B3-3::B3-21::N-3-1::B-3-1::B-A05::B-3-4::B-2-25::B3-2-36::B-2-21::N-1-10::B-1-10::B-A07::N-A11::B-A12::B-B02::B-B09::N-2-17::N-1-6::B3-1-15::N-B05::N3-2-22::B-2-14::B-A08::N-A03::N3-1-13::N3-2-36::	23
chr11	104347300	104585300	chr11_104347300	51	238000	8.01920575192894e-09	97	3.40886645567225e-41	78	2.4920457008486e-26	::N3-1-2::B3-2-22::B3-6::B3-2-21::N-B10::N-1-6::N3-2-21::B-2-12::B-B05::N-2-15::B-2-15::N3-10::B-2-14::B-3-1::B3-3::B-3-4::N-B07::B-B09::N3-2-36::B-1-6::N-2-12::B-B04::B3-7::N-B05::N3-7::B-2-25::B3-1-3::B-A12::B-B11::N-2-25::N-1-7::B3-10::N3-13::B3-13::N-2-14::B-B03::N3-21::B3-21::N-1-2::N-3-4::B-1-4::N-A02::N-A08::N3-3::B-A08::B-B07::B3-19::N-A05::B3-11::N-2-27::B-2-27::	46
chr11	105539300	105777300	chr11_105539300	42	238000	0.000312728966239801	63	5.4131025621236e-16	56	1.12081901288864e-11	::N3-2-22::N3-8::B-1-6::B3-1-11::N-2-17::B-2-23::B-1-7::N-3-4::N-1-6::B-1-2::N-A04::B-A04::B-B11::B3-1::B3-19::N3-1-2::B3-8::N-A02::B3-1-3::N3-13::B3-7::N3-19::B-A07::B3-11::N-2-15::B-B02::B-2-17::N3-10::N-B04::B-2-25::B-A05::B3-2-36::N3-2::B-B10::B-B04::N3-6::N3-11::B-B09::N3-1-5::N3-1-11::N-2-25::B3-3::	33
chr11	106023900	106261900	chr11_106023900	40	238000	0.00256182893970641	54	1.64223414230652e-10	45	1.11946664190943e-05	::N-1-2::N3-11::N-A02::B-A02::N3-1-5::B-B07::B3-7::N3-8::B3-1-15::B-1-7::B-3-4::B3-3::B3-19::B3-1::B-A04::N-B11::N-3-1::B3-8::B3-11::B-2-15::N-A05::N3-1-15::B3-6::B3-2::N3-13::N-2-23::N3-6::N-1-10::B-1-6::B-2-12::N-2-26::B-2-26::N-A08::B-A08::B-A03::N3-10::N-3-4::B-2-21::B-B02::N-2-27::	26
chr11	106818900	107056900	chr11_106818900	49	238000	9.72792935165769e-08	66	6.00877141707675e-18	53	6.1165041150927e-10	::B-2-21::B-A05::N-B04::B3-1-11::N3-6::B3-6::B-B03::N-2-26::B-2-26::N-3-1::B3-2-21::B-A12::B-1-6::B3-2-36::B-B11::B-2-14::B-2-23::N-B05::B-B04::B3-1-5::N3-1-5::N3-19::B-A01::N3-13::B-B02::N-A10::B3-1::N3-2-36::N-B03::B3-3::N3-2-21::N3-2-22::N-3-4::N-1-6::B-2-27::B3-1-2::N3-1-2::B3-7::N-A05::B3-11::B3-8::N3-8::N3-11::N-B07::B3-1-3::B-3-4::N-2-27::N3-1-3::B-1-2::	37
chr11	108154600	108392600	chr11_108154600	41	238000	0.000905924145749075	49	9.72792935165769e-08	36	0.127162128395343	::N-2-21::N-A08::N3-1-2::B-2-23::B-A02::N3-11::N-2-27::B-B09::N3-2-21::B3-2-37::N3-1-5::B3-19::B-B10::B3-1-2::N3-5::N-A12::B-2-21::N3-2-36::B3-5::N-2-26::N-2-12::N-B05::N3-10::N3-21::N3-13::N-2-23::N3-1::N-2-15::N-3-4::N-3-1::N3-3::N3-1-11::N3-19::B-1-4::B-B02::B-B04::B-2-27::N-A02::N3-1-3::N-B11::N3-1-13::	14
chr12	3240100	3478100	chr12_3240100	41	238000	0.000905924145749075	59	1.75128699279159e-13	49	9.72792935165769e-08	::N3-13::B-1-2::N-1-2::B-2-15::B3-5::B-2-12::B3-3::N3-2-21::B-B02::B-A02::N-B08::B-2-14::N-B04::N3-1-3::B3-1-3::B-3-1::N-3-1::B3-19::B-1-4::B3-1-11::B-2-23::B3-6::B-2-17::B-1-6::N-B10::N-A08::B-A08::B-B10::B-B03::N-2-12::N-2-26::N3-10::B-A04::B3-1-15::B-A12::N-A04::B3-8::N3-1-5::B-A03::B3-1::N-B09::	29
chr12	51622300	51860300	chr12_51622300	46	238000	3.52840874459885e-06	66	6.00877141707675e-18	60	4.23186335622446e-14	::B-2-15::B-A12::B-2-14::B-B02::B-1-6::B-B09::N-2-15::N3-1-5::B3-19::B-1-2::B3-2-22::B3-1-5::B-A07::B3-1-13::B3-6::B-2-21::B-A02::N3-3::N-A11::B3-1-15::N-2-14::B3-11::N-3-1::B-2-9::N-1-7::B3-10::N3-10::B-3-4::N-B11::B-A03::B3-1::B-1-10::N-1-10::N-B07::N3-6::B-2-25::N3-1-3::N-2-27::B-B10::N-2-21::B3-1-2::N-1-6::N-1-2::B3-3::N3-13::N-A10::	43
chr12	75359700	75597700	chr12_75359700	42	238000	0.000312728966239801	52	2.23590618525532e-09	48	3.28769047504602e-07	::B3-2-21::B-2-21::B3-11::B-B04::N3-19::B-2-14::N-A01::B-A12::B-2-23::B-1-6::N-A12::B3-1-2::N-B10::B-B10::B-A07::B3-10::B-1-7::B-2-15::N3-1-5::B3-1::B-2-26::N-A04::N-2-17::B3-1-13::B3-7::B3-13::N-2-21::N-3-1::N3-1-2::B3-3::N-2-23::N-1-7::N-A07::N3-11::B3-2::N-2-12::B3-1-11::B-2-9::N-2-15::B-A08::B-B02::N3-1-3::	23
chr12	78740300	78978300	chr12_78740300	38	238000	0.0190118157478461	46	3.52840874459885e-06	40	0.00256182893970641	::B-1-7::N-1-2::B-B05::B3-2-22::B-1-6::N-A01::B3-19::B-A08::N-B07::N-2-21::B-A12::N-B05::B-2-9::B3-1::B3-8::N3-1-2::B3-3::B-B07::N3-2-36::N3-2-21::N-A11::B-1-10::B-B02::N3-1-3::B-3-4::B-A10::B-2-15::B-2-21::B3-1-13::B-A07::N3-1-13::N-A05::B-A05::B3-2-36::B-B04::N-2-17::N-2-27::N-B08::	21
chr12	80614400	80852400	chr12_80614400	37	238000	0.0498289377272414	47	1.08844526972813e-06	38	0.0190118157478461	::B3-8::N-B08::N-2-25::B-2-25::B-B07::B3-1-2::B-A08::B3-7::N-3-4::N-A02::N-A01::B3-5::B-B02::N-2-14::B-2-14::B-A01::B-3-1::N-A10::B-A10::N3-19::B-2-27::N-1-2::N-A11::B3-3::B3-6::N3-21::B3-11::B-A11::B-2-12::B-B05::N-1-10::B-1-2::B-2-21::B-1-6::N-2-26::B-2-26::N-A05::	16
chr12	111049400	111287400	chr12_111049400	39	238000	0.00706780492375132	51	8.01920575192894e-09	43	0.000105444812322739	::B3-7::N-A07::B-2-15::B3-2-36::B-A03::N3-1::N-2-26::B3-1-2::N3-1-5::N-A01::N3-1-2::N-1-7::B3-1::B-1-6::N-B08::N-2-15::B-2-21::B-B09::N3-19::B3-3::N3-13::B-B02::N-B04::B-B07::B-1-7::N-3-4::B-3-4::B3-19::N-2-17::N-B10::N3-2-21::B3-13::N3-1-11::B-B03::B-1-2::N-1-2::B3-2::N-B05::B-A10::	24
chr13	3363000	3601000	chr13_3363000	42	238000	0.000312728966239801	54	1.64223414230652e-10	44	3.47454632358895e-05	::B-3-4::B-A08::N-B05::N3-8::B3-1-2::B-2-21::B-B11::N3-19::B-A10::N3-13::N3-10::B-B02::B-A03::N-B04::B-B05::N-A08::N-B08::B3-11::N-2-25::B3-1::N-B02::N3-1-3::B3-1-3::B-B10::B3-10::N-2-21::B-3-1::B3-1-15::B-B09::N3-2-21::B-1-6::N-2-17::N3-2::N-B10::B-A07::B-2-12::B-B07::N3-1-15::B-2-17::B-2-25::N3-11::B3-8::	24
chr13	8934900	9172900	chr13_8934900	37	238000	0.0498289377272414	47	1.08844526972813e-06	37	0.0498289377272414	::B-1-6::N-2-23::B3-19::B-A07::B-A03::N3-1-5::N-1-6::B-A02::B-B05::B-2-15::B3-2-36::B-B02::B-2-23::N3-19::N-2-15::N3-1-15::N-A03::B3-1-15::B-A08::B-A10::N-2-21::B-2-21::N-2-25::N-2-17::N-A01::B3-2-21::N-2-27::N-1-10::N-B09::B-B09::N-2-12::N3-8::B3-8::N-3-4::B3-21::B3-7::N-2-14::	17
chr13	13957400	14195400	chr13_13957400	42	238000	0.000312728966239801	60	4.23186335622446e-14	53	6.1165041150927e-10	::B3-2-36::B-2-25::B-B09::B-B10::B-A08::B-1-2::B-A01::B-1-6::N3-1-15::N-A12::B-A07::B3-7::B-B02::N-B02::B3-2::N-B11::N3-3::B-2-15::N-B04::N-2-15::B3-1-13::B-A12::B-2-23::N3-8::N-A01::B-A10::B3-13::N3-2-36::B3-1::B3-5::B3-2-22::N-B10::B-2-26::N3-1-2::B-B11::B-2-14::B-B04::B-A02::B-3-4::N3-13::B3-1-5::N3-1-5::	22
chr13	17692400	17930400	chr13_17692400	48	238000	3.28769047504602e-07	65	2.73529426012706e-17	54	1.64223414230652e-10	::B-2-21::B3-6::B-1-6::N3-3::B-A10::B-2-12::B-1-2::N-A11::B3-8::B3-13::N3-8::B3-1::N-A08::B-B02::N3-19::B3-19::B3-21::B-B09::B3-2::B-3-4::N-3-4::N-B09::B-2-15::B-A07::B3-1-11::B3-7::N-1-7::N3-10::B-A02::B-1-7::N-A05::B-A05::B-3-1::N-3-1::N-A01::B-B11::N-B10::N3-1-15::N-B11::N-B08::B-B08::B3-2-21::B-B05::B3-11::B-2-27::N-2-27::B-B10::N-2-15::	35
chr13	24040300	24278300	chr13_24040300	38	238000	0.0190118157478461	55	4.32910332973707e-11	46	3.52840874459885e-06	::N3-1-2::B-2-25::B-A03::B3-1-15::B-A10::B-A08::N3-1-15::N-A08::N-A03::B3-5::N3-8::N-B11::N-2-17::B-2-17::B3-2-22::N3-2-22::B-B02::N3-1-3::B3-1-3::B-A11::B3-7::N-B08::B-2-15::B-1-6::B3-19::B-A04::B-2-27::N3-6::B-2-21::B-A12::B-2-9::N-2-26::B-2-23::N-A02::N3-10::B3-1-11::N-A12::B3-6::	31
chr13	43285400	43523400	chr13_43285400	45	238000	1.11946664190943e-05	63	5.4131025621236e-16	47	1.08844526972813e-06	::B-A10::B-B10::B3-2-22::N3-6::B-A05::N-A02::N-2-9::B-B04::N3-19::N3-1-3::B-A03::B-2-14::N-2-14::N3-1-5::B3-7::N-B10::B3-19::B-1-6::N-B09::B-2-27::N-2-27::B-A12::N-A12::B-2-17::N-A11::B3-1-5::N3-2-21::B-B02::B-B03::B3-6::N3-1-2::N3-1-15::N3-13::N-B07::B3-11::B3-8::N3-8::N3-11::N-A03::N-A08::B3-1-3::B-A04::B-3-1::B-B09::B-1-10::	38
chr13	44726700	44964700	chr13_44726700	38	238000	0.0190118157478461	65	2.73529426012706e-17	56	1.12081901288864e-11	::B-3-1::N-B04::N-2-15::N3-1-3::B3-6::B3-5::B-1-7::N-A01::B-A04::B-A07::B-2-15::N-B02::B3-2-37::B3-2-22::N3-2-22::B-3-4::B-B02::N3-13::B-A12::N-A12::B-B07::N-A07::B-1-6::B-B05::B-1-2::N3-6::B-2-25::N-2-25::B-B04::N-B07::B3-1-2::B-B03::B-A02::B3-13::N3-1-2::B3-19::B-1-4::B-2-26::	26
chr13	46660200	46898200	chr13_46660200	38	238000	0.0190118157478461	49	9.72792935165769e-08	45	1.11946664190943e-05	::B-B09::B3-2-22::B-B10::N-B10::B-1-6::N3-8::B-B07::N3-6::N3-2-36::B-3-4::B3-21::N-3-4::B3-1-2::B-2-21::B-B11::B3-5::B-A08::B3-6::B-1-7::N-B08::B-A10::B-2-25::B3-3::B-B02::N-A11::N-B07::N-B09::N3-19::N3-1-15::B-A04::B-A07::B-2-27::N-A03::B3-2-36::B3-7::B-1-2::N-2-15::N3-13::	30
chr13	63082500	63320500	chr13_63082500	37	238000	0.0498289377272414	44	3.47454632358895e-05	37	0.0498289377272414	::B-2-15::N3-1-15::N-2-15::N-2-17::N-A07::N3-1::B-2-26::N-B05::B-A03::N-A11::B-A11::N-B08::B-A01::B-3-4::B3-7::B-2-12::N-2-12::B-A12::N3-13::B-B02::B-A08::B3-6::B-1-10::N-3-1::B-2-9::B-2-27::N-B02::B-B04::B3-1-5::N3-1-5::B3-1-3::B-A07::B3-3::N3-3::N-A02::B-A02::B-1-2::	21
chr13	94438100	94676100	chr13_94438100	47	238000	1.08844526972813e-06	54	1.64223414230652e-10	23	1462.7367421882	::B-1-7::B3-2-21::N3-19::B-A07::B-B02::N3-1-5::B-B10::B-A02::B3-13::B-1-6::B-A08::B-B05::N-B08::N3-11::B3-2::N-B05::N-2-26::N-2-14::N3-8::N-B04::N-A02::N-2-15::N-2-12::N-2-17::N-B07::N-A11::N-2-27::N-B03::N-1-6::N-B10::N-2-25::N-A12::N-1-2::N-A04::N3-2-36::N-3-4::N3-3::N3-21::N-2-23::N-2-21::N3-6::N3-1::N3-13::N3-2::B-A11::B-A12::N-A01::	39
chr13	98686300	98924300	chr13_98686300	39	238000	0.00706780492375132	66	6.00877141707675e-18	57	2.85092766461179e-12	::N-B02::B-B05::B-2-25::B3-8::B-B02::B3-2-36::B-B11::N-1-2::B3-2::N-2-25::B3-7::B-2-23::B-B10::N3-1-5::B3-2-21::N-B03::B-B03::B-A07::B-1-6::N-2-15::B-1-2::B-2-15::N-A07::B-2-21::N-1-6::B3-1-3::B-B09::N3-6::B-A10::N3-2-36::N-2-14::N-B09::B-3-4::B3-2-22::B3-19::N-2-23::N3-2::N-B04::B-A01::	25
chr13	103696700	103934700	chr13_103696700	41	238000	0.000905924145749075	60	4.23186335622446e-14	48	3.28769047504602e-07	::B-A05::B-1-2::B3-1-15::B3-2-22::B3-1-13::B-A08::B-A03::B-1-7::B-3-4::B3-7::N-B11::N-B02::B-B09::B3-5::N-1-10::B-A10::N3-1-2::B-B10::B-2-21::B3-2-36::B3-19::N-A02::B-A02::N-2-21::B-2-14::N3-1-15::N-A03::N3-6::B-2-9::N-3-1::N3-8::B-B11::N-B08::B-B08::B3-3::N-B09::N-B04::B3-6::B-3-1::B3-2-21::N3-2-36::	22
chr13	111633900	111871900	chr13_111633900	40	238000	0.00256182893970641	59	1.75128699279159e-13	34	0.762214496769441	::B-A08::B-2-25::N3-5::B-B11::B3-7::N-A04::B-B05::B-1-4::B-2-17::N-A02::B-B02::N-2-15::B-2-15::B-A02::N-2-21::B3-3::B-B07::B-3-1::N-3-1::N-3-4::N3-21::B-B04::B-1-6::B-A12::B-B08::B-A11::B-A10::B-1-7::B3-2-22::B-1-10::B3-19::B-3-4::B3-1-15::B3-2::B3-1-5::B-2-23::B-2-21::N-A05::N-A12::B3-11::	18
chr14	19282800	19520800	chr14_19282800	54	238000	1.64223414230652e-10	90	1.63884405754193e-35	34	0.762214496769441	::N3-19::B-A08::N-B09::B-B02::N-2-21::B3-6::B-2-14::N-B05::N-A03::N-2-27::N-A01::N3-6::N3-1-3::N3-3::N-A02::N3-2-36::B-1-6::B3-2-36::N3-1-15::N-1-10::N3-1-5::N-B11::N3-2-22::N-A05::N3-11::B-3-4::N-1-7::N3-1-11::N3-8::B-B04::B3-11::N3-10::N-2-17::N-B02::B-2-23::N-2-9::B-B11::N-B10::N3-1::B3-3::N-3-4::N-2-23::N-2-25::N-1-2::B-2-15::B3-2::N-B04::N3-1-13::N-A10::N3-2-21::N-1-6::N-B08::N-B07::N-A08::	51
chr14	26430100	26668100	chr14_26430100	38	238000	0.0190118157478461	45	1.11946664190943e-05	43	0.000105444812322739	::B-A04::N-2-15::N-2-26::N3-1-5::N3-19::B-2-14::B-B10::N-1-6::N-A02::B-2-15::B3-1-3::B-A08::B-2-23::B-B09::N-3-1::B-2-25::B3-2-22::N-1-2::B3-2::N-2-21::B3-1::N-3-4::B-B11::N3-1-2::B-B02::B-1-10::N-A08::B-A07::B-A12::B3-1-11::N3-11::B3-1-13::N3-1-13::N-A12::N-2-23::B-A01::N-A11::B-A11::	18
chr14	30973900	31211900	chr14_30973900	43	238000	0.000105444812322739	55	4.32910332973707e-11	43	0.000105444812322739	::B3-1-11::B-B09::N-3-1::N-2-21::B-2-21::N3-7::B3-11::N-B04::N-A01::N3-1-5::B-3-1::N-2-17::N3-1-3::N-2-15::B3-1-3::B-A02::N-B11::B3-2-21::B-B11::B3-1-2::N-B02::B-B07::N-B07::N-A02::N3-13::N-2-12::B3-13::N-B10::B-B10::B-A08::B3-6::N-2-25::N3-1-2::N3-1-13::B3-1-13::N-2-23::N-A11::N3-3::N-A05::N3-21::N-3-4::B3-21::B-3-4::	24
chr14	34262300	34500300	chr14_34262300	43	238000	0.000105444812322739	59	1.75128699279159e-13	52	2.23590618525532e-09	::B-1-7::B-B10::B3-1-13::B-B09::B-2-23::B-2-15::B-2-26::N-A08::B3-19::N-B09::B-1-6::N-1-10::B3-2-36::B-2-9::B3-11::B3-2::B-B02::B-B05::B-2-21::B-A01::N-2-25::N-B08::B-B08::B3-1-2::B-A07::N-1-6::N-A05::B3-7::B-2-14::N-2-14::B-2-12::N3-21::B3-1-3::B-A08::B-A11::N-A11::N-B10::N-A02::B-A02::B-1-4::N3-1-5::B-3-4::N-B05::	34
chr14	52056300	52294300	chr14_52056300	39	238000	0.00706780492375132	55	4.32910332973707e-11	49	9.72792935165769e-08	::B-A10::B3-1-13::N-3-4::N-A08::B-A01::B-2-15::B-B10::B-1-7::B-2-14::B-2-25::B-A08::N-1-7::N3-1-13::B-2-21::B-B02::B-2-12::B3-1-3::B-2-27::N3-21::N-B10::N3-19::N-2-21::B-A07::N-A07::N-2-27::B-B07::N-2-15::B-1-10::N-1-10::N-1-2::N3-2-21::B3-11::N3-1-3::B3-2-22::N3-1-11::N-B09::N-2-26::B-2-26::B3-1-11::	29
chr14	73155000	73393000	chr14_73155000	39	238000	0.00706780492375132	71	2.46390699633086e-21	50	2.82082385751743e-08	::B3-8::N-2-17::B3-1::N-B09::N-A01::N3-1-15::B3-1-15::N-3-1::B3-11::N-B02::B-B11::B-A08::N-B11::B-A03::N-A03::N-A08::N-A10::B3-19::N3-19::B-B02::B-A05::N3-8::B3-3::B3-2-22::B-A01::N-2-27::B-B04::N-B04::B-A11::B-2-25::N-2-23::B-B07::B-B03::N3-1-5::B3-1-5::N-A05::N-2-15::B-1-4::B-A02::	57
chr15	8231600	8469600	chr15_8231600	60	238000	4.23186335622446e-14	91	2.61108976786885e-36	83	4.58236609605173e-30	::B3-2-21::B3-19::B-B07::B3-1::N-A08::B-A12::N3-21::B3-13::N-2-15::B-B10::B-B03::B3-1-13::N-2-21::B-3-1::B-1-4::B-3-4::B-B04::N-A12::B-2-14::B-2-15::N-B05::B-2-12::B-1-10::N-1-6::B-A08::N-2-23::B3-2-36::N3-2-21::N3-1-13::N3-1::N-B04::N-B08::B3-11::B-2-17::N-2-17::B-B02::N-2-14::B-A07::B-1-7::B3-1-11::B-1-2::B-B08::N-A11::B-2-26::N3-13::N-A07::N3-6::B-2-23::N3-10::N3-2-36::B-B11::B-B05::B3-7::B-A11::B-2-25::N-2-25::N3-7::B3-6::N-2-12::B3-2::	57
chr15	12122200	12360200	chr15_12122200	51	238000	8.01920575192894e-09	68	2.77238216737191e-19	61	1.00583644061235e-14	::B3-2-36::B-A10::N3-2-36::B3-1::B-B11::B3-1-13::N-2-27::N-2-21::B-B08::B-2-21::B3-6::B3-19::N-B02::N-B04::N-B08::N3-19::N-B09::N-A10::B3-7::N3-1-3::B-A12::N3-1-11::N-A11::B-2-14::N3-2-21::B-1-6::B-2-15::B-B02::B-A08::B-B07::N-B07::N-A12::N-1-6::B-1-2::N-2-26::N3-13::N-2-23::B-B03::N-A01::N3-21::N-2-15::B-A01::B-2-25::N-2-25::N-A02::N3-2-22::B-3-4::B3-1-5::B-A05::B3-3::N-1-2::	44
chr15	50645500	50883500	chr15_50645500	42	238000	0.000312728966239801	54	1.64223414230652e-10	47	1.08844526972813e-06	::B3-2-21::B-2-9::N3-3::N-2-15::N-A05::B-B05::B-3-4::N-A12::B3-21::B-B09::N3-1-5::N3-2-22::N-2-23::B-B10::N-1-2::B-2-12::N-A07::B-2-25::B3-19::N-2-12::B-2-21::N-B09::B-1-2::N-2-25::N-B05::B-2-15::B-3-1::N-3-1::N3-7::B-2-14::N-2-14::N-B11::B3-5::N3-19::B-1-6::N3-1-3::N-A02::B3-7::N-2-17::B-A08::N-B07::B-A05::	27
chr15	51749100	51987100	chr15_51749100	37	238000	0.0498289377272414	55	4.32910332973707e-11	48	3.28769047504602e-07	::B3-19::B-B08::B3-8::N-B05::B3-21::B3-1-15::B3-1::B3-2-21::B-A10::N3-19::B-B05::N-3-1::B-2-21::B3-1-2::N-A11::B-A11::B-B10::N-2-21::B-3-1::B-1-6::B-2-9::N-2-9::B-B07::N-A10::B-A02::B-3-4::N-2-26::N-2-25::B-2-15::B-1-10::B3-5::B3-11::B3-2::B-1-7::N-B03::B-B03::N3-3::	27
chr15	73099100	73337100	chr15_73099100	42	238000	0.000312728966239801	70	1.20658270236157e-20	50	2.82082385751743e-08	::B3-19::N-B02::N-B09::B-2-12::N3-3::N-B08::B3-3::B-A08::B-B08::B-2-14::N3-1::N3-13::N3-10::B3-10::B3-1::B3-13::B3-2-37::B-1-6::N-1-6::B-B04::B-1-7::B-B02::N-B05::B-2-9::N3-21::N3-19::N-A08::N3-2-21::B3-11::B-2-15::B-2-27::B-1-2::B-2-21::B3-1-2::B3-1-11::B-2-25::N-2-23::B-B07::N-B07::N3-1-2::B3-8::B-B05::	29
chr15	77070100	77308100	chr15_77070100	56	238000	1.12081901288864e-11	73	9.85417074711629e-23	60	4.23186335622446e-14	::N-B08::B-1-6::N3-19::B-B10::B-1-2::N-A02::B3-1-5::N-2-12::B-2-12::B-B04::N-A10::B-A10::B3-3::N3-13::B-A11::B3-19::N-B07::N3-2-21::B3-2-21::B-2-14::B-B08::N3-1-2::B-B07::B3-1-2::B-A04::B-A03::B-2-25::N-B02::N3-1-15::N3-8::B-B05::B-2-23::B-A07::N-B05::N3-7::N-A08::B3-2-36::B3-6::N-2-21::N-B11::B3-1-15::B-A05::B3-21::N3-6::B3-1-13::N-1-2::B-3-4::N3-1-5::B3-2-22::N-3-4::N-2-15::B-A08::N-A03::B-B02::N-1-6::N-2-25::	29
chr15	80696300	80934300	chr15_80696300	58	238000	7.12662273897158e-13	92	4.11490241199451e-37	79	4.57356099779115e-27	::B-B09::N-1-6::B3-1::N-B03::N-B04::B-1-4::N-B10::N-2-25::B-A12::N-B09::B-2-21::B3-1-2::B3-21::N-2-15::B-3-4::B-B11::N3-10::B-2-23::B3-1-3::N3-1-3::N-2-12::B-2-12::B3-6::B-2-15::B-1-6::B-A04::N-B08::N3-1::B-1-7::B3-1-11::B-A03::N3-6::N3-21::B-A11::N-A11::B3-2-21::B-2-14::N-1-2::N3-13::N3-1-5::B3-13::B3-10::N3-1-2::N3-2-21::B-A08::B3-2-22::B-B04::B3-1-5::B-B07::B-A07::B-1-2::N-2-14::N3-2-22::B-B08::B3-1-13::N-A01::B-B10::N-A05::	39
chr15	81582200	81820200	chr15_81582200	38	238000	0.0190118157478461	60	4.23186335622446e-14	48	3.28769047504602e-07	::B-A11::N-3-4::N3-2-21::N-2-12::B-2-21::B-A05::N-B08::B-B08::B-2-25::B-B02::N3-6::B3-6::B-A04::N3-3::N3-1-11::B-2-14::N-2-25::B-1-10::B3-1-2::B-3-4::B-B03::B-B11::B3-2-21::N3-13::N-A01::B-B07::B-B04::N-B04::B3-13::B-1-2::B-A07::N3-11::N3-1-5::B-2-15::N3-21::N-B10::B-2-17::N-2-17::	36
chr15	85252500	85490500	chr15_85252500	37	238000	0.0498289377272414	45	1.11946664190943e-05	42	0.000312728966239801	::B-B03::B-1-7::B3-2::N3-1-15::N-A02::B-2-25::B-2-17::B-A07::N-A01::B-3-4::B3-1-2::N-A05::B-A03::N3-1-5::N-2-25::N-1-7::N3-19::N-3-1::B-3-1::B3-7::B-B10::N-B10::N-1-2::B-1-2::B3-2-22::B-A11::N3-2-22::N-2-21::B-2-15::N-B03::N3-10::B3-1-15::B3-1-3::N-2-15::B-A12::B3-11::N3-1-3::	18
chr15	96255900	96493900	chr15_96255900	46	238000	3.52840874459885e-06	72	4.96155007423852e-22	65	2.73529426012706e-17	::B-A04::B3-11::B-A10::B3-2-21::B-1-2::B3-19::B-1-6::N-2-21::B-A08::N3-1-5::N3-6::B-2-14::N3-2-22::B-A12::B3-2-36::N-1-6::B-2-26::B-B02::N3-2-36::N-1-2::B3-1::N-B04::B3-10::B-2-15::B-2-27::B3-3::N3-7::B-2-17::B3-7::B3-21::B-B04::N3-19::N-A08::N-2-14::N-3-4::B-B05::N-2-25::B3-6::B-3-4::B-B11::B3-1-11::N-1-7::B-A05::N3-1::N-B02::B-1-10::	42
chr15	99974300	100212300	chr15_99974300	40	238000	0.00256182893970641	54	1.64223414230652e-10	48	3.28769047504602e-07	::N-A08::B-A07::N-3-1::B-2-15::B3-1-15::N3-1-15::N-2-17::N-B10::N-1-2::B-2-17::N-B05::B3-11::B-3-4::N-2-21::N-2-15::N-B07::B-2-14::B-A11::B-B07::B-B09::B3-6::N-B11::B3-2-22::N-A11::B-A01::B-B05::B-A08::B3-1::N-1-6::N-B04::B3-2::N-A05::B-B11::N-B09::B3-21::N3-21::N-B02::B3-19::B-A02::N3-2-36::	27
chr15	101983300	102221300	chr15_101983300	41	238000	0.000905924145749075	48	3.28769047504602e-07	39	0.00706780492375132	::N-B09::N-1-2::N3-1-5::N-B11::N-A11::B-A11::B3-2-22::B-1-6::B-B02::N-3-1::B3-10::B3-13::N3-10::N3-13::B-2-15::B-2-14::N-2-14::N-B08::N-B05::B3-5::B-1-4::B-2-9::B-B10::B-A12::N3-3::B3-3::B-2-26::N-2-26::B-2-23::B-A08::B-3-4::N-1-7::B3-1-15::B3-21::N3-2::N3-2-21::B3-6::B-B09::N-3-4::B-A04::B-A02::	25
chr16	3986900	4224900	chr16_3986900	39	238000	0.00706780492375132	57	2.85092766461179e-12	53	6.1165041150927e-10	::N3-1-3::B3-2-22::B-A10::B3-5::B-B05::N3-21::B-B03::B-2-14::N3-6::B3-7::B3-6::B-1-2::N-B10::N-B02::B-A08::N-1-7::N-B08::B3-13::B-3-1::B-B09::B3-1::N-2-15::N-A01::N-1-2::B3-1-11::B-1-7::B-B10::B3-1-2::B3-2-37::B-2-15::N-2-17::B3-1-3::N3-13::N3-5::B-2-23::N-2-12::N-B11::B-2-21::N-2-21::	31
chr16	11060500	11298500	chr16_11060500	40	238000	0.00256182893970641	53	6.1165041150927e-10	48	3.28769047504602e-07	::B-1-2::N3-8::N3-2-22::B-B11::B3-1-3::N3-1-5::N3-13::B3-11::B-2-15::B-2-14::B3-1-15::B-1-10::B-2-21::B3-1::B3-7::B3-5::B-B07::N3-1-2::N-2-25::B-A07::N-2-27::N-A05::N-A02::N-2-15::N-B03::N3-11::B-A04::N3-1::B-A12::B-B03::N3-1-11::B3-3::B-3-1::N3-2-21::B-A11::N-A11::N3-1-15::B3-2-36::B-2-12::B3-2-22::	25
chr16	17658500	17896500	chr16_17658500	37	238000	0.0498289377272414	47	1.08844526972813e-06	43	0.000105444812322739	::B-B10::B-3-4::N-2-27::N3-6::B-B03::B-A10::N-B03::N3-3::B-A08::N-B02::N3-8::N-2-15::N-A04::N-A02::B-B07::N-2-25::N-B05::B-B05::B3-21::N-A05::B-2-21::B3-2-22::N-A10::B-2-23::B-A01::N-A01::B-1-2::B3-6::B-1-7::B-1-6::N-2-23::B3-2-36::B3-1-2::B-B09::B-2-9::B-B11::N-B08::	23
chr16	24463400	24701400	chr16_24463400	43	238000	0.000105444812322739	56	1.12081901288864e-11	52	2.23590618525532e-09	::N-A02::N-2-15::N-B03::B-1-6::B-1-2::B-2-14::B3-11::B-3-4::N3-8::B-B05::N3-7::N3-19::N3-10::B3-1-13::B-A07::B-2-21::B3-2-21::N-1-7::B-A10::N-2-21::B-3-1::N-3-1::N3-6::B-2-15::N-3-4::B3-3::N-B08::B-B02::B-B09::B-A08::B-2-23::N-2-14::N-A10::N3-1-3::N-2-23::B-2-12::B3-1-11::N3-2-22::B3-21::B3-6::B3-1-3::N-1-2::B3-5::	26
chr16	31635300	31873300	chr16_31635300	40	238000	0.00256182893970641	66	6.00877141707675e-18	60	4.23186335622446e-14	::B-2-15::N-A05::B-B03::B-B02::N-A08::B3-19::B-A07::B-B05::B-1-6::B3-21::N-2-26::N-A07::N3-1-13::N-3-1::N-B10::N3-19::B-3-4::N-3-4::N-B05::B-B10::N-B03::B-2-12::B-A02::N-2-15::N3-3::B-A11::N-2-21::B3-11::B-2-21::B-A05::B-2-14::B3-2-21::N3-6::N-A02::N-B04::B-2-23::N-B08::N3-21::B3-2-36::B3-1-11::	28
chr16	33232400	33470400	chr16_33232400	37	238000	0.0498289377272414	59	1.75128699279159e-13	52	2.23590618525532e-09	::N-B03::B3-1-11::N-3-4::B3-8::B3-1-15::N3-11::N-A02::B-B03::B3-21::N3-1-3::B-1-6::B3-2-36::N3-2-36::N-A01::N-B05::N3-1-5::B3-2-21::N3-2-21::B-2-15::B-A07::N-A12::N3-1-13::B3-1-13::B-B07::B-B05::B-A12::N-B04::N-A05::B-A02::B-A10::B-A08::B3-1-3::B-2-25::N-B02::B-2-14::N3-13::B3-13::	28
chr16	38090900	38328900	chr16_38090900	44	238000	3.47454632358895e-05	74	1.93069613849607e-23	66	6.00877141707675e-18	::B3-7::B-2-25::N3-6::N-1-6::B-1-6::B-B05::N-2-25::B3-11::B3-13::B-2-15::B-A11::B-B10::B-B04::B-B07::N-A07::B-1-7::B-A10::N3-2-22::N-A02::N-2-15::B-A08::B-B09::B-3-1::B-B02::B-1-2::N-1-2::B3-19::B-A05::N-A08::B-A12::N-2-17::N3-1-15::B-A07::N-B05::N-B07::B-B08::N-A05::N-B04::N-2-21::B3-6::B-2-14::N-A11::B-2-23::B-A04::	26
chr16	43321700	43559700	chr16_43321700	46	238000	3.52840874459885e-06	64	1.22628621499634e-16	58	7.12662273897158e-13	::N-3-4::B3-1-13::B3-7::N-B10::N-A12::B-3-4::N-A01::B3-6::N3-3::N-1-7::N-1-6::N-2-15::N3-1-2::B-A12::B-A08::N-B03::B-B03::B-2-15::B-B10::B-1-6::N-B07::N-B05::N3-2-36::N-B02::B3-1::B-2-23::B3-10::B3-13::N3-1::N3-10::N3-13::B-B05::N3-1-13::N3-1-5::B-1-7::B-2-14::N-B04::B3-3::B-A10::B3-1-2::B-B07::N-2-12::B3-2-36::B3-2::B-1-4::B3-2-21::	35
chr16	94438000	94676000	chr16_94438000	47	238000	1.08844526972813e-06	58	7.12662273897158e-13	50	2.82082385751743e-08	::N3-13::N-1-10::B3-2-36::B-B02::B-B10::B-A12::N-A12::B-B09::N-A10::N3-6::B-A08::N-A07::N-B09::B3-1-3::N-B07::B3-6::N-3-1::B-1-6::N-2-15::B3-7::B3-5::B-A01::N-A01::N3-1::B-3-1::N3-2-22::N3-1-5::B-2-15::B-B07::B-1-4::B-1-2::N-1-2::N-B08::B-A04::N-B04::B-A11::N-A11::N-B02::N3-2-21::N-B10::B-1-10::B3-2-21::N-B05::N-1-6::N-3-4::N-2-25::B3-19::	34
chr17	3058000	3296000	chr17_3058000	44	238000	3.47454632358895e-05	64	1.22628621499634e-16	56	1.12081901288864e-11	::B-B10::N3-1::B3-11::B-2-9::B3-2::N3-1-15::B-A12::B-B04::B3-19::N-2-21::B3-8::N-3-1::N3-2-21::N-A05::B-B02::B3-1-3::N3-1-3::N3-1-5::N-1-6::B-1-6::N-2-15::B-2-12::N-3-4::B-A01::N-B03::B-B03::B-A08::B-2-21::B-2-14::B3-1-11::B-A10::B-3-4::N3-5::B-B05::N-B05::B-A05::N-1-7::N3-19::N-A12::B-A02::N-A08::B3-1::B3-2-36::B3-2-21::	32
chr17	5052100	5290100	chr17_5052100	54	238000	1.64223414230652e-10	84	7.90926381019264e-31	69	5.82545122621371e-20	::B3-19::N-3-4::N-1-6::N-2-15::N-B08::B-B02::B-1-6::B-B03::B-B08::B3-7::B3-1::N3-1::N-2-25::B-3-1::B-2-21::B3-2-36::B-A11::N-A11::N-2-23::N-B09::B-B09::N-A02::N-1-4::B-A02::N-A05::N3-6::N-3-1::B3-6::N3-1-3::B-2-15::B-1-2::B-A10::N-A04::B-A04::N-2-17::B-1-4::B-A08::N3-1-15::N-A01::B-A05::B-B07::N-B07::B3-5::B-2-25::B3-3::N3-3::N3-13::N-B11::B-B11::N-A08::B3-13::B3-1-3::N3-1-2::N3-8::	35
chr17	10195800	10433800	chr17_10195800	43	238000	0.000105444812322739	55	4.32910332973707e-11	50	2.82082385751743e-08	::B3-1-3::N-A03::B-A04::B-B05::N-B10::N3-2-21::B3-6::B3-1-11::N-A01::B-B10::N-A08::N-A04::N-2-15::N3-13::B3-19::B-B04::N-3-4::N-A10::B3-2-21::B-A07::B-B08::N-3-1::N-2-23::N3-6::B-1-6::B-2-26::N-1-10::B-2-25::B-A03::B-1-10::B-2-21::N-2-21::B-2-23::N-1-2::B-1-7::B3-2-22::B-A10::N-A02::B-A02::B-B09::B-A05::B3-3::N3-19::	22
chr17	29981100	30219100	chr17_29981100	48	238000	3.28769047504602e-07	75	3.73231447461697e-24	62	2.35212956449499e-15	::B3-3::B-B02::B-3-4::B3-21::N3-21::N-3-4::N3-1-5::B-B05::N-A08::B-B10::N-B03::B-B11::B-B03::N-2-25::N3-11::N-A11::B3-19::N-2-17::B-1-7::B3-1-3::N3-1-3::N-B07::N-A01::N-B04::B-2-27::N3-19::B3-1-11::N-B05::N3-1::B-2-17::B-2-15::B-1-6::B-B04::B-A02::N3-13::B3-1::N-1-6::B-2-14::B-A10::B-2-12::N-2-12::N-A05::B-2-26::B-A07::B3-1-5::N3-3::B3-1-2::B-3-1::	37
chr17	32126500	32364500	chr17_32126500	42	238000	0.000312728966239801	59	1.75128699279159e-13	48	3.28769047504602e-07	::B3-1-3::B3-3::N3-1-15::B3-1::B-A12::N3-1-11::B-B05::B-A08::B3-11::B-2-25::B-2-21::B-1-2::N-3-4::N-B10::N-A01::N-2-23::B-B07::B-2-12::B3-7::B-A03::B-A10::B3-1-13::B-B02::B3-1-2::N3-1-2::N-B08::B-2-17::N-2-17::N-B09::N3-1-5::B3-13::B3-10::B3-2-37::N3-10::N3-13::B-2-15::B3-6::N3-6::N3-3::B3-1-11::N-1-2::N-A05::	35
chr17	44535200	44773200	chr17_44535200	37	238000	0.0498289377272414	46	3.52840874459885e-06	37	0.0498289377272414	::N-A03::B-3-4::B-A10::N-B05::B3-11::B3-1-3::B3-21::B-2-23::B-B10::N-B09::B3-1-11::N3-1-15::B-A02::B-1-2::B-A08::N-A08::B3-2::N3-2-36::N-2-14::N3-1-5::N-2-25::N-A02::B3-1::N3-2::N-2-23::B-B02::B-2-27::N-B02::B-2-12::N-2-12::B3-1-2::B3-19::N3-19::B-1-7::N-B03::B3-3::N-B08::	24
chr17	65585500	65823500	chr17_65585500	37	238000	0.0498289377272414	45	1.11946664190943e-05	34	0.762214496769441	::B-B07::B3-10::B3-1::B3-13::N3-10::N3-13::B3-19::B3-1-13::B-B05::B-B02::N3-19::B-B10::B3-7::B-A07::B-2-27::N-1-2::B3-11::N-2-23::N-3-1::N-A02::B-3-4::B-2-26::N-2-15::N-B10::N-2-12::B-2-12::B-B09::N-B02::N-A05::N-B04::B-A05::B-1-6::B3-8::B3-2-21::B-A03::B-B04::N-A04::	23
chr17	74178700	74416700	chr17_74178700	43	238000	0.000105444812322739	59	1.75128699279159e-13	55	4.32910332973707e-11	::B-B10::N3-19::B3-2-21::B3-10::N3-1-5::B-B02::B-2-25::B3-6::B3-1-11::B-A10::B-B05::N-A12::B-A11::N3-8::B-2-27::N-B05::N3-7::N3-1-2::B-3-4::B3-7::N-A08::B-2-23::N-2-23::N3-1-11::N-2-25::B-2-15::N-2-17::B3-11::N3-11::B-B04::N-B11::B3-1-3::N-A05::B-A05::B-1-2::N3-2-22::B3-2-22::B-A04::B-B03::B-2-26::N-2-15::B-A08::B-2-14::	30
chr18	4886500	5124500	chr18_4886500	38	238000	0.0190118157478461	49	9.72792935165769e-08	41	0.000905924145749075	::N-2-25::B3-11::B-A03::N-2-15::B-B11::B-A08::B-B10::B3-7::B-1-2::B-A05::N-A05::N-A03::B-1-6::N-A01::N-1-10::B3-1::N-B08::B-B02::N-3-1::B-3-1::N-B10::B3-3::B-A02::B-2-21::B-3-4::B-A10::B3-5::N3-1-5::N3-2-22::N-2-9::B-B04::N3-19::B3-2::B-B07::N3-1-15::B3-1-15::B-1-7::B3-2-22::	29
chr18	9278800	9516800	chr18_9278800	42	238000	0.000312728966239801	53	6.1165041150927e-10	43	0.000105444812322739	::B-2-15::B-3-1::B3-1::N3-1-5::B-B05::N-B08::N-B07::N3-1-2::B3-1-2::B-B07::B3-2-22::N-1-2::N-2-12::B-2-12::N-2-23::N-A03::N-2-21::N-A01::N-3-1::B-A08::B-1-2::B-2-25::B3-21::B-B09::B3-10::N3-10::B-B04::B3-3::N3-3::B-2-23::B3-8::N-2-25::B-A01::N-2-17::N-A02::B-A02::B3-2::N3-1::B-A12::B-B11::B3-2-21::N3-6::	27
chr18	9981100	10219100	chr18_9981100	57	238000	2.85092766461179e-12	76	7.12016735063212e-25	69	5.82545122621371e-20	::N-B02::B-A03::B-1-10::N-A01::B3-7::N-A11::B3-2-21::B-B04::B-A08::N-1-6::B-1-6::B3-2-22::N3-8::B-3-4::N3-3::B3-3::B3-5::B-B02::N-B11::B-B11::N3-13::N-2-21::N-2-23::B-1-7::N-2-27::B-B05::N3-19::B-2-25::B-B10::N-B05::N-2-15::N3-1-5::N3-10::N3-2-22::B-2-14::N-B08::N-2-14::B-2-15::B-2-23::N3-1-2::N-1-2::N3-2-21::B-1-2::B-3-1::N-3-1::N3-1-3::B3-10::N-A05::N-B03::N-A02::N-2-17::B3-1-13::B-A02::N-1-7::B-2-27::B3-1::B3-6::	36
chr18	31646200	31884200	chr18_31646200	47	238000	1.08844526972813e-06	59	1.75128699279159e-13	50	2.82082385751743e-08	::N3-13::N-A01::B-2-25::N3-2-21::N-B08::B-B08::B3-2::B-1-7::B-B09::B-2-14::B-A10::N3-1::B3-1-3::B-A01::B3-1-13::N-1-7::N-1-10::B3-2-36::N-3-4::B-A02::B3-6::N-1-6::B-B05::N-2-27::N3-8::N3-11::B3-8::B3-11::N3-19::N3-6::B-2-21::N-2-21::B-B10::B-1-2::N-2-23::B3-19::B-A05::N-A11::B-A08::B3-7::B-3-4::N3-1-5::B3-1-2::N-B05::N-2-15::B-2-17::B3-5::	24
chr18	34250000	34488000	chr18_34250000	49	238000	9.72792935165769e-08	70	1.20658270236157e-20	57	2.85092766461179e-12	::B-A10::N-A01::B-B03::N-B03::N-2-15::B3-2::B-1-2::B3-2-22::B-B05::B-B02::N3-1-13::N3-8::B-2-9::B-A07::N-1-7::B3-8::B3-11::N3-1-5::B3-2-36::N-A07::N3-1-11::B3-1-13::N-A11::N3-21::B3-19::B-A05::N-A05::B-2-14::B3-1::N-B02::B3-21::N-B04::B-B04::B3-6::B-2-26::N-A02::N3-10::N3-13::B-A02::B-A08::B-2-15::B3-3::B-B10::N3-5::B-2-23::B3-7::N3-2-22::B-1-6::N3-2-21::	34
chr18	34746200	34984200	chr18_34746200	37	238000	0.0498289377272414	47	1.08844526972813e-06	43	0.000105444812322739	::B-2-14::B3-1::N-B11::B-A07::B-B07::N3-11::N3-1::B-3-4::N-1-6::B3-1-2::N3-1-5::B-B10::N-A02::B-B02::B-1-4::B-2-21::B-1-7::N-B08::B-B03::B-B11::N-2-23::N-B07::B-B04::N-2-25::B-1-10::N3-13::B3-10::B-1-6::N-B10::B-A05::B-A04::B-2-26::B3-1-13::N3-1-13::N-3-4::N-2-15::B3-21::	24
chr18	35067100	35305100	chr18_35067100	39	238000	0.00706780492375132	58	7.12662273897158e-13	50	2.82082385751743e-08	::B-A08::B-B04::B3-1-13::N3-13::B3-6::B-2-15::B3-7::N3-19::B-A02::B-2-23::B-A01::B-A10::N-A01::B-3-4::B-B09::N-A11::N3-1-5::N-A08::B-1-2::N-2-25::B-2-25::B-B05::N-2-15::B3-1::N-3-1::N-B10::N-1-6::B3-19::B-B03::N3-2-22::B-B10::B-1-6::B-B07::N-B05::N-1-2::N-B02::B3-1-5::B-B02::N-B03::	36
chr18	35557000	35795000	chr18_35557000	40	238000	0.00256182893970641	56	1.12081901288864e-11	49	9.72792935165769e-08	::B-A10::B-2-23::N-2-23::B3-7::B-2-14::B-1-7::N-A10::B-1-6::B-A01::N-A01::B3-6::B-2-15::B-3-4::B3-2-22::B-B02::N-B11::B-2-25::B-B10::B-3-1::N-2-17::N-1-4::N-B05::B-A07::N-B03::N3-3::N-1-9::B3-19::B-B05::N-2-9::B3-1-2::N-A11::N-1-6::N-B07::B-B07::N3-13::B-1-2::B3-8::B-A04::B-A08::B-A11::	31
chr18	73571800	73809800	chr18_73571800	41	238000	0.000905924145749075	55	4.32910332973707e-11	42	0.000312728966239801	::B-A11::B3-6::B3-2-22::N3-2-22::B-B07::N-2-9::B-1-2::N-1-2::N3-13::B-2-12::B-2-14::N-2-12::N-2-27::B-A03::N-A03::B-2-21::N-1-6::B-1-7::N-1-7::N3-1-15::B-2-26::B-A12::B-B02::B3-1-2::N-A12::B-3-1::B-A05::B-2-15::B-A02::N-A02::N-3-1::N-A01::N-A07::B-B09::B-3-4::B-B05::B3-7::N3-7::N-2-26::B-1-6::N3-3::	38
chr19	3453200	3691200	chr19_3453200	40	238000	0.00256182893970641	70	1.20658270236157e-20	62	2.35212956449499e-15	::B3-5::N-A01::B3-2-36::B-A08::B-B10::B3-19::N-1-2::N-B10::B-B05::N-B05::B-1-6::N-A10::N-2-15::B-A05::B-2-15::B-A10::N-B03::B-B03::N3-8::B-1-10::N-2-21::B-1-4::B3-21::N3-1-11::B-2-14::B-2-21::B-B02::N-2-14::N3-1-5::B-1-2::B-B07::B-2-23::B3-6::B-A07::B-2-25::N-2-17::N3-2-22::N-A02::B3-2::N3-10::	48
chr19	7273600	7511600	chr19_7273600	38	238000	0.0190118157478461	63	5.4131025621236e-16	54	1.64223414230652e-10	::B-B11::B-A10::B-1-6::N-A08::N-2-15::B-2-25::B-B08::N3-13::N3-1-5::B3-1-3::B-B05::B3-2-37::N-1-6::N3-2-36::B3-1-5::N3-1-13::B-2-15::N3-2-22::B3-2-22::N3-10::B3-1::N3-3::B-B09::N-B08::N3-21::B3-21::B-3-4::N3-1-2::B3-3::B-2-23::B-A08::N-A02::B-3-1::N3-1-15::N-3-4::N-B09::N-B11::B3-19::	35
chr19	11758900	11996900	chr19_11758900	41	238000	0.000905924145749075	50	2.82082385751743e-08	43	0.000105444812322739	::B-A10::N-2-23::N-B07::N-1-6::N-2-15::B-B02::B-2-25::B3-1-15::B3-3::B-2-27::N3-3::N3-1-3::N-1-7::N3-2-36::B3-2-36::N-2-14::B-2-15::N3-7::B-B10::B-1-7::N-A11::N-B03::B-B03::B-A01::B-B04::B3-1-5::N3-8::N3-6::N3-1-5::N-B04::B3-6::B-2-9::N-2-9::B-B07::N3-10::N-B02::N-2-21::B-1-2::B-A08::N-A08::B-B05::	27
chr19	16135900	16373900	chr19_16135900	49	238000	9.72792935165769e-08	72	4.96155007423852e-22	65	2.73529426012706e-17	::N3-7::B3-3::B3-11::B3-10::N-2-15::N-A01::B3-13::N-B03::N-2-9::B-A01::N-A07::B-3-1::N-B07::N-B10::B-B07::N3-1-2::N3-10::N3-21::N-B04::B-A11::N-B09::B-B11::B3-6::B3-2-22::B-B02::B-2-25::B-B04::B-3-4::N3-1-15::B3-1::N-2-23::B-A08::B-B09::B3-1-2::N-2-27::B-2-27::N-B02::N3-1::B3-19::B3-2-36::B-2-9::B-A10::B3-5::N-A12::B-1-2::B-2-23::N-A02::N3-1-5::B-B05::	35
chr19	29876200	30114200	chr19_29876200	45	238000	1.11946664190943e-05	61	1.00583644061235e-14	46	3.52840874459885e-06	::B-A11::B3-21::N-2-21::B-2-27::N-2-27::B-A12::B3-1::N-2-15::B-3-1::B-2-25::N3-6::B-1-2::N-1-2::B-B04::B-A08::B3-2-21::B3-6::B-B10::B-2-15::N3-10::B-1-6::N-A10::N-B05::N-2-25::N3-11::B3-1-3::B-B05::N-A08::N-A11::B3-19::B3-13::B3-11::B-1-7::B-A01::N-2-12::B-2-12::N-B09::B-A02::B-A10::B3-10::N3-1-3::N3-1::N3-13::N-A02::N3-1-13::	26
chr2	17968500	18206500	chr2_17968500	40	238000	0.00256182893970641	60	4.23186335622446e-14	52	2.23590618525532e-09	::N-B04::B3-11::N-2-17::B-B07::B-A08::B-2-17::B-1-2::N-1-6::B3-1::B3-6::B-3-1::N3-2-36::N-A11::B-B02::B3-3::N3-19::B-B11::N3-13::N-A05::N-A01::N-2-23::B-B10::B-3-4::N3-1-5::B-2-15::N-A03::B3-8::N3-6::N-B08::N-2-15::B-1-6::B3-2-21::B-A01::B3-1-11::B3-1-2::N-B07::N3-1-2::B-2-21::B-2-12::B3-2-36::	30
chr2	22951700	23189700	chr2_22951700	38	238000	0.0190118157478461	51	8.01920575192894e-09	47	1.08844526972813e-06	::B3-19::N-B08::N-1-10::N3-11::B-B09::B-1-2::B3-1-2::N-B02::B-A04::N3-1-3::B-B08::N-2-25::B-2-27::B3-2-36::B3-1::B-2-14::N-A11::B3-1-11::B-3-4::B-2-15::B-A05::B3-3::B-B04::N-B04::B-B11::B-A11::N-A01::B-1-7::N3-13::N3-2-36::B-B05::B-2-26::N-A07::N-B09::B-2-23::N3-8::N-2-27::B3-5::	27
chr2	31557100	31795100	chr2_31557100	37	238000	0.0498289377272414	52	2.23590618525532e-09	42	0.000312728966239801	::B3-1::B3-1-13::N3-2::B-B09::N-B09::N-A04::N3-1-11::B3-1-11::N-2-25::B-2-15::N-B08::B3-10::B-B03::N3-2-36::B3-2-36::N3-1-2::B-A05::B-A01::N-A01::B-B10::B-A04::B-B02::N3-3::N-B02::B-1-2::B-3-4::B3-2-22::N3-2-22::B-B05::N-B10::B3-3::B-A10::N-2-9::B-2-21::N-2-12::B-2-12::B-A08::	15
chr2	37433700	37671700	chr2_37433700	42	238000	0.000312728966239801	66	6.00877141707675e-18	59	1.75128699279159e-13	::B-2-15::N-A04::N-B08::B-B08::B-B10::N-B10::B3-1-2::B3-1-11::N-3-4::N3-11::B3-11::N3-10::B-2-14::B-A07::B-B11::B-2-17::N-2-9::N-1-6::N-2-12::N-3-1::B-3-1::B-2-23::B3-6::B-2-27::B3-7::N3-5::N-B03::N-2-15::N3-6::N3-8::B-B05::B-B07::N-A01::B3-8::B-A01::B3-2-37::B3-10::N3-1-11::N-A11::N3-1-5::N-A07::N-B09::	31
chr2	48753600	48991600	chr2_48753600	43	238000	0.000105444812322739	70	1.20658270236157e-20	62	2.35212956449499e-15	::B3-19::N-2-17::B3-1-3::B-B05::B-B11::N3-1-5::B-A12::N-A12::B-3-1::N3-2-36::B-2-17::B-A11::B3-1::B3-2::N-A11::B3-2-22::N3-6::B-B07::B3-1-11::B-2-12::B-2-27::B-A03::B-A10::B3-7::N-2-27::N3-11::B-2-25::N3-21::N-2-15::B-A01::N-A02::B-A02::N3-1-3::B-2-15::B3-11::B3-5::N-A05::B3-6::N3-19::B-3-4::B-B10::N-A03::N3-8::	35
chr2	49361400	49599400	chr2_49361400	40	238000	0.00256182893970641	58	7.12662273897158e-13	53	6.1165041150927e-10	::B-A07::N3-1-13::B-B09::N3-8::B3-7::B-B02::N3-2-22::N-B04::B-A11::B3-1::N-A11::N3-13::B3-2-21::B-B05::B3-2::B-2-26::B3-2-22::B-1-7::N-A04::N3-1-3::B-1-10::N-A01::B-A01::B-2-23::B-2-21::B3-19::N-1-6::B-B08::N-B08::N-3-4::B-B11::B-B10::N3-1-15::N3-1-2::N-B05::N-2-15::N-B10::B3-5::N3-19::B3-3::	26
chr2	69795300	70033300	chr2_69795300	37	238000	0.0498289377272414	43	0.000105444812322739	38	0.0190118157478461	::B3-11::N3-10::B-1-10::B3-1-2::B-A10::B-A12::B-B05::B-A08::N-A01::B3-3::N3-3::B3-2-36::B-B10::N-1-2::B-1-2::B3-19::B-3-1::N-3-1::B-2-25::B-A01::N3-8::N-A02::B3-1-11::B-A11::B-3-4::B3-5::B-B02::B3-8::N-2-17::N3-2-21::B-2-27::B-2-15::N-2-15::B-2-14::B3-21::B-A02::N3-1-2::	24
chr2	90778400	91016400	chr2_90778400	37	238000	0.0498289377272414	51	8.01920575192894e-09	44	3.47454632358895e-05	::B-2-12::N-B05::B-2-15::B-A07::B-1-7::N-B02::B3-2-36::B-A04::N3-6::B3-1::B3-1-13::B-1-6::N-A12::B-A12::N-3-4::B-2-14::N-2-14::N3-2-36::N-2-15::N-2-21::B-A02::N-1-2::N-A05::B-B03::N-B03::N-B07::N3-13::B-A01::N-B11::N3-2::B-2-21::B3-19::B-B02::B-A03::N-3-1::B-B09::B-3-4::	29
chr2	91724900	91962900	chr2_91724900	42	238000	0.000312728966239801	60	4.23186335622446e-14	54	1.64223414230652e-10	::B3-3::B3-1-11::N-2-25::B-2-25::B-2-21::N-A10::B3-6::B-B10::B-A07::B-1-6::B-1-10::B3-7::B-2-12::N-A02::N-B05::B-1-7::B-A12::B-B04::B3-13::B3-10::N3-10::N-1-7::B-A01::B-A03::B-B09::B-1-2::B3-2-36::N-1-2::B-A10::N-A11::N3-1-5::N3-8::B-B07::N-B08::N3-19::N-B02::B-2-15::B-3-4::N3-1-2::B3-11::N3-2-36::N3-1::	24
chr2	98439800	98677800	chr2_98439800	97	238000	3.40886645567225e-41	591	nan	41	0.000905924145749075	::B-A01::B3-11::B3-8::B3-7::B3-21::B3-2-36::B-2-14::N3-8::B-1-2::N3-13::N3-2-36::N-A08::B-A07::B-A08::N-A05::N-1-2::N-A01::N-B07::N-1-7::N-B05::N3-6::N-2-14::N-B10::N-2-26::N-A02::N-2-12::N3-10::N-A11::N3-7::N-B04::N-B09::N3-1-13::N-1-6::N3-19::N-B08::N-B11::N-A03::N-A10::N3-1-11::N-A12::N3-1::N3-1-15::N3-2-21::N-2-15::N3-1-3::N3-21::N-2-17::N3-1-5::N-3-1::N-2-25::B-2-21::N-2-9::N-B02::B-B02::N3-2-22::N-1-10::N3-1-2::N3-11::N-2-27::N-2-21::B3-1-11::N3-5::N-3-4::N-B03::N-2-23::B3-1-13::B3-1::B-2-23::B3-6::B3-1-2::B-3-1::N-A07::N3-3::B-B07::N-A04::B3-13::B3-10::B-A02::B-B11::B-1-10::N-1-4::B-B10::B3-1-3::B-2-15::B3-2-22::B-B08::B3-1-5::B-B04::B-1-7::B-1-6::B-A05::B-2-27::B-B03::B3-19::B-2-12::B3-1-15::B-A11::	286
chr2	119382900	119620900	chr2_119382900	37	238000	0.0498289377272414	50	2.82082385751743e-08	44	3.47454632358895e-05	::B-2-21::B3-5::B-A01::B3-21::B3-2-36::B3-7::N3-7::B-A07::B-B05::B-B03::N-2-15::B-A11::B-B10::N3-1-5::N-2-21::N-A12::B-A12::N3-13::B-2-17::B-2-15::N-B03::N3-19::B-B07::N-A02::B-1-6::B-3-1::B3-1-11::B-A02::N-B08::N-A05::B-A05::B-B04::B3-1-5::N-B04::B-1-7::N3-11::B3-1-2::	34
chr2	121893700	122131700	chr2_121893700	38	238000	0.0190118157478461	50	2.82082385751743e-08	43	0.000105444812322739	::B-B05::B3-1-3::B-B07::N3-10::B3-3::B-2-14::B3-21::N-B04::N-B05::B3-1-2::N3-1-2::B3-2-22::B-B04::B-A03::B-A08::N-3-4::N-1-6::B-3-4::N3-2-36::B3-2-36::B-A12::N-A12::B3-19::B-2-25::N3-19::B3-1-5::B-A07::B-2-27::B-1-6::N-A02::B-2-17::N3-1::B-2-9::B-B11::B-A02::B3-2::N-B07::N-2-15::	16
chr2	152113400	152351400	chr2_152113400	38	238000	0.0190118157478461	44	3.47454632358895e-05	40	0.00256182893970641	::B-A03::N-2-17::B-1-4::N-A12::N3-8::N-A11::B3-5::B-2-27::N-2-27::N-A05::B-A10::N-B08::B-2-14::N-2-21::B-2-25::B-2-23::B-B10::B-1-6::B3-7::N-A01::N3-7::B-A08::N-1-6::B-2-12::N3-13::B3-13::B-2-15::N-A02::B3-1::B3-2-21::N3-1-11::N3-1-3::B3-1-3::N-B09::N-3-4::B-3-4::B3-21::N3-11::	16
chr2	154663400	154901400	chr2_154663400	48	238000	3.28769047504602e-07	72	4.96155007423852e-22	59	1.75128699279159e-13	::B3-21::B3-11::N3-3::B-2-15::B-A11::N-B10::B3-19::N3-19::B-2-9::N-B02::B-B03::N-A07::N-2-21::B3-8::N3-8::N3-11::N-3-1::B-A02::B-B05::B3-2-36::B-A07::B-B10::B-1-6::B-B09::N-2-27::N-2-15::B3-1-11::B-A03::N-B05::B-A01::B3-2-21::N-B04::B-3-4::B-B04::B-3-1::B-B02::N-A05::B-A05::N3-2-22::N-B08::N3-1-5::N-2-9::N3-1-11::B3-6::N3-2-21::B3-1::N3-1::B-2-23::	44
chr2	156052800	156290800	chr2_156052800	37	238000	0.0498289377272414	46	3.52840874459885e-06	39	0.00706780492375132	::N-2-26::B-1-2::N3-1-2::B-B03::N3-1-3::B-1-6::N-A02::N-B02::B-1-7::N-1-7::N-1-2::B3-3::B-B02::N3-6::N3-10::N-3-1::B-2-14::N-2-14::B3-7::B-3-4::N3-1-15::B3-19::B-B05::N-B03::B-B10::N3-11::B3-8::B3-11::B3-2-36::B3-2::B-A07::B3-1-3::N-2-17::B-A12::N-A07::N-B10::B3-21::	22
chr2	160529400	160767400	chr2_160529400	39	238000	0.00706780492375132	45	1.11946664190943e-05	38	0.0190118157478461	::N3-5::N3-1-11::N-A11::B-A11::N3-1-5::B-1-2::N-B09::B-B05::B-2-27::B-B02::N-A01::N-2-17::N-B04::N-B08::B-3-4::B-A02::N3-19::N3-21::N-2-15::B-B10::B-2-14::B3-1-11::B3-2::B3-2-36::B3-19::B3-1-5::B-2-15::N-A08::B3-5::N-1-2::B-A04::N-A04::N3-11::B-B07::B3-21::N-B03::B3-11::B-3-1::N3-6::	25
chr3	19136700	19374700	chr3_19136700	43	238000	0.000105444812322739	53	6.1165041150927e-10	46	3.52840874459885e-06	::B-1-7::B3-6::B3-11::B3-1::N-A02::B-2-14::N-3-1::B-B05::B3-3::B-2-27::N-B05::B-2-15::N-1-10::B-B02::N-2-15::B3-1-15::B-3-4::B-B10::N3-13::B3-1-13::N-A12::B-A12::N-B09::B-B09::B-1-6::N-3-4::N-A11::N-1-2::B3-2::N-A01::B-2-17::B3-13::N-A10::B-2-21::B-2-26::N-2-26::N3-19::B-A11::N-B04::B3-19::B-A04::B-A03::N-A03::	26
chr3	27475800	27713800	chr3_27475800	44	238000	3.47454632358895e-05	63	5.4131025621236e-16	54	1.64223414230652e-10	::B-A08::N-B07::N-2-25::N-A07::N3-1-13::B3-1-13::B-A07::N3-19::B-2-25::N-2-26::N-A02::B-A02::B3-6::B-B02::N3-1-3::B3-19::N-A05::B-B10::N3-11::N-3-4::B-2-15::B-2-21::N-2-21::B-1-7::B-B07::N-2-15::N3-21::B-1-2::N-B10::N3-8::N-B09::B3-3::B3-1-11::B-2-14::B-B05::N-B05::N-B02::B3-5::N-2-14::B3-2-21::B3-7::B3-13::B-A10::B-2-23::	26
chr3	51338900	51576900	chr3_51338900	45	238000	1.11946664190943e-05	63	5.4131025621236e-16	55	4.32910332973707e-11	::N-2-23::B3-19::N-2-14::N-2-17::B3-11::B3-1-11::B-B04::B-B08::N3-3::N-2-25::B3-8::N3-8::B3-1-5::B-1-2::B-2-14::B-A12::N3-19::B-B02::B3-3::B3-21::N3-13::B-2-25::N-1-2::B-1-6::B3-1-2::B-B10::N-1-6::B-2-9::B-B05::B-2-15::N3-11::B-2-26::N3-1-3::B-2-21::N-3-1::B-3-1::N-B04::N-A01::B-A03::N-B03::B3-7::N3-7::B-A02::B-A07::N-A08::	28
chr3	60443200	60681200	chr3_60443200	46	238000	3.52840874459885e-06	64	1.22628621499634e-16	44	3.47454632358895e-05	::B3-1-11::B-1-6::B-2-14::N-2-14::B-B04::N-B04::N-1-6::N-2-21::B-1-2::B-B02::B-2-27::B3-1-3::B-2-23::B-1-7::N-A08::B-B10::N-B03::B-B03::B-A11::N-A11::B3-2-36::B3-11::B3-19::N-1-7::B3-21::N-2-12::B-2-12::B-A02::N-2-15::N3-2-21::B3-2-21::B3-3::N3-21::N-3-4::B-3-4::N3-3::N-2-17::N-A02::N-2-23::B-A07::N3-10::N3-19::B-A05::B3-1-2::N-A07::B-2-15::	28
chr3	63796500	64034500	chr3_63796500	40	238000	0.00256182893970641	47	1.08844526972813e-06	39	0.00706780492375132	::N3-6::B-2-15::N-2-25::B-1-4::B-2-23::N3-10::B-B08::N-B08::B3-5::N3-8::B-1-10::N-A12::B-A12::B3-3::B3-1-15::N-2-27::B-A03::N3-2-21::B-B02::B-3-1::B-1-6::N3-1-15::N-A08::B3-19::N-B05::B-2-9::N3-2-36::B-A08::B-B03::N-B03::N-2-15::B-B11::B3-1::N3-11::B-1-7::B3-7::N3-1-13::B-2-14::B3-1-13::B3-2-36::	20
chr3	68971600	69209600	chr3_68971600	47	238000	1.08844526972813e-06	70	1.20658270236157e-20	57	2.85092766461179e-12	::B3-1-2::N3-1-3::B-2-14::B-B09::B3-3::N-1-6::N-B10::B-B10::N3-19::B-1-2::B-2-12::N-2-12::N3-1-13::N3-7::N-2-23::B-A08::B-2-25::N-2-14::B-A10::N-A10::N-B07::B-A02::B-B03::N-B03::B-B02::B-2-17::N-A08::N-2-21::B-B04::N3-10::B-2-15::B3-1-3::B3-1::B3-6::N-B09::B3-21::N3-21::N-B08::B-A01::B3-19::B-B08::N-2-25::N-3-1::N-2-17::N3-11::N-A01::N-A07::	38
chr3	84795100	85033100	chr3_84795100	39	238000	0.00706780492375132	49	9.72792935165769e-08	47	1.08844526972813e-06	::N-B09::N3-1::B-A03::N-B02::B-B05::N-B10::N3-3::B-1-2::N-2-23::B3-8::N-A05::B-2-15::B3-21::B-1-6::B-A08::B3-6::N-2-27::N-A11::B3-19::N-A02::B-A02::N3-1-5::B-2-26::B-2-23::N-3-1::B3-1-11::N3-10::N-A08::B-A11::B3-3::N-1-7::N-A10::B-A12::B3-10::B3-7::N3-1-15::N3-19::B-2-17::B-2-14::	24
chr3	88852400	89090400	chr3_88852400	44	238000	3.47454632358895e-05	64	1.22628621499634e-16	54	1.64223414230652e-10	::N-1-2::B3-1-15::B-2-25::N-2-25::B-B02::N-2-27::B-2-27::B-B07::B3-13::B-3-4::B3-2::B-B05::B-B08::B-2-21::B3-1-13::B3-6::B-1-7::N-B05::B-2-15::B-3-1::B-B10::N-1-6::N3-1-2::B3-1-2::N-B08::B-B09::B3-2-36::N-B02::B3-1::N-2-15::N3-1-3::B3-1-3::B-B03::B-A07::B3-1-11::N3-1-11::B-A08::B3-3::N3-6::B3-5::B-1-6::N-B07::N-3-1::N-2-21::	34
chr3	90130300	90368300	chr3_90130300	48	238000	3.28769047504602e-07	65	2.73529426012706e-17	57	2.85092766461179e-12	::N-A11::B-2-15::N3-1-5::B-A02::B-A07::B3-11::N3-1-2::B3-2-21::N-2-17::B-A10::B-B10::B3-2-36::B-A12::B-2-23::B3-8::B-B02::B-2-27::N-B08::B-2-14::N3-19::B-2-25::N-B05::B-B05::N3-1-13::B3-5::B3-7::N-B07::N3-8::B-3-4::B3-1-2::N-A01::N-1-6::N-1-2::B-1-2::N-2-27::B3-1::B3-2::N3-2-36::B3-3::B-A01::N-B09::B-1-7::N-1-7::B3-21::N3-21::B-A03::B3-6::N3-1::	45
chr3	94838400	95076400	chr3_94838400	38	238000	0.0190118157478461	47	1.08844526972813e-06	42	0.000312728966239801	::B3-3::N-2-23::N3-8::N-B05::B3-1::B-2-12::B-A01::N-A01::N-2-15::B3-11::N-1-6::N3-19::B-3-1::B3-13::B-2-27::B-A07::B-B11::N-2-14::B-2-26::N-2-26::B3-10::B3-6::B-B05::N-1-4::N3-2::N-A11::B-A11::B-2-15::N-B04::B-1-10::N-A03::B-A08::B3-1-5::B3-19::B-A12::N-2-17::N-2-9::B3-2-22::	21
chr3	95621900	95859900	chr3_95621900	37	238000	0.0498289377272414	41	0.000905924145749075	37	0.0498289377272414	::N-A02::B-2-14::N3-13::B-2-23::B-A12::N-B08::B3-2::B3-11::N-B02::B-B07::B3-1-2::N-A08::B3-1-15::B-3-1::N3-5::B-3-4::B-1-2::N3-2-36::B-2-15::B3-7::B-A01::N3-1-5::N3-19::B-A08::N-A11::N-A01::B-2-25::N-2-15::B3-21::N-B09::B-B04::B-A10::N3-1::N-1-7::B-1-6::N-B03::B-A11::	21
chr3	103288300	103526300	chr3_103288300	45	238000	1.11946664190943e-05	58	7.12662273897158e-13	50	2.82082385751743e-08	::B-B09::N-2-23::N3-3::B-A10::B-B10::B3-3::B-1-2::B3-6::B3-1-5::N3-11::N3-1-11::B-B07::B-A07::N-B04::B3-1::B-2-17::N-2-25::B-2-23::N-2-9::B-2-15::B-1-6::B-B03::N-B03::N-B05::N-2-15::B-2-21::B3-7::B3-13::B-2-25::B-A11::N-A11::B-2-14::B-A08::B3-10::B-2-9::N-A12::N-B07::N-A08::B3-2-21::N-2-27::B-2-27::B-A05::N3-19::N3-1-15::B3-21::	32
chr3	103974000	104212000	chr3_103974000	38	238000	0.0190118157478461	50	2.82082385751743e-08	44	3.47454632358895e-05	::B3-19::B-1-7::B3-7::N-1-10::N3-1::B-2-23::B3-1-2::N-1-7::N-2-27::B-B07::N-2-17::N-B07::N3-1-2::N3-8::B-A05::B3-2-21::B3-3::N-A03::B-3-4::B-2-15::N3-19::B3-6::B3-2-36::B-2-9::B-1-6::N-2-15::N-A08::B-A11::B-A08::N-B10::B-B02::B-A12::B3-5::N3-2::B-2-21::B-1-4::B3-2-22::N-B05::	28
chr3	104821900	105059900	chr3_104821900	44	238000	3.47454632358895e-05	55	4.32910332973707e-11	49	9.72792935165769e-08	::B-B02::B-3-1::B-A07::B-A08::B-B05::N-B03::B-B03::B-B09::B-B07::B-B11::B-A12::N-1-6::N-B04::B-B04::B-2-21::N-A12::B-A11::B-2-15::B-2-25::N-2-25::B-A10::N-2-26::B-2-9::N-3-4::B3-1-2::B3-2-21::B-2-17::B-A04::N-1-2::B-A01::N3-8::N3-1-15::B3-1-15::N-A01::B-2-27::B3-11::B-A03::N-2-15::B3-6::N-B05::B-1-6::N-2-21::N-B08::N-2-23::	28
chr3	105720900	105958900	chr3_105720900	37	238000	0.0498289377272414	46	3.52840874459885e-06	41	0.000905924145749075	::B-1-2::B3-5::N3-2-21::N-1-6::B-2-9::B-B07::B-2-17::B-2-26::B-2-14::B-A10::N-2-14::N3-19::B-2-23::B-A08::B3-2-36::B3-3::N3-1-15::N-B02::B-1-6::N-2-25::B-2-25::B-3-4::B-A01::N3-3::N3-2-36::B-B09::B-2-15::N-B04::N-2-17::B3-21::N-B11::N-2-15::B-A07::N-1-4::B-B08::B3-6::B-2-21::	22
chr3	122366000	122604000	chr3_122366000	38	238000	0.0190118157478461	58	7.12662273897158e-13	50	2.82082385751743e-08	::B-A12::B3-3::B-A03::N-3-1::B-3-1::N-A03::N-A01::N3-1-2::B-2-21::B-3-4::B-2-9::B-A10::B-B10::B-2-25::N-2-15::B-1-6::N3-13::B-B05::N-B05::N3-2-36::B3-2-36::N3-21::N3-19::B-A08::B3-19::B-B03::B-B02::B3-1-2::B-B07::N3-10::N-A11::N3-1-5::B-2-17::N-2-25::N-2-21::B-1-10::N-A04::B-A04::	26
chr3	135373800	135611800	chr3_135373800	41	238000	0.000905924145749075	52	2.23590618525532e-09	37	0.0498289377272414	::N3-2-21::B-B04::N-A05::B-A10::B-B05::N3-13::B-A05::B-B02::B-A08::N3-1-15::B3-1-15::B-1-10::B3-6::N3-10::B3-10::N-2-23::N3-8::N3-11::B3-7::B3-8::B3-11::B-2-21::B-2-14::B-A01::B3-3::N-B09::N-2-17::N-B02::B-A03::N-A08::N-A03::N3-2-36::B3-19::N3-1-2::B-2-25::N-1-6::N3-1-5::N-2-15::B3-1-13::B-2-15::N3-1-11::	26
chr3	136685600	136923600	chr3_136685600	37	238000	0.0498289377272414	50	2.82082385751743e-08	45	1.11946664190943e-05	::B-A08::N-2-21::B-3-1::N-B08::B-2-15::B-2-14::N-B04::B-A11::B-A01::N-2-15::B-1-6::N-2-12::B-2-12::B3-21::B-B03::B3-2-21::B3-1-3::N3-1-3::B-3-4::B-1-7::N-A01::B3-19::B3-6::B3-11::N3-1-5::B3-7::N-1-2::N-2-23::N3-3::N3-1-13::B-B05::B-B09::N-A03::B-2-9::N3-2-21::B-B02::B-A07::	24
chr3	144413500	144651500	chr3_144413500	41	238000	0.000905924145749075	54	1.64223414230652e-10	45	1.11946664190943e-05	::N3-1-11::B-2-12::N-2-12::B-B10::N3-3::B-1-2::B-B09::B3-3::B-1-6::B-A08::B-A10::B-2-21::N-A02::N-2-14::B-A02::B-B07::N-1-7::B-A11::B3-10::N-2-15::B3-19::N-2-25::N3-19::B3-2-22::N-A08::N-A11::B3-6::N-B07::B3-1-11::B-2-14::B-2-15::N3-8::B-B02::B3-21::N-B03::B-B03::N3-10::B3-7::N-B10::N-2-23::N-B04::	28
chr3	152183100	152421100	chr3_152183100	45	238000	1.11946664190943e-05	57	2.85092766461179e-12	46	3.52840874459885e-06	::N3-19::N-2-12::B3-6::N3-2-21::N-B04::N3-1::B-B05::B3-2-36::N-A01::B-2-12::N-1-10::B3-19::B-1-2::N3-1-15::N-B10::B-A01::N-2-23::B-A08::N-2-25::B3-1-2::N-B03::N-1-6::N-A05::B-B03::B3-13::N-A11::B-B07::N3-3::B3-1-13::N-2-27::B-2-27::B-2-14::N3-6::N-2-15::B-B02::B-2-15::B3-5::B-2-21::B-2-9::N3-1-5::B-1-10::N3-13::B-A10::B-A04::N-A04::	24
chr4	41150900	41388900	chr4_41150900	38	238000	0.0190118157478461	54	1.64223414230652e-10	49	9.72792935165769e-08	::N3-11::B3-2-21::B-1-7::B-B10::B-2-21::B-A12::B3-19::B3-2-36::N3-7::B-2-12::B-2-23::N-2-27::N-3-1::B3-1-13::B-2-14::N3-13::B-B05::N-2-21::N-2-15::B-B11::B-2-27::B3-11::B-2-15::B3-13::N-B03::B-A08::N-A08::B-B09::B-B02::B3-1-3::B-A05::N-B09::B3-7::B-A03::B3-1-15::N-A03::B-B03::B3-6::	21
chr4	44757700	44995700	chr4_44757700	37	238000	0.0498289377272414	57	2.85092766461179e-12	51	8.01920575192894e-09	::N3-1-2::B3-1-11::N3-1-11::B3-2-21::B-1-2::B-1-6::B-B10::B3-2-36::B-2-15::B3-1::B3-6::B-A05::B-1-4::B-B02::N3-13::B3-13::B-B05::B-2-27::B-1-7::B3-11::B-3-1::N-3-1::B3-19::B-2-14::B-A07::N-2-15::N3-7::N-2-17::B-2-26::N-2-23::B-2-23::B3-7::N-3-4::N-A08::B-2-9::N-A01::N-1-2::	25
chr4	82250700	82488700	chr4_82250700	44	238000	3.47454632358895e-05	62	2.35212956449499e-15	55	4.32910332973707e-11	::B-A07::B-A12::N-A11::B3-2-21::N3-1-3::N3-19::N-A12::B-3-4::B-2-21::B-1-2::N-A07::N3-6::B-2-15::N-B10::B3-19::B-2-9::N-3-1::B3-1-13::B-A01::B3-1-15::N-2-21::N-B07::N-2-25::B-2-25::B-B02::B-B11::N-B04::B-B04::N-B03::N3-2-36::N-1-7::B-1-10::B-B03::B3-6::B-1-7::N3-1-13::N-2-27::B-2-27::B-B09::N-2-14::B-A05::N-A02::N-2-23::B3-2-36::	24
chr4	116564800	116802800	chr4_116564800	38	238000	0.0190118157478461	43	0.000105444812322739	32	4.06835584731507	::B-2-21::N-B05::N3-1-11::B-B05::B-2-15::N-2-15::N3-8::N-2-23::B-2-23::N-B09::B-B09::B3-3::B-A08::N3-1-5::N-B04::B-B04::B3-1-5::N3-3::N3-13::N-A03::B3-19::B-B10::B-A02::B-3-1::N-3-1::B-1-10::N-A01::B3-1-3::B3-2::N-2-9::B-2-27::B-1-9::B-2-9::B-2-12::B-1-7::N-2-14::B3-21::N3-1::	17
chr4	130666600	130904600	chr4_130666600	47	238000	1.08844526972813e-06	68	2.77238216737191e-19	51	8.01920575192894e-09	::B-B02::N-2-21::N-B10::B-B10::N-3-1::B-3-1::B-A10::B-B07::N-A01::N-1-6::N3-8::N3-1-2::N-2-15::B-2-15::N3-13::B3-11::N3-11::B-1-4::N-A08::B-A08::B3-2::B-A05::B3-2-36::N-B02::B-2-9::B3-13::B-1-6::B3-1-11::B-1-2::B3-5::B-A07::N-B07::B3-7::N3-7::N-1-10::N-A11::N-B09::B-B09::B-B05::B3-2-22::B3-2-37::N3-2-22::N3-1-5::B3-1-5::N3-1-13::N3-21::N-B04::	30
chr4	135208500	135446500	chr4_135208500	45	238000	1.11946664190943e-05	55	4.32910332973707e-11	41	0.000905924145749075	::B-2-27::B-3-4::B3-5::B3-2-36::N3-2-36::N3-13::B3-13::B-B04::B3-1::N3-1::B-B02::N-3-1::B-A04::N-A04::B-2-12::N-2-12::B3-7::B-A08::N-A01::B-1-7::B3-1-11::N-B10::B-B10::N-A11::N3-19::B-A10::N-A10::N-B05::B-B05::B-1-6::N-2-17::B3-1-3::B-A05::N-A05::B-A07::B-2-25::N-2-9::N3-11::B-2-21::N-2-23::N-A12::B-A03::N-B07::N3-1-2::B-B07::	33
chr4	136486400	136724400	chr4_136486400	43	238000	0.000105444812322739	64	1.22628621499634e-16	49	9.72792935165769e-08	::N3-19::N-1-7::B-1-7::B3-1::B-3-4::B-2-15::N-2-15::B3-2-36::B-2-27::N3-8::N3-13::B3-7::B-A10::N-B07::B-B07::N-3-1::B-A12::N3-2-21::B3-1-15::B-A08::B-A03::N3-1-15::N-A08::N-A03::B3-13::B-2-23::N-A07::N3-2::B3-2::B3-6::N-B08::B-B08::N-2-12::N3-1-5::B-A01::N-A01::B-2-25::N-3-4::B3-10::N-B09::B-2-14::N-A05::B-A05::	36
chr4	150261300	150499300	chr4_150261300	38	238000	0.0190118157478461	47	1.08844526972813e-06	43	0.000105444812322739	::B-1-2::B-A07::B3-2-21::B3-1-15::B-A05::N-A05::B3-2-36::B3-6::B3-7::N3-1-5::B3-10::B-2-14::N-A10::N-B09::B3-2-37::N-B05::B-2-23::B-B09::N-B02::B-2-25::B-B02::B-2-15::N-2-15::B-A04::N3-1::B-A08::N-A01::B-1-10::N-B08::B-B08::B-B05::B-A10::B3-3::N-B04::B3-2::N-1-7::N-2-23::B-B11::	23
chr4	155420000	155658000	chr4_155420000	48	238000	3.28769047504602e-07	65	2.73529426012706e-17	50	2.82082385751743e-08	::N3-1-11::N3-1::B-B09::B-2-9::B-A10::N-2-9::B-B11::B-2-27::B-A07::N3-13::B-2-15::N-2-14::B3-2-36::N3-2-36::B-2-23::B3-19::N3-19::N3-8::B3-10::N-B04::N-2-15::B3-2-22::B-2-25::N-2-25::N3-10::B3-13::B3-1::B-2-14::B3-2-21::B3-3::N3-3::N-1-2::B-1-6::B3-11::B-B02::N-A11::B-A11::N3-1-5::B-B05::N3-11::B-A12::N-A02::B-1-2::N-3-1::B-B10::N-2-27::B3-1-5::B-A02::	34
chr5	3349200	3587200	chr5_3349200	37	238000	0.0498289377272414	50	2.82082385751743e-08	45	1.11946664190943e-05	::N-2-12::B-A07::N-2-9::B-2-9::B3-2-21::N3-2-36::N-B03::B3-10::B3-13::N3-13::N3-10::N-B10::B-B10::N3-21::B-3-1::B-2-23::B-2-15::B-1-6::N3-2-21::N3-2-22::B3-1-2::B3-6::B3-19::B-1-2::B3-1-11::B3-1::N-B02::N3-1-2::N3-19::B-A04::N-A04::B-A03::B3-11::N-A08::B-2-14::B-A05::B3-2-22::	33
chr5	20832800	21070800	chr5_20832800	41	238000	0.000905924145749075	55	4.32910332973707e-11	51	8.01920575192894e-09	::B-1-2::N-1-7::B3-6::B-2-25::B-3-1::N-2-27::N-1-6::B-2-15::B3-10::B3-2-36::B-A01::B3-7::N-2-9::N-A01::N3-10::B3-1-3::B-B02::N-1-10::B-B09::B-1-10::B-B10::B-A10::B-B03::N-2-17::B3-19::N3-19::B-B05::N-3-4::B-2-27::B3-2-21::N3-2-36::N-B10::N-A05::N-A12::B-3-4::N3-11::N-2-14::B-A02::B-1-6::N3-1-5::B-2-23::	35
chr5	23420500	23658500	chr5_23420500	47	238000	1.08844526972813e-06	64	1.22628621499634e-16	61	1.00583644061235e-14	::B-B02::B-1-7::B-A10::B3-7::B-A08::N-2-15::B-B07::B-A01::B-2-15::N-B09::B3-2-22::B3-1::B3-2-21::N-2-9::N3-11::B3-2-36::B3-11::B3-2::N-A01::B-1-2::N-2-21::N3-1-2::B-2-14::B-A05::N3-3::B3-3::B3-6::N-B04::N-A07::B-3-4::B3-19::B-A03::B-B05::B-2-25::B-A07::N-A05::B-A12::N3-10::N-2-27::N-A02::B3-1-3::B-1-6::N-2-23::B-2-21::N-B10::B3-13::B-B04::	25
chr5	25263100	25501100	chr5_25263100	62	238000	2.35212956449499e-15	188	0	137	1.85646551374914e-77	::B-2-27::N3-13::B3-6::N3-2-22::B-A11::B-B09::N-2-17::N-2-9::B-2-9::B3-1-2::B-1-2::B-2-15::N3-21::B-A10::N-A05::N3-10::B3-13::B3-7::B3-1::N3-1-3::B-2-17::N3-1-15::B3-1-15::B-1-6::B3-10::B3-2-36::N3-1::N-2-25::N-2-15::B-B02::N-B02::N-3-1::N-A03::B-B10::B-B07::B-A02::B-A08::B-A03::N-A08::B-B08::B-1-10::B-2-25::B3-1-11::N3-1-11::N3-1-2::N-B07::N-B10::B3-1-3::N3-2-21::B3-2-22::N-B08::N-A07::B-3-1::B3-5::N3-1-5::N-2-23::B-B05::B-B03::B-2-21::B-2-23::N-B05::N3-2-36::	108
chr5	28130200	28368200	chr5_28130200	94	238000	9.89463701896395e-39	218	0	24	883.65043030472	::N-A01::N-2-23::B3-7::N-2-15::N-A08::N-B09::N3-1-5::N-2-25::N3-11::N-3-4::N-1-2::N-2-21::B-2-21::B-2-12::B-2-15::B-B10::B3-6::B3-5::B-A08::B-1-2::B-B04::B3-1-2::N-A11::B-2-25::B-A10::B3-1-3::B-2-9::N-B04::N-2-14::N-1-7::N-B03::N-B05::N3-1-11::N-1-6::N3-3::N-1-4::B-A04::B-B11::B-2-14::B-B03::B-2-17::B3-11::B-B05::B-B08::B-1-7::B-1-10::B-B09::B-1-6::B-B07::B-1-4::B-2-23::B-A02::B3-13::B-A01::B-3-4::B3-2-21::B3-2-36::B-A11::B-3-1::B3-3::B3-2::B3-19::B3-1-11::B-A05::B-B02::B3-1-5::B-2-27::B3-2-22::B-A07::N-3-1::N3-5::B3-10::B3-1-13::B3-2-37::N-2-12::N-B02::N3-10::N3-7::N-B10::N-B08::N-A03::N-2-27::N-1-10::N-A02::N-A10::B-A12::N3-13::N-A12::B3-1-15::N3-21::N3-1-2::N3-2-21::B-2-26::B3-21::	136
chr5	65443900	65681900	chr5_65443900	50	238000	2.82082385751743e-08	90	1.63884405754193e-35	80	8.2887693195097e-28	::N3-1-13::B-2-15::N-2-26::B-2-26::B-B02::N-A03::N-1-7::B-B10::N-3-1::N3-2-36::N-2-21::B3-7::B-A10::B3-2-21::N-2-15::B-A02::B-3-1::B-1-2::B-B05::B3-13::B-A07::N-A11::B-2-21::N-A01::N3-2-21::B3-2-36::B-2-25::N-A12::N3-1-3::N-1-6::B-1-10::N3-1-11::B-1-6::N3-1-5::B-A11::B3-1-13::B3-1-3::B-1-7::B3-1-11::B3-6::N3-6::N3-13::N-B02::N-1-10::B-B07::B-2-23::B-B09::N-B05::B-A05::N3-2-22::	51
chr5	90201600	90439600	chr5_90201600	41	238000	0.000905924145749075	64	1.22628621499634e-16	60	4.23186335622446e-14	::B-A02::N-1-6::B-A04::B-B05::N-B05::B3-1-5::B-B04::B3-6::N-2-17::B3-1::B-A10::N3-13::B-A12::N-1-2::N3-3::B-1-2::B-A01::B3-19::N3-6::N-A10::N-2-23::B-2-25::N-2-21::B3-1-2::B-2-15::N-B10::B-B09::B3-1-11::N-1-7::B3-7::B-1-6::N3-19::B-1-7::B-A08::N-A02::N-2-25::N3-1-11::N-A07::N-B08::B3-1-3::N-3-1::	27
chr5	99921600	100159600	chr5_99921600	39	238000	0.00706780492375132	51	8.01920575192894e-09	39	0.00706780492375132	::N-3-1::B-2-25::B-2-15::N-A04::N-B09::N-A02::N-A11::B-A02::N-2-15::B3-6::N3-1-11::B3-2-36::N3-13::B-B05::N-B05::N-B10::B3-1-13::B-B10::B3-1::B3-13::B3-10::N3-1::N3-10::B3-5::N-A05::B-2-21::B3-1-15::B-A03::B-A08::B-1-6::N3-1-5::B3-7::B3-2-21::B-A05::B-B04::N-2-25::N-B11::N-2-17::N-2-23::	34
chr5	103464200	103702200	chr5_103464200	37	238000	0.0498289377272414	43	0.000105444812322739	38	0.0190118157478461	::B-B02::B3-2-22::N-1-2::N-B10::N-A12::B-3-1::N-B05::B-B05::B-A02::N-B08::N-2-15::N-B03::B-1-7::B-3-4::B3-1-3::N3-1-13::B-A08::N3-1-3::B3-7::B-B03::B-2-23::B-B10::B3-2-21::N3-8::B3-13::B3-3::B-A11::N-A11::B3-1-11::N3-3::B3-1-15::B-1-2::B-B09::B-B08::N3-6::B-2-12::N3-13::	20
chr5	115004600	115242600	chr5_115004600	38	238000	0.0190118157478461	47	1.08844526972813e-06	44	3.47454632358895e-05	::B-A03::N-B10::B3-10::N3-10::B3-5::B-B10::B-A05::N-B02::N-1-6::B3-1::N-A04::N3-13::B3-13::B-B02::B3-2-21::B3-3::N-A02::B-2-15::B-B05::B3-7::B-1-2::N3-19::B-B04::N-B04::N3-6::N-2-9::B-A10::B-2-14::B3-1-11::B-2-21::B-A12::B-A08::B-A07::B-2-25::N3-1-2::B-3-4::N-2-15::N3-7::	25
chr5	122269700	122507700	chr5_122269700	44	238000	3.47454632358895e-05	62	2.35212956449499e-15	51	8.01920575192894e-09	::B-A02::N-2-15::B-A10::B3-19::B-B03::N3-1-2::N3-1-3::N-B08::N3-8::B-B04::B-B10::B-B05::B-A11::N-A11::N-B02::N3-19::N3-13::B-A08::B-A03::B3-1-15::N-A08::N3-1-15::N-A03::B-3-4::B3-2-36::N-2-25::N-3-1::N-2-27::B-3-1::B3-21::N-B09::B-2-15::B3-1-3::B-A01::N-A01::B-A07::B-B02::N-1-2::B3-3::B-1-6::B3-6::B-2-25::B-B09::B-2-27::	36
chr5	147333800	147571800	chr5_147333800	39	238000	0.00706780492375132	60	4.23186335622446e-14	54	1.64223414230652e-10	::N3-19::N-2-27::N-A03::B-2-25::B3-13::B3-21::N-2-17::B-A02::N-2-15::B-A08::B3-2-22::B3-19::N3-2::B3-1-15::B-A05::N3-1-2::B3-5::B-B03::B-1-7::N-2-23::B-2-23::N-1-7::B3-7::B-B08::B-3-1::B-A12::B-1-6::N-B04::B-B02::N3-1::B-B07::N-B08::B3-6::B3-1-3::B-B04::B-A10::N3-6::B-3-4::N-A11::	30
chr6	28559300	28797300	chr6_28559300	41	238000	0.000905924145749075	56	1.12081901288864e-11	54	1.64223414230652e-10	::B3-19::N-B07::B-B02::B-1-7::B-1-2::N3-3::N-A02::B-B05::N3-8::B3-6::N3-19::B-2-21::B3-2-21::B3-7::N3-2-22::B-A04::B-A10::B-2-23::N-2-14::N-A11::B-3-4::B3-1-13::B-A07::N-B05::N-B02::N-2-21::N-A01::B3-5::B3-3::B3-1::B3-1-3::N-2-15::N3-1-5::N-B09::B-A12::N3-1-11::N-2-17::B-2-12::N-2-12::B-2-15::B-2-26::	25
chr6	31301800	31539800	chr6_31301800	40	238000	0.00256182893970641	59	1.75128699279159e-13	55	4.32910332973707e-11	::B3-5::B-1-6::B-A04::B3-1-2::N3-10::N3-1-11::N-B03::B-B03::B-B05::N-1-2::B3-1-13::B-A10::N-2-15::B3-11::B3-19::B3-1::N-A08::B-A02::B3-2::N3-2-22::B3-2-21::B3-7::B-A03::B-2-27::N3-1::B-2-21::N-B07::N-1-6::N3-3::B-2-15::B3-6::B3-3::N-3-4::B-A08::N-2-23::B-B02::N-3-1::B-B07::B3-1-5::B-B10::	22
chr6	38440300	38678300	chr6_38440300	40	238000	0.00256182893970641	52	2.23590618525532e-09	44	3.47454632358895e-05	::B-2-25::B-B11::B3-6::B-2-9::N-2-17::N-2-26::B-B05::N-B07::N-1-2::N-3-1::B-1-6::B3-7::N3-1-11::N-2-27::N-2-25::N-B03::B3-1-11::B-1-7::N3-1-3::B3-19::B3-2-21::B3-3::N-3-4::N3-2-21::B-2-14::N-A12::B-A08::N3-1::B3-1::B-2-17::N3-11::B3-13::N3-13::B-B04::N-A04::N3-2-36::B-B10::N-B08::B-B03::B-B02::	26
chr6	47350200	47588200	chr6_47350200	47	238000	1.08844526972813e-06	63	5.4131025621236e-16	53	6.1165041150927e-10	::N-1-2::N-A01::B-B02::N3-6::B3-1-15::N-B04::N3-3::B3-1-2::N3-19::B-2-9::B-2-23::B-2-21::B-A01::B-1-10::B3-1-11::N-A02::B3-2::B-B04::N-2-17::B-2-15::B-B10::B-A08::N3-1-5::N-B07::B3-1-5::N-A03::B3-1::N3-1-3::B3-7::N-B10::N-3-4::B-2-12::N3-2-21::N-1-7::B-B03::N-B03::N3-13::B-A02::B3-6::B-B09::N-B05::N-A10::N-1-6::B-A07::B-2-25::N-2-15::B-B05::	27
chr6	83266800	83504800	chr6_83266800	39	238000	0.00706780492375132	52	2.23590618525532e-09	46	3.52840874459885e-06	::B-1-2::N-2-9::B-B05::N-B05::B-A01::B-1-6::B3-1::B3-1-3::B3-19::N3-1-2::N-B07::N-A08::N-3-4::B-2-14::B3-6::B3-21::B-1-7::B3-11::N-B02::N-A05::N3-6::N-2-17::B3-13::N3-13::N3-21::B-2-12::B-B11::N-1-2::B-2-15::N-A01::B-2-23::B-A02::B3-2-36::B3-7::B-B07::N-A10::B-2-26::B-B02::N3-1::	28
chr6	103560300	103798300	chr6_103560300	41	238000	0.000905924145749075	51	8.01920575192894e-09	22	2320.42984147112	::B-2-27::N-A01::B-A01::B-B05::B-1-7::B3-19::N3-8::B3-2-36::N-2-14::N-B11::N-3-1::B-B11::N3-13::N-B10::N-2-12::N3-10::N3-1-11::N-A05::N-B04::N3-1-13::N-2-21::N3-1-15::N-B08::N-B05::N-1-7::N-2-15::N3-3::N-A12::N3-11::N-A02::B3-1-2::B3-1::N-A11::N3-1-2::B3-2-21::N-2-23::N3-19::B-A10::B-A07::B3-11::B-3-4::	26
chr6	112970900	113208900	chr6_112970900	48	238000	3.28769047504602e-07	60	4.23186335622446e-14	53	6.1165041150927e-10	::B-B09::B3-2-22::N3-1::N-2-23::B-B10::N3-1-15::B-1-6::B3-1-13::B-B02::B-B05::B3-8::B-1-2::N-B11::N-1-6::B-2-12::B3-1::B-B04::B-A11::N-2-15::B-2-21::B-2-15::N3-10::B-A12::B-A07::B-2-23::N-1-4::N-1-2::B-A05::B-2-27::N-2-27::N-2-25::N3-13::N-1-7::B3-2::B-B11::N-A03::N-2-17::B-A08::B-B07::N3-11::N-B08::B-B08::B-A03::B-2-25::N-1-10::B3-1-11::B-B03::N-A05::	32
chr6	119792200	120030200	chr6_119792200	46	238000	3.52840874459885e-06	65	2.73529426012706e-17	56	1.12081901288864e-11	::N3-10::B-A05::B-A04::B-2-15::B-1-6::B3-6::N3-2-22::B3-11::B3-3::B3-19::N-B09::B3-1-2::N-B03::N3-1-5::B-B04::N-1-2::B3-1-11::B-A08::N-2-9::B3-2-36::B-B10::B-B05::N3-19::B-A07::N3-1-2::B-A12::B3-7::B-A11::N-2-21::B-2-21::B3-13::N-2-23::N-B11::N-2-15::B-2-12::N-2-12::B-2-14::N-2-14::B3-8::N3-11::N-B05::N-A01::B3-2-21::N3-1-13::B3-1-13::B-2-25::	30
chr6	134040500	134278500	chr6_134040500	40	238000	0.00256182893970641	56	1.12081901288864e-11	46	3.52840874459885e-06	::N-A03::N-2-25::B-B09::B3-2-22::N3-2-22::B-A04::N-A02::B-A02::N-A08::N-2-21::B-2-15::B3-1-3::B-2-25::N3-8::B-2-9::B-B11::B-1-10::N-A05::B-A05::N3-1-5::B3-1-5::B-B04::B-A08::N-B03::B-B05::N-3-1::B-3-1::B-B02::B-B03::B3-3::N-A01::B3-6::N-B04::N-1-2::B-1-4::B-A01::N-2-17::N-B02::B-1-6::N-2-15::	24
chr7	16504200	16742200	chr7_16504200	39	238000	0.00706780492375132	53	6.1165041150927e-10	44	3.47454632358895e-05	::B-A11::N-B05::N-2-15::B-2-15::N3-10::B-B04::B3-1-5::B3-1-3::B-B10::N3-1-5::B-2-14::B-A07::N-B04::N-2-14::N-2-17::B-2-17::B-A01::B3-8::N3-1-13::N-B09::B-1-2::N-1-6::N3-19::B-1-10::N-A01::N-B08::B-A10::B3-11::B-B02::B3-2-21::N-B10::N-2-23::N-2-9::B3-1-15::B-2-27::N-A11::N3-11::N-1-4::N-A02::	32
chr7	49290200	49528200	chr7_49290200	37	238000	0.0498289377272414	44	3.47454632358895e-05	33	1.78743623208629	::B3-2::B3-1-15::B-A03::B-A10::B-A08::N-A03::N3-1-15::N-A08::B-1-4::B3-2-36::N-2-26::B3-19::B-2-26::B-A11::B-B11::B3-11::B3-6::B-2-17::N-B09::N-2-25::N-1-6::N-A05::N3-1-3::B-B02::B3-1-3::N-B04::N-A01::N-A11::N3-8::B-B07::N-A07::N-2-15::B-A05::N3-13::N-3-1::B-3-1::N3-10::	28
chr7	89962800	90200800	chr7_89962800	48	238000	3.28769047504602e-07	74	1.93069613849607e-23	54	1.64223414230652e-10	::N3-10::B-A02::B-B04::N-B04::B-B11::B-1-6::N-1-2::B-B09::B-A04::N3-1-15::B-1-2::B3-1::N-A02::B-B02::B-2-21::B3-1-13::N-B09::N3-11::B3-8::B3-11::N-1-4::B-A08::N-B02::B-2-23::B-B07::N-2-25::N3-8::N-A11::B3-6::B-A03::B3-7::N-3-1::B-B10::B-3-1::N-2-21::N-A01::B-A01::B3-13::B3-10::N3-13::N3-1::B-A11::B3-2-21::N-1-6::B3-2-36::N3-6::B3-1-11::B-1-10::	36
chr7	97586100	97824100	chr7_97586100	37	238000	0.0498289377272414	49	9.72792935165769e-08	45	1.11946664190943e-05	::B-3-1::N3-1-13::B-B05::B-A04::N-B09::B-B09::N3-1-5::B-2-26::N-2-17::B-2-12::N-2-27::B3-8::N3-8::N3-11::N3-7::B3-7::B-A05::N-1-10::N3-1-15::B-A10::B3-19::B-2-15::B-B02::B3-1-13::B3-2::B-2-23::N-A11::B-B07::N-2-21::B3-1-15::B-A12::N-B08::B-B08::B-A02::N-2-25::B-3-4::N3-2-36::	22
chr7	101987400	102225400	chr7_101987400	40	238000	0.00256182893970641	56	1.12081901288864e-11	47	1.08844526972813e-06	::N-B02::B3-3::B-B02::B-B07::N-B07::N-2-27::B-A08::B3-1-11::B-1-10::B3-2-21::B-1-7::N3-13::N-2-17::B3-6::B3-7::B-A05::N-2-25::B3-2-36::B3-1-2::B3-1-13::N3-1-2::N-2-15::N3-10::N-B10::B-2-21::N3-1-5::N-A02::B-3-1::B-B04::B-A07::B-B05::N-B05::B-2-15::N-1-6::B-1-2::N-B09::N-1-2::N3-21::B-2-27::B-2-26::	30
chr7	112021000	112259000	chr7_112021000	42	238000	0.000312728966239801	64	1.22628621499634e-16	54	1.64223414230652e-10	::N-A02::B-A02::B-B05::N-A01::N3-21::B-1-7::B3-1-2::B3-13::B-1-2::N-B07::N-B03::B-B03::B3-1-13::N-2-25::B-A04::B3-8::N-1-2::B-2-14::B3-1::B-1-6::B-1-10::B-2-27::B-B09::N3-7::B-B07::N-2-17::B-2-17::N-B04::B-B02::N3-1-2::N-2-21::N-2-27::B-A08::B-2-23::N-1-7::B3-2::N-B02::B-2-9::B3-10::B3-2-21::B-A07::B3-7::	36
chr7	118038200	118276200	chr7_118038200	44	238000	3.47454632358895e-05	50	2.82082385751743e-08	48	3.28769047504602e-07	::B-B07::N-2-25::B-2-14::B-2-23::B-B05::B3-1-11::B-1-2::B-B04::B-B08::B3-6::N3-19::N3-1::B3-3::B-A01::B-3-1::N-A05::B-A05::B-3-4::N-1-6::B3-11::N-B08::B-A08::B3-1::B3-1-2::N-2-23::B-B03::N-2-14::B3-7::B3-1-5::N3-11::B-1-10::N3-5::N3-13::N-A08::N-3-1::N-3-4::B-2-27::N-2-27::B3-1-13::B-2-26::B3-2-36::N3-2-36::B-A11::N-A12::	23
chr7	121602000	121840000	chr7_121602000	60	238000	4.23186335622446e-14	78	2.4920457008486e-26	31	8.97931787514936	::N3-6::B-1-10::B-B07::N-3-4::N3-5::N-A02::N3-13::B-B10::B-A04::B3-2-22::N-2-17::B-B05::N-B09::B-2-27::N-2-27::N-1-2::N3-2-36::B3-1-13::N3-1-11::N-B04::B-2-9::B3-2-36::N-2-15::B-B04::B-2-25::B-3-1::N-3-1::N3-1-15::N-2-12::N-2-21::N-A10::N-2-25::N3-2-22::N-1-6::N3-1-2::N-A11::N-2-14::N-B05::N-B07::N-1-9::N-B08::N-2-9::N-2-26::N3-11::N3-21::N-B11::N-A12::N-B02::N-1-7::N-A07::N3-2-21::N-A05::N3-2::N-A04::N-B10::N3-19::N3-3::N3-1-3::N-2-23::N3-1-5::	64
chr7	126007100	126245100	chr7_126007100	37	238000	0.0498289377272414	42	0.000312728966239801	37	0.0498289377272414	::N-2-15::N3-8::B3-1-3::B-B11::B-B04::B-2-15::B-B05::N3-1-15::B3-1::N3-1-5::B-2-25::B3-6::B-2-17::N-1-6::B3-2-36::N3-2-36::B-B10::B-A01::N-A01::N-2-14::B-B09::B-2-14::B-2-23::B-B03::B3-7::B-A05::N-1-2::B-1-2::N-B08::N-B03::N-A11::B3-1-2::N-2-9::N3-1::N-2-21::B3-1-13::B-2-21::	22
chr7	136176000	136414000	chr7_136176000	65	238000	2.73529426012706e-17	73	9.85417074711629e-23	16	13420.2947276644	::B3-19::N-2-17::N3-1-15::N3-6::B-B04::N-B07::B-2-17::B-2-15::N-A05::B3-6::B-B09::N3-1::N-A02::N-2-12::N-B11::N3-2-36::N-A08::N-2-9::N-2-14::N3-13::N-2-26::N-B04::N-2-27::N-2-25::N-B09::N-B05::N-A11::N3-5::N-B02::N3-1-11::N-2-23::N3-8::N3-1-5::N-B03::N-A10::N3-1-13::N-3-4::N3-19::N-A07::N-3-1::N-A01::N3-1-3::N3-11::N-1-2::N3-2-21::N3-10::N-2-15::N-1-6::N3-2-37::N-2-21::N-A12::N-A03::N-A04::N-1-10::N-1-4::N3-21::N3-2::N-1-7::N-B10::N3-3::N-B08::N3-7::N3-1-2::N3-2-22::B-A10::	66
chr8	25589700	25827700	chr8_25589700	47	238000	1.08844526972813e-06	58	7.12662273897158e-13	49	9.72792935165769e-08	::N3-2-22::B3-1-11::B-B02::N3-1-11::B-2-14::N-1-2::B-A08::N3-21::N-3-4::B-3-4::B3-21::B3-19::B-A03::N-A07::B-A07::N-2-15::N3-2-21::N-2-25::B-2-12::N3-8::N3-1-5::N3-13::N3-10::B-B10::B-1-7::B3-1-2::B-2-21::B-2-15::B-B08::B-2-27::N-B03::B-1-2::N-B09::B3-1-3::B-2-9::B3-5::N-2-12::B-A02::B-A12::B-B03::N3-1::N-A08::B3-1-15::N3-1-15::B-2-25::B-A05::N-A05::	27
chr8	80658400	80896400	chr8_80658400	42	238000	0.000312728966239801	56	1.12081901288864e-11	46	3.52840874459885e-06	::N-A11::N-B10::N3-19::B3-19::B-1-6::B3-3::B3-11::B3-2-21::N3-10::N-A01::B-A01::N-2-15::N-B03::B3-1-3::N3-13::B-3-1::B3-7::N-B09::N3-1-2::B-2-23::B-A05::B-B07::B3-2-36::B-1-7::B-2-15::B-B05::N-B07::N-2-12::N-B04::B-B04::N-B05::N3-1-5::B-B10::B3-2-37::N3-1::B3-13::B3-10::B3-1::B3-1-2::N-2-23::B-A11::N3-1-3::	22
chr8	90878100	91116100	chr8_90878100	39	238000	0.00706780492375132	48	3.28769047504602e-07	43	0.000105444812322739	::B3-7::N-1-6::N-3-4::N-A11::B-A11::N-A12::B-2-27::N-2-27::B3-11::N-3-1::B3-8::B-2-9::B-3-1::N-B02::B-2-15::B-3-4::B-A12::N-2-15::B3-5::B-B10::B-2-23::B-2-14::B-2-25::B-B02::N-2-17::N3-1::N-B09::B3-19::B3-2-22::N3-11::B-B07::B-A04::N3-10::B-B11::B3-2::B-A01::B3-2-21::N-B10::B3-6::	24
chr8	95717600	95955600	chr8_95717600	39	238000	0.00706780492375132	60	4.23186335622446e-14	53	6.1165041150927e-10	::B3-1-3::B-A07::N-1-2::N-B10::B-B04::B3-2::N-2-23::N3-6::B3-1-2::B-B05::N-A05::B-2-23::N-A02::B-2-14::B3-2-21::N3-7::B-1-6::N-B05::B3-19::N-2-17::B3-1-11::N-A07::B3-2-22::N3-2-22::N-2-15::N-2-25::B3-1-13::B3-6::B-B10::B-A01::B-1-2::B-B02::N-A12::B-2-25::N3-13::N3-1-5::B-A11::N-A11::N-B08::	35
chr8	106824400	107062400	chr8_106824400	40	238000	0.00256182893970641	50	2.82082385751743e-08	41	0.000905924145749075	::B-2-25::N-A10::N-3-1::B-A12::N3-10::N-B09::N-A12::B3-1-2::B-A04::N-B08::B-1-6::B-1-7::B-B07::B-B10::N3-2-21::B-1-2::B-2-14::N-1-2::B3-1::N3-1::N-1-4::N3-5::B3-1-11::N-2-23::B-2-15::N-2-25::B-B11::N-B10::B-2-12::N-2-12::N3-1-5::B3-2-21::N-2-21::N-2-26::N-A11::N3-1-3::B3-1-13::N-2-15::B-3-1::N3-21::	27
chr8	109669800	109907800	chr8_109669800	52	238000	2.23590618525532e-09	91	2.61108976786885e-36	64	1.22628621499634e-16	::B-2-9::B-1-6::N-A02::B-A10::B-1-7::B-2-25::N-B08::B-B10::N-B10::B-1-4::B3-1-13::N3-1-13::N-2-15::B3-8::N3-8::B3-1-3::B3-1-2::N-B07::B3-2-37::N3-19::N3-1-11::B-2-21::B-2-14::N-2-14::N-B11::N-1-6::B3-19::B-A02::N3-11::B3-11::B-2-15::N-2-25::N3-1-5::B3-2-36::N-1-7::B-A12::B-B07::N3-1-2::N-3-1::B-3-1::N-2-17::B-2-17::B-B02::N3-2-36::B-B05::N-2-21::N-1-4::N-1-9::N-A04::B-A07::B3-2-22::N3-2-21::	45
chr8	117287200	117525200	chr8_117287200	39	238000	0.00706780492375132	51	8.01920575192894e-09	43	0.000105444812322739	::B-B04::B-1-2::B-B07::N-B10::N-2-15::N-A01::B3-1-11::N3-1-13::B-2-17::N-2-17::N-B09::B-A10::N-A11::N-1-2::B3-1::B3-1-3::N3-1-5::N-B04::B3-1-5::B-B02::B-A12::N-2-26::B-1-10::N-A05::B3-2-22::B-A02::B3-2-21::B3-5::N-B05::B-A08::N-A02::N-B08::N3-13::N-3-1::B-3-1::B-B03::B-A07::N-2-27::B-2-27::	23
chr8	122820400	123058400	chr8_122820400	42	238000	0.000312728966239801	52	2.23590618525532e-09	46	3.52840874459885e-06	::N-B03::B3-2::B3-1-2::N-A11::N-B02::N3-1-5::N-3-1::B-3-1::B3-6::B3-2-21::N3-19::B3-19::B-B07::B-B10::B-A08::B-B02::B-2-15::N-B04::B3-7::B-B05::B-1-2::N-2-14::B3-1-3::N-A05::B3-3::B-B03::N-A02::B-A02::B3-1::N-B10::B3-5::B-A07::N-A01::B-2-17::N3-1::B-2-25::N3-13::B3-13::B-A10::N-B09::B-2-14::B-2-23::	28
chr8	127037700	127275700	chr8_127037700	40	238000	0.00256182893970641	51	8.01920575192894e-09	50	2.82082385751743e-08	::N-A11::N-B11::N-2-23::B-1-6::B-B07::N3-1::B-B09::N-A08::B-B03::B-3-4::B3-5::N-2-15::N-2-9::B3-6::N-A02::N3-1-5::B-1-2::N-2-25::B3-1-2::B-B04::N-2-26::N-A01::N-B09::N-3-1::B-2-26::B-2-25::B3-1-13::B-B02::B3-1::B3-2-21::B-B05::N3-6::B-A08::B-A12::B-2-21::B3-19::B-2-14::N-B08::N3-2-21::B-B11::	30
chr9	3000100	3238100	chr9_3000100	71	238000	2.46390699633086e-21	134	1.53215758869574e-74	39	0.00706780492375132	::N-A08::N-B08::B-B02::N3-2-21::N-3-4::N-B07::N-A05::N-A04::N-2-17::N-A02::N-2-23::N-2-15::N3-6::N-B05::N3-11::B-B11::B-A02::B-A10::B3-2-21::N-B11::N-A11::N3-2-22::B3-7::N-2-21::N-A01::N3-19::N-2-12::N-B04::N-2-26::N3-1-3::N3-8::N-B10::N-2-14::N3-1::N3-1-15::N3-5::N-A07::N3-13::N3-1-5::N3-2::N-1-10::N-2-27::B3-5::B3-11::B-2-15::B-1-10::B3-10::B-B10::N-B02::B-2-23::B3-2-22::B-A08::B3-1::N-A12::N3-21::N-2-25::N-1-6::N-1-4::N3-2-36::N3-1-2::N-B03::N3-1-13::B-B09::N-A03::B-B05::B-2-17::N3-10::B-2-25::N-B09::N3-1-11::N-1-7::	64
chr9	21432600	21670600	chr9_21432600	40	238000	0.00256182893970641	62	2.35212956449499e-15	56	1.12081901288864e-11	::B-B07::B-A07::B-B08::N-B08::N-2-17::B-2-21::N-2-15::B3-11::N3-10::B-B10::B-1-2::N-2-25::N-1-2::B-B04::N3-5::N3-1-5::N3-2-36::B-3-4::N-B07::N-2-9::B-2-9::N-B04::B-2-14::B-B05::B-1-6::B3-3::B-A08::B3-1-15::N3-19::B3-1-2::N-A05::B3-13::B-A02::B-B02::B3-19::B-1-10::B3-2-21::N-A04::N-A08::N-2-12::	31
chr9	35097000	35335000	chr9_35097000	39	238000	0.00706780492375132	47	1.08844526972813e-06	29	39.7260299563455	::B-3-1::N-1-6::B-1-7::B-B10::B-3-4::B3-1-11::N-B09::B-1-2::N-1-2::B3-2-36::B-A03::B-A08::B3-2-22::B3-7::B3-3::N3-1-2::N3-19::B-2-9::B3-1-15::B-B11::N3-11::N3-1-11::N3-1-3::B3-1::N3-1-15::N-2-21::N3-10::N3-8::N3-1::N-B04::N-B11::N-2-14::N-B07::N3-1-5::B-1-6::N3-2-21::N-A11::B-2-15::N-A12::	26
chr9	59277800	59515800	chr9_59277800	44	238000	3.47454632358895e-05	62	2.35212956449499e-15	59	1.75128699279159e-13	::N-2-27::B-A08::B-A03::N3-19::N3-11::N-2-23::B3-1-2::N-1-7::B-2-23::N-B08::B-2-12::N-2-12::N-A08::N-B10::N-A02::B-B09::B-B02::N-A01::B-3-1::B3-6::B3-3::N3-1-5::N3-13::B-2-14::N3-1-2::N-A07::N-2-14::N-1-4::B3-1-5::N-2-15::B3-10::N-B07::B-2-27::B-B10::N-2-17::B-2-17::B-2-15::B3-2::B-B03::N3-2-36::B3-5::B-A10::B-B05::B-2-21::	26
chr9	65596600	65834600	chr9_65596600	41	238000	0.000905924145749075	48	3.28769047504602e-07	43	0.000105444812322739	::B3-1::N-2-14::B-B04::B3-21::N3-13::B-1-2::B-B10::B-2-23::B3-10::N3-10::N-B03::N-1-10::N-B04::B-A04::B-3-4::B-B05::B-B09::N-2-25::N-A10::B-B11::N-B11::B-B02::B-2-14::B3-7::B-A01::B-2-27::N-2-27::N-1-2::N-A08::B-A03::B-2-15::N3-1-11::N-B02::N3-2-21::B3-13::N3-1-2::B-A07::B3-1-13::N3-1-13::N-A07::B-1-7::	27
chr9	66353800	66591800	chr9_66353800	48	238000	3.28769047504602e-07	63	5.4131025621236e-16	58	7.12662273897158e-13	::N-2-21::B3-2-36::N3-2-22::B3-6::B-3-4::N3-2-36::B3-3::N-B08::B-B07::N-B07::B3-11::B3-1::N-B05::B-B10::B-B05::N3-1-13::B3-1-13::N3-8::N-1-6::B-2-15::B3-2-22::B3-19::B-2-17::N-B04::N-2-27::B-A01::B-A08::B3-7::B-B09::B-1-7::B-2-14::N3-13::B-1-6::B3-1-2::N-2-23::B-1-2::N-1-2::B3-8::N-2-17::N-B10::N-A11::B-A07::N3-19::N-2-15::B-A02::B-2-21::N3-1::N-B11::	29
chr9	70449600	70687600	chr9_70449600	49	238000	9.72792935165769e-08	71	2.46390699633086e-21	61	1.00583644061235e-14	::B3-1-3::B3-1-13::B-A07::N3-1-13::N-A07::B-B05::N-A05::B-B02::N-1-2::B-A01::B3-3::B3-1-5::B3-7::N3-2-21::N-3-4::B-B10::B-1-7::B-A08::N-B05::B-A11::B-3-1::N-3-1::N-A03::B3-1-11::N3-1-5::B-B07::B-2-23::N-2-15::N-2-21::B-B04::N-B07::N-B11::B-2-15::B3-2-22::N-B09::B-A10::N-1-6::B-2-21::N3-1-11::B3-5::N3-10::B-A02::N3-1-2::N-B08::N-2-27::B-2-27::B-2-25::N-2-25::B-1-10::	30
chr9	71874800	72112800	chr9_71874800	58	238000	7.12662273897158e-13	104	4.28781026375401e-47	84	7.90926381019264e-31	::B3-2-36::N-B11::B3-1-2::N3-1-2::B-B10::B-A11::N-B08::N-2-12::B-2-12::B-A01::B-A10::N-B09::B-B08::B3-11::B-2-21::N-A11::B-2-17::N3-2-36::B-3-1::N-A05::N-A07::B-A05::B-A12::N-A12::N-1-7::B3-2::N3-13::B3-5::N-2-15::B-2-14::B-1-6::B-B02::B3-6::N-1-4::B-2-25::N-B03::N-2-14::N3-1-11::N-B10::N-B04::B3-2-21::N-2-17::N-2-25::B3-1-13::N3-1-13::N-1-6::B-2-15::B3-1::B-B11::N-B05::N3-1-3::B3-1-3::B-1-2::B-3-4::B-B04::B3-1-5::N3-1-5::B3-3::	63
chr9	72510100	72748100	chr9_72510100	44	238000	3.47454632358895e-05	57	2.85092766461179e-12	49	9.72792935165769e-08	::N-1-2::N3-1-13::N3-1-3::N-B03::B-A05::N-A05::B-B10::B-B02::N-B08::N-2-23::B3-21::B3-6::B-2-9::N3-11::B3-11::N3-8::B-2-25::N-A01::N-B10::B3-8::B-2-23::B-A10::N3-19::N-2-26::N3-1-11::B-A08::B3-2-22::B-1-6::B3-1-2::N-2-15::B3-2-36::N3-2-36::N3-6::B-A04::B3-7::B-3-1::N-3-1::N-B02::B3-5::B-A02::B3-3::N3-3::N-A08::B-3-4::	28
chr9	80071100	80309100	chr9_80071100	37	238000	0.0498289377272414	56	1.12081901288864e-11	47	1.08844526972813e-06	::B-1-6::N3-3::B-B02::B3-3::N-2-17::B-1-2::B-3-1::B-2-21::B-B10::N-B10::B-A05::N-A07::B-A07::B-2-15::B-B11::N-2-26::B-2-26::B3-7::N3-10::N-B03::N3-1::B3-10::B3-6::N-A11::B-A11::B3-2-22::B-A08::B-B07::N-1-7::B3-5::N-2-15::B-B09::N-B09::N-1-2::B-1-10::B-B05::N-A01::	29
chr9	82867300	83105300	chr9_82867300	38	238000	0.0190118157478461	51	8.01920575192894e-09	45	1.11946664190943e-05	::N-2-23::B3-10::N3-10::B3-7::N-1-10::B3-1-11::B-2-21::B3-1-3::N-2-15::N-B03::B-2-15::B-1-6::N-1-2::B-B04::N-B10::N3-19::N3-13::N-B05::B-1-7::N-B04::B-A05::N-2-17::B-A08::B3-19::B3-3::B-2-9::N3-2-36::N-1-6::B-B09::N-B09::B-2-26::B3-2-36::N-B07::B3-2-37::B-A10::N3-1-13::B-2-14::B-B11::	32
chr9	100662500	100900500	chr9_100662500	42	238000	0.000312728966239801	52	2.23590618525532e-09	47	1.08844526972813e-06	::B-2-9::N-A01::N3-1-3::B-A07::B-A04::N3-13::B-B11::B3-1-15::N-1-7::B3-1-3::B-1-7::B-3-1::B-B03::B-A02::N-B10::B3-5::N-A08::N-B09::B3-3::N3-10::B-2-14::B-B09::B-1-6::N-1-2::B-A11::B-1-2::N-A07::B3-1-13::N-3-4::B3-1-2::N3-8::N-2-15::B3-2-36::N-A04::N3-2-22::B3-11::N3-1-2::N-2-17::B-A10::B-2-25::N3-11::B-A12::	23
chr9	107659900	107897900	chr9_107659900	53	238000	6.1165041150927e-10	74	1.93069613849607e-23	61	1.00583644061235e-14	::N-B07::B-B09::N3-2-21::N3-1-5::B3-13::N-2-17::B-A04::N-2-25::B-2-25::N-A01::B-2-23::B-1-2::N-2-21::N3-11::B3-11::N-B02::B-B02::B-A05::B-B03::B-B10::N-A07::B-1-7::B3-5::B3-3::B3-1-5::B-1-4::N-1-7::N-B04::B-A12::N3-3::B-2-15::B-A01::N3-2-36::N3-7::B3-6::N-A12::N-2-15::B-2-21::B-A08::N3-1::B3-1::B-1-6::B-3-4::B3-1-15::N-1-6::N-B11::N-A02::B-A02::N3-13::B-A07::B-2-9::N-A11::B3-1-2::	35
chr9	108311500	108549500	chr9_108311500	43	238000	0.000105444812322739	54	1.64223414230652e-10	47	1.08844526972813e-06	::N-B04::N-A01::N-B09::B-B03::B-A10::B-B02::N3-2-21::B3-7::N3-3::B3-3::N-A03::N-B10::N3-5::N-2-21::B-2-14::N-2-23::N-A08::N-1-2::B3-1-3::N3-1-3::B-2-21::B3-10::N-A05::B-A07::N-B03::B3-21::B-B05::B-1-10::N-A07::B3-13::N-2-25::B-A08::N-1-6::B3-1::N3-1::B-B04::N3-6::N3-1-5::B3-1-11::B3-6::B-B10::B-B11::B-3-1::	29
chrUn_GL456393	200	238200	chrUn_GL456393_200	62	238000	2.35212956449499e-15	97	3.40886645567225e-41	73	9.85417074711629e-23	::B3-11::N-2-23::N-B03::N3-2-36::N3-1::N3-8::N-A05::N-2-17::N3-1-3::N-2-25::N3-10::N-A04::N-B11::N-B02::N3-21::N3-1-2::N3-1-13::N3-19::N-3-4::B-A08::N3-1-15::N3-2-21::N-2-15::N3-1-5::B-1-2::B-1-10::N3-6::B-1-7::B3-7::N-B10::N-2-21::N-B05::N-B08::B-B02::B3-3::N-A03::N3-13::B-1-6::B-B05::B-2-21::N-A11::B3-6::B-3-1::N-1-7::B-A07::N-A01::B-A12::B-A03::B3-2-22::B3-21::B3-1::B-A04::B-B11::N-2-26::N-B09::B3-1-2::N-1-6::B-2-15::B-B04::N3-11::N-A08::B3-19::	49
chrUn_JH584304	1500	239500	chrUn_JH584304_1500	42	238000	0.000312728966239801	59	1.75128699279159e-13	52	2.23590618525532e-09	::B-B02::B3-3::N-A03::N3-13::N-2-23::B-1-6::B-B05::B-2-21::N3-1::N-A11::N-2-15::B3-6::B-3-1::N-1-7::B-A07::N-A01::B-A12::N3-2-21::B-A03::B3-2-22::B3-21::B3-1::B-A04::B-B11::N-B08::N-B11::N-2-26::N-B09::B3-1-2::N-1-6::B-A08::B-2-15::B-B04::B-1-2::N3-8::N3-11::N3-1-3::N-A08::B3-19::N-3-4::N-2-17::N3-1-2::	25
chrX	18139400	18377400	chrX_18139400	56	238000	1.12081901288864e-11	107	1.09732004089802e-49	80	8.2887693195097e-28	::N3-3::N-B04::N-2-21::N-A04::N-1-6::N3-8::B3-8::B-1-6::B3-1-11::B-B07::N-B03::N-A01::B3-2-36::B-A08::B3-1::N-B09::B-B09::B-1-2::N-A02::B-B10::N-B10::B-2-14::B3-19::B-B04::N-1-2::B-A05::B-A10::B3-7::N3-7::B3-5::B3-1-13::B3-2::B-2-26::B-A02::N-2-15::N3-1-2::B-2-23::B-A11::N-A11::N-2-17::B-2-17::N-B08::B3-3::N3-1-5::B-2-15::N-3-1::B3-1-2::B-A07::B-3-1::N-A05::B-1-7::N-2-23::N3-1::N-1-7::B3-11::N-2-9::	45
chrX	77418600	77656600	chrX_77418600	39	238000	0.00706780492375132	51	8.01920575192894e-09	42	0.000312728966239801	::N-A03::N3-1-5::B-B05::B3-2::N-A08::N-B05::N-A10::B-3-4::N3-13::B3-13::B-A02::N-B11::B-2-21::B3-1-2::N3-1-3::B3-7::B-A08::B-1-10::N-A01::B-B07::N-B07::N3-1-2::B-B11::N-B10::B3-2-21::N-B04::N-A05::B3-1-3::B-2-14::N-2-14::B-A05::B-A10::N3-1-13::N-2-21::B-A07::N3-19::N-A02::B-3-1::B-2-15::	28
chrX	143252000	143490000	chrX_143252000	54	238000	1.64223414230652e-10	97	3.40886645567225e-41	11	10979.8929735106	::N-2-26::N3-13::N-B04::B-B09::B-2-14::B-B05::B-2-23::B-2-21::N-3-4::N3-10::N-2-14::N-2-17::N-3-1::N-2-15::N3-1::N-A11::N-2-12::N-B02::N3-2-36::N-2-27::N3-11::N-B08::B3-2-36::N3-8::N3-1-5::N-2-21::N3-1-2::N3-19::N-2-23::N3-21::N-2-25::N-A01::N3-2-22::N3-1-15::N-A12::N-A03::N-B03::N-B09::N-B11::N-2-9::N-1-6::N-A04::B3-7::N3-6::N-A10::B3-1::B-3-4::N-A08::N3-1-13::N-A02::N-B05::N3-7::N3-1-3::B-B07::	70
