chr10	7673100	7958100	chr10_7673100	9	285000	0.0493260709096255	9	0.0493260709096255	7	2.39255669100828	::B3-2::N-A12::B3-2-21::N3-7::B3-1-15::B-A03::B-A08::B-B02::B3-7::	5
chr10	43574800	43859800	chr10_43574800	9	285000	0.0493260709096255	9	0.0493260709096255	6	13.7463338105867	::B3-1::N3-1::B-1-10::N3-6::B-B07::N-B02::B3-1-15::B-A03::B-A08::	2
chr10	93008000	93293000	chr10_93008000	12	285000	6.75807123333223e-05	13	6.33363167635004e-06	6	13.7463338105867	::N3-1::N3-10::N3-13::B3-10::B3-13::B3-1::B3-3::N3-3::N-2-21::B-2-21::B-1-2::B3-5::	4
chr10	108173700	108458700	chr10_108173700	16	285000	3.40905258254192e-09	18	1.65370886990588e-11	12	6.75807123333223e-05	::N-B04::N-A04::N3-1-5::N3-1-15::N-A03::B3-2-22::B-B10::N3-5::N-A08::B-A03::N-1-6::B-B09::N-B02::N-A12::B-A12::B3-5::	9
chr10	116300000	116585000	chr10_116300000	9	285000	0.0493260709096255	9	0.0493260709096255	6	13.7463338105867	::B3-19::N-1-9::B-B05::N-B05::N-B02::B-A12::N3-7::N-A12::B-2-21::	8
chr10	117151900	117436900	chr10_117151900	9	285000	0.0493260709096255	9	0.0493260709096255	8	0.364372540980341	::N-A03::N-2-21::N3-8::B3-7::B-B09::B-A10::N-B10::B-B10::B-1-10::	2
chr10	121584500	121869500	chr10_121584500	10	285000	0.00600966016361097	10	0.00600966016361097	4	277.818625533164	::N-A12::B-A12::N3-21::N-3-4::B3-21::B-3-4::N-2-26::N-A03::N-B11::B3-2::	1
chr10	128074500	128359500	chr10_128074500	11	285000	0.000665626524879601	11	0.000665626524879601	6	13.7463338105867	::N-1-2::B-B07::B3-1-2::N3-1-2::N-B07::N3-1-11::N-B08::B-B08::N3-1::B-B11::N-B11::	6
chr11	51597000	51882000	chr11_51597000	9	285000	0.0493260709096255	10	0.00600966016361097	7	2.39255669100828	::B-B02::B-B09::N-B09::N3-21::N3-2-36::B3-2-36::N-2-27::N-A12::B-A12::	3
chr11	59614500	59899500	chr11_59614500	9	285000	0.0493260709096255	9	0.0493260709096255	6	13.7463338105867	::N3-1-11::N3-2-22::B3-2-22::B3-1-15::N3-1-15::B-2-21::B-1-10::B-2-25::N-2-25::	7
chr11	69597100	69882100	chr11_69597100	9	285000	0.0493260709096255	11	0.000665626524879601	6	13.7463338105867	::N3-3::B3-7::N3-1-2::N-B07::B3-1-2::B-B07::N-B03::B-B03::N-A08::	1
chr11	74475400	74760400	chr11_74475400	10	285000	0.00600966016361097	11	0.000665626524879601	6	13.7463338105867	::B-1-10::N3-7::N3-11::N-3-1::B-3-1::N-B07::N3-1-2::N-1-4::B3-1-2::B-B07::	2
chr11	77454300	77739300	chr11_77454300	9	285000	0.0493260709096255	11	0.000665626524879601	9	0.0493260709096255	::B3-7::B3-1-15::N-B03::N-A11::B3-3::N3-3::N-A04::N-A02::B-A02::	8
chr11	79343400	79628400	chr11_79343400	13	285000	6.33363167635004e-06	22	2.07552059998438e-16	16	3.40905258254192e-09	::N-A11::N-A02::B-2-23::B-1-7::N-1-7::N-2-23::B-A05::N-A05::B3-19::B-A11::B3-3::N3-1-13::N-A07::	9
chr11	88356200	88641200	chr11_88356200	12	285000	6.75807123333223e-05	12	6.75807123333223e-05	8	0.364372540980341	::B3-5::N3-2-36::N-B10::B-1-2::B-A03::B-A08::B3-1-15::N-A03::N3-1-15::B-2-25::N-1-2::N-2-15::	7
chr11	94029900	94314900	chr11_94029900	11	285000	0.000665626524879601	11	0.000665626524879601	6	13.7463338105867	::N-1-10::N3-1-13::B3-1-13::N-B09::B-B09::B-1-6::N-B02::N-1-6::B-2-27::N-2-27::B-2-12::	6
chr11	95279000	95564000	chr11_95279000	10	285000	0.00600966016361097	11	0.000665626524879601	8	0.364372540980341	::N3-2::N-A11::B-2-25::B-A04::B3-1-11::N3-1-11::N-B02::B-B02::N-A04::N-2-15::	5
chr11	104372000	104657000	chr11_104372000	16	285000	3.40905258254192e-09	19	1.06042228511872e-12	14	5.51185976364216e-07	::B-3-1::B-2-12::N-2-12::N3-7::N-2-25::N-2-14::B-1-6::B-3-4::B3-21::N-3-4::N3-21::B-1-4::B3-3::N3-3::N3-2-21::N-B02::	11
chr11	106593400	106878400	chr11_106593400	9	285000	0.0493260709096255	9	0.0493260709096255	6	13.7463338105867	::B3-5::N-A05::B-A05::N3-6::B3-6::B-2-26::B-2-23::B-B04::B3-1-5::	3
chr11	120786400	121071400	chr11_120786400	9	285000	0.0493260709096255	9	0.0493260709096255	5	67.6962707868957	::N-2-27::N-B02::N3-8::N3-11::B3-8::B3-11::B-B10::N-B10::B-1-7::	4
chr12	3246500	3531500	chr12_3246500	11	285000	0.000665626524879601	12	6.75807123333223e-05	9	0.0493260709096255	::B3-5::B3-1-3::B-1-4::N-A08::B-A08::N-A04::B-A04::B-1-2::B-B09::B-B10::N-B10::	4
chr12	8689900	8974900	chr12_8689900	11	285000	0.000665626524879601	11	0.000665626524879601	9	0.0493260709096255	::B3-3::B-2-23::N-3-1::B-3-1::B-B07::N-1-2::B-1-2::N3-1-2::N-B09::B-A01::N-1-10::	4
chr12	21210200	21495200	chr12_21210200	12	285000	6.75807123333223e-05	12	6.75807123333223e-05	6	13.7463338105867	::N3-1::B3-1-15::B-A08::B-A03::N3-1-15::N-A03::N-A08::B-1-4::B3-5::N-A10::B-A10::B-B02::	9
chr12	78841700	79126700	chr12_78841700	12	285000	6.75807123333223e-05	12	6.75807123333223e-05	8	0.364372540980341	::B-1-10::B-2-21::B3-1-13::N-A05::B-A05::N-B02::B-B02::B-1-7::N-1-7::N3-7::N-A12::B-A12::	5
chr12	83638000	83923000	chr12_83638000	12	285000	6.75807123333223e-05	12	6.75807123333223e-05	8	0.364372540980341	::N-B05::B-B05::B-A12::N-A12::N-A07::B-A07::B3-1-11::N3-1-11::B-1-10::B-2-21::N-1-4::N3-2::	5
chr13	3379600	3664600	chr13_3379600	9	285000	0.0493260709096255	9	0.0493260709096255	6	13.7463338105867	::B-3-4::N-2-21::B-2-21::B3-1-15::B-A03::N3-2::B3-8::B3-11::B-1-10::	2
chr13	8833500	9118500	chr13_8833500	10	285000	0.00600966016361097	10	0.00600966016361097	5	67.6962707868957	::B-2-21::N3-7::B-2-23::N3-19::B3-19::N3-1-15::N-A03::B-A03::B3-1-15::B-A08::	2
chr13	17704200	17989200	chr13_17704200	10	285000	0.00600966016361097	10	0.00600966016361097	5	67.6962707868957	::B3-8::N3-8::B-3-4::N-3-4::B3-19::N3-19::N-A05::B-A05::B-2-27::N-2-27::	8
chr13	34729800	35014800	chr13_34729800	9	285000	0.0493260709096255	9	0.0493260709096255	6	13.7463338105867	::N3-1-11::N3-21::N-3-4::B3-21::B-3-4::N-1-6::N-B10::B-1-4::N3-2::	1
chr13	43302300	43587300	chr13_43302300	12	285000	6.75807123333223e-05	13	6.33363167635004e-06	7	2.39255669100828	::B-A05::B-2-14::N-2-14::B3-19::N3-19::N-A12::B-A12::B3-11::B3-8::N3-8::N3-11::N-A03::	9
chr13	85130700	85415700	chr13_85130700	9	285000	0.0493260709096255	11	0.000665626524879601	9	0.0493260709096255	::N3-7::N3-2::N-B03::B-B03::N-1-10::N-A05::B-A05::B-B10::B3-2::	8
chr13	94600200	94885200	chr13_94600200	9	285000	0.0493260709096255	9	0.0493260709096255	3	912.111557058795	::N-2-14::N-B03::N-A04::N-3-4::N3-3::N-2-23::N3-2::N-1-6::N3-7::	7
chr13	103742500	104027500	chr13_103742500	9	285000	0.0493260709096255	10	0.00600966016361097	8	0.364372540980341	::B-A03::N-B02::B3-5::N-1-10::B-A02::N3-1-15::B3-1-15::N-B09::N-A10::	2
chr14	47418700	47703700	chr14_47418700	9	285000	0.0493260709096255	9	0.0493260709096255	5	67.6962707868957	::B-3-4::N-3-4::N-2-17::B-2-17::N-A12::B-A12::N-B10::B-2-27::N-2-27::	5
chr14	56697000	56982000	chr14_56697000	10	285000	0.00600966016361097	10	0.00600966016361097	5	67.6962707868957	::B-A02::N-A02::B-2-23::B-B07::B3-1-2::N-B07::N3-1-2::N-A08::B-A12::N-A12::	9
chr14	73216200	73501200	chr14_73216200	17	285000	2.44319521850157e-10	21	3.74779940469957e-15	13	6.33363167635004e-06	::B3-1-15::N3-1-15::N-B02::B-B11::N-B11::N-A03::N-A08::N3-19::B-B02::B3-8::N3-8::N-A01::N3-1-5::N-B04::B3-1-5::B-B04::B-1-4::	15
chr15	8260100	8545100	chr15_8260100	9	285000	0.0493260709096255	9	0.0493260709096255	8	0.364372540980341	::N-A08::N-2-21::B3-1::B-2-17::B-2-25::N-2-25::B3-2::N3-2-22::N-1-6::	7
chr15	51837400	52122400	chr15_51837400	10	285000	0.00600966016361097	10	0.00600966016361097	7	2.39255669100828	::N-2-21::N-3-1::B-3-1::N-2-9::N-B05::B-B05::B-1-10::B-B03::N-B03::N3-3::	5
chr15	73113100	73398100	chr15_73113100	16	285000	3.40905258254192e-09	19	1.06042228511872e-12	9	0.0493260709096255	::N3-3::B3-3::N3-1::N3-13::N3-10::B3-10::B3-1::B3-13::B-1-6::N-1-6::B3-19::N3-19::B-A08::N-A08::N-B07::B-2-12::	6
chr15	80833500	81118500	chr15_80833500	9	285000	0.0493260709096255	10	0.00600966016361097	8	0.364372540980341	::N3-1::B-A11::B3-13::B3-10::N3-1-5::N-B04::N3-2-22::N-B11::N3-1-13::	3
chr15	101850000	102135000	chr15_101850000	9	285000	0.0493260709096255	9	0.0493260709096255	7	2.39255669100828	::B3-2-21::B3-2-22::N3-10::N3-13::B3-5::B-1-4::N3-3::B3-3::B-2-26::	4
chr16	8625700	8910700	chr16_8625700	13	285000	6.33363167635004e-06	13	6.33363167635004e-06	8	0.364372540980341	::N-3-4::N-1-2::B-1-2::B-A01::B3-2-22::N3-2-22::B-2-17::N-2-17::B3-21::N3-21::N3-1-3::B3-1-3::N-A05::	9
chr16	17470800	17755800	chr16_17470800	9	285000	0.0493260709096255	9	0.0493260709096255	8	0.364372540980341	::B3-8::N3-8::N3-3::B3-2-22::N3-2-22::N-B02::N-A04::B-B05::B-2-21::	4
chr16	43330800	43615800	chr16_43330800	11	285000	0.000665626524879601	11	0.000665626524879601	8	0.364372540980341	::N-B10::N-1-7::B-A12::N-B03::B3-10::B3-13::N3-10::N3-13::N-B02::B3-2::B-1-4::	7
chr16	94393400	94678400	chr16_94393400	12	285000	6.75807123333223e-05	12	6.75807123333223e-05	10	0.00600966016361097	::B3-1-3::B-A12::N-A12::N-A10::N-A07::B3-5::B-1-2::N-1-2::B-A04::N-B02::B-1-10::N-3-1::	8
chr17	5075000	5360000	chr17_5075000	13	285000	6.33363167635004e-06	13	6.33363167635004e-06	12	6.75807123333223e-05	::N-2-15::N-B08::B3-1::N-A02::B-A02::N3-6::N-3-1::N-A04::B-1-4::N-B11::B3-5::N3-3::B3-7::	3
chr17	25884000	26169000	chr17_25884000	16	285000	3.40905258254192e-09	16	3.40905258254192e-09	9	0.0493260709096255	::B3-7::B-B07::B3-1-2::N-B07::N3-1-2::N3-10::N3-13::B3-10::B3-13::N-2-14::B-3-4::N-3-4::B-A04::B-A10::B-2-27::N-2-26::	8
chr17	26652200	26937200	chr17_26652200	9	285000	0.0493260709096255	10	0.00600966016361097	6	13.7463338105867	::B3-2::N3-2::B-2-23::N-B07::N-B11::B-B11::B-B07::B3-1-2::N3-1-2::	6
chr17	30006600	30291600	chr17_30006600	10	285000	0.00600966016361097	10	0.00600966016361097	4	277.818625533164	::B-3-4::B3-21::N3-21::N-3-4::B3-1-3::N3-1-3::N-2-12::B3-1-5::N-B04::N3-1-5::	9
chr17	32163500	32448500	chr17_32163500	12	285000	6.75807123333223e-05	12	6.75807123333223e-05	7	2.39255669100828	::B-A12::B-2-21::B-A10::B-2-17::N-2-17::B3-13::B3-10::N3-10::N3-13::B3-6::N3-6::B3-1-11::	9
chr17	33669200	33954200	chr17_33669200	12	285000	6.75807123333223e-05	12	6.75807123333223e-05	7	2.39255669100828	::B-2-23::N-2-23::N3-21::N-3-4::B-3-4::B3-21::B-B10::N-B10::B-B05::N-B05::N-A07::N3-3::	4
chr17	65584600	65869600	chr17_65584600	9	285000	0.0493260709096255	9	0.0493260709096255	5	67.6962707868957	::B-2-26::B3-10::B3-13::N3-10::N3-13::B-B02::N-A05::B-A05::N-A04::	7
chr18	4979900	5264900	chr18_4979900	9	285000	0.0493260709096255	9	0.0493260709096255	6	13.7463338105867	::N-1-10::N-3-1::B-3-1::B3-5::N3-1-15::N-A03::B3-2-22::N3-2-22::B-2-21::	4
chr18	34251700	34536700	chr18_34251700	11	285000	0.000665626524879601	12	6.75807123333223e-05	9	0.0493260709096255	::N-B03::N3-1-13::B3-11::N-A07::N-A05::N-B02::B-B02::B-A02::N-A02::N3-5::B3-7::	7
chr18	35569700	35854700	chr18_35569700	11	285000	0.000665626524879601	12	6.75807123333223e-05	9	0.0493260709096255	::B3-7::B-A10::N-A10::B-A01::N-A01::N-1-4::N-B03::B3-1::B3-5::N-A08::N-B11::	9
chr18	38224500	38509500	chr18_38224500	9	285000	0.0493260709096255	9	0.0493260709096255	7	2.39255669100828	::N-B09::N-2-25::N3-6::N-A01::B-A01::B-1-10::B-A10::B-A12::N-A12::	4
chr18	61566900	61851900	chr18_61566900	10	285000	0.00600966016361097	10	0.00600966016361097	4	277.818625533164	::N-A02::B-A02::N3-1-2::N-B07::B3-1-2::B-B07::N-2-26::B-2-26::N3-10::B3-10::	0
chr18	73578000	73863000	chr18_73578000	14	285000	5.51185976364216e-07	15	4.47692987205631e-08	10	0.00600966016361097	::B3-2-22::N3-2-22::N-1-2::B-2-12::N-2-12::B-1-7::N-A12::B-A12::B-A05::B-A02::N-A02::B-3-1::N-3-1::N3-7::	11
chr19	3279200	3564200	chr19_3279200	14	285000	5.51185976364216e-07	14	5.51185976364216e-07	13	6.33363167635004e-06	::N3-1-11::B-1-2::N3-8::B3-8::B3-5::N-B10::N-B05::N-A10::B-A10::B-B03::B-1-10::N-2-21::B-1-4::B-A08::	7
chr19	7230400	7515400	chr19_7230400	11	285000	0.000665626524879601	12	6.75807123333223e-05	10	0.00600966016361097	::B3-10::N-A08::N3-1-5::B3-1-5::N3-1-13::N3-2-22::B3-2-22::N3-3::N3-21::B3-21::B-2-23::	5
chr2	18022400	18307400	chr2_18022400	10	285000	0.00600966016361097	10	0.00600966016361097	6	13.7463338105867	::N-1-6::N-2-17::B-2-17::N-A03::N3-6::B-B07::B3-1-2::N-B07::N3-1-2::N-B02::	6
chr2	26388200	26673200	chr2_26388200	14	285000	5.51185976364216e-07	16	3.40905258254192e-09	9	0.0493260709096255	::B3-3::N3-1-13::B-A07::N-3-4::N3-21::B-3-4::B3-21::B-3-1::N-3-1::B3-5::N-A04::B-1-10::B-A03::N-A03::	10
chr2	31581400	31866400	chr2_31581400	12	285000	6.75807123333223e-05	12	6.75807123333223e-05	8	0.364372540980341	::N3-2::N-B09::N3-1-11::N-A04::B-A04::B3-2-22::N3-2-22::N-B10::B-B10::N-2-12::B-2-12::N-B02::	5
chr2	48707600	48992600	chr2_48707600	12	285000	6.75807123333223e-05	14	5.51185976364216e-07	7	2.39255669100828	::N3-1-5::N-B04::N3-2-22::B-A12::N-A12::B-A11::N-A11::B3-7::N-A02::B-A02::N3-1-3::B3-1-3::	7
chr2	49448400	49733400	chr2_49448400	12	285000	6.75807123333223e-05	12	6.75807123333223e-05	11	0.000665626524879601	::B3-7::N3-2-22::N-A11::N3-8::B-A01::B-B08::N-B08::N-3-4::B-B05::B-2-23::B3-5::N3-2-36::	7
chr2	65120400	65405400	chr2_65120400	10	285000	0.00600966016361097	10	0.00600966016361097	6	13.7463338105867	::B3-7::N3-13::N3-10::B3-10::N3-1-11::B-A05::N-A04::B-A04::N-1-2::B-1-2::	1
chr2	75603400	75888400	chr2_75603400	9	285000	0.0493260709096255	10	0.00600966016361097	5	67.6962707868957	::N3-2-22::B-2-25::B3-10::B3-1::B3-13::N3-13::N3-1::N3-10::N-2-14::	9
chr2	119382900	119667900	chr2_119382900	9	285000	0.0493260709096255	9	0.0493260709096255	5	67.6962707868957	::B-2-21::B3-7::N-A12::B-A12::B-B04::B3-1-5::N3-1-5::N-B04::N3-21::	5
chr2	154443000	154728000	chr2_154443000	10	285000	0.00600966016361097	10	0.00600966016361097	5	67.6962707868957	::N3-5::B-A05::N-A05::B-B08::N-B08::B-B02::B3-8::B3-11::N3-8::N3-11::	10
chr2	155156700	155441700	chr2_155156700	9	285000	0.0493260709096255	9	0.0493260709096255	6	13.7463338105867	::N-A10::N-3-4::N-3-1::N-2-27::B-2-27::N3-21::B3-21::B-3-4::N-B09::	0
chr2	165854600	166139600	chr2_165854600	12	285000	6.75807123333223e-05	12	6.75807123333223e-05	7	2.39255669100828	::B-2-27::B3-1-13::B-A07::N-2-27::N-A07::B-1-10::B-1-7::B3-1-2::B-3-1::B-2-21::B-A02::N-A02::	10
chr2	168078200	168363200	chr2_168078200	9	285000	0.0493260709096255	9	0.0493260709096255	7	2.39255669100828	::N-B09::B3-7::B-2-23::N-2-23::B-2-25::N-2-25::N3-1::B-1-4::B-A05::	7
chr3	51239100	51524100	chr3_51239100	11	285000	0.000665626524879601	12	6.75807123333223e-05	8	0.364372540980341	::B-A02::N-A02::N3-19::N-1-6::B-B07::N3-1-2::N-B07::B3-8::N3-8::B-2-25::N3-7::	12
chr3	60373600	60658600	chr3_60373600	9	285000	0.0493260709096255	10	0.00600966016361097	7	2.39255669100828	::N3-7::B-2-14::N-2-21::B-A11::N-A11::B-2-12::N3-21::B3-21::N-A07::	5
chr3	68895200	69180200	chr3_68895200	10	285000	0.00600966016361097	11	0.000665626524879601	9	0.0493260709096255	::N-A10::B3-3::N3-7::B-2-14::B-A10::B-B03::N-B03::B-B09::B-B08::N-B08::	8
chr3	88954600	89239600	chr3_88954600	15	285000	4.47692987205631e-08	16	3.40905258254192e-09	13	6.33363167635004e-06	::B-B10::B3-1-2::B-B02::N3-1-3::B-B03::B3-1-11::N3-1-11::N3-6::B3-5::N3-1-2::N-B07::B-2-27::N-A07::B-A07::B3-3::	8
chr3	107915300	108200300	chr3_107915300	9	285000	0.0493260709096255	9	0.0493260709096255	5	67.6962707868957	::N-A11::N-B02::B-B02::N-2-26::B-2-26::B-B10::N-B10::N-2-12::B-2-12::	2
chr3	135440200	135725200	chr3_135440200	18	285000	1.65370886990588e-11	20	6.45984714164584e-14	11	0.000665626524879601	::B-B05::B3-1-15::B-1-10::N3-10::N3-8::N3-11::B3-7::B3-8::B3-11::B-2-14::B-B02::B-A03::N-A08::N3-1-15::N-A03::N-B02::B-B09::N-B09::	11
chr4	8537000	8822000	chr4_8537000	9	285000	0.0493260709096255	9	0.0493260709096255	8	0.364372540980341	::N-2-15::B-1-10::B-2-23::N-A10::N-B09::B-B09::B-3-1::N3-6::B3-1-3::	3
chr4	34585100	34870100	chr4_34585100	9	285000	0.0493260709096255	10	0.00600966016361097	8	0.364372540980341	::N-1-4::B-1-2::N-A07::N-A08::B-B07::B-A01::N3-1::B3-1::N-A01::	2
chr4	106847600	107132600	chr4_106847600	14	285000	5.51185976364216e-07	14	5.51185976364216e-07	7	2.39255669100828	::B3-1-3::B3-10::B3-1::B3-13::N3-1::N3-10::N3-13::N-1-2::B-B08::N-B08::B3-21::B-A05::B-A12::N-A12::	11
chr4	130566500	130851500	chr4_130566500	10	285000	0.00600966016361097	10	0.00600966016361097	8	0.364372540980341	::N3-2::N-3-1::B-1-4::B-3-1::B3-5::N-1-10::N-B09::B-B09::B3-2-22::N3-2-22::	6
chr4	133593000	133878000	chr4_133593000	12	285000	6.75807123333223e-05	13	6.33363167635004e-06	9	0.0493260709096255	::N-A03::B-A08::N-A08::B-B09::B-A10::N-A10::N3-7::N-B09::N3-5::N-1-10::B-2-17::N-2-17::	12
chr4	135235800	135520800	chr4_135235800	13	285000	6.33363167635004e-06	13	6.33363167635004e-06	8	0.364372540980341	::B3-1::N3-1::N3-13::N-A04::N-2-12::N-B10::B-B10::N-A10::B-A05::N-A05::B-A07::N-B07::B-B07::	8
chr4	136316300	136601300	chr4_136316300	15	285000	4.47692987205631e-08	19	1.06042228511872e-12	10	0.00600966016361097	::N3-1-13::N-1-7::B-1-7::N-A01::B-2-26::N-2-26::B3-7::B3-1-15::B-A08::B-A03::N3-1-15::N-A08::N-A03::B3-13::B-A01::	13
chr4	150291400	150576400	chr4_150291400	9	285000	0.0493260709096255	9	0.0493260709096255	7	2.39255669100828	::B-A05::N-A05::B3-7::N-A10::N-B02::B-1-10::N-B08::B-B08::B-A10::	5
chr4	154349000	154634000	chr4_154349000	13	285000	6.33363167635004e-06	14	5.51185976364216e-07	6	13.7463338105867	::N-B07::N3-1-2::N-1-7::B3-2-36::B-2-9::N3-1::N3-10::N3-13::B3-1::B3-13::B3-10::N-2-9::N-A10::	0
chr4	155496500	155781500	chr4_155496500	18	285000	1.65370886990588e-11	19	1.06042228511872e-12	10	0.00600966016361097	::B-2-27::B3-2-36::N3-2-36::B3-2-22::B-2-25::N-2-25::N3-10::N3-1::N3-13::B3-1::N3-3::B-A11::N-A11::B3-1-5::B-B04::N-B04::N3-1-5::B-1-4::	14
chr5	23439800	23724800	chr5_23439800	9	285000	0.0493260709096255	9	0.0493260709096255	6	13.7463338105867	::B-A01::N-2-9::N3-3::B3-3::N-A07::N-A05::B-A05::N-2-21::B-2-21::	1
chr5	28169900	28454900	chr5_28169900	25	285000	2.71999518492683e-20	33	2.35893110054291e-31	5	67.6962707868957	::N-3-4::N-1-2::B3-5::N-1-7::B-2-15::B-2-14::B-1-10::B-1-4::B3-7::B-2-21::B3-2::B3-19::B-B02::N3-5::B3-6::B3-2-22::B-B10::N-B04::N-B02::N3-7::N-B05::N-2-15::N-1-10::N-A02::B-B09::	21
chr5	99921600	100206600	chr5_99921600	12	285000	6.75807123333223e-05	12	6.75807123333223e-05	8	0.364372540980341	::N-3-1::N-A02::N3-1-11::B-B05::B3-1::B3-13::B3-10::N3-1::B3-5::B3-1-15::B-A03::B-1-6::	9
chr5	103693200	103978200	chr5_103693200	11	285000	0.000665626524879601	11	0.000665626524879601	7	2.39255669100828	::B-B09::N-B08::B-B08::N-B10::B3-5::N-A07::N-1-7::N3-1-11::N-B02::B-B02::B3-1-11::	4
chr5	105514900	105799900	chr5_105514900	10	285000	0.00600966016361097	10	0.00600966016361097	7	2.39255669100828	::N-2-21::N-A11::B-A11::N-B04::N-2-9::B-2-9::N3-2-22::N3-8::B3-8::N-B11::	3
chr5	110729500	111014500	chr5_110729500	9	285000	0.0493260709096255	9	0.0493260709096255	6	13.7463338105867	::B-A03::N3-2::N-B02::N-B07::N3-2-36::N-A07::N3-1-13::B-A07::B3-1-13::	1
chr5	115063800	115348800	chr5_115063800	9	285000	0.0493260709096255	9	0.0493260709096255	5	67.6962707868957	::B-B05::N3-7::B3-1-11::N3-1-11::B-2-21::N-3-4::N3-21::B3-21::B-3-4::	5
chr5	118498100	118783100	chr5_118498100	10	285000	0.00600966016361097	10	0.00600966016361097	6	13.7463338105867	::N-2-21::N-B08::N-B10::B-B05::N-B05::B-3-1::N3-10::N3-13::B3-13::B3-10::	4
chr5	122309700	122594700	chr5_122309700	12	285000	6.75807123333223e-05	12	6.75807123333223e-05	7	2.39255669100828	::B-B05::B-A11::N-A11::B-A03::B3-1-15::B-A08::N3-1-15::N-A03::N-A01::B-B02::B-2-27::N-B02::	11
chr5	137303300	137588300	chr5_137303300	11	285000	0.000665626524879601	13	6.33363167635004e-06	7	2.39255669100828	::B-A12::N-A12::B-2-21::N-2-21::N-A10::B3-1-5::N3-1-5::N-1-2::B-1-2::B-2-9::N-2-9::	11
chr6	31159700	31444700	chr6_31159700	9	285000	0.0493260709096255	10	0.00600966016361097	9	0.0493260709096255	::B3-7::B-2-21::N-B02::B-B02::B-A08::N-A04::N-B03::N-A08::B3-2::	4
chr6	47350200	47635200	chr6_47350200	13	285000	6.33363167635004e-06	13	6.33363167635004e-06	10	0.00600966016361097	::N-1-2::N3-6::B-1-10::N-A02::N3-1-5::N-B07::N-B04::B-2-21::B-B03::N-B03::B-2-15::B-B04::N-B10::	6
chr6	97283700	97568700	chr6_97283700	9	285000	0.0493260709096255	9	0.0493260709096255	7	2.39255669100828	::B3-10::B-A11::B3-2::B3-2-22::N3-2-22::N-1-10::B3-3::B-1-10::N-A04::	6
chr6	134057200	134342200	chr6_134057200	10	285000	0.00600966016361097	10	0.00600966016361097	9	0.0493260709096255	::B3-2-22::N3-2-22::N-A08::N-2-25::B-1-10::N-A05::B-3-1::N-3-1::B-1-4::B3-5::	6
chr6	136533600	136818600	chr6_136533600	10	285000	0.00600966016361097	10	0.00600966016361097	5	67.6962707868957	::N3-1-13::B-2-12::N-2-12::B3-21::N3-21::N-3-4::B3-1::N3-1::B-B05::N-B05::	10
chr7	49291200	49576200	chr7_49291200	14	285000	5.51185976364216e-07	15	4.47692987205631e-08	8	0.364372540980341	::B3-1-15::B-A03::B-A08::N-A03::N3-1-15::B-2-26::N-A05::N-A07::B-A05::N-3-1::B-3-1::B-B02::N-B02::N-A11::	12
chr7	89964500	90249500	chr7_89964500	18	285000	1.65370886990588e-11	21	3.74779940469957e-15	15	4.47692987205631e-08	::B-B04::B-B09::N3-11::B3-11::B-2-23::N3-8::B3-7::B-A02::N-2-21::B-2-21::N-A01::B3-13::B3-10::N3-13::N3-10::B3-2-21::B-1-10::N3-6::	14
chr7	101925200	102210200	chr7_101925200	10	285000	0.00600966016361097	12	6.75807123333223e-05	8	0.364372540980341	::N-1-10::N-B02::B-B07::N-B07::B-1-7::B-A05::B3-1-2::N3-1-2::B-1-10::B-B05::	9
chr7	121641800	121926800	chr7_121641800	24	285000	5.58129210774395e-19	25	2.71999518492683e-20	4	277.818625533164	::N3-5::B3-2-36::N3-2-36::N-2-21::N-A10::N3-2-22::N-B04::N-3-1::N-A11::N-2-15::N-2-14::N-B05::N-A02::N-B07::N3-1-11::N-B09::N-A12::N-1-7::N-A07::N-A04::N-B10::N3-19::N-2-23::N3-2::	24
chr7	132761200	133046200	chr7_132761200	9	285000	0.0493260709096255	10	0.00600966016361097	5	67.6962707868957	::B-A05::N-A05::N3-1-11::N-A03::N3-1-15::B-A08::B3-1-15::B-A03::N-2-25::	3
chr7	136389300	136674300	chr7_136389300	57	285000	5.78387284638166e-69	57	5.78387284638166e-69	1	3686.82417590984	::N3-1::N-A02::N-2-12::N-A05::N-B11::N3-2-36::N-A08::N-2-9::N-2-14::N3-13::N-2-26::N-B07::N-2-17::N-B04::N-2-27::N-2-25::N-B09::N3-6::N-B05::N-A11::N3-5::N-B02::N3-1-11::N-2-23::N3-8::N3-1-5::N-B03::N-A10::N3-1-13::N-3-4::N3-19::N-A07::N-3-1::N-A01::N3-1-3::N3-1-15::N3-11::N-1-2::N3-2-21::N3-10::N-2-15::N-1-6::N-2-21::N-A12::N-A03::N-A04::N-1-10::N-1-4::N3-21::N3-2::N-1-7::N-B10::N3-3::N-B08::N3-7::N3-1-2::N3-2-22::	57
chr8	25525700	25810700	chr8_25525700	10	285000	0.00600966016361097	10	0.00600966016361097	4	277.818625533164	::B3-3::N3-3::B3-1-11::B-B02::N3-1-11::N3-21::N-3-4::B-3-4::B3-21::N-A07::	5
chr8	79572200	79857200	chr8_79572200	10	285000	0.00600966016361097	10	0.00600966016361097	8	0.364372540980341	::B-A11::B-3-4::B3-5::B-B09::N-B09::B3-1-13::B3-6::N3-6::N-2-26::N3-2-22::	8
chr8	80723300	81008300	chr8_80723300	11	285000	0.000665626524879601	11	0.000665626524879601	5	67.6962707868957	::B3-7::B-A05::B-B04::N3-1::N3-13::N3-10::B3-13::B3-10::B3-1::N-A11::B-A11::	0
chr8	84659000	84944000	chr8_84659000	9	285000	0.0493260709096255	11	0.000665626524879601	4	277.818625533164	::N-B11::B-B11::N3-1::N3-13::N3-10::B3-1::B3-10::B3-13::N3-7::	3
chr8	90660500	90945500	chr8_90660500	11	285000	0.000665626524879601	11	0.000665626524879601	7	2.39255669100828	::N-1-7::N3-6::B3-6::B3-7::N-A11::B-A11::B-2-27::N-2-27::N-3-1::B-3-1::B3-5::	3
chr8	106698000	106983000	chr8_106698000	9	285000	0.0493260709096255	9	0.0493260709096255	6	13.7463338105867	::B3-1-13::B-A12::N-A12::B-A04::N-1-2::B3-1::N3-1::B-2-12::N-2-12::	9
chr8	108708700	108993700	chr8_108708700	11	285000	0.000665626524879601	11	0.000665626524879601	7	2.39255669100828	::B-B07::B3-2-22::N3-2-22::B3-1::N3-1::N-B07::B3-13::B3-10::B3-5::B-B02::N-B02::	10
chr8	109676000	109961000	chr8_109676000	20	285000	6.45984714164584e-14	21	3.74779940469957e-15	11	0.000665626524879601	::B-A10::N-B10::B-1-4::B3-1-13::N3-1-13::B3-8::B-1-6::N-1-6::B3-19::N3-19::N3-8::N3-11::B-1-7::N-1-7::B3-1-2::B-B07::N-B07::N3-1-2::B-2-17::N-1-9::	15
chr8	117192700	117477700	chr8_117192700	14	285000	5.51185976364216e-07	16	3.40905258254192e-09	11	0.000665626524879601	::N-A05::B-A05::B-1-2::N-1-2::N-A10::N-B10::N3-1-5::N-B04::B3-1-5::B-B04::B-1-10::B3-5::N-A02::N-B08::	7
chr8	128469600	128754600	chr8_128469600	9	285000	0.0493260709096255	9	0.0493260709096255	6	13.7463338105867	::N-1-7::B-1-10::B-B03::N-B07::N3-1-2::B-B07::B3-1-2::N-1-6::B-2-23::	4
chr9	3005600	3290600	chr9_3005600	11	285000	0.000665626524879601	12	6.75807123333223e-05	5	67.6962707868957	::N3-6::N-B05::N3-1-3::N3-5::N-A07::N-A08::N-1-10::N-A12::N-2-21::N-1-4::N3-1-11::	6
chr9	56126200	56411200	chr9_56126200	11	285000	0.000665626524879601	11	0.000665626524879601	7	2.39255669100828	::N-A02::B-A02::N3-11::N3-8::B3-8::B3-11::N3-1-11::N-A08::B-A08::B-A10::N-B03::	2
chr9	57522500	57807500	chr9_57522500	12	285000	6.75807123333223e-05	12	6.75807123333223e-05	6	13.7463338105867	::N-1-7::B-1-10::N-B07::N3-1-2::B3-1-2::B-B07::B-A07::B3-1-13::N3-1-13::N-A07::N-2-14::N3-2::	7
chr9	71881400	72166400	chr9_71881400	18	285000	1.65370886990588e-11	19	1.06042228511872e-12	13	6.33363167635004e-06	::N-B11::B-B08::B-A05::B-A12::N-A12::N3-2-36::B3-5::N-A07::N-1-4::B-2-25::B-2-17::N-A05::B3-1-13::N-1-6::B3-1-5::B-B04::N-B04::N3-1-5::	13
chr9	72515900	72800900	chr9_72515900	12	285000	6.75807123333223e-05	12	6.75807123333223e-05	10	0.00600966016361097	::N3-1-13::B-A05::N-B03::N-B10::N3-11::N3-8::B3-2-36::N3-2-36::N-B02::B3-5::B3-3::N-A08::	6
chr9	100489000	100774000	chr9_100489000	9	285000	0.0493260709096255	9	0.0493260709096255	9	0.0493260709096255	::N3-6::N-A07::B-A07::N3-5::B-2-25::B-A04::B3-1-15::B3-5::N-A08::	4
chr9	107740700	108025700	chr9_107740700	10	285000	0.00600966016361097	10	0.00600966016361097	7	2.39255669100828	::N-2-25::N-B02::B-B02::B-1-4::N3-7::N-A12::B-A12::B3-1::B-A11::N-A11::	4
chr9	108153100	108438100	chr9_108153100	12	285000	6.75807123333223e-05	13	6.33363167635004e-06	9	0.0493260709096255	::N-A08::B-A04::B3-5::N3-13::N3-10::B3-10::B3-13::N-B09::B3-3::N3-3::N3-5::N-2-21::	8
chrX	18139400	18424400	chrX_18139400	17	285000	2.44319521850157e-10	19	1.06042228511872e-12	16	3.40905258254192e-09	::N3-3::N-1-6::N-B09::N-B10::B-1-2::N-1-2::B-1-6::B3-7::N3-7::B-A02::N-2-15::N-2-17::B-2-17::B3-3::B-A11::N-A02::N3-1::	8
chrX	77418600	77703600	chrX_77418600	12	285000	6.75807123333223e-05	13	6.33363167635004e-06	9	0.0493260709096255	::N-A03::B-2-21::B3-7::B-1-10::N-B07::B-B07::B3-1-2::N3-1-2::B3-1-3::N3-1-3::B-A07::B-1-9::	11
chrX	105789200	106074200	chrX_105789200	12	285000	6.75807123333223e-05	13	6.33363167635004e-06	8	0.364372540980341	::B-2-27::N-B04::N3-1-5::B3-1-5::B-B04::B-A05::B-2-15::B-2-26::N-2-26::N-B11::B-B03::N-B03::	7
chrX	143483000	143768000	chrX_143483000	12	285000	6.75807123333223e-05	13	6.33363167635004e-06	3	912.111557058795	::N-3-1::N-2-15::N3-1::N-B02::N3-11::N-2-23::N3-2-22::N3-6::N-A10::N-A08::N-B11::B3-8::	9
chrX	151774300	152059300	chrX_151774300	13	285000	6.33363167635004e-06	13	6.33363167635004e-06	8	0.364372540980341	::B-2-21::N3-7::N-B02::N3-1-11::B3-1-11::B-A08::N-A08::N-A12::B-A02::N-A02::N-B10::B-B10::B-B03::	5
