chr11	54498600	54699600	chr11_54498600	16	201000	0.0471797264603975	21	1.19345919542588e-05	17	0.0100337157161813	::B3-1-13::N3-1-15::B3-2-22::B3-1-15::B3-9::N3-9::B3-10::B3-1-3::N3-1-11::B3-2-21::N3-21::N3-18::B3-8::B3-2-2::N3-1-2::B3-1-2::	11
chr11	72549400	72750400	chr11_72549400	17	201000	0.0100337157161813	24	4.64420841433213e-08	21	1.19345919542588e-05	::N3-1-2::N3-1-3::B3-21::B3-2-22::B3-1-15::B3-18::N3-18::B3-1-2::N3-1-15::N3-21::B3-1::N3-9::B3-9::B3-10::N3-10::B3-14::N3-8::	8
chr11	79362100	79563100	chr11_79362100	18	201000	0.00201532263095633	31	2.82932388778969e-14	28	1.61472187284879e-11	::N3-1-5::N3-2-2::B3-21::N3-2-21::B3-2-21::B3-2-7::N3-1-13::N3-4::B3-1::N3-1-11::B3-1-11::B3-1-3::N3-21::B3-18::B3-2-36::B3-1-13::B3-14::B3-2-2::	12
chr11	86159600	86360600	chr11_86159600	19	201000	0.000383483140827438	24	4.64420841433213e-08	19	0.000383483140827438	::N3-1-15::N3-1-5::B3-18::B3-2-2::B3-2-7::N3-2-7::N3-2-36::B3-2-21::B3-4::B3-10::N3-4::B3-1-5::B3-9::N3-9::N3-10::N3-1-11::B3-1-11::N3-1-3::B3-1-3::	10
chr11	108191600	108392600	chr11_108191600	16	201000	0.0471797264603975	18	0.00201532263095633	12	12.0619318092331	::N3-14::B3-2-2::N3-2-21::B3-2-37::N3-1-5::B3-1-2::N3-2-36::N3-10::N3-2-7::N3-9::N3-21::N3-1::N3-4::N3-1-11::N3-1-3::N3-1-13::	4
chr14	19231200	19432200	chr14_19231200	17	201000	0.0100337157161813	35	3.84674117482279e-18	21	1.19345919542588e-05	::N3-4::N3-1-3::N3-2-36::B3-2-36::N3-1-15::N3-18::N3-1-5::N3-2-22::B3-2-2::N3-1-11::N3-8::N3-10::N3-1::N3-1-13::N3-2-21::N3-9::N3-2-7::	23
chr15	43240500	43441500	chr15_43240500	18	201000	0.00201532263095633	20	6.93220783550859e-05	17	0.0100337157161813	::N3-2-21::N3-10::B3-2-37::B3-21::N3-21::B3-1::N3-9::B3-9::B3-18::B3-2-22::N3-2-36::B3-8::N3-2-22::B3-2-21::N3-1-5::N3-1-15::N3-8::B3-2-2::	9
chr15	77100100	77301100	chr15_77100100	17	201000	0.0100337157161813	21	1.19345919542588e-05	16	0.0471797264603975	::B3-1-5::B3-2-2::B3-2-7::N3-2-7::N3-2-21::B3-2-21::N3-1-2::B3-1-2::N3-1-15::N3-8::B3-14::B3-2-36::B3-1-15::B3-21::B3-1-13::N3-1-5::B3-2-22::	9
chr16	33236400	33437400	chr16_33236400	17	201000	0.0100337157161813	23	3.08295828107636e-07	20	6.93220783550859e-05	::B3-1-11::B3-8::B3-1-15::B3-21::N3-1-3::B3-2-36::N3-2-36::N3-1-5::B3-2-2::B3-2-21::N3-2-21::N3-1-13::B3-1-13::B3-14::N3-4::B3-4::B3-1-3::	10
chr17	3104200	3305200	chr17_3104200	16	201000	0.0471797264603975	20	6.93220783550859e-05	18	0.00201532263095633	::N3-1-15::B3-2-2::N3-4::B3-8::N3-2-21::B3-1-3::N3-1-3::N3-1-5::B3-1-11::B3-18::N3-1::N3-9::B3-1::B3-9::B3-2-36::B3-2-21::	14
chr17	32126500	32327500	chr17_32126500	16	201000	0.0471797264603975	21	1.19345919542588e-05	16	0.0471797264603975	::B3-1-3::N3-1-15::B3-1::N3-1-11::B3-9::N3-9::B3-1-13::B3-1-2::N3-1-2::N3-4::N3-1-5::B3-10::B3-2-37::N3-10::N3-2-2::B3-1-11::	15
chr18	9986700	10187700	chr18_9986700	18	201000	0.00201532263095633	19	0.000383483140827438	17	0.0100337157161813	::B3-2-7::N3-2-7::B3-2-21::B3-2-22::N3-8::N3-9::N3-2-2::N3-1-5::N3-10::N3-2-22::N3-1-2::B3-18::N3-2-21::N3-1-3::B3-10::N3-4::B3-1-13::B3-1::	8
chr19	16139000	16340000	chr19_16139000	16	201000	0.0471797264603975	22	1.96128266149631e-06	22	1.96128266149631e-06	::B3-10::N3-4::N3-1-2::N3-10::N3-21::N3-18::N3-2-7::B3-14::B3-2-22::N3-1-15::B3-1::B3-18::B3-1-2::N3-1::B3-2-36::N3-1-5::	8
chr2	98476300	98677300	chr2_98476300	35	201000	3.84674117482279e-18	205	0	28	1.61472187284879e-11	::B3-21::B3-2-36::N3-8::N3-2-36::N3-2-2::N3-14::N3-9::N3-10::N3-1-13::N3-2-7::N3-1-11::N3-18::N3-1::N3-1-15::N3-4::N3-2-21::N3-1-3::N3-21::N3-1-5::N3-2-22::N3-1-2::B3-1-11::B3-1-13::B3-1::B3-2-7::B3-2-2::B3-1-2::B3-10::B3-8::B3-1-3::B3-2-22::B3-1-5::B3-9::B3-1-15::B3-14::	97
chr3	135441100	135642100	chr3_135441100	16	201000	0.0471797264603975	21	1.19345919542588e-05	15	0.208795005755452	::N3-4::N3-1-15::B3-1-15::N3-10::B3-10::B3-4::N3-8::B3-8::N3-2-36::B3-18::N3-18::N3-1-2::N3-1-5::B3-1-13::N3-1-11::N3-9::	9
chr5	25291800	25492800	chr5_25291800	26	201000	9.33918404521014e-10	91	5.30939386314447e-87	62	1.484643569003e-48	::N3-2-7::B3-1-2::N3-2-2::B3-2-2::N3-21::N3-9::N3-10::B3-1::N3-1-3::N3-1-15::B3-14::B3-1-15::B3-10::B3-2-36::N3-1::B3-2-7::B3-18::B3-1-11::N3-1-11::B3-9::N3-1-2::B3-1-3::N3-2-21::B3-2-22::N3-2-22::N3-1-5::	57
chr7	121638900	121839900	chr7_121638900	18	201000	0.00201532263095633	27	1.25054828429612e-10	12	12.0619318092331	::N3-18::N3-4::B3-2-22::N3-2-36::B3-1-13::N3-1-11::B3-2-36::N3-9::B3-9::N3-1-15::N3-2-22::N3-1-2::N3-21::N3-2-7::N3-2-21::N3-1-3::N3-1-5::N3-14::	20
chr7	136203500	136404500	chr7_136203500	21	201000	1.19345919542588e-05	23	3.08295828107636e-07	4	8247.08047651604	::N3-1-15::B3-18::N3-1::N3-2-36::N3-4::N3-9::N3-1-11::N3-8::N3-1-5::N3-1-13::N3-1-3::N3-2-21::N3-10::N3-2-7::N3-2-2::N3-2-37::N3-21::N3-1-2::N3-2-22::N3-18::N3-14::	21
chr8	106891000	107092000	chr8_106891000	16	201000	0.0471797264603975	17	0.0100337157161813	16	0.0471797264603975	::B3-2-2::N3-2-21::B3-1::N3-1::B3-1-11::N3-9::B3-9::B3-1-2::N3-10::N3-1-5::B3-2-21::N3-4::N3-1-3::B3-1-13::N3-21::N3-2-36::	11
chr9	3001100	3202100	chr9_3001100	21	201000	1.19345919542588e-05	34	3.72396607210973e-17	12	12.0619318092331	::N3-2-21::N3-18::B3-2-21::N3-9::N3-2-22::N3-2-7::N3-1-3::N3-8::N3-1::N3-1-15::N3-2-2::N3-1-5::B3-10::B3-2-22::B3-1::N3-21::N3-2-36::N3-1-2::N3-1-13::N3-10::N3-1-11::	16
chr9	35116100	35317100	chr9_35116100	16	201000	0.0471797264603975	20	6.93220783550859e-05	11	40.0352753790026	::B3-1-11::B3-2-36::B3-2-22::N3-1-2::B3-1-15::N3-1-11::N3-1-3::N3-18::B3-1::N3-1-15::N3-10::N3-8::N3-1::N3-4::N3-1-5::N3-2-21::	11
chrUn_GL456390	0	201000	chrUn_GL456390_0	26	201000	9.33918404521014e-10	50	3.08020885240618e-34	36	3.86318726000461e-19	::B3-18::N3-1-2::N3-9::N3-2-7::N3-1-3::N3-1::N3-4::N3-2-2::N3-10::N3-1-15::N3-1-11::N3-2-22::N3-2-36::N3-18::N3-8::N3-21::N3-1-13::N3-14::N3-2-21::B3-14::N3-1-5::B3-2-7::B3-2-22::B3-21::B3-1::B3-1-2::	28
chrX	143444500	143645500	chrX_143444500	20	201000	6.93220783550859e-05	32	3.19659770143472e-15	5	5963.28441203628	::N3-2-7::N3-4::N3-10::N3-1::N3-2-36::N3-18::N3-2-2::B3-2-36::N3-8::N3-1-5::N3-1-2::N3-21::N3-2-22::N3-1-15::B3-1::N3-1-13::N3-14::N3-1-3::B3-2-21::B3-2-7::	27
