chr11	23347800	23566800	chr11_23347800	5	219000	0.0494417878472874	5	0.0494417878472874	3	10.9675005605519	::B3-c-14::N3-c-14::B3-c-10::N3-17::B3-17::	3
chr13	94600200	94819200	chr13_94600200	5	219000	0.0494417878472874	5	0.0494417878472874	2	109.577319245429	::N3-18::N3-2-2::N3-4::N3-16::N3-17::	4
chr14	31025800	31244800	chr14_31025800	5	219000	0.0494417878472874	7	0.000106135671870249	6	0.00247429321899767	::B3-c-10::N3-c-10::B3-12::N3-c-28::B3-c-28::	3
chr14	70752000	70971000	chr14_70752000	6	219000	0.00247429321899767	6	0.00247429321899767	3	10.9675005605519	::N3-c-28::B3-4::B3-16::N3-16::N3-4::N3-c-9::	6
chr14	121183200	121402200	chr14_121183200	5	219000	0.0494417878472874	5	0.0494417878472874	3	10.9675005605519	::B3-4::N3-4::B3-15::B3-9::N3-9::	5
chr15	103190500	103409500	chr15_103190500	5	219000	0.0494417878472874	5	0.0494417878472874	3	10.9675005605519	::B3-9::N3-9::N3-2-2::B3-2-2::N3-c-9::	2
chr16	4585900	4804900	chr16_4585900	6	219000	0.00247429321899767	6	0.00247429321899767	2	109.577319245429	::N3-16::N3-4::B3-16::B3-4::B3-2-2::N3-2-2::	2
chr17	10241100	10460100	chr17_10241100	5	219000	0.0494417878472874	5	0.0494417878472874	4	0.823295842885331	::B3-14::N3-c-9::N3-17::B3-17::N3-14::	1
chr18	49920500	50139500	chr18_49920500	5	219000	0.0494417878472874	5	0.0494417878472874	4	0.823295842885331	::N3-2-7::B3-2-7::N3-c-28::N3-2-2::B3-14::	1
chr2	98662300	98881300	chr2_98662300	11	219000	1.08935438552227e-10	22	6.92068441776329e-30	10	3.99074173361009e-09	::N3-14::N3-18::N3-17::N3-c-14::N3-4::N3-2-2::N3-12::N3-c-9::N3-15::N3-c-10::B3-14::	10
chr2	121860400	122079400	chr2_121860400	5	219000	0.0494417878472874	7	0.000106135671870249	5	0.0494417878472874	::B3-c-32::B3-c-10::N3-c-10::B3-18::N3-18::	4
chr2	154746200	154965200	chr2_154746200	6	219000	0.00247429321899767	6	0.00247429321899767	6	0.00247429321899767	::B3-c-9::B3-9::B3-14::B3-12::B3-c-10::B3-c-14::	2
chr2	156162500	156381500	chr2_156162500	5	219000	0.0494417878472874	5	0.0494417878472874	4	0.823295842885331	::N3-c-14::B3-c-14::N3-18::B3-18::B3-c-10::	3
chr2	160678100	160897100	chr2_160678100	5	219000	0.0494417878472874	7	0.000106135671870249	5	0.0494417878472874	::B3-12::B3-14::N3-14::B3-2-2::N3-2-2::	6
chr2	160975600	161194600	chr2_160975600	5	219000	0.0494417878472874	5	0.0494417878472874	3	10.9675005605519	::N3-16::B3-16::B3-9::N3-9::N3-12::	2
chr4	83455400	83674400	chr4_83455400	6	219000	0.00247429321899767	7	0.000106135671870249	3	10.9675005605519	::N3-16::N3-4::B3-4::B3-16::N3-15::B3-15::	1
chr4	131806200	132025200	chr4_131806200	5	219000	0.0494417878472874	5	0.0494417878472874	2	109.577319245429	::N3-c-9::N3-4::N3-16::B3-16::B3-4::	1
chr4	133386700	133605700	chr4_133386700	5	219000	0.0494417878472874	5	0.0494417878472874	2	109.577319245429	::B3-4::B3-16::N3-16::N3-4::N3-12::	4
chr4	139113500	139332500	chr4_139113500	5	219000	0.0494417878472874	5	0.0494417878472874	2	109.577319245429	::N3-16::N3-4::B3-16::B3-4::N3-c-14::	1
chr5	25281900	25500900	chr5_25281900	7	219000	0.000106135671870249	13	6.29594731131306e-14	8	3.98363587720758e-06	::B3-2-7::N3-2-7::N3-12::B3-12::N3-9::B3-2-2::N3-2-2::	10
chr5	28146800	28365800	chr5_28146800	6	219000	0.00247429321899767	9	1.3290624074754e-07	5	0.0494417878472874	::N3-14::B3-14::B3-16::B3-12::B3-c-9::B3-c-10::	3
chr5	32356900	32575900	chr5_32356900	5	219000	0.0494417878472874	5	0.0494417878472874	4	0.823295842885331	::B3-17::B3-16::N3-9::B3-9::B3-c-10::	2
chr5	106662600	106881600	chr5_106662600	5	219000	0.0494417878472874	5	0.0494417878472874	2	109.577319245429	::B3-c-9::N3-16::N3-4::B3-16::B3-4::	1
chr5	113106400	113325400	chr5_113106400	5	219000	0.0494417878472874	5	0.0494417878472874	2	109.577319245429	::N3-17::N3-16::N3-4::B3-4::B3-16::	1
chr5	119652800	119871800	chr5_119652800	5	219000	0.0494417878472874	5	0.0494417878472874	2	109.577319245429	::B3-c-10::N3-16::N3-4::B3-4::B3-16::	1
chr6	17523000	17742000	chr6_17523000	5	219000	0.0494417878472874	5	0.0494417878472874	3	10.9675005605519	::B3-12::B3-c-14::N3-c-14::B3-18::N3-18::	4
chr6	51458200	51677200	chr6_51458200	5	219000	0.0494417878472874	5	0.0494417878472874	2	109.577319245429	::N3-9::B3-16::B3-4::N3-16::N3-4::	4
chr6	143954700	144173700	chr6_143954700	5	219000	0.0494417878472874	5	0.0494417878472874	4	0.823295842885331	::N3-12::N3-c-10::N3-15::B3-16::N3-16::	3
chr7	28926100	29145100	chr7_28926100	5	219000	0.0494417878472874	5	0.0494417878472874	2	109.577319245429	::N3-16::N3-4::B3-4::B3-16::N3-9::	1
chr7	59231200	59450200	chr7_59231200	5	219000	0.0494417878472874	5	0.0494417878472874	4	0.823295842885331	::N3-16::B3-c-10::N3-2-7::B3-2-7::N3-12::	1
chr7	121691500	121910500	chr7_121691500	7	219000	0.000106135671870249	7	0.000106135671870249	3	10.9675005605519	::B3-c-32::N3-9::B3-9::N3-4::N3-16::N3-c-10::N3-14::	5
chr7	136389300	136608300	chr7_136389300	15	219000	2.70307619137831e-17	15	2.70307619137831e-17	1	729.86479929026	::N3-c-10::N3-4::N3-17::N3-9::N3-2-7::N3-2-2::N3-16::N3-c-32::N3-c-28::N3-c-9::N3-18::N3-12::N3-c-14::N3-15::N3-14::	15
chr8	107313000	107532000	chr8_107313000	5	219000	0.0494417878472874	5	0.0494417878472874	2	109.577319245429	::N3-15::B3-4::B3-16::N3-16::N3-4::	4
chr8	117180700	117399700	chr8_117180700	5	219000	0.0494417878472874	5	0.0494417878472874	2	109.577319245429	::N3-12::N3-16::N3-4::B3-16::B3-4::	0
chr9	66544500	66763500	chr9_66544500	5	219000	0.0494417878472874	5	0.0494417878472874	3	10.9675005605519	::B3-15::N3-15::B3-9::N3-9::N3-c-10::	5
chrX	18214900	18433900	chrX_18214900	7	219000	0.000106135671870249	7	0.000106135671870249	5	0.0494417878472874	::N3-c-9::B3-c-9::N3-c-14::B3-12::N3-17::B3-17::N3-12::	1
chrX	142722900	142941900	chrX_142722900	5	219000	0.0494417878472874	5	0.0494417878472874	2	109.577319245429	::N3-c-14::B3-4::B3-16::N3-4::N3-16::	5
