chr10	42605000	42886000	chr10_42605000	11	281000	0.000663504209332288	11	0.000663504209332288	8	0.36496606275924	::N3-c-32::B-2-25::N-2-25::B-A11::N-A11::N-B02::B3-12::N3-6::B-2-21::N-A07::B-A07::	6
chr10	78161400	78442400	chr10_78161400	10	281000	0.00600013335329457	10	0.00600013335329457	9	0.0493270834552639	::N3-3::N-A01::N3-6::B-1-4::B3-c-10::N3-c-10::N-B03::N-B10::N-3-4::N-A10::	4
chr10	93008000	93289000	chr10_93008000	10	281000	0.00600013335329457	11	0.000663504209332288	8	0.36496606275924	::N3-13::B3-13::B3-12::B3-3::N3-3::N-2-21::B-2-21::B-1-2::B3-5::N3-c-14::	5
chr10	108173700	108454700	chr10_108173700	13	281000	6.29317797128398e-06	15	4.43406084996093e-08	11	0.000663504209332288	::N-B04::N-A04::N-A03::B-B10::N3-5::N-A08::B-A03::N-1-6::B-B09::N-B02::N-A12::B-A12::B3-5::	7
chr10	116300000	116581000	chr10_116300000	10	281000	0.00600013335329457	10	0.00600013335329457	7	2.40030817664133	::B3-19::N-1-9::B-B05::N-B05::N-B02::B-A12::N3-7::N-A12::B3-16::B-2-21::	9
chr10	123011300	123292300	chr10_123011300	9	281000	0.0493270834552639	9	0.0493270834552639	8	0.36496606275924	::B-1-4::N-B03::N-2-17::B-A05::N3-c-28::N3-16::B3-5::B3-11::N3-11::	5
chr11	20006400	20287400	chr11_20006400	9	281000	0.0493270834552639	12	6.72570634223115e-05	9	0.0493270834552639	::N-A05::B-A05::B-B02::B3-7::N-A01::B-A01::B3-c-9::B3-2::N3-c-9::	4
chr11	23260100	23541100	chr11_23260100	10	281000	0.00600013335329457	10	0.00600013335329457	7	2.40030817664133	::B-A01::N-2-23::B3-19::N3-19::B3-c-14::N3-c-14::B3-c-10::N3-17::B3-17::B-1-7::	6
chr11	29174600	29455600	chr11_29174600	9	281000	0.0493270834552639	9	0.0493270834552639	7	2.40030817664133	::N3-19::B3-19::N-2-12::B-2-21::B-1-4::B3-7::B3-2::N3-2::B3-c-28::	4
chr11	77454300	77735300	chr11_77454300	10	281000	0.00600013335329457	12	6.72570634223115e-05	9	0.0493270834552639	::B3-7::N-B03::N-A11::B3-3::N3-3::N-A04::B3-c-10::N3-c-10::N-A02::B-A02::	9
chr11	79456100	79737100	chr11_79456100	11	281000	0.000663504209332288	12	6.72570634223115e-05	10	0.00600013335329457	::B3-19::N-A11::N3-15::B3-15::B3-c-10::B3-3::N-A07::B-A11::N-1-7::N-3-1::B-3-1::	2
chr11	86490600	86771600	chr11_86490600	12	281000	6.72570634223115e-05	13	6.29317797128398e-06	10	0.00600013335329457	::N3-c-14::N3-3::B3-3::B-1-2::N-1-2::B-2-25::N-1-7::B-A04::N-A04::B-2-26::N-B11::B3-c-9::	8
chr11	87974100	88255100	chr11_87974100	9	281000	0.0493270834552639	10	0.00600013335329457	7	2.40030817664133	::N-A12::B3-c-9::B3-15::N3-15::N-B08::B-B08::N3-3::B3-3::N-A04::	4
chr11	88356200	88637200	chr11_88356200	9	281000	0.0493270834552639	9	0.0493270834552639	7	2.40030817664133	::B3-5::N-B10::B-1-2::B-A03::B-A08::N-A03::B-2-25::N-1-2::N-2-15::	5
chr11	94029900	94310900	chr11_94029900	10	281000	0.00600013335329457	10	0.00600013335329457	6	13.8130498679282	::N-1-10::N3-c-28::N-B09::B-B09::B3-c-10::B-1-6::N-B02::N-1-6::B-2-27::N-2-27::	7
chr11	104372000	104653000	chr11_104372000	15	281000	4.43406084996093e-08	16	3.37098741360273e-09	14	5.46786071358679e-07	::B-3-1::B-2-12::N-2-12::N3-c-14::N3-7::N-2-25::N-2-14::B3-c-14::B-1-6::B-3-4::N-3-4::B-1-4::B3-3::N3-3::N-B02::	11
chr12	3246500	3527500	chr12_3246500	11	281000	0.000663504209332288	12	6.72570634223115e-05	9	0.0493270834552639	::B3-5::B-1-4::N-A08::B-A08::B3-c-9::N-A04::B-A04::B-1-2::B-B09::B-B10::N-B10::	4
chr12	8676400	8957400	chr12_8676400	11	281000	0.000663504209332288	11	0.000663504209332288	9	0.0493270834552639	::N3-c-28::B3-3::B-2-23::N-3-1::B-3-1::B-B07::N-1-2::B-1-2::N-B09::B-A01::N-1-10::	5
chr12	21287400	21568400	chr12_21287400	9	281000	0.0493270834552639	9	0.0493270834552639	5	68.1342320399825	::B-A08::B-A03::N-A03::N-A08::B-1-4::B3-5::N-A10::B-A10::B-B02::	6
chr12	78841700	79122700	chr12_78841700	11	281000	0.000663504209332288	11	0.000663504209332288	7	2.40030817664133	::B-1-10::B-2-21::N-A05::B-A05::N-B02::B-B02::B-1-7::N-1-7::N3-7::N-A12::B-A12::	4
chr13	9101600	9382600	chr13_9101600	9	281000	0.0493270834552639	9	0.0493270834552639	6	13.8130498679282	::B-2-23::N3-19::B3-19::N-A03::B-A03::B-A08::N-1-10::N3-12::B-3-1::	3
chr13	17697500	17978500	chr13_17697500	10	281000	0.00600013335329457	10	0.00600013335329457	6	13.8130498679282	::B3-12::N3-c-32::B-3-4::N-3-4::B3-19::N3-19::N-A05::B-A05::B-2-27::N-2-27::	8
chr13	43302300	43583300	chr13_43302300	10	281000	0.00600013335329457	11	0.000663504209332288	7	2.40030817664133	::B-A05::B-2-14::N-2-14::B3-19::N3-19::N-A12::B-A12::B3-11::N3-11::N-A03::	7
chr13	85130700	85411700	chr13_85130700	12	281000	6.72570634223115e-05	14	5.46786071358679e-07	11	0.000663504209332288	::N3-7::N3-c-10::N3-2::N-B03::B-B03::N-1-10::B3-15::N3-15::N-A05::B-A05::B-B10::B3-2::	10
chr13	94600200	94881200	chr13_94600200	11	281000	0.000663504209332288	11	0.000663504209332288	4	280.065687886015	::N-2-14::N-B03::N-A04::N-3-4::N3-3::N-2-23::N3-16::N3-2::N-1-6::N3-17::N3-7::	8
chr13	103742500	104023500	chr13_103742500	9	281000	0.0493270834552639	11	0.000663504209332288	11	0.000663504209332288	::B-A03::N3-c-10::N-B02::B3-5::N-1-10::N3-c-9::B-A02::N-B09::N-A10::	5
chr14	31025800	31306800	chr14_31025800	10	281000	0.00600013335329457	12	6.72570634223115e-05	10	0.00600013335329457	::B3-c-10::N-A01::B-B11::N3-c-10::B3-12::N3-c-28::B3-c-28::N-3-4::B-3-4::N3-12::	5
chr14	56697000	56978000	chr14_56697000	10	281000	0.00600013335329457	10	0.00600013335329457	7	2.40030817664133	::B-A02::N-A02::B3-c-9::B-2-23::B-B07::N-B07::N-A08::N3-12::B-A12::N-A12::	8
chr14	73220300	73501300	chr14_73220300	15	281000	4.43406084996093e-08	17	2.41203538372321e-10	13	6.29317797128398e-06	::N-B02::B-B11::N-B11::N-A03::N-A08::N3-19::B-B02::B3-12::B3-c-14::B3-c-10::N3-c-10::N-A01::N-B04::B-B04::B-1-4::	12
chr14	79373900	79654900	chr14_79373900	9	281000	0.0493270834552639	10	0.00600013335329457	9	0.0493270834552639	::B-3-4::B-2-26::N-3-4::B-2-15::B-1-10::B3-5::B-B03::N3-c-9::B3-12::	5
chr15	8188500	8469500	chr15_8188500	10	281000	0.00600013335329457	11	0.000663504209332288	10	0.00600013335329457	::N-A07::N-A08::B3-12::N-2-21::N3-c-32::B-2-17::B3-c-10::B-2-25::N-2-25::B3-2::	7
chr15	51837400	52118400	chr15_51837400	10	281000	0.00600013335329457	10	0.00600013335329457	7	2.40030817664133	::N-2-21::N-3-1::B-3-1::N-2-9::N-B05::B-B05::B-1-10::B-B03::N-B03::N3-3::	5
chr15	81404300	81685300	chr15_81404300	10	281000	0.00600013335329457	10	0.00600013335329457	8	0.36496606275924	::B3-c-14::B-A01::N-A01::N-3-4::N3-6::N3-c-9::B-2-25::N-2-25::B-1-10::B3-c-9::	7
chr15	102396300	102677300	chr15_102396300	9	281000	0.0493270834552639	9	0.0493270834552639	7	2.40030817664133	::B-A04::B3-c-14::B-2-25::N-2-25::N3-19::B3-19::B3-c-9::B-A08::B3-5::	4
chr16	43330800	43611800	chr16_43330800	10	281000	0.00600013335329457	10	0.00600013335329457	9	0.0493270834552639	::N-B10::N-1-7::B-A12::N-B03::B3-13::N3-13::N3-c-14::N-B02::B3-2::B-1-4::	6
chr17	3131800	3412800	chr17_3131800	9	281000	0.0493270834552639	10	0.00600013335329457	8	0.36496606275924	::N3-17::N3-15::B3-15::B-3-4::N-3-4::N-B05::B-A05::N-A12::N-1-9::	6
chr17	5009300	5290300	chr17_5009300	13	281000	6.29317797128398e-06	13	6.29317797128398e-06	12	6.72570634223115e-05	::B3-c-10::N-2-15::N-B08::N-A02::B-A02::N3-6::N-3-1::N-A04::B-1-4::N-B11::B3-5::N3-3::B3-7::	2
chr17	10232100	10513100	chr17_10232100	11	281000	0.000663504209332288	12	6.72570634223115e-05	8	0.36496606275924	::N-A04::B-A04::N3-c-9::N-A10::N3-17::B3-17::B-B08::B-2-26::N-A02::B-A02::B-A10::	1
chr17	25884000	26165000	chr17_25884000	12	281000	6.72570634223115e-05	12	6.72570634223115e-05	9	0.0493270834552639	::B3-7::B-B07::N-B07::N3-13::B3-13::N-2-14::B-3-4::N-3-4::B-A04::B-A10::B-2-27::N-2-26::	6
chr17	32163500	32444500	chr17_32163500	11	281000	0.000663504209332288	12	6.72570634223115e-05	9	0.0493270834552639	::B-A12::B-2-21::N3-c-10::B-A10::N3-12::B-2-17::N-2-17::B3-13::N3-13::B3-6::N3-6::	7
chr17	33660500	33941500	chr17_33660500	11	281000	0.000663504209332288	11	0.000663504209332288	8	0.36496606275924	::B3-c-10::B-2-23::N-2-23::N-3-4::B-3-4::B-B10::N-B10::B-B05::N-B05::N-A07::N3-3::	5
chr18	7737500	8018500	chr18_7737500	10	281000	0.00600013335329457	11	0.000663504209332288	9	0.0493270834552639	::N-3-4::N3-7::B-A10::N-A10::N-3-1::B-1-7::N3-15::B3-15::N-1-2::B3-17::	5
chr18	34251700	34532700	chr18_34251700	11	281000	0.000663504209332288	11	0.000663504209332288	9	0.0493270834552639	::N-B03::B3-11::B3-c-32::N-A07::N-A05::N-B02::B-B02::B-A02::N-A02::N3-5::B3-7::	6
chr18	35556000	35837000	chr18_35556000	12	281000	6.72570634223115e-05	13	6.29317797128398e-06	10	0.00600013335329457	::N3-c-28::B3-7::B-A10::N-A10::B-A01::N-A01::B3-c-10::N-1-4::N-B03::B3-5::N-A08::N-B11::	9
chr18	38211100	38492100	chr18_38211100	10	281000	0.00600013335329457	10	0.00600013335329457	8	0.36496606275924	::B3-c-10::N-B09::N-2-25::N3-6::N-A01::B-A01::B-1-10::B-A10::B-A12::N-A12::	4
chr18	73582800	73863800	chr18_73582800	13	281000	6.29317797128398e-06	14	5.46786071358679e-07	10	0.00600013335329457	::N-1-2::B-2-12::N-2-12::B-1-7::N-A12::B-A12::B-A05::B3-c-32::B-A02::N-A02::B-3-1::N-3-1::N3-7::	10
chr19	3320600	3601600	chr19_3320600	16	281000	3.37098741360273e-09	16	3.37098741360273e-09	15	4.43406084996093e-08	::B-1-2::N3-c-9::B3-5::N-B10::N-B05::N3-12::N-A10::B-A10::B-B03::B3-c-9::N3-16::B-1-10::N-2-21::B-1-4::B-A08::B-2-23::	9
chr2	18022400	18303400	chr2_18022400	9	281000	0.0493270834552639	9	0.0493270834552639	7	2.40030817664133	::N-1-6::B3-c-9::N-2-17::B-2-17::N-A03::N3-6::B-B07::N-B07::N-B02::	4
chr2	26388200	26669200	chr2_26388200	11	281000	0.000663504209332288	13	6.29317797128398e-06	9	0.0493270834552639	::B3-3::B-A07::N-3-4::B-3-4::B-3-1::N-3-1::B3-5::N-A04::B-1-10::B-A03::N-A03::	10
chr2	31581400	31862400	chr2_31581400	9	281000	0.0493270834552639	9	0.0493270834552639	6	13.8130498679282	::N3-2::N-B09::N-A04::B-A04::N-B10::B-B10::N-2-12::B-2-12::N-B02::	3
chr2	48707600	48988600	chr2_48707600	9	281000	0.0493270834552639	10	0.00600013335329457	6	13.8130498679282	::N-B04::B3-c-10::B-A12::N-A12::B-A11::N-A11::B3-7::N-A02::B-A02::	6
chr2	49411700	49692700	chr2_49411700	12	281000	6.72570634223115e-05	12	6.72570634223115e-05	11	0.000663504209332288	::B3-c-9::B3-7::B3-c-10::N-A11::N3-c-9::B-A01::B-B08::N-B08::N-3-4::B-B05::B-2-23::B3-5::	7
chr2	90759500	91040500	chr2_90759500	10	281000	0.00600013335329457	12	6.72570634223115e-05	10	0.00600013335329457	::B3-12::N-B02::N-A12::B-A12::B-2-14::N-2-14::N-2-21::B-B03::B3-c-9::B3-c-32::	9
chr2	98461100	98742100	chr2_98461100	36	281000	9.53566253070779e-36	72	6.6927850358294e-95	19	1.04353855215066e-12	::B3-11::N-A08::N-B05::N-B10::N3-7::N-A10::N3-17::N3-c-14::N-B09::N-2-17::N-A01::N-B02::N-1-10::N-A11::N-B07::N-2-15::N-1-2::N3-11::N3-12::N3-5::N-B03::N3-c-9::N3-13::N3-19::N-1-7::N3-15::N-B08::N-2-23::N-3-1::N-2-21::N-B11::N-A03::B-1-10::N-1-4::N-A04::N3-c-10::	32
chr2	156093600	156374600	chr2_156093600	9	281000	0.0493270834552639	9	0.0493270834552639	6	13.8130498679282	::N-B02::N-1-2::B-1-2::B-2-14::N-2-14::N3-c-14::B3-c-14::B3-11::B3-c-10::	4
chr2	165854600	166135600	chr2_165854600	10	281000	0.00600013335329457	10	0.00600013335329457	6	13.8130498679282	::B-2-27::B-A07::N-2-27::N-A07::B-1-10::B-1-7::B-3-1::B-2-21::B-A02::N-A02::	9
chr3	58429500	58710500	chr3_58429500	9	281000	0.0493270834552639	9	0.0493270834552639	7	2.40030817664133	::N-B10::B-B02::N-B09::N3-c-14::B3-c-14::B-1-7::N-A11::B-A11::N-B02::	3
chr3	68895200	69176200	chr3_68895200	12	281000	6.72570634223115e-05	13	6.29317797128398e-06	10	0.00600013335329457	::N-A10::B3-3::N3-7::B-2-14::B-A10::B-B03::N-B03::N3-15::B3-15::B-B09::B-B08::N-B08::	8
chr3	88954600	89235600	chr3_88954600	10	281000	0.00600013335329457	11	0.000663504209332288	10	0.00600013335329457	::B-B10::B-B02::B-B03::N3-6::B3-5::N-B07::B-2-27::N-A07::B-A07::B3-3::	6
chr3	107915300	108196300	chr3_107915300	9	281000	0.0493270834552639	9	0.0493270834552639	5	68.1342320399825	::N-A11::N-B02::B-B02::N-2-26::B-2-26::B-B10::N-B10::N-2-12::B-2-12::	2
chr3	135440200	135721200	chr3_135440200	14	281000	5.46786071358679e-07	15	4.43406084996093e-08	10	0.00600013335329457	::B-B05::B-1-10::N3-11::B3-7::B3-11::B-2-14::B-B02::B-A03::N-A08::N-A03::B3-c-9::N-B02::B-B09::N-B09::	10
chr3	152227000	152508000	chr3_152227000	9	281000	0.0493270834552639	9	0.0493270834552639	8	0.36496606275924	::N-1-10::N-B10::B-A08::N3-12::N-B03::B-B03::N3-c-28::B3-5::B-1-10::	2
chr4	8537000	8818000	chr4_8537000	9	281000	0.0493270834552639	9	0.0493270834552639	8	0.36496606275924	::N-2-15::B-1-10::B-2-23::N-A10::N-B09::B-B09::B-3-1::N3-6::B3-c-32::	4
chr4	34615800	34896800	chr4_34615800	9	281000	0.0493270834552639	10	0.00600013335329457	9	0.0493270834552639	::B-1-2::N-A07::N-A08::N3-c-14::B-B07::B3-c-10::N3-c-28::B-A01::N-A01::	2
chr4	106923000	107204000	chr4_106923000	10	281000	0.00600013335329457	10	0.00600013335329457	7	2.40030817664133	::B3-13::N3-13::N-1-2::B-B08::N-B08::B-A05::B-A12::N-A12::N3-17::B-B02::	8
chr4	133593000	133874000	chr4_133593000	12	281000	6.72570634223115e-05	13	6.29317797128398e-06	9	0.0493270834552639	::N-A03::B-A08::N-A08::B-B09::B-A10::N-A10::N3-7::N-B09::N3-5::N-1-10::B-2-17::N-2-17::	12
chr4	135226100	135507100	chr4_135226100	14	281000	5.46786071358679e-07	14	5.46786071358679e-07	11	0.000663504209332288	::B3-c-28::N3-13::N-A04::N-2-12::N-B10::B-B10::B3-c-10::N-A10::B-A05::N-A05::B-A07::B3-c-9::N-B07::B-B07::	8
chr4	150291400	150572400	chr4_150291400	9	281000	0.0493270834552639	9	0.0493270834552639	7	2.40030817664133	::B-A05::N-A05::B3-7::N-A10::N-B02::B-1-10::N-B08::B-B08::B-A10::	5
chr4	155496500	155777500	chr4_155496500	13	281000	6.29317797128398e-06	13	6.29317797128398e-06	9	0.0493270834552639	::B-2-27::B3-c-32::B-2-25::N-2-25::N3-13::N3-3::B-A11::N-A11::B3-c-28::N3-c-28::B-B04::N-B04::B-1-4::	11
chr5	23439800	23720800	chr5_23439800	10	281000	0.00600013335329457	11	0.000663504209332288	8	0.36496606275924	::B-A01::N-2-9::B3-12::N3-3::B3-3::N-A07::N-A05::B-A05::N-2-21::B-2-21::	3
chr5	28169900	28450900	chr5_28169900	29	281000	1.01816683784211e-25	38	1.00349793221488e-38	6	13.8130498679282	::N-3-4::N-1-2::B3-5::B3-16::N-1-7::B-2-15::B-2-14::B-1-10::B3-12::B-1-4::B3-7::B-2-21::B3-2::B3-19::B-B02::B3-c-9::N3-5::B3-6::B-B10::N-B04::N-B02::N3-7::N-B05::N-2-15::N-1-10::N-A02::B-B09::B3-c-10::N3-12::	24
chr5	32354300	32635300	chr5_32354300	9	281000	0.0493270834552639	9	0.0493270834552639	8	0.36496606275924	::N-2-25::B3-17::B-1-10::B-A12::N-2-17::B3-16::B3-c-10::B-B09::N-B09::	7
chr5	65452400	65733400	chr5_65452400	10	281000	0.00600013335329457	10	0.00600013335329457	9	0.0493270834552639	::N-2-26::B-2-26::N-2-21::B3-7::B3-13::N-A12::B-1-10::B3-c-14::N-B02::N-1-10::	6
chr5	103693200	103974200	chr5_103693200	10	281000	0.00600013335329457	10	0.00600013335329457	8	0.36496606275924	::B-B09::N-B08::B-B08::B3-c-9::N-B10::B3-5::N-A07::N-1-7::N-B02::B-B02::	4
chr5	108351800	108632800	chr5_108351800	9	281000	0.0493270834552639	9	0.0493270834552639	8	0.36496606275924	::N3-c-28::B3-5::B-1-2::N-2-12::B3-12::N-A04::N3-15::N-A11::B-A11::	4
chr5	112932500	113213500	chr5_112932500	10	281000	0.00600013335329457	10	0.00600013335329457	7	2.40030817664133	::N-3-4::B-A07::N3-17::N3-16::B3-16::N3-6::B3-6::B-B11::N-B11::N-A04::	4
chr5	122309700	122590700	chr5_122309700	10	281000	0.00600013335329457	10	0.00600013335329457	7	2.40030817664133	::B-B05::B-A11::N-A11::B-A03::B-A08::N-A03::N-A01::B-B02::B-2-27::N-B02::	9
chr6	17423300	17704300	chr6_17423300	9	281000	0.0493270834552639	10	0.00600013335329457	8	0.36496606275924	::N-B10::B3-12::B3-c-14::N3-c-14::N-1-2::B-1-10::B-2-21::N-A10::B-A10::	4
chr6	31159700	31440700	chr6_31159700	9	281000	0.0493270834552639	10	0.00600013335329457	9	0.0493270834552639	::B3-7::B-2-21::N-B02::B-B02::B-A08::N-A04::N-B03::N-A08::B3-2::	4
chr6	47350200	47631200	chr6_47350200	15	281000	4.43406084996093e-08	15	4.43406084996093e-08	12	6.72570634223115e-05	::N-1-2::N3-6::B3-c-28::B-1-10::N-A02::N-B07::N-B04::B-2-21::B-B03::N-B03::N3-c-9::B3-c-14::B-2-15::B-B04::N-B10::	6
chr6	113080100	113361100	chr6_113080100	10	281000	0.00600013335329457	11	0.000663504209332288	9	0.0493270834552639	::B3-c-9::N3-c-9::N3-c-14::B-1-2::N-1-2::B-2-27::N-2-25::N-B08::N-1-10::N-A10::	9
chr6	114870400	115151400	chr6_114870400	9	281000	0.0493270834552639	9	0.0493270834552639	7	2.40030817664133	::B3-5::N3-5::N-A08::B3-15::B3-17::B-A11::N-A11::N-2-26::B-2-26::	4
chr6	115481000	115762000	chr6_115481000	9	281000	0.0493270834552639	9	0.0493270834552639	7	2.40030817664133	::B-3-1::N3-7::B3-c-9::N3-c-9::B-A11::N-B05::B-B05::N-A10::N-A12::	5
chr7	49291200	49572200	chr7_49291200	12	281000	6.72570634223115e-05	13	6.29317797128398e-06	8	0.36496606275924	::B-A03::B-A08::N-A03::B-2-26::N-A05::N-A07::B-A05::N-3-1::B-3-1::B-B02::N-B02::N-A11::	10
chr7	80483600	80764600	chr7_80483600	9	281000	0.0493270834552639	10	0.00600013335329457	6	13.8130498679282	::N-B11::N-A10::B-B11::B3-2::B3-c-14::N3-2::N-2-15::B-2-15::N-A07::	4
chr7	89964500	90245500	chr7_89964500	15	281000	4.43406084996093e-08	18	1.62999635870873e-11	15	4.43406084996093e-08	::B-B04::B-B09::N3-11::B3-11::B-2-23::B3-c-9::B3-7::B-A02::N-2-21::B-2-21::N-A01::B3-13::N3-13::B-1-10::N3-6::	11
chr7	101925200	102206200	chr7_101925200	10	281000	0.00600013335329457	12	6.72570634223115e-05	9	0.0493270834552639	::N-1-10::N-B02::B-B07::N-B07::B-1-7::B-A05::B-1-10::B-B05::N3-c-9::B3-c-9::	7
chr7	121641800	121922800	chr7_121641800	23	281000	1.07500516367259e-17	24	5.44847262877201e-19	4	280.065687886015	::N3-5::B3-c-32::N-2-21::N-A10::N-B04::N-3-1::N-A11::N-2-15::N3-16::N-2-14::N-B05::N-A02::N-B07::N-B09::N-A12::N-1-7::N-A07::N-A04::N-B10::N3-19::N3-c-10::N-2-23::N3-2::	23
chr7	136389300	136670300	chr7_136389300	53	281000	2.31870053837732e-62	53	2.31870053837732e-62	1	3734.60566650219	::N3-c-10::N-A02::N-2-12::N-A05::N-B11::N-A08::N-2-9::N-2-14::N3-13::N-2-26::N-B07::N-2-17::N-B04::N3-17::N-2-27::N-2-25::N-B09::N3-6::N-B05::N-A11::N3-5::N-B02::N-2-23::N-B03::N-A10::N-3-4::N3-19::N-A07::N-3-1::N-A01::N3-11::N-1-2::N-2-15::N3-16::N-1-6::N-2-21::N-A12::N3-c-32::N-A03::N-A04::N-1-10::N3-c-28::N-1-4::N3-2::N-1-7::N-B10::N3-3::N-B08::N3-7::N3-c-9::N3-12::N3-c-14::N3-15::	53
chr8	80714200	80995200	chr8_80714200	10	281000	0.00600013335329457	11	0.000663504209332288	8	0.36496606275924	::N3-12::B3-7::B-A05::B-B04::N3-15::B3-15::N3-13::B3-13::N-A11::B-A11::	2
chr8	90660500	90941500	chr8_90660500	11	281000	0.000663504209332288	11	0.000663504209332288	7	2.40030817664133	::N-1-7::N3-6::B3-6::B3-7::N-A11::B-A11::B-2-27::N-2-27::N-3-1::B-3-1::B3-5::	3
chr8	109676000	109957000	chr8_109676000	15	281000	4.43406084996093e-08	15	4.43406084996093e-08	10	0.00600013335329457	::B-A10::N-B10::B-1-4::B-1-6::N-1-6::B3-19::N3-19::N3-11::B-1-7::N-1-7::B-B07::N-B07::B-2-17::N-1-9::B3-c-14::	11
chr8	111540800	111821800	chr8_111540800	10	281000	0.00600013335329457	10	0.00600013335329457	8	0.36496606275924	::N-1-10::B3-13::N3-16::B3-16::B-B03::B-A07::B3-5::B-A11::N-A11::N-A02::	7
chr8	117180700	117461700	chr8_117180700	15	281000	4.43406084996093e-08	17	2.41203538372321e-10	13	6.29317797128398e-06	::N3-12::N-A05::B-A05::B-1-2::N-1-2::N-A10::N3-16::B3-16::N-B10::N-B04::B-B04::B-1-10::B3-5::N-A02::N-B08::	7
chr9	3005600	3286600	chr9_3005600	9	281000	0.0493270834552639	10	0.00600013335329457	4	280.065687886015	::N3-6::N-B05::N3-5::N-A07::N-A08::N-1-10::N-A12::N-2-21::N-1-4::	5
chr9	21407900	21688900	chr9_21407900	11	281000	0.000663504209332288	11	0.000663504209332288	7	2.40030817664133	::N3-c-10::B-B08::N-B08::B-1-2::N-1-2::N3-5::N-2-9::B-2-9::N-A08::N-1-6::B-1-6::	5
chr9	44761800	45042800	chr9_44761800	10	281000	0.00600013335329457	10	0.00600013335329457	8	0.36496606275924	::B-A08::B3-7::N-A08::N-1-7::N3-17::N3-6::B3-6::N3-12::B-A05::N-A05::	7
chr9	56126200	56407200	chr9_56126200	10	281000	0.00600013335329457	10	0.00600013335329457	8	0.36496606275924	::N-A02::B-A02::N3-11::B3-11::N-A08::B-A08::B-A10::B3-c-14::N-B03::N3-c-28::	1
chr9	57522500	57803500	chr9_57522500	9	281000	0.0493270834552639	10	0.00600013335329457	8	0.36496606275924	::N-1-7::B-1-10::N3-17::B3-c-10::N-B07::B-B07::B-A07::N-A07::N-2-14::	6
chr9	62788000	63069000	chr9_62788000	9	281000	0.0493270834552639	9	0.0493270834552639	7	2.40030817664133	::N-B02::N-2-26::B-2-26::N3-16::B3-16::B-A05::N-A10::N-1-6::N3-15::	3
chr9	70455800	70736800	chr9_70455800	14	281000	5.46786071358679e-07	14	5.46786071358679e-07	10	0.00600013335329457	::B-A07::N-A07::N3-c-9::B3-c-9::N-3-1::B3-7::N-2-21::B3-5::B-1-10::N-1-4::B-2-25::N-2-25::N3-17::B3-17::	8
chr9	71881400	72162400	chr9_71881400	16	281000	3.37098741360273e-09	17	2.41203538372321e-10	13	6.29317797128398e-06	::N-B11::B-B08::B-A05::B-A12::N-A12::N3-c-32::B3-5::N-A07::N-1-4::B-2-25::B-2-17::N-A05::N-1-6::B3-c-10::B-B04::N-B04::	11
chr9	72493300	72774300	chr9_72493300	10	281000	0.00600013335329457	10	0.00600013335329457	10	0.00600013335329457	::N3-c-9::B-A05::N-B03::N-B10::N3-11::N-B02::B3-5::B3-3::N-A08::B3-c-10::	5
chr9	100489000	100770000	chr9_100489000	9	281000	0.0493270834552639	9	0.0493270834552639	9	0.0493270834552639	::N3-6::N-A07::B-A07::N3-5::B-2-25::B-A04::B3-c-9::B3-5::N-A08::	4
chr9	107740700	108021700	chr9_107740700	11	281000	0.000663504209332288	11	0.000663504209332288	8	0.36496606275924	::N-2-25::N-B02::B-B02::N3-c-10::B-1-4::N3-7::N-A12::B-A12::N3-c-14::B-A11::N-A11::	6
chr9	108153100	108434100	chr9_108153100	11	281000	0.000663504209332288	12	6.72570634223115e-05	10	0.00600013335329457	::N-A08::B-A04::B3-5::N3-13::B3-13::N-B09::B3-3::N3-3::N3-5::N3-c-14::N-2-21::	9
chrX	18139400	18420400	chrX_18139400	23	281000	1.07500516367259e-17	25	2.65100306399071e-20	19	1.04353855215066e-12	::N3-3::N-1-6::N-B09::N-B10::B-1-2::N-1-2::B-1-6::B3-7::N3-7::N3-c-9::B3-c-9::B-A02::N-2-15::N3-c-14::N-2-17::B-2-17::B3-12::N3-17::B3-17::B3-3::N3-12::B-A11::N-A02::	9
chrX	105789200	106070200	chrX_105789200	10	281000	0.00600013335329457	11	0.000663504209332288	8	0.36496606275924	::B-2-27::N-B04::B-B04::B-A05::B-2-15::B-2-26::N-2-26::N-B11::B-B03::N-B03::	7
chrX	143483000	143764000	chrX_143483000	11	281000	0.000663504209332288	12	6.72570634223115e-05	2	2271.38221554344	::N-3-1::N-2-15::N-B02::N3-11::N3-c-10::N3-12::N-2-23::N3-6::N-A10::N-A08::N-B11::	9
chrX	151774300	152055300	chrX_151774300	11	281000	0.000663504209332288	11	0.000663504209332288	8	0.36496606275924	::B-2-21::N3-7::N-B02::B-A08::N-A08::N-A12::B-A02::N-A02::N-B10::B-B10::B-B03::	5
