chr10	7609100	7842100	chr10_7609100	34	233000	0.017497964524623	46	9.92939657011543e-09	40	2.0590992208127e-05	::N-A10::N3-13::B-A08::N-A07::B3-16::B-A03::B3-2::B-2-27::B-2-15::B-A12::N-A12::B-B10::N-3-1::B3-6::B-B02::B-2-9::N-B03::N-B08::B-1-2::B-2-25::N-1-7::N3-7::N-2-15::B3-13::B-B07::B3-3::N3-17::B-2-17::N-A04::N-2-21::B3-7::N-A01::B-2-14::N-B05::	30
chr10	20136600	20369600	chr10_20136600	37	233000	0.0006768623631501	42	1.7716075783218e-06	36	0.00205750258169771	::N-B04::N-2-15::N-B11::B3-11::N-A11::B3-7::B-2-25::B-B02::N-2-17::B3-17::N3-6::B-2-26::B3-6::B-1-2::N-1-2::B3-12::N-3-1::N-A03::B-2-21::B-2-15::N-B09::N3-19::B-B09::B-1-7::B-A01::N-2-21::N-A02::N-1-6::N-B02::N-2-26::N-2-25::N-B10::N-A01::B3-c-28::N3-13::B-A10::N3-3::	31
chr10	67036100	67269100	chr10_67036100	41	233000	6.11301017487968e-06	60	1.02891977807122e-17	55	2.52387096842356e-14	::B-A08::B-B09::N-A02::N-A08::B-A10::N-B08::B3-15::B-1-6::N3-11::B-B11::N-2-15::N3-15::N-2-17::B-3-1::N-3-1::B-2-17::B-B03::B3-19::B3-6::N-1-10::N3-13::N-A07::N-B11::N-A11::B-1-2::B-A03::N-1-2::B3-7::N-B07::B-B07::B-2-25::B3-3::B-2-15::B3-12::B3-11::B-A02::N-A01::N3-6::B-B10::B3-c-14::B-A12::	29
chr10	108167700	108400700	chr10_108167700	44	233000	1.38729812577056e-07	68	1.66338227293424e-23	50	3.94334233343715e-11	::N-A01::N-2-15::N-2-14::N-B04::N-B03::N-A04::N-B09::B-A03::N-A08::N-A03::N-1-2::B3-3::B-B11::B3-7::B-2-25::B3-6::B-B10::N-B10::B-3-4::B-A07::N3-5::B-A10::B-2-17::N-1-6::B-1-6::N-B08::B-A08::N-B05::B3-c-28::B-2-15::B3-13::B3-17::B-B09::N-A05::N-B02::B-B04::N3-11::B-2-9::B3-16::N-3-1::B-3-1::N-A12::B-A12::N-2-21::	29
chr10	116394600	116627600	chr10_116394600	34	233000	0.017497964524623	53	5.0594137318309e-13	44	1.38729812577056e-07	::B-2-17::B-B10::N-A01::N-1-9::N-A12::B-3-4::N-B03::B-B02::B-A10::B-2-9::B-1-6::N-B05::B-B05::B-A01::N-A02::B-A02::B-B07::B-A05::B3-7::N3-7::N-B02::N3-6::N-2-15::N3-16::B-1-7::B3-6::N-1-6::B-A12::N-2-21::N-3-1::B3-16::B3-11::B-2-21::B3-13::	32
chr10	122968900	123201900	chr10_122968900	36	233000	0.00205750258169771	44	1.38729812577056e-07	37	0.0006768623631501	::B-3-4::B-B11::N-B02::N-3-1::B-A07::B-A01::B3-6::N-2-12::B-2-12::B-1-4::B-1-2::N-B03::B-B03::N3-3::N3-11::B3-11::B-2-17::N-2-17::B-A05::B3-2::N-A07::B-B02::N3-c-28::N3-16::B3-16::N-A02::B-A11::B-A04::B3-5::B3-13::B-B09::N-B09::B3-15::N-B04::N-A05::B-A08::	25
chr10	127974100	128207100	chr10_127974100	33	233000	0.0488770231782934	46	9.92939657011543e-09	40	2.0590992208127e-05	::B-2-25::B-B03::B-2-15::N-1-6::N-A05::B-A10::N-A10::B3-3::B-1-2::B-1-10::N-B05::B3-c-9::N-1-2::B-B09::B-B05::B-1-6::B-A08::N-A01::B-2-21::N-B04::B3-11::N-2-21::B-B11::B-B02::N3-13::N-2-25::B-B07::N-B07::B3-c-28::B-A05::B-2-14::N-B08::B-B08::	24
chr10	128275600	128508600	chr10_128275600	35	233000	0.00608528872098042	43	5.01488265095604e-07	38	0.000216809581121952	::B-2-15::B3-6::B3-7::N-1-6::B3-13::B-B02::B-1-2::N-1-2::B-B10::B-B11::N-B11::B-A08::B3-15::B-A02::N-B05::N3-6::B-2-14::N3-16::N-1-10::B-3-4::B-B07::N-2-21::B-B04::N-2-23::N-2-9::N-A05::N-B02::N-A12::B-A12::N-2-25::N-2-14::B-3-1::B3-17::N-A11::B-A03::	20
chr11	3100500	3333500	chr11_3100500	41	233000	6.11301017487968e-06	66	5.11507942856517e-22	51	9.41143844586278e-12	::N-2-23::N-2-26::N-B05::N-A10::N-2-25::B-A02::N-A11::N3-13::B-2-14::N-2-15::N3-19::B3-19::B-B07::N-A03::N-A02::B3-c-9::B3-5::B-B09::B3-12::N-3-1::B-2-15::B-A03::N-A12::N-A05::B-2-17::B-B10::B3-2::B-2-27::B-A10::N3-17::B-2-23::B-A08::N-A08::N-B04::B3-13::B-1-6::B-1-7::B-2-9::B-1-2::B3-3::B-A04::	29
chr11	4381600	4614600	chr11_4381600	33	233000	0.0488770231782934	51	9.41143844586278e-12	43	5.01488265095604e-07	::B3-3::B-B05::N3-13::B-2-25::B-2-26::B3-6::N-1-6::B-2-9::B-B10::N-B10::N3-17::B-2-15::N-A02::B3-7::B-1-4::B-2-12::N-2-9::B-A08::B-A04::B-B09::B-1-7::N-1-7::B-2-17::B-2-23::N-2-23::N-1-2::B-A10::N3-19::N-B05::B3-19::N-A04::N-1-10::B-3-4::	33
chr11	20027800	20260800	chr11_20027800	38	233000	0.000216809581121952	52	2.20299932268566e-12	48	6.52089433985806e-10	::N-A03::N3-16::B-A05::B-B10::B3-12::B-A08::B-B02::N-B02::B-2-17::B3-19::B3-7::N3-13::N-2-17::B3-2::B-3-4::B-2-14::B-B05::B-1-6::B3-5::N-A01::B-1-7::B-2-15::B3-6::B-A01::B-2-21::N-1-6::N-B05::B3-c-9::N-1-4::N3-2::B3-c-28::N-2-14::B-1-4::N-1-7::N3-c-9::N-A02::N3-6::B3-17::	31
chr11	21066700	21299700	chr11_21066700	33	233000	0.0488770231782934	39	6.76667883959702e-05	36	0.00205750258169771	::N-B03::B-2-15::B3-c-9::N-A02::B-A02::B-1-10::B3-11::B3-5::B3-12::N-2-23::N-A08::B-B10::N-B10::N3-11::N-3-4::N-A05::B3-17::B-2-25::N-2-27::B-A08::B-2-26::N-1-4::B-2-21::B-B02::B-2-27::B3-3::N-2-25::B3-c-28::N-2-15::B3-19::B-B04::B-B03::N-2-21::	22
chr11	23253200	23486200	chr11_23253200	51	233000	9.41143844586278e-12	80	6.09624854065073e-33	67	9.29264358653406e-23	::B-2-15::B-A01::N-A01::N-2-23::B3-c-32::B3-c-28::N-B08::B3-2::N3-17::B3-7::B-B09::B-2-14::N-A12::N-3-1::N3-6::N-B02::B3-19::B-B07::N3-19::B-3-1::N-1-7::N-A03::B3-6::B3-17::N3-16::B3-c-14::N3-c-14::N-2-17::B-1-2::B3-c-10::B-B04::N3-c-9::N-A08::B-1-6::N-1-2::N3-15::N3-3::B-2-26::B3-12::N-1-6::N-B05::B-2-23::B-A07::B3-c-9::B-1-7::N-A11::N-2-14::N-B10::N-2-21::B-A05::N-B09::	49
chr11	29648200	29881200	chr11_29648200	33	233000	0.0488770231782934	40	2.0590992208127e-05	34	0.017497964524623	::N-A04::N-A11::B3-19::N-2-17::B-2-21::B3-15::N-1-6::B-2-12::N-A10::B-A08::N-A08::N-B02::N-2-27::B3-2::B-A07::B-B02::B-2-14::N-2-14::B-2-23::B-2-27::N-3-1::B-A02::N-B04::B-1-2::B-3-4::B-B04::B-2-9::B3-c-10::N-B08::B-A12::B3-11::B-B07::B-1-4::	22
chr11	53252200	53485200	chr11_53252200	35	233000	0.00608528872098042	42	1.7716075783218e-06	39	6.76667883959702e-05	::N-2-27::N-A12::B-B02::B-A10::N-B02::N3-16::B-1-10::B3-7::N-2-26::B-2-23::B-A08::B-B05::N-2-15::N-B04::B-B04::N-2-23::N-2-14::B-B03::B3-5::N-A08::B-A04::B-2-14::N-A11::B3-11::B3-19::B3-13::B-2-15::B-B10::B-A03::B-3-4::N3-13::N-B08::B-A07::N3-6::B3-2::	16
chr11	54424200	54657200	chr11_54424200	36	233000	0.00205750258169771	49	1.61984248107437e-10	41	6.11301017487968e-06	::N3-11::B3-11::N-B05::N-A03::B-B05::N3-19::B-2-23::B3-3::B-A10::B3-19::N3-16::N-2-15::N-2-14::N-2-27::B-A03::N-B04::B-3-1::B-1-2::N-A08::B-A05::B-A08::B-2-15::B3-c-28::N-A02::B-A11::N-A11::B-A12::B-B03::B-A01::B-2-17::N-1-6::B-B10::B3-6::B-1-6::B3-17::B-B04::	29
chr11	59622200	59855200	chr11_59622200	39	233000	6.76667883959702e-05	50	3.94334233343715e-11	44	1.38729812577056e-07	::N3-13::B-A07::B-A04::B-2-15::B-2-14::B3-c-14::N3-c-14::N-A08::B3-3::N3-16::B-B02::N3-12::N-B05::B-2-21::B-A12::B3-19::N-2-15::B-3-4::B-1-6::N3-3::B-B11::B-2-23::B-2-27::N-A11::B-A11::B-B08::B-B03::N-2-21::B-1-10::B-2-25::N-2-25::N3-c-9::B-B07::B-A08::N-2-23::B-B09::B-1-7::N-3-1::N-B03::	31
chr11	60098300	60331300	chr11_60098300	33	233000	0.0488770231782934	45	3.75248519008307e-08	38	0.000216809581121952	::B-2-23::B-A11::N-B08::N-2-15::B-2-15::N-A12::B-2-25::N-1-2::B3-3::B3-5::B-2-9::B3-12::B-2-27::N-A02::B-A02::B3-17::B-B02::B-A10::B-1-2::B3-2::B-A07::B-B03::N-B09::B-B11::N3-13::N-A10::N3-19::N-2-21::N-B03::N3-2::N3-16::N-B02::N-B11::	24
chr11	62268100	62501100	chr11_62268100	43	233000	5.01488265095604e-07	67	9.29264358653406e-23	59	5.0719044664366e-17	::N-B09::B-1-7::B-A08::B-A03::N-A03::N-1-7::N-A05::B-A05::N3-19::N3-c-28::B-2-21::N-2-21::B3-3::B-A02::N3-c-14::B3-c-14::N-A01::B3-7::B-1-2::B-B02::B-B10::B3-c-28::B-2-14::N-B10::B3-17::N-B04::B3-c-9::N-2-23::B-A10::B-2-15::B-B05::N-1-2::B-2-27::B3-12::N3-17::N-2-27::N-3-1::N-1-6::B-2-23::N-A02::N-A08::B3-19::B-3-4::	32
chr11	65552800	65785800	chr11_65552800	35	233000	0.00608528872098042	44	1.38729812577056e-07	40	2.0590992208127e-05	::N-B05::N-A03::B-B07::B-1-7::N-A08::B3-11::N3-11::N-B04::B-1-4::B-2-14::B-A10::B-B10::N3-7::N-2-23::B-1-6::B3-5::N-A07::B-A07::N-2-15::B3-2::N3-2::B-2-15::B3-6::B3-17::B-B11::N-2-27::B-1-2::B-A08::B3-3::B-2-23::N-B10::B-A02::N3-c-10::B3-12::B-A11::	23
chr11	72533300	72766300	chr11_72533300	36	233000	0.00205750258169771	52	2.20299932268566e-12	49	1.61984248107437e-10	::B-A02::B-B05::B-B07::N-A12::B-2-21::N-B08::N-3-1::N3-16::N-2-15::B-3-4::N-A01::N-3-4::B3-c-28::B-B10::B3-13::N-1-2::N3-19::N-A04::B-A04::B-2-15::B-A05::B-1-6::B-A10::B-1-7::B-B02::N3-11::B3-11::N-A02::B-2-12::N-2-12::N-B05::N-B04::B-2-23::B3-5::N-2-27::B-2-27::	24
chr11	74491900	74724900	chr11_74491900	34	233000	0.017497964524623	44	1.38729812577056e-07	34	0.017497964524623	::N-1-2::B-1-2::B3-6::B-3-1::N-2-15::N3-c-14::N3-7::B-B05::N3-11::B-2-26::B-B10::N3-3::B-B02::B-1-10::B-A04::N-2-23::B3-13::N-B05::B-A01::B-3-4::B-B04::N-B04::N-3-1::N3-13::B-2-25::N-B07::N-1-4::B-B07::N-B11::N-2-14::N-B02::B-2-14::N-A01::B-2-15::	17
chr11	75590700	75823700	chr11_75590700	37	233000	0.0006768623631501	51	9.41143844586278e-12	47	2.57150101163265e-09	::B-3-1::B-1-2::N3-17::B-B02::B-B10::N3-13::N-1-2::N3-3::N-2-27::B-A02::B-1-6::N-B10::B-A11::B-A01::N3-11::N-B04::N3-19::B-B05::B3-12::B3-c-32::N-A01::B3-6::B3-13::B-2-15::B-2-27::N-A08::B3-11::B-2-23::B3-3::B3-c-28::N-B11::B-B11::N-B08::B3-2::N-A10::B-3-4::N-2-23::	20
chr11	77511200	77744200	chr11_77511200	46	233000	9.92939657011543e-09	72	1.47877090559133e-26	59	5.0719044664366e-17	::B3-c-9::N3-16::N-2-25::B-2-15::N3-19::B3-3::N3-c-28::B-B10::N-2-15::B-B02::N-B07::B3-c-28::N-B03::B-2-23::B3-17::N3-17::N-A05::N-2-12::B-2-12::N-A02::B-2-14::N-1-2::B-A01::N-A11::B-A11::N3-3::B-B11::N-1-7::N-2-17::B-2-25::N-B08::N3-13::N-1-6::B3-11::B-3-4::N-3-4::B3-6::N-A04::N-2-14::B3-5::B3-c-10::N3-c-10::B-B03::B-A02::B-3-1::N-3-1::	42
chr11	79308400	79541400	chr11_79308400	42	233000	1.7716075783218e-06	129	1.33586920390474e-78	101	2.87118437643327e-51	::N-B08::N-2-15::N3-13::B3-c-9::N3-c-9::B-1-2::B-A11::N-A11::B-B03::N-2-23::B3-3::B3-19::B-B11::B-A08::N-A02::B-A02::N3-19::N-A01::B-2-23::N-1-7::B-1-7::N-2-25::N-B10::N3-c-28::N3-3::N-A05::B-3-4::B-1-6::B-A10::B3-13::B-A05::N-B07::B-2-27::B-B02::B3-15::B-B05::N3-15::B-B09::B3-c-10::N-B05::B-2-25::B-B10::	57
chr11	86575100	86808100	chr11_86575100	46	233000	9.92939657011543e-09	72	1.47877090559133e-26	63	7.78761628783914e-20	::N-B10::N-B05::B-1-2::N-1-2::B-1-6::B3-15::B3-17::B-A08::B-A10::B-2-23::N-A11::B-3-4::B-2-14::B3-7::B-2-15::N-B04::N3-13::B-B02::N-2-17::B-B11::N-2-15::B-B03::B-2-25::B-2-12::B-2-21::N3-16::B-B10::B3-6::N-B03::N-1-7::B3-3::N-B11::N3-3::N-3-4::N-1-6::B-1-7::N-A02::B-A04::N-A04::N-2-23::N-2-26::B-2-26::B-B05::B3-c-9::N-B09::B3-19::	38
chr11	88439800	88672800	chr11_88439800	33	233000	0.0488770231782934	40	2.0590992208127e-05	33	0.0488770231782934	::B-1-6::B3-6::N-2-15::B-B09::B3-2::B3-17::B3-13::N3-13::B-A11::N-A11::B-B04::B-2-15::B3-11::B3-3::N-B10::N-B05::N-3-4::B-1-2::B-A03::B-A08::B-A10::N-A03::N-A08::N-2-25::B-2-25::N-1-2::B-2-14::B-B11::B3-7::B-B07::B-A02::B3-c-10::B-A01::	21
chr11	93838400	94071400	chr11_93838400	38	233000	0.000216809581121952	71	8.74725309485034e-26	65	2.77354116697076e-21	::N3-c-14::B-2-21::B-B03::B-2-27::N3-13::B-A01::N-A02::N3-19::B3-17::B-A05::N-B10::N-2-15::B-B10::B-B11::B-2-17::N-A12::B3-6::N3-5::N-2-25::B-A12::B-1-2::N3-16::N-A01::B-B02::B-A02::N-B05::N3-11::N-2-21::B3-19::B-A03::N-1-10::B-A07::N-B04::N3-c-28::N-A11::B-3-1::N-B09::B-B09::	39
chr11	95249600	95482600	chr11_95249600	38	233000	0.000216809581121952	47	2.57150101163265e-09	37	0.0006768623631501	::B-A12::B-2-17::B-1-7::B-B07::N3-2::N3-13::N-2-21::B-2-21::B-A02::N-A02::N-A11::B-2-14::N-B08::B3-6::B-3-4::N-3-4::B-B02::B3-19::N-B03::B-2-26::N-2-26::N3-16::N-2-25::B-2-25::N-B09::B-1-2::N-A04::B-A04::B-B05::N-1-6::N-B02::B-2-9::B3-12::B-2-23::B-2-12::B-A07::B-A01::N-A01::	25
chr11	97215000	97448000	chr11_97215000	37	233000	0.0006768623631501	50	3.94334233343715e-11	46	9.92939657011543e-09	::B-B02::N3-13::B3-12::N-1-10::B-2-17::B3-3::B-A07::B-B03::B-B07::N-2-21::N-A08::B3-11::B-B10::B-2-15::B-A05::B3-17::N3-17::N3-3::B3-13::B-1-6::N-A12::B-A12::B-A03::N-2-15::B-1-7::B3-19::B3-2::N-A05::B-B11::N-1-2::N-B05::N-B08::B-2-9::N-2-25::B-2-25::N-B03::N-2-27::	24
chr11	98081300	98314300	chr11_98081300	34	233000	0.017497964524623	43	5.01488265095604e-07	37	0.0006768623631501	::N3-3::B-B10::N-B08::N3-2::N3-6::B-B11::N-2-27::N3-13::B-B05::B3-3::N-3-1::B-3-1::B-A05::B-3-4::B-2-25::B-2-21::B3-c-9::N-1-10::B-1-10::B-A07::N-A11::B-A12::B-B02::N3-16::B-B09::B3-c-14::N-2-17::N3-17::N-1-6::N-B05::B-2-14::B-A08::N-A03::B3-17::	20
chr11	104353300	104586300	chr11_104353300	45	233000	3.75248519008307e-08	81	9.16092540637461e-34	68	1.66338227293424e-23	::B3-6::N-B10::N-1-6::B-2-12::B-B05::N-2-15::B-2-15::B-2-14::B-3-1::B3-3::B-3-4::N-B07::B-B09::B-1-6::N-2-12::B-B04::B3-7::N3-c-14::N-B05::N3-7::B-2-25::B3-12::B-A12::B-B11::N-2-25::N-1-7::N3-13::B3-13::N-2-14::B-B03::B3-c-14::N-1-2::N-3-4::B-1-4::N-A02::N-A08::N3-3::B3-15::B-A08::B-B07::B3-19::N-A05::B3-11::N-2-27::B-2-27::	39
chr11	106027600	106260600	chr11_106027600	37	233000	0.0006768623631501	50	3.94334233343715e-11	45	3.75248519008307e-08	::N3-11::N-A02::B-A02::N-1-2::B-B07::B3-7::B3-17::B-1-7::B-3-4::B3-3::B3-19::B-A04::N-B11::N-3-1::N3-17::B3-11::B-2-15::N-A05::B3-6::B3-2::N3-13::B3-c-28::N3-16::N-2-23::N3-6::N-1-10::B-1-6::B-2-12::N-2-26::B-2-26::N-A08::B-A08::B-A03::N-3-4::B-2-21::B-B02::N-2-27::	23
chr11	106388400	106621400	chr11_106388400	37	233000	0.0006768623631501	44	1.38729812577056e-07	38	0.000216809581121952	::N3-6::B-3-4::N-B08::N-2-15::N-B05::B3-6::N-B04::B-B04::N3-15::N3-3::B-B07::N-A10::N-1-7::N-B10::B-B05::N3-11::B3-2::N3-2::N-3-1::B-2-25::B3-3::B-2-15::B-2-21::N-2-17::B3-19::B-2-27::N3-19::B3-17::B-A04::B-A02::B3-12::B3-5::N-A05::B-A05::N-1-2::B-A08::N-A12::	20
chr11	106772200	107005200	chr11_106772200	39	233000	6.76667883959702e-05	54	1.14042869532538e-13	47	2.57150101163265e-09	::B3-c-28::N3-2::N-B07::N-A05::B-2-27::N3-6::B3-6::N-2-25::N-3-4::B3-c-9::B-2-21::B-A05::N-B04::B-B03::N-2-26::B-2-26::N-3-1::B-A12::B-1-6::B-B11::B-2-14::B-2-23::N-B05::B-B04::N3-19::B-A01::N3-13::B-B02::N-A10::N3-c-10::N-B03::B3-c-10::B3-3::B3-17::N3-17::N-1-6::B3-7::B3-11::N3-11::	28
chr12	3240100	3473100	chr12_3240100	33	233000	0.0488770231782934	51	9.41143844586278e-12	42	1.7716075783218e-06	::N3-13::B-1-2::N-1-2::B-2-15::B3-5::B-2-12::B3-3::B3-c-9::B-B02::B-A02::N-B08::B-2-14::N-B04::B-3-1::N-3-1::B3-19::B-1-4::B-2-23::B3-6::B-2-17::B-1-6::N-B10::N-A08::B-A08::B-B10::B-B03::N-2-12::N-2-26::B-A04::B-A12::N-A04::B-A03::N-B09::	24
chr12	51622300	51855300	chr12_51622300	43	233000	5.01488265095604e-07	62	4.03072707986905e-19	56	5.48581076235518e-15	::B-2-15::B-A12::B-2-14::B-B02::B-1-6::B-B09::B3-12::N-2-15::N3-12::B3-19::B-1-2::B3-15::B-A07::B3-6::B-2-21::B3-16::B-A02::N3-3::N-A11::N-2-14::B3-11::N-3-1::B-2-9::N-1-7::B3-c-10::B-3-4::N-B11::B-A03::B-1-10::N-1-10::N-B07::N3-6::B-2-25::N3-16::N3-c-10::N-2-27::B-B10::N-2-21::N-1-6::N-1-2::B3-3::N3-13::N-A10::	36
chr12	75368200	75601200	chr12_75368200	34	233000	0.017497964524623	44	1.38729812577056e-07	40	2.0590992208127e-05	::B-2-21::B3-11::B-B04::N3-19::B-2-14::N-A01::B-A12::B-2-23::B-1-6::N-A12::N-B10::B-B10::B-A07::N3-16::B-1-7::B-2-15::B-2-26::N-A04::N-2-17::B3-7::B3-13::N-2-21::N-3-1::B3-3::N-2-23::N-1-7::N-A07::N3-11::B3-2::N-2-12::B-2-9::N-2-15::B-A08::B-B02::	18
chr12	80620200	80853200	chr12_80620200	35	233000	0.00608528872098042	45	3.75248519008307e-08	37	0.0006768623631501	::N-B08::N-2-25::B-2-25::B-B07::B-A08::B3-7::N3-c-9::N-3-4::N-A02::N-A01::B3-5::B-B02::N-2-14::B-2-14::B-A01::B-3-1::N-A10::B-A10::N3-19::B-2-27::N-1-2::N-A11::B3-3::B3-6::B3-11::B-A11::B-2-12::B-B05::N-1-10::B-1-2::B-2-21::B-1-6::N-2-26::B-2-26::N-A05::	14
chr13	9101000	9334000	chr13_9101000	33	233000	0.0488770231782934	40	2.0590992208127e-05	33	0.0488770231782934	::B-A03::B-2-23::N3-19::B3-19::N-2-15::N3-16::B3-16::N-A03::B-A08::B-A10::N-2-21::B-2-21::N-2-25::N-2-17::N-A01::N-2-27::B3-17::N-1-6::N-1-10::B-1-6::N-B09::B-B09::N-2-12::N-3-4::B3-7::N-2-14::N3-12::B3-6::B-B02::B-A07::N-A08::B-3-1::N-3-1::	16
chr13	13968100	14201100	chr13_13968100	37	233000	0.0006768623631501	52	2.20299932268566e-12	48	6.52089433985806e-10	::B-2-25::B-B09::B-B10::B-A08::B-1-2::N3-16::B-A01::B-1-6::N-A12::N3-17::B-A07::B3-7::B3-c-9::B-B02::N-B02::B3-2::N-B11::N3-3::B-2-15::N3-12::B3-12::N-B04::N-2-15::B-A12::B-2-23::N-A01::B-A10::B3-13::B3-5::N-B10::B-2-26::B-B11::B-2-14::B-B04::B-A02::B-3-4::N3-13::	18
chr13	17692400	17925400	chr13_17692400	43	233000	5.01488265095604e-07	58	2.45844997253333e-16	49	1.61984248107437e-10	::B-2-21::B3-6::B-1-6::N3-3::B3-12::B-A10::B-2-12::B-1-2::N-A11::B3-13::N3-c-32::N-A08::B-B02::N3-19::B3-19::B-B09::B3-2::B-3-4::N-3-4::N-B09::B-2-15::B-A07::B3-7::N-1-7::B-A02::B-1-7::N-A05::B-A05::B-3-1::N-3-1::N-A01::B-B11::N-B10::N-B11::N-B08::B-B08::B3-17::B-B05::B3-11::B-2-27::N-2-27::B-B10::N-2-15::	32
chr13	43285400	43518400	chr13_43285400	38	233000	0.000216809581121952	55	2.52387096842356e-14	43	5.01488265095604e-07	::B-A10::B-B10::N3-6::B-A05::N-A02::N-2-9::B-B04::N3-19::B-A03::B-2-14::N-2-14::B3-c-9::B3-7::N-B10::B3-19::B-1-6::N-B09::B-2-27::N-2-27::B-A12::N-A12::B-2-17::N-A11::B3-17::B-B02::B-B03::B3-6::N3-13::N-B07::B3-11::N3-11::N-A03::N-A08::B-A04::B-3-1::N3-16::B-B09::B-1-10::	30
chr13	44770500	45003500	chr13_44770500	36	233000	0.00205750258169771	59	5.0719044664366e-17	52	2.20299932268566e-12	::B-A04::B-A07::B-2-15::N-B02::B-3-4::B-B02::N3-13::B-A12::N-A12::B3-6::B-B07::N-A07::N-2-15::B-1-6::N-B04::B-B05::B-1-2::N-A01::N3-6::B-2-25::B3-12::N-2-25::B-B04::N-B07::B-B03::B-A02::B3-17::B3-13::N3-16::B-3-1::B3-19::B-1-4::B-2-26::B3-c-28::N-2-12::B-2-12::	21
chr13	46660200	46893200	chr13_46660200	33	233000	0.0488770231782934	42	1.7716075783218e-06	39	6.76667883959702e-05	::B-B09::B3-c-28::B-B10::N-B10::B-1-6::B-B07::N3-6::B-3-4::N-3-4::B-2-21::B3-16::B-B11::B3-5::B-A08::B3-6::B-1-7::N-B08::B-A10::B-2-25::B3-3::B-B02::N-A11::N-B07::N-B09::N3-19::B-A04::B-A07::B-2-27::N-A03::B3-7::B-1-2::N-2-15::N3-13::	26
chr13	63140400	63373400	chr13_63140400	33	233000	0.0488770231782934	38	0.000216809581121952	33	0.0488770231782934	::N-A07::B-2-26::N-B05::B-A03::N-A11::B-A11::N-B08::B-A01::B-3-4::B3-12::B-2-15::B3-7::B-2-12::N-2-12::B-A12::N3-13::B-B02::B-A08::B3-6::B-1-10::N-3-1::B-2-9::B-2-27::N-B02::B-B04::B-A07::B3-3::N3-3::N-A02::B-A02::B-1-2::N-A03::B-3-1::	16
chr13	94461200	94694200	chr13_94461200	43	233000	5.01488265095604e-07	51	9.41143844586278e-12	24	116.635150573387	::B3-c-28::N3-19::B-A07::B-B02::B-B10::B-A02::B3-12::B3-13::B-1-6::B-A08::B-B05::N-B08::N3-11::B3-2::N-B05::N-2-26::N-2-14::N-B04::N-A02::N-2-15::N-2-12::N-2-17::N-B07::N-A11::N-2-27::N-B03::N-1-6::N-B10::N-2-25::N-A12::N-1-2::N-A04::N-3-4::N3-3::N-2-23::N-2-21::N3-16::N3-6::N3-13::N3-2::B-A11::B-A12::N-A01::	35
chr13	98686300	98919300	chr13_98686300	35	233000	0.00608528872098042	59	5.0719044664366e-17	50	3.94334233343715e-11	::N-B02::B-B05::B-2-25::B-B02::B-B11::N-1-2::B3-2::N-2-25::B3-7::B-2-23::B-B10::N-B03::B-B03::B-A07::B-1-6::N-2-15::B-1-2::B-2-15::N-A07::B-2-21::N-1-6::B-B09::N3-6::B-A10::N-2-14::N-B09::B-3-4::N3-15::B3-12::N3-16::B3-19::N-2-23::N3-2::N-B04::B-A01::	21
chr13	103696700	103929700	chr13_103696700	36	233000	0.00205750258169771	52	2.20299932268566e-12	42	1.7716075783218e-06	::B-A05::B-1-2::B-A08::B-A03::B-1-7::B-3-4::N3-c-10::B3-7::N-B11::N-B02::B-B09::B3-5::N-1-10::B-A10::B-B10::B-2-21::N3-c-9::B3-19::N-A02::B-A02::N-2-21::B3-c-9::B-2-14::N-A03::N3-6::B-2-9::N-3-1::B3-17::B-B11::N-B08::B-B08::B3-3::N-B09::N-B04::B3-6::B-3-1::	23
chr13	111611500	111844500	chr13_111611500	36	233000	0.00205750258169771	54	1.14042869532538e-13	32	0.132512542373176	::B3-11::B-2-23::B-A08::B-2-25::N3-5::B-B11::B3-7::N-A04::B-B05::N3-16::B-1-4::B-2-17::N-A02::B-B02::N-2-15::B-2-15::B-A02::N-2-21::B3-3::B-B07::B-3-1::N-3-1::N-3-4::B-B04::B-1-6::B-A12::B-B08::B-A11::B-A10::B-1-7::B3-17::B-1-10::B3-19::B-3-4::B3-2::B-2-21::	15
chr14	19282800	19515800	chr14_19282800	48	233000	6.52089433985806e-10	72	1.47877090559133e-26	30	0.88724846428055	::N3-19::B3-12::B-A08::N-B09::B-B02::N-2-21::B3-6::B-2-14::N-B05::N-A03::N-2-27::N-A01::N3-6::N3-3::N-A02::B-1-6::N-1-10::N-B11::N-A05::N3-11::B-3-4::N-1-7::N3-17::N3-16::B-B04::B3-11::N-2-17::N-B02::B-2-23::N-2-9::B-B11::N-B10::N3-12::B3-3::N-3-4::N-2-23::N-2-25::N-1-2::B-2-15::B3-17::B3-2::N-B04::N3-15::N-A10::N-1-6::N-B08::N-B07::N-A08::	39
chr14	30993100	31226100	chr14_30993100	38	233000	0.000216809581121952	54	1.14042869532538e-13	46	9.92939657011543e-09	::B3-17::B-B09::N-3-1::N-2-21::B-2-21::N3-7::B3-11::N-B04::B3-c-10::N-A01::B-3-1::N-2-17::N-2-15::B-A02::N-B11::B-B11::N-B02::B-B07::N-B07::N-A02::N3-13::N-2-12::B3-13::N-B10::N3-c-10::B-B10::B-A08::B3-6::B3-12::N-2-25::N-2-23::N3-c-28::B3-c-28::N-A11::N3-3::N-A05::N-3-4::B-3-4::	25
chr14	34268200	34501200	chr14_34268200	40	233000	2.0590992208127e-05	55	2.52387096842356e-14	49	1.61984248107437e-10	::B-B10::B-B09::B-2-23::B-2-15::B-2-26::N-A08::B3-19::N-B09::B-1-6::N-1-10::B-2-9::N3-17::B3-17::B3-11::B3-2::B-B02::B-B05::B-2-21::B-A01::N-2-25::N-B08::B-B08::B3-c-28::B-A07::N-1-6::B3-12::N-A05::B3-7::B-2-14::N-2-14::B-2-12::B-A08::B-A11::N-A11::N-B10::N-A02::B-A02::B-1-4::B-3-4::N-B05::	31
chr14	52056300	52289300	chr14_52056300	35	233000	0.00608528872098042	50	3.94334233343715e-11	44	1.38729812577056e-07	::B-A10::N-3-4::N-A08::B-A01::B-2-15::B-B10::B3-17::B-1-7::B-2-14::B-2-25::B3-16::B-A08::N-1-7::B-2-21::B-B02::B-2-12::B-2-27::N-B10::N3-19::N-2-21::B-A07::N-A07::N-2-27::B-B07::B3-12::N-2-15::B-1-10::N-1-10::N3-c-28::B3-c-28::N-1-2::B3-11::N-B09::N-2-26::B-2-26::	23
chr14	73181200	73414200	chr14_73181200	37	233000	0.0006768623631501	65	2.77354116697076e-21	51	9.41143844586278e-12	::N-B09::N-A01::B3-12::N-3-1::B3-11::N-B02::B-B11::B-A08::N-B11::B-A03::N-A03::N-A08::N-A10::B3-15::B3-19::N3-19::B-B02::N-2-17::B-A05::B3-c-14::B3-3::B-A01::B3-c-10::N3-c-10::N-2-27::B-B04::N-B04::B-A11::B3-c-9::B-2-25::N-2-23::B-B07::B-B03::N-A05::N-2-15::B-1-4::B-A02::	49
chr14	79331700	79564700	chr14_79331700	34	233000	0.017497964524623	43	5.01488265095604e-07	35	0.00608528872098042	::N-2-27::B3-17::B3-c-9::B-3-4::B-1-4::B-1-2::B-A07::B-B07::N-B08::B-B10::B3-6::B-A10::N-2-23::N-2-26::B-2-26::N-1-7::B-B09::N-1-6::B3-12::N-A12::B-1-6::N-A02::N3-19::N-3-4::N-3-1::B3-2::B-2-12::N-2-12::B-2-25::B3-5::B-1-7::B-2-15::N-2-15::B-1-10::	21
chr15	8231700	8464700	chr15_8231700	54	233000	1.14042869532538e-13	75	6.58218610621619e-29	69	2.93430111850727e-24	::B3-19::B-B07::N-A08::B-A12::B3-13::N-2-15::B-B10::B-B03::B3-12::N-2-21::B-3-1::B-1-4::B3-c-28::B-3-4::B-B04::N-A12::B-2-14::B-2-15::N-B05::B-2-12::B-1-10::N-1-6::B-A08::N3-c-32::N-2-23::N-B04::N-B08::B3-11::B-2-17::N-2-17::B-B02::N-2-14::B-A07::B-1-7::B3-c-10::B-1-2::B-B08::N-A11::B-2-26::N3-13::N-A07::N3-6::B3-17::B-2-23::B-B11::B-B05::B3-7::B-A11::B-2-25::N-2-25::N3-7::B3-6::N-2-12::B3-2::	51
chr15	12122400	12355400	chr15_12122400	45	233000	3.75248519008307e-08	58	2.45844997253333e-16	51	9.41143844586278e-12	::B-A10::B3-c-32::B3-12::B-B11::N-2-27::N-2-21::B-B08::B-2-21::B3-6::B3-19::N-B02::N-B04::N-B08::N3-19::N-B09::N-A10::B3-7::B-A12::N-A11::B-2-14::B-1-6::B-2-15::B-B02::B-A08::B-B07::N-B07::N-A12::N-1-6::B-1-2::N-2-26::N3-13::N-2-23::B-B03::N-A01::N-2-15::B-A01::B-2-25::N-2-25::N-A02::B-3-4::B3-c-28::N3-c-28::B-A05::B3-3::N-1-2::	40
chr15	37901500	38134500	chr15_37901500	35	233000	0.00608528872098042	62	4.03072707986905e-19	55	2.52387096842356e-14	::N3-15::B-B05::N-3-1::B-3-1::N3-16::B-3-4::B-A08::B3-c-9::B-B11::B-2-15::B3-6::B-B04::N3-5::B3-13::B-B03::N-3-4::N-B04::B3-19::N-2-26::N-A01::B-A01::B-2-14::N3-19::N3-17::N-B02::N-B03::N3-3::B-A10::B3-15::B3-17::B3-12::B-1-6::N-B08::B-A04::N3-13::	32
chr15	50652800	50885800	chr15_50652800	40	233000	2.0590992208127e-05	52	2.20299932268566e-12	45	3.75248519008307e-08	::B-2-9::N3-3::N-2-15::N-A05::B-B05::B-3-4::N-A12::B-B09::N-2-23::N3-15::B-B10::N-1-2::B3-15::B-2-12::N-A07::B-2-25::N3-c-14::B3-19::N-2-12::B-2-21::N-B09::B-1-2::N-2-25::N-B05::B-2-15::B-3-1::N-3-1::N3-7::B-2-14::N-2-14::N-B11::B3-5::N3-19::B-1-6::N-A02::B3-7::N-2-17::B-A08::N-B07::B-A05::	24
chr15	73162300	73395300	chr15_73162300	36	233000	0.00205750258169771	53	5.0594137318309e-13	45	3.75248519008307e-08	::B-B04::B-1-6::B3-19::B-1-7::B-B02::N-B05::B-2-9::N3-19::B-A08::N-A08::N3-3::N3-c-14::B3-11::B-2-15::B3-c-28::B-2-27::N-1-6::B-1-2::B-2-21::B-2-25::N-2-23::B-B07::N-B07::B-B05::B3-17::B3-3::N-A02::B3-c-14::N-B09::N-2-15::B-A11::B-2-12::N-2-12::B-2-26::N-A07::B-2-14::	27
chr15	77070100	77303100	chr15_77070100	46	233000	9.92939657011543e-09	60	1.02891977807122e-17	53	5.0594137318309e-13	::N-B08::B-1-6::N3-19::B-B10::B3-12::B-1-2::N-A02::N3-17::N-2-12::B-2-12::B-B04::N-A10::B-A10::B3-3::N3-13::B-A11::B3-19::N-B07::B-2-14::B-B08::B-B07::B-A04::B-A03::B-2-25::N-B02::B-B05::B-2-23::B-A07::N-B05::N3-7::N-A08::B3-6::N-2-21::N-B11::B-A05::N3-6::N3-16::N-1-2::B-3-4::N3-c-28::N-3-4::N-2-15::B-A08::N-A03::B-B02::N-1-6::	25
chr15	80713000	80946000	chr15_80713000	43	233000	5.01488265095604e-07	70	5.10232760938725e-25	61	2.05311549895115e-18	::N-B03::N-B04::B-1-4::N-B10::N-2-25::B-A12::N-B09::B-2-21::B3-17::B3-c-28::N-2-15::B-3-4::B-B11::B-2-23::N-2-12::B-2-12::B3-6::B-2-15::B-1-6::B-A04::N-B08::N3-17::B-1-7::B-A03::N3-6::B-A11::N-A11::N-1-6::B-2-14::N-1-2::N3-13::B3-13::B-A08::N3-c-28::B-B04::B-B07::B-A07::B-1-2::N-2-14::B-B08::N-A01::B-B10::N-A05::	34
chr15	81580000	81813000	chr15_81580000	35	233000	0.00608528872098042	56	5.48581076235518e-15	45	3.75248519008307e-08	::B3-15::B-A11::N-3-4::N-2-12::B-2-21::B-A05::N-B08::B-B08::B-2-25::B-B02::N3-6::N3-c-9::B3-6::B-A04::N3-3::B-2-14::N-2-25::B-1-10::B-3-4::B-B03::B-B11::N3-13::B3-c-9::N-A01::B-B07::B-B04::N-B04::B3-13::B-1-2::B-A07::N3-11::B-2-15::N-B10::B-2-17::N-2-17::	30
chr15	96255900	96488900	chr15_96255900	41	233000	6.11301017487968e-06	60	1.02891977807122e-17	55	2.52387096842356e-14	::B-A04::B3-11::B3-17::B-A10::B-1-2::B3-19::B-1-6::N-2-21::B-A08::N3-6::B-2-14::B-A12::N-1-6::B-2-26::B-B02::N-1-2::N-B04::N3-16::B-2-15::B-2-27::B3-3::N3-7::B-2-17::B3-7::B-B04::B3-c-14::N3-c-14::N3-19::N-A08::N-2-14::B3-c-32::N-3-4::B-B05::N-2-25::B3-6::B-3-4::B-B11::N-1-7::B-A05::N-B02::B-1-10::	36
chr15	99784600	100017600	chr15_99784600	37	233000	0.0006768623631501	54	1.14042869532538e-13	50	3.94334233343715e-11	::B-3-4::N-A05::B-A05::N-3-1::N-3-4::N3-16::B-A08::N-1-2::B-A10::N-2-21::B-1-4::N-1-6::B-1-6::B3-17::N3-17::N-1-4::B-2-15::B3-13::N-2-15::B-A12::B-1-7::B3-c-10::B-A04::N-B02::N-B11::N3-c-9::N-A08::B-A07::N-2-17::N-B10::B-2-17::N-B05::B3-11::N-B07::B-2-14::B3-15::B-A11::	21
chr15	101993300	102226300	chr15_101993300	35	233000	0.00608528872098042	40	2.0590992208127e-05	32	0.132512542373176	::N-1-2::N-B11::N-A11::B-A11::B-1-6::B-B02::N-3-1::B3-13::N3-13::B-2-15::B-2-14::N-2-14::N3-17::N-B08::N-B05::B3-5::B-1-4::B-2-9::B-B10::B-A12::N3-3::B3-3::B-2-26::N-2-26::B-2-23::B-A08::B-3-4::N-1-7::N3-2::B3-6::B-B09::N-3-4::B3-17::B-A04::B-A02::	20
chr16	4010800	4243800	chr16_4010800	35	233000	0.00608528872098042	50	3.94334233343715e-11	46	9.92939657011543e-09	::B-A10::B3-5::B-B05::B-B03::B-2-14::N3-6::B3-c-28::B3-7::B3-6::B-1-2::N-B10::N-B02::B-A08::N-1-7::N-B08::B3-13::B3-17::B3-c-10::B-3-1::B-B09::N-2-15::N-A01::N3-12::N-1-2::B-1-7::B-B10::B-2-15::N-2-17::N3-13::N3-5::B-2-23::N-2-12::N-B11::B-2-21::N-2-21::	28
chr16	16984400	17217400	chr16_16984400	35	233000	0.00608528872098042	48	6.52089433985806e-10	42	1.7716075783218e-06	::B3-c-28::N-2-12::B-2-12::N-B02::N-A03::N-2-21::B3-19::B-2-15::N-A08::B-A12::B-B10::B-B11::N-B03::N-2-23::B-B03::N-2-14::B3-3::B-2-14::B-3-1::N-3-1::B-2-21::N3-13::N-A07::N3-16::B3-5::N-A11::N-1-7::B-3-4::B3-6::B-B05::B-2-17::N-B09::N-2-17::B3-13::B-A08::	19
chr16	17658500	17891500	chr16_17658500	34	233000	0.017497964524623	41	6.11301017487968e-06	37	0.0006768623631501	::B-B10::B-3-4::N-2-27::N3-6::B-B03::B-A10::N-B03::N3-3::B-A08::N-B02::N-2-15::N-A04::N-A02::B-B07::N-2-25::N-B05::B-B05::N-A05::B-2-21::N-A10::B-2-23::B-A01::N-A01::B-1-2::B3-6::B-1-7::B-1-6::N-2-23::B-B09::B3-16::N3-16::B-2-9::B-B11::N-B08::	18
chr16	24437100	24670100	chr16_24437100	39	233000	6.76667883959702e-05	50	3.94334233343715e-11	48	6.52089433985806e-10	::B-A12::B-B09::N-2-17::N3-19::N-B07::N-2-14::B-2-14::N-A02::N-2-15::N-B03::B-1-6::B-1-2::B3-c-28::B3-11::B-3-4::B-B05::N3-c-14::N3-7::B-A07::B-2-21::N-1-7::B-A10::B3-12::N-2-21::B-3-1::N-3-1::N3-6::B-2-15::N-3-4::N3-17::B3-3::N-B08::B-B02::B-A08::B-2-23::N-A10::N-2-23::B-2-12::N3-c-10::	23
chr16	31591800	31824800	chr16_31591800	37	233000	0.0006768623631501	57	1.17146054919762e-15	51	9.41143844586278e-12	::B3-16::N3-17::N-B09::B3-6::B-2-15::N-A05::B-B03::B-B02::N-A08::N3-c-14::B3-19::B-A07::B-B05::B-1-6::N-2-26::N-A07::N-3-1::N-B10::N3-19::B-3-4::N-3-4::N-B05::B-B10::N-B03::B-2-12::B-A02::N-2-15::N3-3::B-A11::N-2-21::B3-11::B-2-21::B-A05::B-2-14::N3-6::N-A02::N-B04::	26
chr16	38090900	38323900	chr16_38090900	45	233000	3.75248519008307e-08	76	1.0541884807377e-29	67	9.29264358653406e-23	::B3-7::B-2-25::N3-6::N-1-6::B-1-6::B-B05::N-2-25::B3-11::B3-13::B-2-15::B-A11::B-B10::B-B04::B-B07::N-A07::B-1-7::B-A10::N-A02::N-2-15::B3-c-9::B-A08::B-B09::B-3-1::B-B02::B-1-2::N-1-2::B3-19::B-A05::N-A08::B-A12::N-2-17::B-A07::N3-12::N3-16::N-B05::N-B07::B-B08::N-A05::N-B04::N-2-21::B3-6::B-2-14::N-A11::B-2-23::B-A04::	26
chr16	43321700	43554700	chr16_43321700	36	233000	0.00205750258169771	49	1.61984248107437e-10	47	2.57150101163265e-09	::N-3-4::B3-7::N-B10::N-A12::B-3-4::N-A01::B3-6::N3-3::N-1-7::N-1-6::N-2-15::B-A12::B-A08::N-B03::B-B03::B-2-15::B-B10::B-1-6::B3-17::N-B07::N-B05::N-B02::B-2-23::B3-13::N3-13::B-B05::N3-c-14::B-1-7::B-2-14::N-B04::B3-3::B-A10::B-B07::N-2-12::B3-2::B-1-4::	23
chr16	87306400	87539400	chr16_87306400	33	233000	0.0488770231782934	41	6.11301017487968e-06	38	0.000216809581121952	::B-1-4::B3-c-10::B-2-9::B-3-4::B3-11::N-2-15::B-2-15::N3-c-9::B3-15::N3-7::B-B04::N-2-27::B3-3::N-A01::B-A01::B-B10::B-A03::B-A12::B-2-12::B-A08::B3-c-9::B-A05::N3-11::N-A04::B3-6::B-B07::B-B02::B-B09::B3-c-28::N3-17::N-B04::N3-6::N-B02::	17
chr16	94438000	94671000	chr16_94438000	41	233000	6.11301017487968e-06	48	6.52089433985806e-10	41	6.11301017487968e-06	::N3-13::N3-16::N-1-10::B-B02::B-B10::B-A12::N-A12::B-B09::N-A10::N3-6::B-A08::N-A07::N-B09::N-B07::B3-6::N-3-1::B-1-6::N-2-15::B3-7::B3-5::B-A01::N-A01::B-3-1::B-2-15::B-B07::B-1-4::B-1-2::N-1-2::N-B08::B-A04::N-B04::B-A11::N-A11::N-B02::N-B10::B-1-10::N-B05::N-1-6::N-3-4::N-2-25::B3-19::	26
chr17	3058000	3291000	chr17_3058000	39	233000	6.76667883959702e-05	58	2.45844997253333e-16	51	9.41143844586278e-12	::B-B10::B3-11::B-2-9::B3-2::B-A12::B-B04::B3-19::N-2-21::N-3-1::N3-17::N-A05::B-B02::N-1-6::B-1-6::N-2-15::B-2-12::N-3-4::N3-15::B3-15::B-A01::N-B03::B-B03::B-A08::B-2-21::B3-12::B-2-14::B-A10::B-3-4::N3-5::N3-16::B-B05::N-B05::B-A05::N-1-7::N3-19::B3-17::N-A12::B-A02::N-A08::	23
chr17	5009300	5242300	chr17_5009300	53	233000	5.0594137318309e-13	81	9.16092540637461e-34	70	5.10232760938725e-25	::B3-c-10::B-2-15::B-B11::B-B02::B-B03::B-3-1::N-2-9::B-A10::B-B08::N-B02::N3-16::N-2-21::B3-19::N-3-4::N-1-6::N-2-15::N-B08::B-1-6::N3-17::B3-7::N-2-25::B-2-21::B3-12::B-A11::N-A11::N-2-23::N-B09::B-B09::N-A02::N-1-4::B-A02::N-A05::N3-6::N-3-1::B3-6::B3-17::B-1-2::N-A04::B-A04::N-2-17::B-1-4::B-A08::N-A01::B-A05::B3-c-14::B-B07::N-B07::B3-5::B-2-25::B3-3::N3-3::N3-13::N-B11::	40
chr17	10196200	10429200	chr17_10196200	43	233000	5.01488265095604e-07	58	2.45844997253333e-16	50	3.94334233343715e-11	::N-A03::B-A04::B-B05::N-B10::B3-6::N-A01::B-B10::B3-17::N3-16::N-A08::N-A04::N-2-15::N3-13::B3-19::B-B04::N3-c-9::N-3-4::N-A10::B-A07::N3-17::B-B08::N-3-1::N-2-23::N3-6::B-1-6::B-2-26::N-1-10::B-2-25::B-A03::B-1-10::B-2-21::N-2-21::B-2-23::N-1-2::B-1-7::B-A10::N-A02::B-A02::B-B09::N3-c-28::B-A05::B3-3::N3-19::	23
chr17	29963500	30196500	chr17_29963500	41	233000	6.11301017487968e-06	66	5.11507942856517e-22	59	5.0719044664366e-17	::B-B11::B3-3::B-B02::B-3-4::N-3-4::B-B05::N-A08::B3-17::B-B10::N-B03::B-B03::N-2-25::N3-11::N-A11::B3-19::N-2-17::B-1-7::N-B07::N-A01::N-B04::B-2-27::N3-16::N3-19::N-B05::B-2-17::B3-12::B3-c-28::B-2-15::B-1-6::B-B04::B-A02::N3-13::N-1-6::B-2-14::B-A10::B-2-12::N-2-12::N-A05::B-2-26::B-A07::N3-3::	32
chr17	32154600	32387600	chr17_32154600	37	233000	0.0006768623631501	51	9.41143844586278e-12	46	9.92939657011543e-09	::B3-3::B-A12::B-B05::B-A08::B3-11::B-2-25::B-2-21::B-1-2::N3-c-10::N-3-4::B3-c-28::N-B10::N-A01::B3-17::N-2-23::B-B07::B-2-12::B3-7::B-A03::B-A10::B-B02::B3-15::N3-16::N3-12::N-B08::B-2-17::N-2-17::N-B09::B3-13::N3-13::B-2-15::B3-6::N3-6::N3-3::B3-16::N-1-2::N-A05::	26
chr17	44535200	44768200	chr17_44535200	34	233000	0.017497964524623	48	6.52089433985806e-10	41	6.11301017487968e-06	::N-A03::B-3-4::B-A10::N3-17::N-B05::B3-11::B-2-23::B3-17::B-B10::N-B09::N3-c-14::B-A02::B-1-2::B-A08::N3-16::N-A08::B3-c-28::B3-2::N-2-14::N-2-25::N-A02::N3-2::N-2-23::B-B02::B-2-27::N-B02::B-2-12::N-2-12::B3-19::N3-19::B-1-7::N-B03::B3-3::N-B08::	25
chr17	74178700	74411700	chr17_74178700	36	233000	0.00205750258169771	50	3.94334233343715e-11	46	9.92939657011543e-09	::B-B10::N3-19::B-B02::B-2-25::B3-6::B3-c-9::B-A10::B-B05::B3-17::N3-17::N-A12::B-A11::B-2-27::N-B05::N3-7::B-3-4::B3-7::N-A08::B-2-23::N-2-23::N-2-25::B-2-15::N-2-17::B3-11::N3-11::B-B04::N-B11::N-A05::B-A05::B-1-2::B-A04::B-B03::B-2-26::B3-c-28::N-2-15::B-A08::	25
chr18	4865000	5098000	chr18_4865000	40	233000	2.0590992208127e-05	50	3.94334233343715e-11	44	1.38729812577056e-07	::B-2-25::N-2-25::B3-11::B-A03::N3-16::N-2-15::B-B11::B-A08::B-B10::B3-7::B-1-2::B-A05::N-A05::N-A03::B-1-6::N3-17::N-A01::N-1-10::N-B08::B-B02::N-3-1::B-3-1::N-B10::B3-3::B-A02::N3-c-28::B-2-21::B-3-4::B-A10::B3-c-9::B3-5::N-2-9::B-B04::N3-19::B3-17::B3-15::B3-2::B3-c-28::B-B07::B-1-7::	29
chr18	7704800	7937800	chr18_7704800	36	233000	0.00205750258169771	57	1.17146054919762e-15	47	2.57150101163265e-09	::N-A03::N-2-27::N-3-4::N-B09::N-2-23::B-A07::B-2-17::N3-16::B3-7::N3-7::B-A10::N-A10::N-2-15::B-1-2::B-2-25::B-B10::N-1-6::N-3-1::B-2-21::N-2-14::B-3-1::B3-12::B-A11::B-2-15::B-2-27::B-1-7::B-A01::B-B07::B-2-23::N-A02::B3-11::N3-15::B3-15::N-1-2::B3-17::B3-6::	29
chr18	9342600	9575600	chr18_9342600	37	233000	0.0006768623631501	46	9.92939657011543e-09	38	0.000216809581121952	::B-B05::N-B08::B-2-15::N-B07::B-B07::B3-c-28::N-1-2::N-2-12::B-2-12::N-2-23::N-A03::N-2-21::N-A01::N-3-1::B-A08::B-1-2::B3-c-10::B-2-25::B3-17::B-B09::B3-12::B-B04::B3-3::N3-3::B-2-23::N-2-25::B-A01::N3-c-9::B-3-1::N-2-17::N-A02::B-A02::B3-2::B-A12::B-B11::N3-6::B-2-17::	22
chr18	9981100	10214100	chr18_9981100	49	233000	1.61984248107437e-10	67	9.29264358653406e-23	62	4.03072707986905e-19	::N-B02::B-A03::B-1-10::N-A01::B3-7::N-A11::B-B04::B-A08::N-1-6::B3-c-9::B-1-6::B-3-4::N3-3::B3-3::B3-5::B-B02::N-B11::B-B11::N3-13::N-2-21::N-2-23::B-1-7::N-2-27::B-B05::N3-19::B-2-25::B-B10::N-B05::N3-16::N-2-15::B-2-14::N-B08::N-2-14::B-2-15::B3-16::B-2-23::N-1-2::B3-c-28::B-1-2::B-3-1::N-3-1::N-A05::N-B03::N-A02::N-2-17::B-A02::N-1-7::B-2-27::B3-6::	34
chr18	31642300	31875300	chr18_31642300	37	233000	0.0006768623631501	46	9.92939657011543e-09	42	1.7716075783218e-06	::B3-c-28::N-2-15::N3-13::N-A01::B-2-25::N-B08::B-B08::B3-2::B-1-7::B-B09::B-2-14::B-A10::B-A01::N-1-7::N-1-10::N-3-4::B-A02::B3-6::N-1-6::B-B05::N-2-27::N3-11::B3-11::N3-19::N3-6::B-2-21::N-2-21::B-B10::B-1-2::N-2-23::B3-19::B-A05::N-A11::B-A08::B3-7::B-3-4::N-B05::	18
chr18	34250000	34483000	chr18_34250000	36	233000	0.00205750258169771	52	2.20299932268566e-12	47	2.57150101163265e-09	::B-A10::N-A01::B-B03::N-B03::N-2-15::B3-2::B-1-2::B-B05::B-B02::B-2-9::B3-12::B-A07::N-1-7::B3-11::B3-c-32::N-A07::N-A11::B3-19::B-A05::N-A05::B-2-14::N-B02::N-B04::B-B04::B3-6::B-2-26::N-A02::N3-13::B-A02::B-A08::B-2-15::B3-3::B-B10::N3-5::B-2-23::B3-7::	25
chr18	35067100	35300100	chr18_35067100	37	233000	0.0006768623631501	53	5.0594137318309e-13	45	3.75248519008307e-08	::B-A08::B-B04::N3-13::N3-17::B3-17::B3-6::B-2-15::B3-7::B3-c-28::N3-19::B-A02::B-2-23::B-A01::B-A10::N-A01::B-3-4::B-B09::N-A11::N-A08::B-1-2::N-2-25::B-2-25::B-B05::N-2-15::N-3-1::N-B10::N-1-6::B3-19::B-B03::B-B10::B-1-6::B-B07::N-B05::N-1-2::N-B02::B-B02::N-B03::	29
chr18	35569700	35802700	chr18_35569700	44	233000	1.38729812577056e-07	64	1.48110644549528e-20	56	5.48581076235518e-15	::B3-7::B-2-14::B-1-7::B-A10::N-A10::B-1-6::B-A01::N-A01::B3-c-10::B3-6::B-2-15::B-3-4::B-B02::N-B11::B-2-25::B-B10::B-3-1::N-2-17::B3-16::N3-16::N-1-4::N-B05::B-A07::N-B03::N3-3::N-1-9::B3-19::B-B05::N-2-9::N-A11::N-1-6::N-B07::B-B07::N3-13::B-1-2::N3-c-28::B-A04::B-A08::B3-12::B-A11::B3-5::N-A08::B-B11::N-B09::	31
chr18	42179400	42412400	chr18_42179400	34	233000	0.017497964524623	42	1.7716075783218e-06	38	0.000216809581121952	::B3-6::N-A10::B3-7::N-2-23::B-A03::B-A02::N3-15::B3-15::N3-6::N-A12::B-1-6::B-B05::N-A02::B-A07::N3-2::B-2-21::N-2-21::B-B10::B3-c-9::N-1-7::N-2-15::B-A05::B3-2::B-2-25::N-A01::N-B05::B-3-4::B-1-7::N3-13::N-B10::B-A12::B-B11::B-B09::B-1-2::	24
chr18	73571800	73804800	chr18_73571800	38	233000	0.000216809581121952	50	3.94334233343715e-11	38	0.000216809581121952	::B-A11::B3-6::B-B07::N-2-9::B-1-2::N-1-2::N3-13::B-2-12::B-2-14::N-2-12::N-2-27::B-A03::N-A03::B-2-21::N-1-6::B-1-7::N-1-7::B-2-26::B-A12::B-B02::N-A12::B-3-1::B-A05::B-2-15::B3-c-32::B-A02::N-A02::N-3-1::N-A01::N-A07::B-B09::B-3-4::B-B05::B3-7::N3-7::N-2-26::B-1-6::N3-3::	35
chr19	3430100	3663100	chr19_3430100	38	233000	0.000216809581121952	66	5.11507942856517e-22	57	1.17146054919762e-15	::N-B11::B3-5::N-A01::N3-c-9::B-A08::B-B10::B3-19::N-1-2::N-B10::B-B05::N-B05::N3-12::B-1-6::N-A10::N-2-15::B-A05::B-2-15::B-A10::N-B03::B-B03::B3-c-9::N3-16::B-1-10::N-2-21::B-1-4::B-2-14::B-2-21::B-B02::N-2-14::B-1-2::B-B07::B-2-23::B3-6::B-A07::B-2-25::N-2-17::N-A02::B3-2::	43
chr19	4589100	4822100	chr19_4589100	33	233000	0.0488770231782934	43	5.01488265095604e-07	40	2.0590992208127e-05	::B3-11::B-1-7::N-A05::B-A04::N-3-1::B-3-4::B3-5::B-A02::N-B05::B-2-12::B-A03::N-1-6::N3-17::N3-11::B3-6::B3-7::B-2-21::B-2-17::B3-17::B-1-2::N-B03::B-B03::B-1-6::B-A01::N-2-27::B-A11::N-A10::N-2-15::B-B04::B3-19::B-A05::N-2-17::B3-c-9::	21
chr19	11758900	11991900	chr19_11758900	35	233000	0.00608528872098042	43	5.01488265095604e-07	39	6.76667883959702e-05	::B-A10::N-2-23::N-B07::N-1-6::B3-c-9::N-2-15::B-B02::B-2-25::B3-3::B-2-27::N3-3::N-1-7::N-2-14::B-2-15::N3-7::N3-c-9::B-B10::B-1-7::N-A11::N-B03::B-B03::B-A01::B-B04::N3-6::N-B04::B3-6::B-2-9::N-2-9::B-B07::N-B02::B3-12::N-2-21::B-1-2::B-A08::N-A08::	26
chr19	16135900	16368900	chr19_16135900	40	233000	2.0590992208127e-05	58	2.45844997253333e-16	53	5.0594137318309e-13	::N3-7::B3-3::B3-11::N-2-15::N-A01::B3-13::N-B03::N-2-9::B-A01::N-A07::B-3-1::N-B07::N-B10::B-B07::N-B04::B-A11::B3-17::N-B09::B-B11::B3-6::B-B02::B-2-25::B-B04::B-3-4::N-2-23::B-A08::B-B09::N-2-27::B-2-27::N-B02::B3-19::B-2-9::B-A10::B3-5::N-A12::B-1-2::B-2-23::N-A02::N3-16::B-B05::	32
chr19	29876200	30109200	chr19_29876200	38	233000	0.000216809581121952	46	9.92939657011543e-09	36	0.00205750258169771	::B-A11::N-2-21::B-2-27::N-2-27::B-A12::N-2-15::B-3-1::B-2-25::N3-6::B-1-2::N-1-2::B-B04::B-A08::B3-6::B-B10::B-2-15::B-1-6::N-A10::N-B05::N-2-25::N3-11::B-B05::B3-c-9::N-A08::N-A11::B3-19::B3-13::B3-11::B-1-7::B-A01::N-2-12::B-2-12::N-B09::B3-17::B-A02::B-A10::N3-13::N-A02::	23
chr19	45589800	45822800	chr19_45589800	34	233000	0.017497964524623	45	3.75248519008307e-08	36	0.00205750258169771	::N-B08::B-2-23::B-A07::N3-c-28::N3-13::B3-13::B3-c-28::B3-6::B-B10::N-2-21::B-A04::N3-11::N-2-9::N-2-15::B-A08::B3-16::N-B09::B-B09::B-B03::B-2-26::N-2-26::N-2-17::B3-2::B-A10::B-2-15::B-A05::B-2-27::B-B02::N-A08::B-1-2::N-1-2::B3-19::B-B05::N-A11::	16
chr2	17982100	18215100	chr2_17982100	38	233000	0.000216809581121952	56	5.48581076235518e-15	51	9.41143844586278e-12	::B3-11::N-2-17::B-B07::B-A08::B-2-17::B-1-2::N-1-6::B3-6::B-3-1::B3-12::B3-16::N-B04::N-A11::B-B02::B3-3::N3-19::B-B11::N3-13::N-A05::N-A01::N-2-23::B-B10::B3-15::B3-c-9::B-3-4::B-2-15::N-A03::N3-6::N-B08::N-2-15::B3-17::N3-16::B-1-6::B-A01::N-B07::B-2-21::N3-c-14::B-2-12::	26
chr2	22958200	23191200	chr2_22958200	35	233000	0.00608528872098042	46	9.92939657011543e-09	42	1.7716075783218e-06	::N-B08::N-1-10::N3-12::B3-19::N3-11::B-B09::B-1-2::N-B02::B-A04::B-B08::B3-12::N-2-25::B-2-27::B-2-14::B3-c-14::N-A11::B-3-4::B-2-15::B-A05::B3-3::B-B04::N-B04::B-B11::B-A11::N-A01::B-1-7::N3-13::N3-16::B-B05::B-2-26::N-A07::N-B09::B-2-23::N-2-27::B3-5::	23
chr2	37384300	37617300	chr2_37384300	39	233000	6.76667883959702e-05	63	7.78761628783914e-20	58	2.45844997253333e-16	::N-2-15::B3-c-9::N-B08::B-B08::B-3-1::N3-19::N-2-21::N3-13::N-A05::B3-7::N-B07::N-B04::B-1-2::B-2-15::N-A04::B-B10::N-B10::N-3-4::N3-11::B3-11::B-2-14::B-A07::B-B11::N3-16::B-2-17::N-2-9::N-1-6::N-2-12::N-3-1::B-2-23::B3-6::B-2-27::N3-5::N-B03::N3-6::B-B05::B-B07::N-A01::B-A01::	35
chr2	48808600	49041600	chr2_48808600	37	233000	0.0006768623631501	58	2.45844997253333e-16	52	2.20299932268566e-12	::B-B05::B3-c-10::B-B11::B-A12::N-A12::B-3-1::N-2-17::B-2-17::B-A11::B3-2::N-A11::N3-6::B-B07::B-2-12::B-2-27::B-A03::B-A10::B3-7::N-2-27::N3-11::B-2-25::N-2-15::B-A01::N-A02::B-A02::B-2-15::B3-11::B3-5::N-A05::B3-6::N3-19::B-3-4::B-B10::N-A03::B3-19::N-1-6::N3-17::	32
chr2	49411700	49644700	chr2_49411700	34	233000	0.017497964524623	49	1.61984248107437e-10	45	3.75248519008307e-08	::B3-c-9::B-B09::B3-7::B-B02::B3-c-10::N-B04::B-A11::N-A11::N3-13::B-B05::B3-2::B-2-26::B-1-7::N-A04::N3-c-9::B-1-10::N-A01::B-A01::B-2-23::B-2-21::B3-19::N-1-6::B-B08::N-B08::N-3-4::B-B11::B-B10::N-B05::N-2-15::N-B10::B3-5::N3-19::B3-3::B-A08::	23
chr2	60728900	60961900	chr2_60728900	33	233000	0.0488770231782934	46	9.92939657011543e-09	39	6.76667883959702e-05	::B-B11::B-2-23::B-B07::N-2-15::B3-3::B-B03::N3-3::N-A12::B-A08::N-2-23::N-3-4::B-A05::N-A05::B-2-27::B-2-15::N-2-27::B-A10::N3-c-14::N-2-17::B3-c-14::N-A11::B-A11::B-2-14::B-B02::N-A02::B-B05::N3-5::N-B05::B-2-25::N-2-25::N3-7::N-3-1::B-A07::	23
chr2	90785900	91018900	chr2_90785900	37	233000	0.0006768623631501	45	3.75248519008307e-08	40	2.0590992208127e-05	::N-B05::B-2-15::B-A07::B-1-7::N-B02::N3-16::B-A04::N3-6::B-1-6::N-A12::B-A12::N-3-4::B-2-14::N-2-14::N-2-15::N-2-21::B-A02::N-1-2::N-A05::B-B03::N-B03::N-B07::N3-13::B-A01::N-B11::N3-2::B-2-21::B3-19::B3-12::B3-c-9::B-B02::B-A03::N-3-1::B3-c-32::B-B09::B-3-4::B-2-27::	29
chr2	91696200	91929200	chr2_91696200	36	233000	0.00205750258169771	53	5.0594137318309e-13	50	3.94334233343715e-11	::B-B09::B-A05::N-B02::B3-3::N3-16::N-2-25::B-2-25::B-2-21::N-A10::B3-6::B-B10::B-A07::B-1-6::B-1-10::B3-7::B-2-12::B3-17::N-A02::N-B05::B-1-7::B-A12::B-B04::B3-13::N-1-7::B-A01::B-A03::B-1-2::N-1-2::B-A10::N-A11::B-B07::N-B08::N3-19::B-2-15::B-3-4::B3-11::	21
chr2	98439800	98672800	chr2_98439800	82	233000	1.35983807031841e-34	486	nan	37	0.0006768623631501	::B-A01::B3-11::B3-7::B3-17::B-2-14::B-1-2::N3-13::N-A08::B-A07::B-A08::N-A05::N-1-2::N-A01::N3-16::N-B07::N-1-7::N-B05::N3-6::N-2-14::N-B10::N-2-26::N-A02::N-2-12::N-A11::N3-7::N-B04::N-B09::N-1-6::N3-19::N-B08::N-B11::N-A03::N-A10::N-A12::N3-17::N3-c-14::N-2-15::N3-15::N-2-17::N-3-1::N-2-25::B-2-21::B3-12::N-2-9::N-B02::B-B02::N-1-10::N3-11::N3-12::N-2-27::N-2-21::N3-5::N-3-4::N-B03::N-2-23::N3-c-9::B-2-23::B3-6::B-3-1::N-A07::N3-3::B3-c-28::B-B07::N-A04::B3-13::B-A02::B-B11::B-1-10::N-1-4::B-B10::B-2-15::B-B08::B-B04::N3-c-10::B-1-7::B-1-6::B-A05::B-2-27::B-B03::B3-19::B-A11::B-2-12::	237
chr2	152113400	152346400	chr2_152113400	36	233000	0.00205750258169771	42	1.7716075783218e-06	39	6.76667883959702e-05	::B-A03::N-2-17::B-1-4::N3-c-10::N-A12::N-A11::B3-5::B-2-27::N-2-27::B3-c-10::N-A05::B-A10::N-B08::B-2-14::N-2-21::B-2-25::B-2-23::B-B10::B-1-6::B3-7::N-A01::N3-7::B-A08::N-1-6::B-2-12::N3-16::N3-13::B3-13::N3-c-14::B-2-15::N-A02::B3-17::N-B09::N-3-4::B-3-4::N3-11::	16
chr2	154664100	154897100	chr2_154664100	40	233000	2.0590992208127e-05	63	7.78761628783914e-20	55	2.52387096842356e-14	::B3-11::N3-3::B-2-15::B-A11::N-B10::B3-19::N3-19::B-2-9::N-B02::B-B03::N-A07::N-2-21::N3-11::N-3-1::B-A02::B-B05::B-A07::B-B10::B3-c-9::B-1-6::B-B09::N-2-27::N-2-15::B-A03::N-B05::B-A01::N-B04::B-3-4::B-B04::B-3-1::B-B02::N-A05::B-A05::B3-12::N-B08::N-2-9::B3-c-10::B3-6::B-2-23::B3-c-14::	36
chr2	156052800	156285800	chr2_156052800	35	233000	0.00608528872098042	44	1.38729812577056e-07	37	0.0006768623631501	::N-2-26::B-1-2::B3-12::B-B03::B-1-6::N3-16::N-A02::N-B02::B-1-7::N-1-7::N-1-2::B3-3::B-B02::N3-6::N-3-1::B-2-14::N-2-14::B3-7::B-3-4::N3-c-14::B3-c-14::B3-19::B-B05::N-B03::B-B10::N3-11::B3-11::B3-2::B-A07::N-2-17::B-A12::N-A07::B3-c-9::N-B10::B3-c-28::	20
chr2	160483700	160716700	chr2_160483700	34	233000	0.017497964524623	37	0.0006768623631501	32	0.132512542373176	::N3-2::B-1-6::N-3-4::N3-7::N3-5::N-A11::B-A11::B-1-2::N-B09::B3-c-28::B-B05::B-2-27::B-B02::N-A01::N-2-17::N-B04::N-B08::B-3-4::B-A02::N3-19::N-2-15::B-B10::B3-12::B-2-14::B3-2::B3-19::B-2-15::N-A08::B3-5::N-1-2::B-A04::N-A04::N3-11::B-B07::	22
chr3	19129800	19362800	chr3_19129800	40	233000	2.0590992208127e-05	51	9.41143844586278e-12	45	3.75248519008307e-08	::B-3-4::B-A07::B-B09::B-1-7::B3-6::B3-11::N-A02::B-2-14::N-3-1::B-B05::B3-3::B-2-27::N-B05::B3-c-28::B-2-15::N-1-10::B-B02::N-2-15::B-B10::N3-13::N-A12::B-A12::N-B09::B-1-6::N-3-4::N-A11::N-1-2::B3-2::N-A01::B-2-17::B3-13::N-A10::B-2-21::B-2-26::N-2-26::N3-19::B-A11::N-B04::B3-19::B-A04::	27
chr3	27475800	27708800	chr3_27475800	41	233000	6.11301017487968e-06	60	1.02891977807122e-17	52	2.20299932268566e-12	::B-A08::N-B07::N3-c-14::N-2-25::N-A07::B-A07::B3-17::N3-19::B-2-25::N3-17::N-2-26::N-A02::B-A02::B3-6::B-B02::B3-19::N-A05::B-B10::N3-11::N-3-4::B-2-15::B-2-21::N-2-21::B-1-7::B-B07::N-2-15::B3-c-14::B-1-2::N-B10::N-B09::B3-3::B-2-14::B-B05::N-B05::N-B02::B3-5::N-2-14::B3-7::B3-13::B-A10::B-2-23::	28
chr3	30891000	31124000	chr3_30891000	33	233000	0.0488770231782934	50	3.94334233343715e-11	46	9.92939657011543e-09	::B-B09::B3-15::B-2-23::B-B07::B3-6::B3-5::N-2-21::N3-11::B3-3::N-A11::B-2-15::B-3-4::B-1-7::B-A05::N-A05::B3-17::N3-15::N-1-2::N-3-1::B-2-14::B-B02::B-B10::B-1-4::B-1-6::N-2-15::B-B05::N3-6::N-B08::N-B09::N-A08::B-A04::N-A04::N3-17::	28
chr3	51328100	51561100	chr3_51328100	40	233000	2.0590992208127e-05	57	1.17146054919762e-15	51	9.41143844586278e-12	::B3-17::N-2-23::B3-19::N-2-14::N-2-17::B3-11::B-B04::B-B08::N3-3::N-2-25::B-1-2::B-2-14::B-A12::N3-19::B-B02::B3-3::N3-13::B-2-25::N-1-2::B-1-6::B-B10::N-1-6::B-2-9::B-B05::B-2-15::N3-11::B-2-26::B-2-21::N-3-1::B-3-1::N-B04::N-A01::B-A03::N-B03::B3-7::N3-7::B3-c-14::B-A02::B-A07::N-A08::	23
chr3	60506400	60739400	chr3_60506400	38	233000	0.000216809581121952	52	2.20299932268566e-12	38	0.000216809581121952	::B-1-6::B-2-14::N-2-14::B-B04::N-B04::N-1-6::N-2-21::B-1-2::B-B02::B-2-27::B-2-23::B-1-7::N-A08::B-B10::N-B03::B-B03::B-A11::N-A11::B3-11::B3-19::N-1-7::N-2-12::B-2-12::B-A02::N-2-15::B3-3::N-3-4::B-3-4::N3-3::N-2-17::N-A02::N-2-23::B-A07::N3-19::B-A05::N-A07::B-2-15::B-A03::	21
chr3	63796500	64029500	chr3_63796500	33	233000	0.0488770231782934	40	2.0590992208127e-05	36	0.00205750258169771	::N3-6::B-2-15::N-2-25::B-1-4::B-2-23::B-B08::N-B08::B3-5::B-1-10::N-A12::B-A12::B3-3::N-2-27::B-A03::B-B02::B-3-1::B-1-6::N-A08::B3-19::B3-17::B3-12::N-B05::B-2-9::B-A08::B-B03::N-B03::N-2-15::B-B11::N3-11::B-1-7::B3-7::N3-17::B-2-14::	17
chr3	68983300	69216300	chr3_68983300	43	233000	5.01488265095604e-07	65	2.77354116697076e-21	52	2.20299932268566e-12	::B-2-14::B-B09::B3-3::N-1-6::N-B10::B-B10::B3-c-28::N3-19::B-1-2::B-2-12::N-2-12::N3-7::N-2-23::B-A08::B-2-25::N-2-14::B-A10::N-A10::N-B07::B-A02::B-B03::N-B03::B-B02::B-2-17::N-A08::N-2-21::B3-c-10::B-B04::B-2-15::N3-15::B3-15::B3-6::N-B09::N-B08::B-A01::B3-19::B-B08::N-2-25::N-3-1::N-2-17::N3-11::N-A01::N-A07::	35
chr3	88838800	89071800	chr3_88838800	38	233000	0.000216809581121952	56	5.48581076235518e-15	53	5.0594137318309e-13	::B-B03::B3-16::N-1-2::B-2-25::N-2-25::B3-12::B-B02::N-2-27::B-2-27::B-B07::N3-16::B3-13::B-3-4::B3-2::B-B05::B-B08::B-2-21::B3-6::B-1-7::N-B05::B-2-15::B-3-1::B-B10::N-1-6::N-B08::B-B09::N-B02::N-2-15::B-A07::B-A08::B3-3::N3-6::B3-c-28::B3-17::B3-5::B-1-6::N-B07::N-3-1::	31
chr3	89866000	90099000	chr3_89866000	34	233000	0.017497964524623	41	6.11301017487968e-06	37	0.0006768623631501	::B-2-27::N3-16::N-1-7::N-B08::B-A04::N-2-27::N-B04::B3-2::B-A08::B3-c-28::B-1-10::N-A04::N-1-6::N-A11::B-2-14::B-1-6::N3-12::B3-12::N-A08::N-B09::N3-19::B-A10::N-A01::N-3-4::B-B02::N-2-25::N-2-23::B-2-21::N-2-21::B-1-2::B-A02::N-B02::N-A10::B-B11::	22
chr3	90290900	90523900	chr3_90290900	41	233000	6.11301017487968e-06	51	9.41143844586278e-12	44	1.38729812577056e-07	::N-A11::B-2-27::N-B08::B-2-14::N3-19::B-2-25::N-B05::B-B05::B3-5::B-A07::B3-7::B-A02::N-B07::B-3-4::N-A01::N-1-6::N-1-2::B-1-2::N-2-27::N3-16::B3-16::B-B10::B3-2::N-2-17::B3-3::B-A01::N-B09::B-2-15::B-1-7::N-1-7::B-2-23::B-A03::B3-6::B-B02::B-A08::B3-17::N-B04::B3-c-10::N3-11::B-B11::B-A10::	27
chr3	94838400	95071400	chr3_94838400	34	233000	0.017497964524623	42	1.7716075783218e-06	37	0.0006768623631501	::B3-3::N-2-23::N-B05::B-2-12::B-A01::N-A01::N-2-15::B3-11::N-1-6::B3-16::N3-19::B-3-1::B3-13::B-2-27::B-A07::B-B11::N-2-14::B-2-26::N-2-26::B3-6::B-B05::N-1-4::N3-2::N-A11::B-A11::B-2-15::N-B04::B-1-10::N-A03::B-A08::B3-19::B-A12::N-2-17::N-2-9::	20
chr3	103117100	103350100	chr3_103117100	41	233000	6.11301017487968e-06	54	1.14042869532538e-13	47	2.57150101163265e-09	::B3-2::B-2-25::N-A07::N3-16::B3-19::B-B03::N-B04::B3-15::B-B09::N-2-23::N3-3::B3-c-28::B-A10::B-B10::B3-3::B-1-2::B3-6::N3-11::B-B07::B-A07::B-2-17::N-2-25::B3-12::B-2-23::N-2-9::B-2-15::B-1-6::N-B03::N-B05::N-2-15::B-2-21::B3-7::B3-13::B-A11::N-A11::B-2-14::B-A08::B-2-9::N-A12::N-B07::N-A08::	32
chr3	104821100	105054100	chr3_104821100	43	233000	5.01488265095604e-07	54	1.14042869532538e-13	49	1.61984248107437e-10	::B3-17::B-B02::B-3-1::B-A07::B-A08::B-B05::N-B03::B-B03::B-B09::B-B07::B-B11::B-A12::N-1-6::N-B04::B-B04::B-2-21::N-A12::B-A11::B-2-15::B-2-25::N-2-25::B-A10::N-2-26::B3-12::B-2-9::N-3-4::B3-15::B-2-17::B-A04::N-1-2::B-A01::N-A01::B-2-27::B3-11::N3-16::B-A03::N-2-15::B3-6::N-B05::B-1-6::N-2-21::N-B08::N-2-23::	28
chr3	105725000	105958000	chr3_105725000	35	233000	0.00608528872098042	44	1.38729812577056e-07	38	0.000216809581121952	::B3-5::N-1-6::B-2-9::B-B07::B-2-17::B-2-26::B3-c-28::B-2-14::B-A10::N-2-14::N3-19::B-2-23::B-A08::B3-3::N-B02::B-1-6::N-2-25::B-2-25::B-3-4::B-A01::N3-3::B3-c-9::B-B09::B-2-15::N-B04::N-2-17::B-1-2::N-B11::N-2-15::B-A07::N3-c-28::N-1-4::B-B08::B3-6::B-2-21::	19
chr3	126599300	126832300	chr3_126599300	33	233000	0.0488770231782934	43	5.01488265095604e-07	41	6.11301017487968e-06	::N-A10::B3-3::B-A10::B-2-26::B3-12::B-A08::B-2-21::N-1-6::N-2-14::B-2-14::N-2-12::B-2-12::N-2-23::B3-11::N3-3::B-A02::B-2-25::N3-c-14::B-2-15::B3-19::B-B10::N-A03::N-2-26::B-1-2::N-3-4::N-2-27::B-1-7::N-A11::N3-2::N-1-2::N-B11::B3-6::B-B07::	19
chr3	135429800	135662800	chr3_135429800	35	233000	0.00608528872098042	49	1.61984248107437e-10	40	2.0590992208127e-05	::B-A10::B-B05::N3-13::B-A05::B-B02::B-A08::B-1-10::B3-6::N-2-23::B3-16::N3-11::B3-7::B3-11::B-2-21::B-2-14::B-A01::B3-3::N-B09::N-2-17::N-B02::B-A03::N-A08::N-A03::N3-17::N3-16::B3-19::B-2-25::N-1-6::N-2-15::B3-c-28::B3-c-9::B-2-15::B-1-6::B-1-2::B-1-7::	25
chr3	144484900	144717900	chr3_144484900	36	233000	0.00205750258169771	47	2.57150101163265e-09	39	6.76667883959702e-05	::N-2-14::N-A02::B-A02::B-B07::N-1-7::B-A11::N-2-15::N3-15::B3-15::B3-19::N-2-25::N3-19::N-A08::N-A11::B3-6::N-B07::B-A10::B-2-14::B-2-15::B-B02::N-B03::B-B03::B3-7::N-B10::B-B10::N-2-23::B3-12::N-B04::N-2-17::B3-11::B3-c-9::B-1-2::B3-13::B3-3::B3-17::B-B05::	23
chr3	152186700	152419700	chr3_152186700	43	233000	5.01488265095604e-07	53	5.0594137318309e-13	40	2.0590992208127e-05	::B3-6::N-B04::N3-c-14::B-B05::N-A01::N3-16::B3-16::B-2-12::N-2-12::N-1-10::B3-19::B-1-2::N-B10::B-A01::N-2-23::B-A08::N3-12::N-2-25::N-B03::N-1-6::N-A05::B-B03::B3-13::N-A11::B-B07::N3-3::N-2-27::B-2-27::N3-c-28::B3-c-28::B-2-14::N3-6::N-2-15::B-B02::B-2-15::B3-5::B-2-21::B-2-9::B-1-10::N3-13::B-A10::B-A04::N-A04::	20
chr4	41158100	41391100	chr4_41158100	35	233000	0.00608528872098042	49	1.61984248107437e-10	46	9.92939657011543e-09	::B-1-7::B-B10::B-2-21::B-A12::B3-19::B3-c-32::N3-7::B-2-12::B-2-23::N-2-27::N-3-1::B-2-14::N3-13::B-B05::N-2-21::N-2-15::B-B11::B-2-27::B3-11::N3-16::B-2-15::B3-13::N-B03::B-A08::N-A08::N3-17::B-B09::B-B02::B-A05::N-B09::B3-7::B-A03::N-A03::B-B03::B3-6::	18
chr4	44770700	45003700	chr4_44770700	33	233000	0.0488770231782934	45	3.75248519008307e-08	42	1.7716075783218e-06	::B-1-2::B-1-6::B-B10::B-2-15::B3-6::B3-16::N3-16::B-A05::B-1-4::B-B02::N3-13::B3-13::B-B05::B-2-27::B-1-7::B3-11::B-3-1::N-3-1::B3-19::B-2-14::B-A07::N-2-15::N3-7::N-2-17::B-2-26::N-2-23::B-2-23::B3-7::N-3-4::N-A08::B-2-9::N-A01::N-1-2::	22
chr4	82257700	82490700	chr4_82257700	44	233000	1.38729812577056e-07	59	5.0719044664366e-17	52	2.20299932268566e-12	::B-A12::N-A11::N3-19::N-A12::B-3-4::B-2-21::B-1-2::N-A07::N3-6::B-2-15::N-B10::B3-c-9::B3-19::B-2-9::N-3-1::B-A07::B-A01::B3-15::N-2-21::N-B07::B3-17::B3-12::N-2-25::B-2-25::B-B02::B-B11::N-B04::B-B04::N-B03::N-1-7::B-1-10::B-B03::B3-6::B-1-7::N3-c-9::N-2-27::B-2-27::N3-16::B3-16::B-B09::N-2-14::B-A05::N-A02::N-2-23::	23
chr4	116460200	116693200	chr4_116460200	33	233000	0.0488770231782934	37	0.0006768623631501	29	2.18677857337876	::B-3-4::N-A01::N3-17::B3-c-28::B-2-21::N-B05::B-B05::B-2-15::N-2-15::N-2-23::B-2-23::N-B09::B-B09::B3-3::B-A08::N-B04::B-B04::N3-3::N3-13::N-A03::B3-19::B-B10::B-A02::B-3-1::N-3-1::B-1-10::B3-2::N-2-9::B-2-27::B-1-9::B-2-9::B-2-12::B-1-7::	14
chr4	119453000	119686000	chr4_119453000	33	233000	0.0488770231782934	42	1.7716075783218e-06	38	0.000216809581121952	::N-A10::N-1-7::B3-3::B-1-7::N-B07::N-1-2::N3-13::B-A08::N-2-23::B-3-1::N-3-1::B-3-4::N3-19::B-B05::N3-11::N-B11::B3-11::N-A01::N-1-6::B3-5::B3-17::B-1-2::B3-19::B-B02::N-2-14::B-2-23::B-B10::N-2-15::B-A01::B3-c-9::B3-12::B3-6::N-2-27::	23
chr4	129674800	129907800	chr4_129674800	35	233000	0.00608528872098042	40	2.0590992208127e-05	35	0.00608528872098042	::B-B07::N-B09::B-B09::B-2-21::N-A01::B3-5::B-A08::N-2-9::B-2-9::N-B08::B-B08::B-B04::B-A11::N3-6::N-B02::N3-19::N-B04::N-1-6::B3-13::N3-13::B-A02::B-A07::N-2-15::B-2-15::B-1-6::N-A05::N-2-12::B-3-1::B-B10::N3-17::B3-11::B3-15::B3-c-32::B-A12::B-B11::	21
chr4	130554600	130787600	chr4_130554600	43	233000	5.01488265095604e-07	64	1.48110644549528e-20	50	3.94334233343715e-11	::B-2-14::N3-2::N-A02::N3-17::B-B02::N-2-21::N-B10::B-B10::N-3-1::B-3-1::B3-c-28::B-A10::B-B07::N-A01::N-1-6::B3-17::B3-12::N-2-15::B-2-15::N3-13::B3-11::N3-11::B-1-4::N-A08::B-A08::B3-2::N3-16::B-A05::N-B02::B-2-9::B3-13::B-1-6::B-1-2::B3-5::B-A07::N-B07::B3-7::N3-7::N-1-10::N-A11::N-B09::B-B09::B-B05::	30
chr4	132172500	132405500	chr4_132172500	35	233000	0.00608528872098042	48	6.52089433985806e-10	39	6.76667883959702e-05	::B3-17::B-B08::N-B08::B-A01::B-A11::B-A08::N-2-25::B-2-25::B-B07::B-B02::B-2-15::B-2-14::B3-15::N-3-4::B-3-4::N-A01::N-2-23::B3-5::B-B04::N-B04::B-1-7::N-2-26::N3-13::N-2-14::N3-11::N-A02::N-B05::B-B05::B3-13::N3-17::N-1-2::N-A05::N-A10::B3-7::B-A05::	24
chr4	135210400	135443400	chr4_135210400	40	233000	2.0590992208127e-05	49	1.61984248107437e-10	40	2.0590992208127e-05	::B-3-4::B3-5::B3-c-28::N3-13::B3-13::B-B04::B-B02::N-3-1::B-A04::N-A04::B-2-12::N-2-12::B3-7::B-A08::N-A01::B-1-7::N-B10::B-B10::N-A11::B3-c-10::N3-19::B-A10::N-A10::N-B05::B-B05::B-1-6::N-2-17::B-A05::N-A05::B-A07::B-2-25::N-2-9::N3-11::B-2-21::N-2-23::N-A12::B-A03::B3-c-9::N-B07::B-B07::	29
chr4	136333200	136566200	chr4_136333200	42	233000	1.7716075783218e-06	68	1.66338227293424e-23	54	1.14042869532538e-13	::B-B11::N-B04::B-B04::B-A04::B-B08::B3-19::B-A01::B-1-7::B-2-15::N-B07::B-3-4::B3-c-32::N-A01::B-B05::B-B07::B-2-26::N-2-26::N-2-15::B3-c-9::N-1-7::N-3-4::N3-12::N3-19::N3-16::B-2-27::B3-12::N3-13::B3-7::B-A10::N3-c-9::N-3-1::B-A12::B-A08::B-A03::N-A08::N-A03::N3-c-14::B3-13::B-2-23::N-A07::B3-17::N3-2::	33
chr4	150379200	150612200	chr4_150379200	37	233000	0.0006768623631501	51	9.41143844586278e-12	50	3.94334233343715e-11	::B3-c-28::B-A08::N-A01::N-B02::B-1-10::N-B08::B-B08::B-B05::B3-16::B-A10::B3-3::N-B04::N-B09::B-2-15::B3-2::N-1-7::N-2-23::B-B11::B3-6::N-2-15::B-2-9::B-3-1::B-B04::B-B03::B-A12::B3-19::B-2-27::B-2-21::B-1-2::N-1-6::B-A03::N3-16::B3-c-9::B-A07::B3-7::B-A04::N3-12::	24
chr4	155338100	155571100	chr4_155338100	36	233000	0.00205750258169771	46	9.92939657011543e-09	37	0.0006768623631501	::N-3-1::B3-11::N-B05::B-B09::B-2-9::B-A10::N-2-9::B-B11::B-2-27::B3-17::B-A07::N3-13::B-2-15::N-2-14::B3-c-32::B-2-23::B3-19::N3-19::N-B04::N-2-15::B-2-25::N-2-25::B3-13::B-2-14::B3-3::N3-3::N-1-2::B-1-6::B-B02::N-A11::B-A11::B-B05::N3-11::B-A12::N-A02::B-1-2::	24
chr5	20812700	21045700	chr5_20812700	38	233000	0.000216809581121952	52	2.20299932268566e-12	49	1.61984248107437e-10	::N3-17::B-1-2::N-1-7::B3-17::B3-6::B-2-25::B-3-1::N-2-27::N-1-6::B-2-15::B-A01::B3-7::N-2-9::N-A01::B-B02::N-1-10::B-B09::B-1-10::B-B10::B-A10::B-B03::N-2-17::B3-19::N3-19::B-B05::N-3-4::B-2-27::N-B10::N-A05::B3-c-32::N-A12::B-3-4::N3-11::N-2-14::B-A02::B-1-6::B3-12::B-2-23::	34
chr5	23420500	23653500	chr5_23420500	42	233000	1.7716075783218e-06	57	1.17146054919762e-15	53	5.0594137318309e-13	::B-B02::B-1-7::B-A10::B3-7::B3-12::B-A08::N-2-15::B-B07::B-A01::B-2-15::N-B09::N-2-9::N3-11::B3-11::B3-2::N-A01::B-1-2::N-2-21::B-2-14::B-A05::N3-3::B3-3::B3-6::N-B04::N-A07::B-3-4::B3-19::B-A03::B-B05::B-2-25::B3-c-28::B-A07::N-A05::B-A12::N-2-27::N-A02::B-1-6::N-2-23::B3-c-9::B-2-21::N-B10::B3-13::	25
chr5	25292100	25525100	chr5_25292100	48	233000	6.52089433985806e-10	131	1.16217811333887e-80	104	4.738877143987e-54	::B-1-2::B-2-9::B-2-15::B-A10::N-2-17::N-A05::B3-13::B3-7::B-2-17::B3-12::N3-12::B-1-6::N3-13::N-2-25::N-2-15::B-B02::N-B02::N-2-9::B-2-27::N-3-1::N-A03::B-B10::B-B07::B-A02::B-A08::B-A03::N-A08::B-B08::B-1-10::B3-c-9::B-2-25::B-B09::B-A11::N-B07::N-B10::N-B08::B3-17::N-A07::B-3-1::B3-5::N-2-23::B3-6::B-B05::B-B03::B-2-21::B-2-23::N-B05::N3-19::	73
chr5	28061800	28294800	chr5_28061800	86	233000	5.85678450271021e-38	205	0	12	14284.2600154926	::B-2-27::N-B04::N-A01::N-2-23::B3-7::N-2-15::N-A08::N-B09::N-2-25::N3-16::N3-11::N-3-4::N-1-2::N-2-21::B3-c-28::B-2-21::B-2-12::B-2-15::B3-12::B-B10::B3-6::B3-c-9::B3-5::N3-15::B-A08::B-1-2::B-B04::N-A11::B3-16::B-2-25::B-A10::B-2-9::N-2-14::N-1-7::N-B03::N-B05::N-1-6::N3-3::N-1-4::N3-c-14::B-A04::B-B11::B-2-14::B3-15::B-B03::B-2-17::B3-11::B-B05::B-B08::B-1-7::B-1-10::B-B09::B-1-6::B-B07::B-1-4::B-2-23::B-A02::B3-13::B-A01::B-3-4::B-A11::B-3-1::B3-3::B3-17::B3-2::B3-19::B-A05::B-B02::B-A07::N-3-1::N3-5::N-2-12::N3-12::N-B02::N3-7::N-B10::N-B08::N-A03::N-2-27::N-1-10::N-A02::N-A10::B-A12::N3-13::N-A12::B3-c-10::	130
chr5	32441000	32674000	chr5_32441000	36	233000	0.00205750258169771	41	6.11301017487968e-06	35	0.00608528872098042	::N-1-6::B3-17::B-2-17::N-2-17::B-3-1::N-A05::B-A05::N-A08::B-B02::N-2-25::B-2-25::B-A07::B-3-4::N-2-23::B-A08::N-3-1::B-2-15::N-A12::N3-16::B3-16::B-A10::N-A11::N3-19::N-2-15::N3-17::B3-19::B3-c-10::B-2-23::B-A11::B-B09::N-B09::B-A12::N3-11::N3-c-9::B3-13::B-B07::	24
chr5	34312700	34545700	chr5_34312700	37	233000	0.0006768623631501	75	6.58218610621619e-29	64	1.48110644549528e-20	::N3-16::B3-6::B3-12::B-2-21::N3-3::B3-3::N-A12::N-B04::N-B05::N-B08::B-B02::B-1-7::B-1-6::N-A01::N-B10::B-B10::N-1-6::B-B05::N-2-26::B-2-15::B-2-14::B-A05::N-B03::N-A02::B-3-1::B3-c-9::B-A08::N-2-12::N3-13::B3-16::B3-13::B-A12::B3-11::N-2-17::B-2-17::B-2-23::B3-17::	35
chr5	53442500	53675500	chr5_53442500	33	233000	0.0488770231782934	38	0.000216809581121952	32	0.132512542373176	::N-B05::B3-3::B3-2::B-1-2::B-A12::N-3-4::B-2-14::B3-6::N3-6::N-A02::B3-13::N3-13::B3-19::B3-c-9::B-3-1::N-B09::B-3-4::B-2-12::B-B04::N-B02::B-B02::N-A10::B3-17::N-A03::N-2-21::N-B04::B-B05::B-A02::B-2-23::N-2-23::N-B03::N3-c-28::B-2-26::	19
chr5	65449200	65682200	chr5_65449200	42	233000	1.7716075783218e-06	65	2.77354116697076e-21	59	5.0719044664366e-17	::B-2-15::N-2-26::B-2-26::B-B02::N-A03::N-1-7::B-B10::N-3-1::N-2-21::B3-7::B-A10::N-2-15::B-A02::B-3-1::B-1-2::B-B05::N3-c-14::B3-13::B-A07::N-A11::B-2-21::N-A01::B-2-25::N-A12::N-1-6::B-1-10::B3-c-14::B-1-6::B3-c-28::B3-12::B-A11::B-1-7::B3-6::N3-6::N3-13::N-B02::N-1-10::B-B07::B-2-23::B-B09::N-B05::B-A05::	37
chr5	90201600	90434600	chr5_90201600	40	233000	2.0590992208127e-05	67	9.29264358653406e-23	63	7.78761628783914e-20	::B-A02::N-1-6::B-A04::B-B05::N-B05::B3-c-9::B-B04::B3-6::N-2-17::B3-17::B-A10::N3-13::B-A12::N-1-2::N3-3::B-1-2::B-A01::B3-19::N3-6::N-A10::N-2-23::B-2-25::B3-12::N-2-21::B-2-15::N-B10::B-B09::N-1-7::N3-17::B3-7::B-1-6::N3-19::B-1-7::B-A08::N3-c-14::N-A02::N-2-25::N-A07::N-B08::N-3-1::	34
chr5	103612200	103845200	chr5_103612200	35	233000	0.00608528872098042	42	1.7716075783218e-06	35	0.00608528872098042	::B3-13::B3-3::B-A11::N-A11::N3-3::B-1-2::B-B09::N-B08::B-B08::N3-6::B-2-12::B3-c-9::N3-13::N-B03::B-2-15::B-2-23::B3-7::N-3-4::N-2-15::N-2-9::B3-6::B3-c-28::B-2-21::N-B10::B3-12::B3-5::B-A07::N-A07::B-1-6::N-2-23::N-B05::B-1-7::N-1-7::N-1-6::B-A04::	22
chr5	115012800	115245800	chr5_115012800	33	233000	0.0488770231782934	42	1.7716075783218e-06	40	2.0590992208127e-05	::N-B10::B3-5::B-B10::B-A05::N-B02::N-1-6::N-A04::N3-13::B3-13::B-B02::B3-12::N3-c-9::B3-3::N-A02::B-2-15::B-B05::B3-7::B-1-2::N3-19::B-B04::N-B04::N3-6::N-2-9::B-A10::B-2-14::B-2-21::B-A12::B-A08::B-A07::B-2-25::B-3-4::N-2-15::N3-7::	24
chr5	122269700	122502700	chr5_122269700	37	233000	0.0006768623631501	53	5.0594137318309e-13	46	9.92939657011543e-09	::B-A02::N-2-15::B-A10::B3-19::B-B03::N-B08::B-B04::B-B10::B-B05::B-A11::N-A11::N-B02::N3-19::N3-13::B-A08::B-A03::N-A08::N-A03::B-3-4::N-2-25::N-3-1::N-2-27::B3-c-9::B-3-1::N-B09::B-2-15::B-A01::N-A01::B-A07::B-B02::N-1-2::B3-3::B-1-6::B3-6::B-2-25::B-B09::B-2-27::	30
chr5	147333800	147566800	chr5_147333800	37	233000	0.0006768623631501	58	2.45844997253333e-16	51	9.41143844586278e-12	::N3-19::N-2-27::N-A03::B-2-25::B3-13::N3-17::N-2-17::B-A02::B3-c-9::N-2-15::B-A08::B3-19::N3-2::B-A05::N3-c-14::B3-17::B3-5::B-B03::B-1-7::N-2-23::B-2-23::N-1-7::B3-7::B-B08::B-3-1::B-A12::B-1-6::N-B04::B-B02::B3-c-28::B-B07::N-B08::B3-6::B-B04::B-A10::N3-6::B-3-4::	32
chr6	28487900	28720900	chr6_28487900	36	233000	0.00205750258169771	49	1.61984248107437e-10	48	6.52089433985806e-10	::B-A05::N-1-2::B-A02::N3-19::N-2-14::N-2-23::N3-2::B-2-15::B-1-6::B3-3::N-A02::B-B10::B3-19::B3-c-28::N-B07::B-B02::B-1-7::B-1-2::N3-3::B-B05::B3-6::B-2-21::B3-7::N3-12::B-A04::B-A10::B-2-23::N-A11::B-3-4::B-A07::N-B05::N-B02::N-2-21::N-A01::B3-5::N-2-15::	20
chr6	35008500	35241500	chr6_35008500	34	233000	0.017497964524623	44	1.38729812577056e-07	43	5.01488265095604e-07	::N-2-23::B-2-23::N-B04::B-B07::N-B10::B3-6::B-3-1::N-A02::B3-17::B3-3::B3-12::B-A08::B-1-6::B-B05::B3-19::B3-11::N-A07::N-2-25::B-2-25::B3-c-9::N3-19::N-B09::N3-6::B-B03::N3-17::N-1-2::N-B03::B-A10::B3-c-10::B3-c-28::N-3-1::B-2-9::B-3-4::N3-13::	25
chr6	38437900	38670900	chr6_38437900	37	233000	0.0006768623631501	46	9.92939657011543e-09	39	6.76667883959702e-05	::N3-17::B-2-25::B3-c-28::B-B11::B3-6::B-2-9::N-2-17::N-2-26::B-B05::N-B07::N-1-2::N-3-1::B-1-6::B3-7::N-2-27::N-2-25::N-B03::B-1-7::B3-19::N3-16::B3-3::N-3-4::B-2-14::N-A12::B-A08::B-2-17::N3-11::B3-13::N3-13::B-B04::N-A04::B-B10::N-B08::N3-15::B-B03::B-B02::N3-12::	21
chr6	38699200	38932200	chr6_38699200	34	233000	0.017497964524623	43	5.01488265095604e-07	41	6.11301017487968e-06	::N3-6::N-A03::B3-17::N-1-7::B-2-15::B-B02::B-A10::B3-19::N-B05::B3-13::N3-16::N-2-15::N3-11::N3-13::N-A05::N-A07::N3-19::N-2-9::B-2-9::N3-3::N-2-25::N-2-23::B-2-23::B-2-14::B-2-25::B3-6::B-B03::B-A11::N-2-21::N3-17::B-1-6::B-A08::B-3-4::N3-5::	21
chr6	47353700	47586700	chr6_47353700	45	233000	3.75248519008307e-08	59	5.0719044664366e-17	49	1.61984248107437e-10	::N-A01::B-B02::N3-6::N-B04::N3-3::N3-19::B-2-9::B-2-23::B-2-21::B3-c-28::B-A01::B-1-10::N-A02::B3-2::B-B04::N-2-17::B-2-15::B-B10::B-A08::N-B07::B3-15::N-A03::B3-12::B3-7::N-B10::N-3-4::B-2-12::N-1-7::B-B03::N-B03::N3-13::B-A02::B3-6::B-B09::N-B05::N-A10::N-1-6::B-A07::B-2-25::N-2-15::N3-c-9::B3-c-14::B3-c-9::B-B05::N3-16::	27
chr6	83787100	84020100	chr6_83787100	34	233000	0.017497964524623	37	0.0006768623631501	35	0.00608528872098042	::B3-17::B-B04::N3-17::N-B07::B3-2::B-2-23::N-B08::B-A07::B-1-6::B-2-15::N-2-17::N-2-26::B-3-4::B-1-7::B-A12::B-A08::B-A01::B-A02::B3-11::B-2-25::N-2-27::N-B04::N-2-21::N3-16::B-1-2::B3-c-28::N-2-14::N-A01::B-B09::B-B10::B3-c-10::B-2-21::N-2-9::B-2-9::	19
chr6	86693800	86926800	chr6_86693800	34	233000	0.017497964524623	36	0.00205750258169771	34	0.017497964524623	::N-2-17::B-2-15::N-A02::N-3-1::N-1-6::N3-11::N-2-26::B-A12::N-A04::B3-c-10::B-B07::N-B02::N-A01::N-1-7::B-B11::N-A05::B-B03::B-A10::B-1-10::N3-17::B-A05::B-A01::N-2-15::N3-13::B3-c-9::B-1-7::B3-5::B-2-23::B-A07::B3-c-28::B-1-2::N-B09::B-B04::B-B09::	21
chr6	103560300	103793300	chr6_103560300	33	233000	0.0488770231782934	43	5.01488265095604e-07	18	3475.5528554995	::B-2-27::N-A01::B-A01::B-B05::B-1-7::B3-19::B3-c-28::N-2-14::N-B11::N-3-1::B-B11::N3-13::N-B10::N-2-12::N3-16::N-A05::N-B04::N-2-21::N-B08::N-B05::N-1-7::N-2-15::N3-3::N-A12::N3-11::N-A02::N-A11::N-2-23::N3-19::B-A10::B-A07::B3-11::B-3-4::	22
chr6	112970900	113203900	chr6_112970900	46	233000	9.92939657011543e-09	64	1.48110644549528e-20	53	5.0594137318309e-13	::B-B09::B3-c-28::N-2-23::B-B10::B-1-6::B-B02::B-B05::B-1-2::N-B11::N-1-6::B3-c-9::N3-c-9::B-2-12::N3-16::B-B04::B-A11::B3-c-14::N3-c-14::N-2-15::B-2-21::B-2-15::B-A12::B-A07::B-2-23::N-1-4::N-1-2::B-A05::B-2-27::N-2-27::N-2-25::N3-13::N-1-7::B3-2::B-B11::N-A03::N-2-17::B-A08::B-B07::N3-11::N-B08::B-B08::B-A03::B-2-25::N-1-10::B-B03::N-A05::	39
chr6	119797400	120030400	chr6_119797400	37	233000	0.0006768623631501	54	1.14042869532538e-13	49	1.61984248107437e-10	::B-A05::B-A04::B-2-15::B-1-6::B3-6::B3-11::B3-3::B3-19::N-B09::N-B03::B-B04::N-1-2::B-A08::N-2-9::B-B10::B-B05::N3-19::B-A07::B-A12::B3-7::B-A11::N-2-21::B-2-21::B3-13::N-2-23::N-B11::N-2-15::B-2-12::N-2-12::B-2-14::N-2-14::N3-11::B3-17::N-B05::N-A01::N3-12::B-2-25::	29
chr6	134040500	134273500	chr6_134040500	34	233000	0.017497964524623	48	6.52089433985806e-10	41	6.11301017487968e-06	::N-A03::N-2-25::B-B09::B-A04::N-A02::B-A02::N-A08::N-2-21::B-2-15::B-2-25::B-2-9::B-B11::B-1-10::N-A05::B-A05::B-B04::B-A08::N-B03::B-B05::N-3-1::B-3-1::B-B02::B-B03::B3-3::N-A01::B3-6::N-B04::N-1-2::B-1-4::B-A01::N-2-17::N-B02::B-1-6::N-2-15::	20
chr6	134528500	134761500	chr6_134528500	45	233000	3.75248519008307e-08	55	2.52387096842356e-14	46	9.92939657011543e-09	::N-A03::N-2-23::B3-5::N-A02::N-1-2::B3-12::B-1-7::N-2-12::B-2-12::B-B02::B3-19::N3-16::B3-6::B-1-6::N3-c-9::B-2-23::N-B09::B3-17::N-B11::B-2-15::B-1-10::N-A08::B-2-27::B-3-1::N-2-25::B-B04::B-2-21::N-A05::B-A03::B-A08::N-A11::B-A05::B-A10::B3-c-28::N-3-1::N-1-6::B-3-4::N-A10::B-2-14::N3-11::N-A01::B3-3::B-B09::N-B03::B-B03::	29
chr6	146875900	147108900	chr6_146875900	33	233000	0.0488770231782934	46	9.92939657011543e-09	42	1.7716075783218e-06	::N3-11::B3-7::B-A02::B-B10::B-3-4::N-A11::B-A11::B-A07::N-3-4::B3-11::B-B03::N-B03::N-2-14::B-A10::N-A07::B-1-7::N-2-15::B-A12::B-B02::B3-5::N-B10::B-A04::B-2-23::B3-17::N-2-17::B-B07::N-2-21::N3-7::N3-6::B-B09::N-A02::B-A05::N-1-2::	18
chr7	67152200	67385200	chr7_67152200	34	233000	0.017497964524623	38	0.000216809581121952	31	0.348373621783557	::N-B08::N-A05::N-3-1::B-3-1::B3-15::N-2-23::B3-7::B-B05::N-B04::B-B09::B-B07::N3-c-14::N3-3::N3-17::B-A03::N-1-7::N-A01::B-B04::B-A11::N-A11::B-2-26::B3-6::B3-11::B3-5::B-2-15::B3-17::B-A08::N-A03::N-A08::B-A02::B-1-7::N3-11::B3-2::N-B09::	22
chr7	80572200	80805200	chr7_80572200	35	233000	0.00608528872098042	43	5.01488265095604e-07	37	0.0006768623631501	::B3-2::N-A04::B-3-1::N3-2::N3-19::B3-c-9::B-A07::N-B08::B-1-6::B3-3::N-A11::B-3-4::N3-12::B-2-21::N-2-15::B-2-15::B-2-9::N-B09::B3-19::N-B04::B3-13::N3-16::N-A08::N3-13::B-A02::N-A07::B-B02::N-1-6::B-B11::N-A02::N-A10::B-1-2::B-2-17::B-2-12::N-2-17::	19
chr7	89953600	90186600	chr7_89953600	40	233000	2.0590992208127e-05	58	2.45844997253333e-16	47	2.57150101163265e-09	::B-B05::N-A03::B-A03::B-A02::B-B04::N-B04::B-B11::B-1-6::N-1-2::B-B09::B-A04::B-1-2::N-A02::B-B02::B-2-21::B3-17::N-B09::N3-11::B3-11::N-1-4::B-A08::N-B02::B-2-23::B-B07::B3-c-9::N-2-25::N3-c-32::N3-16::N-A11::B3-6::B3-7::N-3-1::B-B10::B-3-1::N-2-21::N-A01::B-A01::B3-13::N3-13::B-A11::	30
chr7	102046200	102279200	chr7_102046200	35	233000	0.00608528872098042	46	9.92939657011543e-09	42	1.7716075783218e-06	::B-1-7::B3-c-28::N3-13::N-2-17::B3-6::B3-7::B-A05::N-2-25::B-B07::N-B07::N-2-15::N-B10::B-1-10::B-2-21::N-A02::B-3-1::B-B04::B-A07::B-B05::N-B05::N3-c-9::B3-c-9::B-2-15::N-1-6::B-1-2::N-2-27::N-B09::N-1-2::B-2-27::B-B02::B-2-26::B-3-4::B3-12::N-2-21::N3-11::	24
chr7	112021000	112254000	chr7_112021000	36	233000	0.00205750258169771	49	1.61984248107437e-10	44	1.38729812577056e-07	::N-A02::B-A02::B-B05::N-A01::B-1-7::B3-13::B-1-2::N-B07::N-B03::B-B03::N-2-25::B-A04::N-1-2::B-2-14::N3-17::B-1-6::B-1-10::B-2-27::B-B09::N3-7::B-B07::N-2-17::B-2-17::N-B04::B-B02::B3-12::N-2-21::N-2-27::B-A08::B-2-23::N-1-7::B3-2::N-B02::B-2-9::B-A07::B3-7::	31
chr7	118038200	118271200	chr7_118038200	39	233000	6.76667883959702e-05	49	1.61984248107437e-10	45	3.75248519008307e-08	::B-B07::N-2-25::B-2-14::B-2-23::B-B05::B3-16::N3-16::B-1-2::B-B04::B-B08::B3-6::N3-19::B3-3::B-A01::B-3-1::N-A05::B-A05::B-3-4::N-1-6::B3-11::N-B08::B-A08::N-2-23::B-B03::N-2-14::B3-7::N3-11::B-1-10::N3-5::N3-13::N-A08::N-3-1::N-3-4::B-2-27::N-2-27::B-2-26::B-A11::N3-17::N-A12::	22
chr7	121617800	121850800	chr7_121617800	53	233000	5.0594137318309e-13	65	2.77354116697076e-21	25	56.7872903935448	::B-1-10::B-B07::N-3-4::N3-5::N-A02::N3-13::B-B10::B-A04::N-2-17::B-B05::N-B09::B-2-27::N-2-27::N-1-2::N-B04::B-2-9::B3-c-32::N-2-15::B3-12::B-B04::B-2-25::B-3-1::N-3-1::N-2-12::N-2-21::N-A10::N-2-25::N-1-6::N-A11::N3-16::N-2-14::N3-6::N-B05::N-B07::N-1-9::N-B08::N-2-9::N-2-26::N3-11::N-B11::N-A12::N-B02::N-1-7::N-A07::N-A05::N3-2::N-A04::N-B10::N3-19::N3-c-10::N3-3::N-2-23::N3-17::	55
chr7	136176000	136409000	chr7_136176000	60	233000	1.02891977807122e-17	65	2.77354116697076e-21	13	13374.4550613426	::B3-19::N-2-17::N3-6::B-B04::N-B07::B-2-17::B-2-15::N-A05::B3-6::B-B09::N3-c-10::N-A02::N-2-12::N-B11::N-A08::N-2-9::N-2-14::N3-13::N-2-26::N-B04::N3-17::N-2-27::N-2-25::N-B09::N-B05::N-A11::N3-5::N-B02::N-2-23::N-B03::N-A10::N-3-4::N3-19::N-A07::N-3-1::N-A01::N3-11::N-1-2::N-2-15::N3-16::N-1-6::N-2-21::N-A12::N3-c-32::N-A03::N-A04::N-1-10::N3-c-28::N-1-4::N3-2::N-1-7::N-B10::N3-3::N-B08::N3-7::N3-c-9::N3-12::N3-c-14::N3-15::B-A10::	59
chr8	25604500	25837500	chr8_25604500	34	233000	0.017497964524623	42	1.7716075783218e-06	39	6.76667883959702e-05	::B-B02::B-2-14::N-1-2::B-A08::N-3-4::B-3-4::B3-19::B-A03::N-A07::B-A07::N-2-15::N-2-25::B-2-12::N3-13::B-B10::B-1-7::B-2-21::B-2-15::B-B08::B-2-27::N-B03::B-1-2::N-B09::B-2-9::B3-5::N-2-12::B-A02::N3-c-14::B-A12::B-B03::N-A08::B-2-25::B-A05::N-A05::	19
chr8	80696000	80929000	chr8_80696000	33	233000	0.0488770231782934	46	9.92939657011543e-09	39	6.76667883959702e-05	::N-B10::N3-19::B3-19::B-1-6::B3-3::B3-11::N-A01::B-A01::N3-12::N-2-15::N-B03::N3-13::B-3-1::B3-7::B3-15::N-B09::B-2-23::B-A05::B-B07::B-1-7::B-2-15::B-B05::N-B07::N-2-12::N-B04::B-B04::N-B05::B-B10::N3-15::B3-13::N-2-23::N-A11::B-A11::	16
chr8	90826700	91059700	chr8_90826700	34	233000	0.017497964524623	46	9.92939657011543e-09	40	2.0590992208127e-05	::N-2-27::N3-6::B3-6::N-3-4::B-3-4::N-A01::N-2-15::N-A11::B3-7::N-1-6::B-A11::N-A12::B-2-27::B3-11::N-3-1::B-2-9::B-3-1::N-B02::B-2-15::B-A12::B3-5::B-B10::B-2-23::B-2-14::B-2-25::B-B02::B3-c-28::N-2-17::N-B09::B3-19::N3-11::B-B07::B-A04::B-B11::	21
chr8	95702200	95935200	chr8_95702200	35	233000	0.00608528872098042	56	5.48581076235518e-15	49	1.61984248107437e-10	::N3-17::B-A07::N-1-2::N-B10::B-B04::B3-2::N3-16::B3-16::N-2-23::N3-6::B-B05::N-A05::B-2-23::N-A02::B-2-14::N3-7::B-1-6::N-B05::B3-19::N-2-17::N-A07::N-2-15::N-2-25::B3-6::B-B10::B-A01::B-1-2::B3-c-10::B-B02::N-A12::B-2-25::N3-13::B-A11::N-A11::N-B08::	28
chr8	107117200	107350200	chr8_107117200	33	233000	0.0488770231782934	48	6.52089433985806e-10	36	0.00205750258169771	::B-A12::B-A05::N-B10::N3-16::B3-7::N-2-23::B-2-23::N-B03::B-B03::B-B07::N-B07::N-B09::B-3-1::B-A08::N-A01::N-A11::N-1-6::N-2-15::N3-12::N-2-21::B-B10::B-2-15::B-2-21::N3-13::N3-15::N-A05::N-A12::N-B05::B-B05::B3-6::B-A10::B-2-14::B3-16::	30
chr8	109669800	109902800	chr8_109669800	45	233000	3.75248519008307e-08	76	1.0541884807377e-29	58	2.45844997253333e-16	::B-2-9::N3-17::B-1-6::N-A02::B-A10::B-1-7::B-2-25::B3-c-10::N-B08::B-B10::N-B10::B-1-4::N-2-15::N-B07::N3-19::B-2-21::B-2-14::N-2-14::N-B11::N-1-6::B3-19::B-A02::N3-11::B3-11::B-2-15::N-2-25::B3-12::N-1-7::B-A12::B-B07::N-3-1::B-3-1::N-2-17::B-2-17::B-B02::B3-c-32::B-B05::N-2-21::N-1-4::N-1-9::B3-c-14::N3-c-14::N-A04::B-A07::B3-17::	37
chr8	111510500	111743500	chr8_111510500	34	233000	0.017497964524623	41	6.11301017487968e-06	36	0.00205750258169771	::N-1-6::N-2-12::N-2-26::B-B07::N-A11::N-1-10::B3-13::B-B10::B-1-2::N-2-15::N-B10::N3-16::B3-16::B-2-25::N-B09::B3-7::N-2-21::B-B02::B3-11::B-B03::B-A07::B-2-17::B-B09::N3-17::B-1-6::B-1-10::B3-17::B-2-26::B3-5::B3-19::B-A11::N-2-14::B-A02::B-3-4::	23
chr8	117283200	117516200	chr8_117283200	33	233000	0.0488770231782934	43	5.01488265095604e-07	37	0.0006768623631501	::N-A10::N3-16::B3-16::B-B04::B3-17::B-1-2::B-B07::N-B10::N-2-15::N-A01::B-2-17::N-2-17::N-B09::B-A10::N-A11::N-1-2::N-B04::B-B02::B-A12::N-2-26::B-1-10::N-A05::B-A02::B3-5::N-B05::B-A08::N-A02::N-B08::N3-13::N-3-1::B-3-1::B-B03::B-A07::	23
chr8	122820400	123053400	chr8_122820400	38	233000	0.000216809581121952	48	6.52089433985806e-10	42	1.7716075783218e-06	::N-B03::B3-2::N-A11::N-B02::N-3-1::B-3-1::B3-6::N3-19::B3-19::B-B07::B-B10::B-A08::B-B02::B-2-15::N-B04::B3-7::B-B05::B-1-2::N-2-14::B3-15::B3-17::N-A05::B3-3::B-B03::N-A02::B-A02::N-B10::B3-5::B-A07::N-A01::B-2-17::B-2-25::N3-13::B3-13::B-A10::N-B09::B-2-14::B-2-23::	25
chr8	127037700	127270700	chr8_127037700	36	233000	0.00205750258169771	48	6.52089433985806e-10	46	9.92939657011543e-09	::N-A11::N-B11::N-2-23::B3-c-10::B-1-6::B-B07::B-B09::N-A08::B-B03::B-3-4::B3-5::N-2-15::N-2-9::B3-6::N-A02::B-1-2::N-2-25::B-B04::B3-12::N-2-26::B3-17::N-A01::N-B09::N-3-1::B-2-26::B-2-25::B-B02::B-B05::N3-6::B-A08::B-A12::B-2-21::B3-19::B-2-14::N-B08::B-B11::	28
chr9	3000100	3233100	chr9_3000100	60	233000	1.02891977807122e-17	117	1.58266754297896e-66	36	0.00205750258169771	::N-A08::N-B08::B-B02::N-3-4::N-B07::N-A05::N-A04::N-2-17::N-A02::N-2-23::N-2-15::N3-6::N3-16::N-B05::N3-11::B-B11::B-A02::B-A10::N-B11::N-A11::B3-7::N-2-21::N-A01::N3-19::N-2-12::N-B04::N-2-26::N-B10::N-2-14::N3-5::N-A07::N3-17::N3-13::N3-2::N-1-10::N-2-27::B3-5::B3-11::B-2-15::B-1-10::B3-c-28::B-B10::N-B02::B3-17::B-2-23::B-A08::N-A12::N-2-25::N-1-6::N-1-4::N-B03::B-B09::N3-15::N-A03::B-B05::B-2-17::B-2-25::N3-c-28::N-B09::N-1-7::	55
chr9	21432600	21665600	chr9_21432600	37	233000	0.0006768623631501	57	1.17146054919762e-15	51	9.41143844586278e-12	::B-B07::B-A07::B-B08::N-B08::N-2-17::B-2-21::N-2-15::B3-11::B-B10::B-1-2::N-2-25::N-1-2::B-B04::N3-5::N3-17::B-3-4::N-B07::N-2-9::B-2-9::N-B04::B-2-14::N3-16::B-B05::B-1-6::B3-3::B-A08::B3-12::N3-19::N-A05::B3-13::B-A02::B-B02::B3-19::B-1-10::N-A04::N-A08::N-2-12::	30
chr9	59277800	59510800	chr9_59277800	42	233000	1.7716075783218e-06	60	1.02891977807122e-17	57	1.17146054919762e-15	::N-2-27::B-A08::B-A03::N3-19::N3-11::N-2-23::N-1-7::B-2-23::N-B08::B-2-12::N-2-12::B3-12::N-A08::N-B10::N-A02::B-B09::B-B02::N-A01::B-3-1::B3-6::B3-3::N3-13::B-2-14::N-A07::N-2-14::N-1-4::B3-15::N-2-15::N-B07::B-2-27::N3-16::B-B10::N-2-17::B-2-17::B-2-15::B3-2::B-B03::B3-5::B-A10::B3-16::B-B05::B-2-21::	26
chr9	65598600	65831600	chr9_65598600	37	233000	0.0006768623631501	46	9.92939657011543e-09	42	1.7716075783218e-06	::N-2-14::B-B04::N3-13::B-1-2::B-B10::B-2-23::N-B03::N-1-10::N-B04::B3-17::N3-17::B-A04::B-3-4::B3-12::B-B05::B3-15::B-B09::N-2-25::N-A10::B-B11::N-B11::B-B02::B-2-14::B3-7::B-A01::B-2-27::N-2-27::B3-c-28::N-1-2::N-A08::B-A03::B-2-15::N-B02::B3-13::B-A07::N-A07::B-1-7::	24
chr9	66360800	66593800	chr9_66360800	42	233000	1.7716075783218e-06	53	5.0594137318309e-13	50	3.94334233343715e-11	::B3-6::B-3-4::B3-3::N-B08::B-B07::N-B07::B3-11::N-B05::B3-17::B-B10::B-B05::N-1-6::B-2-15::N3-17::B3-19::B-2-17::N3-16::N-B04::N-2-27::B-A01::B-A08::B3-7::B-B09::B3-15::N3-15::B-1-7::B-2-14::N3-13::B-1-6::N-2-23::B-1-2::N-1-2::N-2-17::N3-c-10::N-B10::N-A11::B-A07::N3-19::N-2-15::B-A02::B-2-21::N-B11::	27
chr9	70388200	70621200	chr9_70388200	44	233000	1.38729812577056e-07	57	1.17146054919762e-15	50	3.94334233343715e-11	::B-1-6::N3-16::B-B02::N-B02::N-1-6::B3-13::B-A07::N-2-15::B-1-2::N-A11::B-A05::B-B09::B3-6::N-A07::B-B05::N-A05::N-1-2::B-A01::B3-3::B3-7::N3-c-9::B3-c-9::N-3-4::B-B10::B-1-7::B-A08::N-B05::B-A11::B-3-1::N-3-1::N-A03::B-B07::B-2-23::N-2-21::B-B04::N-B07::N-B11::B-2-15::N-B09::N3-17::B-A10::B3-c-28::B-2-21::B3-5::	25
chr9	71881400	72114400	chr9_71881400	52	233000	2.20299932268566e-12	89	1.55007394607649e-40	76	1.0541884807377e-29	::N-B11::B-B10::B-A11::N-B08::N-2-12::B-2-12::B-A01::B-A10::N-B09::B-B08::B3-11::B-2-21::B3-17::N-A11::B-2-17::B-3-1::N-A05::N-A07::B-A05::B-A12::N-A12::N3-c-32::N-1-7::B3-2::N3-13::B3-5::N-2-15::B-2-14::B-1-6::B-B02::B3-6::N-1-4::B-2-25::N-B03::N-2-14::B3-12::N-B10::N-B04::N-2-17::N-2-25::N-1-6::B3-c-10::N3-17::B-2-15::B-B11::N-B05::B-1-2::B-3-4::B-B04::B3-c-28::B3-3::B-2-9::	51
chr9	72535200	72768200	chr9_72535200	39	233000	6.76667883959702e-05	51	9.41143844586278e-12	45	3.75248519008307e-08	::B3-17::N-B03::B-A05::N-A05::B-B10::B-B02::N-B08::N-2-23::N-1-2::B3-6::B-2-9::N3-11::B3-11::B-2-25::N-A01::N-B10::B-2-23::B-A10::N3-19::N-2-26::B-A08::B-1-6::N-2-15::B3-16::N3-16::N3-6::B-A04::B3-7::B-3-1::N-3-1::N-B02::B3-5::B-A02::B3-3::N3-3::N-A08::B-3-4::B-A07::B3-c-10::	29
chr9	75039500	75272500	chr9_75039500	33	233000	0.0488770231782934	48	6.52089433985806e-10	41	6.11301017487968e-06	::N-2-15::B3-c-28::B-A07::B3-c-10::N-A11::B-B05::N-B04::N-B05::B3-5::B-2-25::B-A02::B-A04::N-3-1::N3-11::B3-12::B-1-6::N-B09::N-B10::N-2-25::N-1-2::N3-3::B-B10::B-3-4::B3-3::N-1-6::B-A10::B-A11::B3-13::N-B07::N-A07::B-2-15::B-B11::B3-11::	28
chr9	80071100	80304100	chr9_80071100	37	233000	0.0006768623631501	54	1.14042869532538e-13	46	9.92939657011543e-09	::B-1-6::N3-3::B-B02::N3-c-28::B3-3::N3-16::N-2-17::B-1-2::B-3-1::B-2-21::B-B10::N-B10::B-A05::N-A07::B-A07::B-2-15::B-B11::N-2-26::B-2-26::B3-7::N-B03::B3-6::B3-c-9::N-A11::B-A11::B-A08::B-B07::N-1-7::B3-5::N-2-15::B-B09::N-B09::N-1-2::B-1-10::B-B05::N-A01::B3-c-28::	29
chr9	100626600	100859600	chr9_100626600	38	233000	0.000216809581121952	49	1.61984248107437e-10	44	1.38729812577056e-07	::N3-13::B-A10::N-2-12::B-2-12::N-B10::N-A07::N-2-25::B-2-25::B3-17::B-2-9::N-A01::B-A07::B-A04::B-B11::N3-16::N-1-7::B-1-7::B-3-1::B-B03::B-A02::B3-c-28::B3-c-9::B3-5::N3-17::N-A08::N-B09::B3-3::B3-c-10::B-2-14::B-B09::B-1-6::N-1-2::B-A11::B-1-2::N-3-4::N-2-15::N-A04::B3-11::	19
chr9	107659900	107892900	chr9_107659900	51	233000	9.41143844586278e-12	71	8.74725309485034e-26	59	5.0719044664366e-17	::N-B07::B-B09::B3-13::N-2-17::B-A04::N-2-25::B-2-25::N-A01::B-2-23::B-1-2::N-2-21::N3-11::B3-11::N-B02::B-B02::B-A05::B3-17::B-B03::N3-17::B-B10::N-A07::B-1-7::B3-5::B3-3::N3-c-10::B-1-4::N-1-7::N-B04::B-A12::B3-16::N3-3::B-2-15::B-A01::N3-7::B3-6::N-A12::N-2-15::B-2-21::B-A08::B-1-6::B-3-4::N-1-6::N-B11::N-A02::B-A02::N3-13::B-A07::N3-16::B-2-9::N-A11::N3-c-14::	39
chr9	108602200	108835200	chr9_108602200	37	233000	0.0006768623631501	48	6.52089433985806e-10	43	5.01488265095604e-07	::B-2-23::B3-16::N-2-15::B3-c-9::N-B04::B-B04::N-B10::B3-17::N-2-23::N-A11::B-A03::N-A03::B-A07::B-3-1::N-B03::B-1-7::N-1-7::N3-c-9::N-2-21::B3-5::N3-3::N-A01::B-B11::B-A10::N-B09::B-A08::N3-16::B3-2::B3-7::B3-6::B-B07::B-B10::N-A08::N-B08::B-2-15::B-3-4::N-A12::	27
chr9	110509500	110742500	chr9_110509500	44	233000	1.38729812577056e-07	64	1.48110644549528e-20	54	1.14042869532538e-13	::N-A02::N-A01::N-A12::N3-12::B-3-4::B-1-7::B-2-12::N-2-12::N-B05::B-1-2::B3-12::B-2-17::B-B05::N-2-17::N-2-14::B-2-14::B-1-6::B-2-15::N-2-23::B-2-23::B3-19::B3-7::B-1-4::B-2-25::N-3-1::N-B11::B-B10::N-1-2::N-B08::B-A08::B-B11::B3-15::B-A10::B-2-21::B-A11::N-A11::B-B02::B3-5::N-2-21::N-1-10::N-A03::B-A03::B3-6::N-1-7::	25
chr9	115115500	115348500	chr9_115115500	33	233000	0.0488770231782934	38	0.000216809581121952	35	0.00608528872098042	::B-A07::B-2-21::B-A12::N3-2::B-2-15::B3-17::N-1-6::B-3-1::N-1-7::N3-16::N-A10::B-A10::B3-6::B-B05::N-B05::B-B04::B-A08::N-B11::B-B11::N-A08::B3-7::B-2-25::N-B03::B-B02::B3-19::N-3-1::N-A12::B-1-2::N-A01::B-2-17::N-A07::N3-13::B3-c-28::	15
chrUn_GL456393	200	233200	chrUn_GL456393_200	53	233000	5.0594137318309e-13	80	6.09624854065073e-33	68	1.66338227293424e-23	::B3-11::N-2-23::N-B03::N-A05::N-2-17::N-2-25::N-A04::N-B11::N-B02::N3-19::N-3-4::B-A08::N-2-15::B-1-2::B-1-10::N3-6::B-1-7::B3-7::N-B10::N-2-21::N-B05::N-B08::N3-16::B-B02::B3-3::N-A03::B3-15::N3-13::B3-17::B-1-6::B-B05::B-2-21::N-A11::B3-6::B-3-1::N-1-7::B-A07::N3-c-28::N-A01::B-A12::B-A03::B-A04::B-B11::N-2-26::N-B09::N-1-6::B-2-15::B-B04::N3-11::N-A08::B3-19::N3-17::N3-c-14::	41
chrUn_JH584304	1500	234500	chrUn_JH584304_1500	39	233000	6.76667883959702e-05	53	5.0594137318309e-13	48	6.52089433985806e-10	::B-B02::B3-3::N-A03::B3-15::N3-13::B3-17::N-2-23::B-1-6::B-B05::B-2-21::N3-16::N-A11::N-2-15::B3-6::B-3-1::N-1-7::B-A07::N3-c-28::N-A01::B-A12::B-A03::B-A04::B-B11::N-B08::N-B11::N-2-26::N-B09::N-1-6::B-A08::B-2-15::B-B04::B-1-2::N3-11::N-A08::B3-19::N-3-4::N3-17::N-2-17::N3-c-14::	24
chrX	18164500	18397500	chrX_18164500	54	233000	1.14042869532538e-13	110	9.99364172513012e-60	80	6.09624854065073e-33	::N-B04::N-2-21::N-A04::N-1-6::B-1-6::B-B07::N-B03::N-A01::B-A08::N-B09::B-B09::B-1-2::B3-15::N-A02::B-B10::N-B10::B-2-14::B3-19::B-B04::B3-12::B3-17::N-1-2::B-A05::B-A10::B3-7::N3-7::B3-5::N3-c-9::B3-c-9::B3-2::B-2-26::B-A02::N-2-15::B-2-23::B-A11::N3-c-14::N-A11::N-2-17::B-2-17::N3-17::N-B08::B3-3::B-2-15::N-3-1::N3-12::B-A07::B-3-1::N-A05::B-1-7::N-2-23::N-1-7::B3-11::N-2-9::N3-16::	47
chrX	77490500	77723500	chrX_77490500	36	233000	0.00205750258169771	42	1.7716075783218e-06	36	0.00205750258169771	::B-B05::B3-2::N-A08::N-B05::N-A10::B-3-4::N3-13::B3-13::B-A02::N-B11::B-2-21::N3-12::B3-7::B-A08::B-1-10::N-A01::B-B07::N-B07::B-B11::N-B10::B3-17::B3-12::N-B04::N-A05::B-2-14::N-2-14::B-A05::B-A10::N-2-21::B-A07::N3-19::N-A02::B-3-1::B-2-15::B-1-9::B3-15::	22
chrX	142716900	142949900	chrX_142716900	33	233000	0.0488770231782934	51	9.41143844586278e-12	44	1.38729812577056e-07	::B-A03::N3-16::N3-c-14::N-2-14::B-A07::N3-7::N-1-6::B3-3::N-A01::N-1-2::B-1-2::N3-3::N3-11::B3-c-28::N3-19::N-B09::B-1-7::B-A02::B-A05::B3-16::N-B05::B-B05::B-2-14::N-3-1::B-A10::B-B02::B-3-1::B3-11::N-2-23::B-2-23::N-B04::B-B04::N-A07::	27
chrX	143252000	143485000	chrX_143252000	50	233000	3.94334233343715e-11	85	4.13805248568319e-37	12	14284.2600154926	::N-2-26::N3-13::N-B04::B-B09::B-2-14::B-B05::B3-17::B-2-23::B-2-21::N-3-4::N-2-14::N-2-17::N-3-1::N-2-15::N-A11::N-2-12::N-B02::N-2-27::N3-11::N3-c-10::N-B08::N3-16::N3-12::N-2-21::N3-19::N-2-23::N-2-25::N-A01::N3-c-14::N-A12::N-A03::N-B03::N-B09::N-B11::N-2-9::N-1-6::N-A04::B3-7::N3-6::N-A10::B-3-4::B3-c-10::N3-17::N-A08::N-A02::N3-15::N3-c-9::N-B05::N3-7::B-B07::	61
