chr10	20066800	20357800	chr10_20066800	40	291000	0.00723228326223322	47	4.2809911349916e-06	41	0.0026815774191915	::B-A03::N-B08::N-2-21::B3-17::B-A11::N-B04::N-2-15::N-B11::B3-11::N-A11::B3-7::B-2-25::B-B02::N-2-17::N3-6::B-2-26::B3-6::B-1-2::N-1-2::B3-12::N-3-1::N-A03::B-2-21::B-2-15::N-B09::N3-19::B-B09::B-1-7::B-A01::N-A02::N-1-6::N-B02::N-2-26::N-2-25::N-B10::N-A01::B3-c-28::N3-13::B-A10::N3-3::	34
chr10	66998600	67289600	chr10_66998600	43	291000	0.00034313904013106	65	2.52382634052433e-16	60	3.08120807856446e-13	::N-B05::N-B04::B-A03::B-A08::B-B09::N-A02::N-A08::B-A10::N-B08::B3-15::B-1-6::N3-11::B-B11::N-2-15::N3-15::N-2-17::B-3-1::N-3-1::B-2-17::B-B03::B3-19::B3-6::N-1-10::N3-13::N-A07::N-B11::N-A11::B-1-2::N-1-2::B3-7::N-B07::B-B07::B-2-25::B3-3::B-2-15::B3-12::B3-11::B-A02::N-A01::N3-6::B-B10::B3-c-14::B-A12::	31
chr10	108167700	108458700	chr10_108167700	46	291000	1.3235593408565e-05	71	3.02077899463692e-20	53	3.19654065166593e-09	::N-A01::N-2-15::N-2-14::N-B04::N-B03::N-A04::N-B09::B-A03::N-A08::N-A03::N-1-2::B3-3::B-B11::B3-7::B-2-25::B3-6::B-B10::N-B10::B-3-4::B-A07::N3-5::B-A10::B-2-17::N-1-6::B-1-6::N-B08::B-A08::N-B05::B3-c-28::B-2-15::B3-13::B3-17::B-B09::N-A05::N-B02::B-B04::N3-11::B-2-9::B3-16::N-3-1::B-3-1::N-A12::B-A12::N-2-21::B3-5::N3-13::	32
chr10	117086300	117377300	chr10_117086300	43	291000	0.00034313904013106	56	6.7519942350242e-11	50	1.27889036070034e-07	::B-2-14::B-B02::B-B05::N-A07::B-B11::B3-c-14::N3-3::N3-19::B-A10::B-2-23::B-1-6::N-A02::N-B09::B3-11::N-A05::B-A05::B-A01::B-A02::N-A03::B-A07::B-3-1::N-2-21::B-A08::N-B11::B3-6::N-2-17::N3-11::N-B04::B-B10::B3-7::B-B09::B3-12::B3-c-28::N-3-1::N3-6::N-A10::B-A11::N-B02::N-B10::B-2-25::B-1-10::N-1-2::B3-13::	26
chr11	3100500	3391500	chr11_3100500	43	291000	0.00034313904013106	72	6.37801043355904e-21	57	1.80076058476883e-11	::N-2-23::N-2-26::N-B05::N-A10::N-2-25::B-A02::N-A11::N3-13::B-2-14::N-2-15::N3-19::B3-19::B-B07::N-A03::N-A02::B3-c-9::B3-5::B-B09::B3-12::N-3-1::B-2-15::B-A03::N-A12::N-A05::B-2-17::B-B10::B3-2::B-2-27::B-A10::N3-17::B-2-23::B-A08::N-A08::N-B04::B3-13::B-1-6::B-1-7::B-2-9::B-1-2::B3-3::B-A04::B-A05::B-A01::	31
chr11	4513700	4804700	chr11_4513700	38	291000	0.048820529762623	59	1.21611181872371e-12	50	1.27889036070034e-07	::N3-17::B-2-15::N-A02::B-2-26::B3-7::B-2-9::B-1-4::B-2-12::N-2-9::B-A08::B-A04::B-B09::B-B10::B-1-7::N-1-7::B-B05::N-1-6::B-2-17::B-2-23::N-2-23::N-1-2::B-A10::N3-19::N-B05::B3-19::N-A04::N-1-10::B-3-4::N3-2::B3-2::N-A11::B-1-2::N-B09::B-3-1::N-3-1::B-B07::N3-16::B-2-14::	32
chr11	19967000	20258000	chr11_19967000	46	291000	1.3235593408565e-05	64	1.07913072073129e-15	58	4.71983429647625e-12	::B-B05::N-2-15::B-A05::N-1-2::N3-6::B-1-7::N-A05::N-2-25::B-2-12::B-B03::N-B03::N-3-4::N-A03::N3-16::B-B10::B3-12::B-A08::B-B02::N-B02::B-2-17::B3-19::B3-7::N3-13::N-2-17::B3-2::B-3-4::B-2-14::B-1-6::B3-5::N-A01::B-2-15::B3-6::B-A01::B-2-21::N-1-6::N-B05::B3-c-9::N-1-4::N3-2::B3-c-28::N-2-14::B-1-4::N-1-7::N3-c-9::N-A02::B3-17::	36
chr11	23210200	23501200	chr11_23210200	53	291000	3.19654065166593e-09	84	1.79507402608978e-29	71	3.02077899463692e-20	::B-B11::B3-c-28::B-2-15::B-A01::N-A01::N-2-23::B3-c-32::N-B08::B3-2::N3-17::B3-7::B-B09::B-2-14::N-A12::N-3-1::N3-6::N-B02::B3-19::B-B07::N3-19::B-3-1::N-1-7::N-A03::B3-6::B3-17::N3-16::B3-c-14::N3-c-14::N-2-17::B-1-2::B3-c-10::B-B04::N3-c-9::N-A08::B-1-6::N-1-2::N3-15::N3-3::B-2-26::B3-12::N-1-6::N-B05::B-2-23::B-A07::B3-c-9::B-1-7::N-A11::N-2-14::N-B10::N-2-21::B-A05::N-B09::N-A02::	49
chr11	53198300	53489300	chr11_53198300	38	291000	0.048820529762623	46	1.3235593408565e-05	43	0.00034313904013106	::N-B09::B3-3::B-2-21::B-B02::N-2-27::N-A12::B-A10::N-B02::N3-16::B-1-10::B3-7::N-2-26::B-2-23::B-A08::B-B05::N-2-15::N-B04::B-B04::N-2-23::N-2-14::B-B03::B3-5::N-A08::B-A04::B-2-14::N-A11::B3-11::B3-19::B3-13::B-2-15::B-B10::B-A03::B-3-4::N3-13::N-B08::B-A07::N3-6::B3-2::	16
chr11	54424200	54715200	chr11_54424200	38	291000	0.048820529762623	56	6.7519942350242e-11	47	4.2809911349916e-06	::N3-11::B3-11::N-B05::N-A03::B-B05::N3-19::B-2-23::B3-3::B-A10::B3-19::N3-16::N-2-15::N-2-14::N-2-27::B-A03::N-B04::B-3-1::B-1-2::N-A08::B-A05::B-A08::B-2-15::B3-c-28::N-A02::B-A11::N-A11::B-A12::B-B03::B-A01::B-2-17::N-1-6::B-B10::B3-6::B-1-6::B3-17::B-B04::B-B02::N-2-25::	32
chr11	59559100	59850100	chr11_59559100	41	291000	0.0026815774191915	52	1.11444164442063e-08	46	1.3235593408565e-05	::B-B07::B-A03::B-3-1::N3-13::B-A07::B-A04::B-2-15::B-2-14::B3-c-14::N3-c-14::N-A08::B3-3::N3-16::B-B02::N3-12::N-B05::B-2-21::B-A12::B3-19::N-2-15::B-3-4::B-1-6::N3-3::B-B11::B-2-23::B-2-27::N-A11::B-A11::B-B08::B-B03::N-2-21::B-1-10::B-2-25::N-2-25::N3-c-9::B-A08::N-2-23::B-B09::B-1-7::N-3-1::N-B03::	32
chr11	60098300	60389300	chr11_60098300	38	291000	0.048820529762623	53	3.19654065166593e-09	46	1.3235593408565e-05	::B-2-23::B-A11::N-B08::N-2-15::B-2-15::N-A12::B-2-25::N-1-2::B3-3::B3-5::B-2-9::B3-12::B-2-27::N-A02::B-A02::B3-17::B-B02::B-A10::B-1-2::B3-2::B-A07::B-B03::N-B09::B-B11::N3-13::N-A10::N3-19::N-2-21::N-B03::N3-2::N3-16::N-B02::N-B11::N-A08::B-B05::B-B07::B-B09::B-A03::	28
chr11	62174700	62465700	chr11_62174700	44	291000	0.000118554003562572	71	3.02077899463692e-20	63	4.54313101430205e-15	::B-B11::B-A08::N-A05::B-1-7::B-A10::N-B09::B-A03::N-A03::N-1-7::B-A05::N3-19::N3-c-28::B-2-21::N-2-21::B3-3::B-A02::N3-c-14::B3-c-14::N-A01::B3-7::B-1-2::B-B02::B-B10::B3-c-28::B-2-14::N-B10::B3-17::N-B04::B3-c-9::N-2-23::B-2-15::B-B05::N-1-2::B-2-27::B3-12::N3-17::N-2-27::N-3-1::N-1-6::B-2-23::N-A02::N-A08::B3-19::B-3-4::	33
chr11	72441400	72732400	chr11_72441400	40	291000	0.00723228326223322	56	6.7519942350242e-11	52	1.11444164442063e-08	::N-B02::B3-13::N3-13::N-1-6::N3-15::N-3-4::B-A02::B-B05::B-B07::N-A12::B-2-21::N-B08::N-3-1::N3-16::N-2-15::B-3-4::N-A01::B3-c-28::B-B10::N-1-2::N3-19::N-A04::B-A04::B-2-15::B-A05::B-1-6::B-A10::B-1-7::B-B02::N3-11::B3-11::N-A02::B-2-12::N-2-12::N-B05::N-B04::B-2-23::B3-5::N-2-27::B-2-27::	24
chr11	74662000	74953000	chr11_74662000	39	291000	0.0190299062949733	53	3.19654065166593e-09	43	0.00034313904013106	::B-B05::N3-3::B-B02::B-1-10::B-A04::N-2-23::N-2-15::B3-13::N-B05::B-A01::B-3-4::B-B04::N-B04::B-B10::N-3-1::B-3-1::N3-13::B-2-25::N-B07::N-1-4::B-B07::N-B11::N-2-14::N-B02::B-1-2::B-2-14::N-A01::B-2-15::N-2-17::B-1-4::B-B09::N3-6::B-A05::B3-7::B3-17::B-A11::B3-19::N3-17::N-B09::	26
chr11	75484400	75775400	chr11_75484400	41	291000	0.0026815774191915	56	6.7519942350242e-11	51	3.81207912968131e-08	::B-B07::N3-3::N-A05::B-B02::B-2-15::N-B02::N-2-25::B-2-25::B-3-1::B-1-2::N3-17::B-B10::N3-13::N-1-2::N-2-27::B-A02::B-1-6::N-B10::B-A11::B-A01::N3-11::N-B04::N3-19::B-B05::B3-12::B3-c-32::N-A01::B3-6::B3-13::B-2-27::N-A08::B3-11::B-2-23::B3-3::B3-c-28::N-B11::B-B11::N-B08::B3-2::N-A10::B-3-4::	22
chr11	76776000	77067000	chr11_76776000	40	291000	0.00723228326223322	47	4.2809911349916e-06	30	33.7499186213807	::B-A04::N-2-27::B-2-27::B3-3::N-A11::B-1-10::B3-7::B-1-9::B3-c-14::B3-2::B-3-4::B3-5::B-1-6::B-1-4::B-1-7::B3-c-28::B3-c-9::N-3-4::B-3-1::B-1-2::B-A12::B-B05::B3-11::N-2-26::N-2-15::B-2-21::B3-17::N-1-6::N-A01::B-B02::N-B02::N-A02::B3-19::N3-3::B-B03::N3-11::B-B10::N3-13::N-B03::N3-19::	28
chr11	77437600	77728600	chr11_77437600	49	291000	4.20634169791856e-07	78	4.25660231050576e-25	65	2.52382634052433e-16	::B3-6::B-B05::N-A01::B3-7::B-B03::B3-c-9::N3-16::N-2-25::B-2-15::N3-19::B3-3::N3-c-28::B-B10::N-2-15::B-B02::N-B07::B3-c-28::N-B03::B-2-23::B3-17::N3-17::N-A05::N-2-12::B-2-12::N-A02::B-2-14::N-1-2::B-A01::N-A11::B-A11::N3-3::B-B11::N-1-7::N-2-17::B-2-25::N-B08::N3-13::N-1-6::B3-11::B-3-4::N-3-4::N-A04::N-2-14::B3-5::B3-c-10::N3-c-10::B-A02::B-3-1::N-3-1::	47
chr11	79291500	79582500	chr11_79291500	48	291000	1.35581945121238e-06	150	1.05412395629904e-87	116	1.16045732679815e-55	::N-A03::N-B08::N-2-15::N3-13::B3-c-9::N3-c-9::B-1-2::B-A11::N-A11::B-B03::N-2-23::B3-3::B3-19::B-B11::B-A08::N-A02::B-A02::N3-19::N-A01::B-2-23::N-1-7::B-1-7::N-2-25::N-B10::N3-c-28::N3-3::N-A05::B-3-4::B-1-6::B-A10::B3-13::B-A05::N-B07::B-2-27::B-B02::B3-15::B-B05::N3-15::B-B09::B3-c-10::N-B05::B-2-25::B-B10::B-A04::N-A07::N-1-6::N-2-12::B-2-14::	62
chr11	86469400	86760400	chr11_86469400	49	291000	4.20634169791856e-07	78	4.25660231050576e-25	68	2.9486832646698e-18	::N3-3::B-B07::N3-c-14::B-B03::N-3-4::N3-6::B3-3::B-2-25::B-2-15::B-A07::B-2-23::B-1-6::N-B07::N-B10::N-B05::B-1-2::N-1-2::B3-15::B3-17::B-A08::B-A10::N-A11::B-3-4::B-2-14::B3-7::N-B04::N3-13::B-B02::N-2-17::B-B11::N-2-15::B-2-12::B-2-21::N3-16::B-B10::B3-6::N-B03::N-1-7::N-B11::N-1-6::B-1-7::N-A02::B-A04::N-A04::N-2-23::N-2-26::B-2-26::B-B05::B3-c-9::	36
chr11	87957200	88248200	chr11_87957200	38	291000	0.048820529762623	57	1.80076058476883e-11	50	1.27889036070034e-07	::B-B05::B-A12::N-A12::N-2-23::B3-3::B-1-6::B-B09::N-B09::B-B02::N-B10::N3-11::N-3-1::B3-6::B3-c-9::N3-17::B-B11::B3-7::N-1-2::B-A10::N-1-6::N-B03::N-2-25::B3-15::N3-15::N-B08::B-B08::N3-3::N3-16::B-B07::N-B04::B3-16::N-B11::B-1-2::N-2-21::N-A04::B-B10::B-3-4::N3-c-28::	28
chr11	94017200	94308200	chr11_94017200	42	291000	0.000970598953166786	60	3.08120807856446e-13	51	3.81207912968131e-08	::B-A12::N3-11::B3-19::N3-19::B-A02::N3-16::B-A03::N-1-10::N-A01::B3-6::B-2-21::B-A07::N-B04::N-2-21::B-A01::N3-c-28::N-A11::N-A12::N-2-15::B-3-1::N-A02::N-B09::B-B09::N-B05::B-1-2::B3-13::N-2-26::B-B10::N-A04::B-B07::B-2-15::B-B02::B3-c-10::N-1-2::N-2-14::B-1-6::N-B02::N-1-6::B-2-27::N-2-27::B3-7::N3-13::	37
chr11	95241900	95532900	chr11_95241900	41	291000	0.0026815774191915	52	1.11444164442063e-08	41	0.0026815774191915	::N-2-23::B-A12::B-2-17::B-1-7::B-B07::N3-2::N3-13::N-2-21::B-2-21::B-A02::N-A02::N-A11::B-2-14::N-B08::B3-6::B-3-4::N-3-4::B-B02::B3-19::N-B03::B-2-26::N-2-26::N3-16::N-2-25::B-2-25::N-B09::B-1-2::N-A04::B-A04::B-B05::N-1-6::N-B02::B-2-9::B3-12::B-2-23::B-2-12::B-A07::B-A01::N-A01::B-2-15::N-2-15::	28
chr11	97174900	97465900	chr11_97174900	39	291000	0.0190299062949733	59	1.21611181872371e-12	54	8.99881329234036e-10	::B3-2::B-B11::N3-3::B3-3::B-1-2::B-A03::B3-13::B-B02::N3-13::B3-12::N-1-10::B-2-17::B-A07::B-B03::B-B07::N-2-21::N-A08::B3-11::B-B10::B-2-15::B-A05::B3-17::N3-17::B-1-6::N-A12::B-A12::N-2-15::B-1-7::B3-19::N-A05::N-1-2::N-B05::N-B08::B-2-9::N-2-25::B-2-25::N-B03::N-2-27::N-2-23::	26
chr11	104226800	104517800	chr11_104226800	46	291000	1.3235593408565e-05	80	1.55647997033834e-26	65	2.52382634052433e-16	::B3-c-28::B3-16::N3-16::N-2-12::B-2-12::N-2-15::B-2-15::B-1-6::B-A08::N-B09::B3-6::N-B10::N-1-6::B-B05::B-2-14::B-3-1::B3-3::B-3-4::N-B07::B-B09::B-B04::B3-7::N3-c-14::N-B05::N3-7::B-2-25::B3-12::B-A12::B-B11::N-2-25::N-1-7::N3-13::B3-13::N-2-14::B-B03::B3-c-14::N-1-2::N-3-4::B-1-4::N-A02::N-A08::N3-3::B3-15::B-B07::B3-19::N-A05::	36
chr11	106192900	106483900	chr11_106192900	42	291000	0.000970598953166786	53	3.19654065166593e-09	45	4.00499962694245e-05	::N3-16::N-2-23::N3-6::B3-3::B3-6::N-1-10::B-1-6::B3-c-28::B3-7::B-2-12::N-2-26::B-2-26::N-A08::B-A08::B-A03::N-3-4::B-2-21::B-B02::N-2-27::B-A02::B-3-4::B-2-17::B-B10::N-A05::N-B08::N-2-15::N-B05::N-B04::B-B04::N3-15::N3-3::B-B07::N-A10::N-1-7::N-B10::B-B05::N3-11::B3-2::N3-2::N-3-1::B-2-25::B-2-15::	27
chr11	106801000	107092000	chr11_106801000	49	291000	4.20634169791856e-07	71	3.02077899463692e-20	61	7.67873998548667e-14	::B-2-27::N3-6::B3-6::N-2-25::N-3-4::B3-c-9::B-2-21::B-A05::N-B04::B-B03::N-2-26::B-2-26::N-3-1::B-A12::B-1-6::B-B11::B-2-14::B-2-23::N-B05::B-B04::N3-19::B-A01::N3-13::B-B02::N-A10::N3-c-10::N-B03::B3-c-10::B3-3::B3-17::N3-17::N-1-6::B3-c-28::B3-7::N-A05::B3-11::N3-11::N-B07::B-3-4::N-2-27::B-1-2::B3-13::B-B05::B3-16::B-2-17::N-B02::N-B09::N3-2::B3-2::	35
chr11	108020500	108311500	chr11_108020500	38	291000	0.048820529762623	47	4.2809911349916e-06	36	0.297023129955138	::N-2-21::B-A10::B-1-6::B-A08::B-3-1::B-3-4::N3-17::B-B09::N-2-14::B-B04::N-1-2::B-A01::B3-c-28::N-B05::B-B05::N-A08::B-2-23::B-A02::N3-11::N-2-27::B3-19::B-B10::N3-5::N-A12::B-2-21::B3-5::N-2-26::N-2-12::N3-12::N3-13::N-2-23::N-2-15::N-3-4::N-3-1::N3-3::N3-19::B-1-4::B-B02::	14
chr12	3230800	3521800	chr12_3230800	38	291000	0.048820529762623	66	5.81318711411276e-17	55	2.48726077385205e-10	::N3-19::N3-13::B-1-2::N-1-2::B-2-15::B3-5::B-2-12::B3-3::B3-c-9::B-B02::B-A02::N-B08::B-2-14::N-B04::B-3-1::N-3-1::B3-19::B-1-4::B-2-23::B3-6::B-2-17::B-1-6::N-B10::N-A08::B-A08::B-B10::B-B03::N-2-12::N-2-26::B-A04::B-A12::N-A04::B-A03::N-B09::N3-16::B-B09::N-2-27::B-3-4::	34
chr12	51622300	51913300	chr12_51622300	45	291000	4.00499962694245e-05	67	1.31898017701428e-17	61	7.67873998548667e-14	::B-2-15::B-A12::B-2-14::B-B02::B-1-6::B-B09::B3-12::N-2-15::N3-12::B3-19::B-1-2::B3-15::B-A07::B3-6::B-2-21::B3-16::B-A02::N3-3::N-A11::N-2-14::B3-11::N-3-1::B-2-9::N-1-7::B3-c-10::B-3-4::N-B11::B-A03::B-1-10::N-1-10::N-B07::N3-6::B-2-25::N3-16::N3-c-10::N-2-27::B-B10::N-2-21::N-1-6::N-1-2::B3-3::N3-13::N-A10::N-A12::N3-19::	38
chr12	80605000	80896000	chr12_80605000	38	291000	0.048820529762623	51	3.81207912968131e-08	42	0.000970598953166786	::B-2-23::N-B08::N-2-25::B-2-25::B-B07::B-A08::B3-7::N3-c-9::N-3-4::N-A02::N-A01::B3-5::B-B02::N-2-14::B-2-14::B-A01::B-3-1::N-A10::B-A10::N3-19::B-2-27::N-1-2::N-A11::B3-3::B3-6::B3-11::B-A11::B-2-12::B-B05::N-1-10::B-1-2::B-2-21::B-1-6::N-2-26::B-2-26::N-A05::N-2-27::B-A03::	19
chr12	110943700	111234700	chr12_110943700	41	291000	0.0026815774191915	49	4.20634169791856e-07	43	0.00034313904013106	::B3-7::B-A08::N-A01::N-2-23::B-3-1::N-B07::N-A03::N3-16::N-A07::B-2-15::B-A03::B3-12::N3-c-10::N-2-26::N-1-7::B-1-6::N-B08::B3-16::N-2-15::B-2-21::B-B09::N3-19::B3-3::N3-13::B-B02::N-B04::B-B07::B-1-7::N-3-4::B-3-4::B3-19::N-2-17::N-B10::B3-15::N3-15::B3-13::B-B03::B-1-2::N-1-2::B3-2::N-B05::	27
chr13	9080400	9371400	chr13_9080400	38	291000	0.048820529762623	47	4.2809911349916e-06	40	0.00723228326223322	::B-B05::B-B02::B-1-6::B-A03::B-2-23::N3-19::B3-19::N-2-15::N3-16::B3-16::N-A03::B-A08::B-A10::N-2-21::B-2-21::N-2-25::N-2-17::N-A01::N-2-27::B3-17::N-1-6::N-1-10::N-B09::B-B09::N-2-12::N-3-4::B3-7::N-2-14::N3-12::B3-6::B-A07::N-A08::B-3-1::N-3-1::B-B04::B-2-27::N-2-23::N-B04::	19
chr13	13877400	14168400	chr13_13877400	40	291000	0.00723228326223322	52	1.11444164442063e-08	49	4.20634169791856e-07	::B-A03::B-2-21::N-1-10::B-2-25::B-B09::B-B10::B-A08::B-1-2::N3-16::B-A01::B-1-6::N-A12::N3-17::B-A07::B3-7::B3-c-9::B-B02::N-B02::B3-2::N-B11::N3-3::B-2-15::N3-12::B3-12::N-B04::N-2-15::B-A12::B-2-23::N-A01::B-A10::B3-13::B3-5::N-B10::B-2-26::B-B11::B-2-14::B-B04::B-A02::B-3-4::N3-13::	19
chr13	17669200	17960200	chr13_17669200	47	291000	4.2809911349916e-06	64	1.07913072073129e-15	55	2.48726077385205e-10	::N-A02::N-2-21::B-2-21::B3-6::B-1-6::N3-3::B3-12::B-A10::B-2-12::B-1-2::N-A11::B3-13::N3-c-32::N-A08::B-B02::N3-19::B3-19::B-B09::B3-2::B-3-4::N-3-4::N-B09::B-2-15::B-A07::B3-7::N-1-7::B-A02::B-1-7::N-A05::B-A05::B-3-1::N-3-1::N-A01::B-B11::N-B10::N-B11::N-B08::B-B08::B3-17::B-B05::B3-11::B-2-27::N-2-27::B-B10::N-2-15::N-2-17::N-1-6::	34
chr13	43208000	43499000	chr13_43208000	41	291000	0.0026815774191915	59	1.21611181872371e-12	47	4.2809911349916e-06	::N-B03::B-3-4::B-B05::B-A10::B-B10::N3-6::B-A05::N-A02::N-2-9::B-B04::N3-19::B-A03::B-2-14::N-2-14::B3-c-9::B3-7::N-B10::B3-19::B-1-6::N-B09::B-2-27::N-2-27::B-A12::N-A12::B-2-17::N-A11::B3-17::B-B02::B-B03::B3-6::N3-13::N-B07::B3-11::N3-11::N-A03::N-A08::B-A04::B-3-1::N3-16::B-B09::B-1-10::	32
chr13	44726700	45017700	chr13_44726700	38	291000	0.048820529762623	69	6.49647547518075e-19	62	1.88276901092343e-14	::B-3-1::N-B04::N-2-15::N3-16::B3-6::B3-5::B-1-7::N-A01::B-A04::B-A07::B-2-15::N-B02::B-3-4::B-B02::N3-13::B-A12::N-A12::B-B07::N-A07::B-1-6::B-B05::B-1-2::N3-6::B-2-25::B3-12::N-2-25::B-B04::N-B07::B-B03::B-A02::B3-17::B3-13::B3-19::B-1-4::B-2-26::B3-c-28::N-2-12::B-2-12::	25
chr13	94333100	94624100	chr13_94333100	47	291000	4.2809911349916e-06	62	1.88276901092343e-14	33	3.62195812704288	::B-B04::B-A01::B-A07::N-2-27::B-A12::N-B07::N-B10::N-2-23::N-A07::N-2-25::N-2-15::B3-7::B-1-7::B3-c-28::N3-19::B-B02::B-B10::B-A02::B3-12::B3-13::B-1-6::B-A08::B-B05::N-B08::N3-11::B3-2::N-B05::N-2-26::N-2-14::N-B04::N-A02::N-2-12::N-2-17::N-A11::N-B03::N-1-6::N-A12::N-1-2::N-A04::N-3-4::N3-3::N-2-21::N3-16::N3-6::N3-13::N3-2::B-A11::	39
chr13	111551700	111842700	chr13_111551700	38	291000	0.048820529762623	56	6.7519942350242e-11	34	1.61943409016533	::N-2-27::B-B02::N-B09::B3-11::B-2-23::B-A08::B-2-25::N3-5::B-B11::B3-7::N-A04::B-B05::N3-16::B-1-4::B-2-17::N-A02::N-2-15::B-2-15::B-A02::N-2-21::B3-3::B-B07::B-3-1::N-3-1::N-3-4::B-B04::B-1-6::B-A12::B-B08::B-A11::B-A10::B-1-7::B3-17::B-1-10::B3-19::B-3-4::B3-2::B-2-21::	18
chr14	19134700	19425700	chr14_19134700	48	291000	1.35581945121238e-06	73	1.32819283874656e-21	31	16.5504499492428	::N-B08::N3-19::B3-12::B-A08::N-B09::B-B02::N-2-21::B3-6::B-2-14::N-B05::N-A03::N-2-27::N-A01::N3-6::N3-3::N-A02::B-1-6::N-1-10::N-B11::N-A05::N3-11::B-3-4::N-1-7::N3-17::N3-16::B-B04::B3-11::N-2-17::N-B02::B-2-23::N-2-9::B-B11::N-B10::N3-12::B3-3::N-3-4::N-2-23::N-2-25::N-1-2::B-2-15::B3-17::B3-2::N-B04::N3-15::N-A10::N-1-6::N-B07::N-A08::	39
chr14	30993100	31284100	chr14_30993100	41	291000	0.0026815774191915	57	1.80076058476883e-11	49	4.20634169791856e-07	::B3-17::B-B09::N-3-1::N-2-21::B-2-21::N3-7::B3-11::N-B04::B3-c-10::N-A01::B-3-1::N-2-17::N-2-15::B-A02::N-B11::B-B11::N-B02::B-B07::N-B07::N-A02::N3-13::N-2-12::B3-13::N-B10::N3-c-10::B-B10::B-A08::B3-6::B3-12::N-2-25::N-2-23::N3-c-28::B3-c-28::N-A11::N3-3::N-A05::N-3-4::B-3-4::B3-2::N3-12::N-1-6::	28
chr14	34262300	34553300	chr14_34262300	42	291000	0.000970598953166786	57	1.80076058476883e-11	51	3.81207912968131e-08	::B-1-7::B-B10::B-B09::B-2-23::B-2-15::B-2-26::N-A08::B3-19::N-B09::B-1-6::N-1-10::B-2-9::N3-17::B3-17::B3-11::B3-2::B-B02::B-B05::B-2-21::B-A01::N-2-25::N-B08::B-B08::B3-c-28::B-A07::N-1-6::B3-12::N-A05::B3-7::B-2-14::N-2-14::B-2-12::B-A08::B-A11::N-A11::N-B10::N-A02::B-A02::B-1-4::B-3-4::N-B05::N-3-1::	31
chr14	73159100	73450100	chr14_73159100	38	291000	0.048820529762623	67	1.31898017701428e-17	53	3.19654065166593e-09	::N-2-17::N-B09::N-A01::B3-12::N-3-1::B3-11::N-B02::B-B11::B-A08::N-B11::B-A03::N-A03::N-A08::N-A10::B3-15::B3-19::N3-19::B-B02::B-A05::B3-c-14::B3-3::B-A01::B3-c-10::N3-c-10::N-2-27::B-B04::N-B04::B-A11::B3-c-9::B-2-25::N-2-23::B-B07::B-B03::N-A05::N-2-15::B-1-4::B-A02::B3-6::	50
chr14	79306300	79597300	chr14_79306300	40	291000	0.00723228326223322	51	3.81207912968131e-08	43	0.00034313904013106	::B-2-14::N-2-17::N-2-27::B3-17::B3-c-9::B-3-4::B-1-4::B-1-2::B-A07::B-B07::N-B08::B-B10::B3-6::B-A10::N-2-23::N-2-26::B-2-26::N-1-7::B-B09::N-1-6::B3-12::N-A12::B-1-6::N-A02::N3-19::N-3-4::N-3-1::B3-2::B-2-12::N-2-12::B-2-25::B3-5::B-1-7::B-2-15::N-2-15::B-1-10::N3-17::B-B03::B-2-23::B-A08::	25
chr15	8170200	8461200	chr15_8170200	54	291000	8.99881329234036e-10	77	2.18403156133868e-24	71	3.02077899463692e-20	::B-B10::N-A07::B-A04::B3-19::B-B07::N-A08::B-A12::B3-13::N-2-15::B-B03::B3-12::N-2-21::B-3-1::B-1-4::B3-c-28::B-3-4::B-B04::N-A12::B-2-14::B-2-15::N-B05::B-2-12::B-1-10::N-1-6::B-A08::N3-c-32::N-2-23::N-B04::N-B08::B3-11::B-2-17::N-2-17::B-B02::N-2-14::B-A07::B-1-7::B3-c-10::B-1-2::B-B08::N-A11::B-2-26::N3-13::N3-6::B3-17::B-2-23::B-B11::B-B05::B3-7::B-A11::B-2-25::N-2-25::N3-7::B3-6::N-2-12::	51
chr15	12110500	12401500	chr15_12110500	47	291000	4.2809911349916e-06	65	2.52382634052433e-16	57	1.80076058476883e-11	::B-2-12::B-A10::B3-c-32::B3-12::B-B11::N-2-27::N-2-21::B-B08::B-2-21::B3-6::B3-19::N-B02::N-B04::N-B08::N3-19::N-B09::N-A10::B3-7::B-A12::N-A11::B-2-14::B-1-6::B-2-15::B-B02::B-A08::B-B07::N-B07::N-A12::N-1-6::B-1-2::N-2-26::N3-13::N-2-23::B-B03::N-A01::N-2-15::B-A01::B-2-25::N-2-25::N-A02::B-3-4::B3-c-28::N3-c-28::B-A05::B3-3::N-1-2::B-A04::	45
chr15	50622400	50913400	chr15_50622400	42	291000	0.000970598953166786	55	2.48726077385205e-10	48	1.35581945121238e-06	::B-2-25::B-A04::B-2-9::N3-3::N-2-15::N-A05::B-B05::B-3-4::N-A12::B-B09::N-2-23::N3-15::B-B10::N-1-2::B3-15::B-2-12::N-A07::N3-c-14::B3-19::N-2-12::B-2-21::N-B09::B-1-2::N-2-25::N-B05::B-2-15::B-3-1::N-3-1::N3-7::B-2-14::N-2-14::N-B11::B3-5::N3-19::B-1-6::N-A02::B3-7::N-2-17::B-A08::N-B07::B-A05::B-A01::	25
chr15	73104400	73395400	chr15_73104400	42	291000	0.000970598953166786	75	5.53051646162881e-23	60	3.08120807856446e-13	::N-B02::N-B09::B-2-12::N3-3::N3-16::N-B08::B3-3::B-A08::B-B08::B-2-14::N3-13::B3-13::B-1-6::N-1-6::B-B04::B3-19::B-1-7::B-B02::N-B05::B-2-9::N3-19::N-A08::N3-c-14::B3-11::B-2-15::B3-c-28::B-2-27::B-1-2::B-2-21::B-2-25::N-2-23::B-B07::N-B07::B-B05::B3-17::N-A02::B3-c-14::N-2-15::B-A11::N-2-12::B-2-26::N-A07::	38
chr15	77070100	77361100	chr15_77070100	47	291000	4.2809911349916e-06	64	1.07913072073129e-15	57	1.80076058476883e-11	::N-B08::B-1-6::N3-19::B-B10::B3-12::B-1-2::N-A02::N3-17::N-2-12::B-2-12::B-B04::N-A10::B-A10::B3-3::N3-13::B-A11::B3-19::N-B07::B-2-14::B-B08::B-B07::B-A04::B-A03::B-2-25::N-B02::B-B05::B-2-23::B-A07::N-B05::N3-7::N-A08::B3-6::N-2-21::N-B11::B-A05::N3-6::N3-16::N-1-2::B-3-4::N3-c-28::N-3-4::N-2-15::B-A08::N-A03::B-B02::N-1-6::N-2-25::	27
chr15	80696300	80987300	chr15_80696300	46	291000	1.3235593408565e-05	79	8.19095904061571e-26	69	6.49647547518075e-19	::B-B09::N-1-6::N-B03::N-B04::B-1-4::N-B10::N-2-25::B-A12::N-B09::B-2-21::B3-17::B3-c-28::N-2-15::B-3-4::B-B11::B-2-23::N-2-12::B-2-12::B3-6::B-2-15::B-1-6::B-A04::N-B08::N3-17::B-1-7::B-A03::N3-6::B-A11::N-A11::B-2-14::N-1-2::N3-13::B3-13::B-A08::N3-c-28::B-B04::B-B07::B-A07::B-1-2::N-2-14::B-B08::N-A01::B-B10::N-A05::B3-15::B-B02::	38
chr15	81580000	81871000	chr15_81580000	38	291000	0.048820529762623	60	3.08120807856446e-13	49	4.20634169791856e-07	::B3-15::B-A11::N-3-4::N-2-12::B-2-21::B-A05::N-B08::B-B08::B-2-25::B-B02::N3-6::N3-c-9::B3-6::B-A04::N3-3::B-2-14::N-2-25::B-1-10::B-3-4::B-B03::B-B11::N3-13::B3-c-9::N-A01::B-B07::B-B04::N-B04::B3-13::B-1-2::B-A07::N3-11::B-2-15::N-B10::B-2-17::N-2-17::B-B05::B-2-9::B3-19::	31
chr15	96165800	96456800	chr15_96165800	43	291000	0.00034313904013106	63	4.54313101430205e-15	58	4.71983429647625e-12	::B-2-14::N-2-25::N3-3::B-B10::B-A04::B3-11::B3-17::B-A10::B-1-2::B3-19::B-1-6::N-2-21::B-A08::N3-6::B-A12::N-1-6::B-2-26::B-B02::N-1-2::N-B04::N3-16::B-2-15::B-2-27::B3-3::N3-7::B-2-17::B3-7::B-B04::B3-c-14::N3-c-14::N3-19::N-A08::N-2-14::B3-c-32::N-3-4::B-B05::B3-6::B-3-4::B-B11::N-1-7::B-A05::N-B02::B-1-10::	38
chr15	99730500	100021500	chr15_99730500	45	291000	4.00499962694245e-05	64	1.07913072073129e-15	58	4.71983429647625e-12	::N-A02::B-A02::N-1-7::B3-3::B-2-23::N-B09::B-B09::B3-19::B-2-14::B-3-4::N-A05::B-A05::N-3-1::N-3-4::N3-16::B-A08::N-1-2::B-A10::N-2-21::B-1-4::N-1-6::B-1-6::B3-17::N3-17::N-1-4::B-2-15::B3-13::N-2-15::B-A12::B-1-7::B3-c-10::B-A04::N-B02::N-B11::N3-c-9::N-A08::B-A07::N-2-17::N-B10::B-2-17::N-B05::B3-11::N-B07::B3-15::B-A11::	25
chr16	16984400	17275400	chr16_16984400	38	291000	0.048820529762623	51	3.81207912968131e-08	44	0.000118554003562572	::B3-c-28::N-2-12::B-2-12::N-B02::N-A03::N-2-21::B3-19::B-2-15::N-A08::B-A12::B-B10::B-B11::N-B03::N-2-23::B-B03::N-2-14::B3-3::B-2-14::B-3-1::N-3-1::B-2-21::N3-13::N-A07::N3-16::B3-5::N-A11::N-1-7::B-3-4::B3-6::B-B05::B-2-17::N-B09::N-2-17::B3-13::B-A08::N-1-10::N-B04::N-B08::	20
chr16	17642400	17933400	chr16_17642400	38	291000	0.048820529762623	46	1.3235593408565e-05	42	0.000970598953166786	::B-A11::B-B10::B-3-4::N-2-27::N3-6::B-B03::B-A10::N-B03::N3-3::B-A08::N-B02::N-2-15::N-A04::N-A02::B-B07::N-2-25::N-B05::B-B05::N-A05::B-2-21::N-A10::B-2-23::B-A01::N-A01::B-1-2::B3-6::B-1-7::B-1-6::N-2-23::B-B09::B3-16::N3-16::B-2-9::B-B11::N-B08::N-A12::N3-15::N-B10::	20
chr16	24437100	24728100	chr16_24437100	44	291000	0.000118554003562572	63	4.54313101430205e-15	59	1.21611181872371e-12	::B-A12::B-B09::N-2-17::N3-19::N-B07::N-2-14::B-2-14::N-A02::N-2-15::N-B03::B-1-6::B-1-2::B3-c-28::B3-11::B-3-4::B-B05::N3-c-14::N3-7::B-A07::B-2-21::N-1-7::B-A10::B3-12::N-2-21::B-3-1::N-3-1::N3-6::B-2-15::N-3-4::N3-17::B3-3::N-B08::B-B02::B-A08::B-2-23::N-A10::N-2-23::B-2-12::N3-c-10::B3-6::N-1-2::B3-5::B3-19::B-B10::	30
chr16	31550800	31841800	chr16_31550800	42	291000	0.000970598953166786	63	4.54313101430205e-15	57	1.80076058476883e-11	::B-A12::N-A11::B3-16::N3-17::N-B09::B3-6::B-2-15::N-A05::B-B03::B-B02::N-A08::N3-c-14::B3-19::B-A07::B-B05::B-1-6::N-2-26::N-A07::N-3-1::N-B10::N3-19::B-3-4::N-3-4::N-B05::B-B10::N-B03::B-2-12::B-A02::N-2-15::N3-3::B-A11::N-2-21::B3-11::B-2-21::B-A05::B-2-14::N3-6::N-A02::N-B04::B-2-23::N3-c-28::N-B08::	28
chr16	38090900	38381900	chr16_38090900	46	291000	1.3235593408565e-05	79	8.19095904061571e-26	70	1.41084249524713e-19	::B3-7::B-2-25::N3-6::N-1-6::B-1-6::B-B05::N-2-25::B3-11::B3-13::B-2-15::B-A11::B-B10::B-B04::B-B07::N-A07::B-1-7::B-A10::N-A02::N-2-15::B3-c-9::B-A08::B-B09::B-3-1::B-B02::B-1-2::N-1-2::B3-19::B-A05::N-A08::B-A12::N-2-17::B-A07::N3-12::N3-16::N-B05::N-B07::B-B08::N-A05::N-B04::N-2-21::B3-6::B-2-14::N-A11::B-2-23::B-A04::B-2-27::	29
chr16	43329300	43620300	chr16_43329300	39	291000	0.0190299062949733	56	6.7519942350242e-11	53	3.19654065166593e-09	::B3-7::N-B10::N-A12::B-3-4::N-A01::B3-6::N3-3::N-1-7::N-1-6::N-2-15::B-A12::B-A08::N-B03::B-B03::B-2-15::B-B10::B-1-6::B3-17::N-B07::N-B05::N-B02::B-2-23::B3-13::N3-13::B-B05::N3-c-14::B-1-7::B-2-14::N-B04::B3-3::B-A10::B-B07::N-2-12::B3-2::B-1-4::N-1-2::B-A02::B-2-21::B-B04::	29
chr17	3058000	3349000	chr17_3058000	41	291000	0.0026815774191915	64	1.07913072073129e-15	56	6.7519942350242e-11	::B-B10::B3-11::B-2-9::B3-2::B-A12::B-B04::B3-19::N-2-21::N-3-1::N3-17::N-A05::B-B02::N-1-6::B-1-6::N-2-15::B-2-12::N-3-4::N3-15::B3-15::B-A01::N-B03::B-B03::B-A08::B-2-21::B3-12::B-2-14::B-A10::B-3-4::N3-5::N3-16::B-B05::N-B05::B-A05::N-1-7::N3-19::B3-17::N-A12::B-A02::N-A08::N-1-9::B3-6::	27
chr17	4998500	5289500	chr17_4998500	55	291000	2.48726077385205e-10	93	2.2300125059656e-36	81	2.92117305813969e-27	::B-1-2::B3-c-10::B-2-15::B-B11::B-B02::B-B03::B-3-1::N-2-9::B-A10::B-B08::N-B02::N3-16::N-2-21::B3-19::N-3-4::N-1-6::N-2-15::N-B08::B-1-6::N3-17::B3-7::N-2-25::B-2-21::B3-12::B-A11::N-A11::N-2-23::N-B09::B-B09::N-A02::N-1-4::B-A02::N-A05::N3-6::N-3-1::B3-6::B3-17::N-A04::B-A04::N-2-17::B-1-4::B-A08::N-A01::B-A05::B3-c-14::B-B07::N-B07::B3-5::B-2-25::B3-3::N3-3::N3-13::N-B11::N-A08::B3-13::	41
chr17	10027800	10318800	chr17_10027800	44	291000	0.000118554003562572	62	1.88276901092343e-14	54	8.99881329234036e-10	::B-B04::N-B11::B-B11::N-A11::B-2-25::B3-17::N-A03::B-A04::B-B05::N-B10::B3-6::N-A01::B-B10::N3-16::N-A08::N-A04::N-2-15::N3-13::B3-19::N3-c-9::N-3-4::N-A10::B-A07::N3-17::B-B08::N-3-1::N-2-23::N3-6::B-1-6::B-2-26::N-1-10::B-A03::B-1-10::B-2-21::N-2-21::B-2-23::N-1-2::B-1-7::B-A10::N-A02::B-A02::B-B09::N3-c-28::B-A05::	26
chr17	29963500	30254500	chr17_29963500	43	291000	0.00034313904013106	68	2.9486832646698e-18	61	7.67873998548667e-14	::B-B11::B3-3::B-B02::B-3-4::N-3-4::B-B05::N-A08::B3-17::B-B10::N-B03::B-B03::N-2-25::N3-11::N-A11::B3-19::N-2-17::B-1-7::N-B07::N-A01::N-B04::B-2-27::N3-16::N3-19::N-B05::B-2-17::B3-12::B3-c-28::B-2-15::B-1-6::B-B04::B-A02::N3-13::N-1-6::B-2-14::B-A10::B-2-12::N-2-12::N-A05::B-2-26::B-A07::N3-3::B-3-1::N-2-26::	32
chr17	32154600	32445600	chr17_32154600	38	291000	0.048820529762623	55	2.48726077385205e-10	50	1.27889036070034e-07	::B3-3::B-A12::B-B05::B-A08::B3-11::B-2-25::B-2-21::B-1-2::N3-c-10::N-3-4::B3-c-28::N-B10::N-A01::B3-17::N-2-23::B-B07::B-2-12::B3-7::B-A03::B-A10::B-B02::B3-15::N3-16::N3-12::N-B08::B-2-17::N-2-17::N-B09::B3-13::N3-13::B-2-15::B3-6::N3-6::N3-3::B3-16::N-1-2::N-A05::B-1-7::	28
chr17	65568900	65859900	chr17_65568900	38	291000	0.048820529762623	51	3.81207912968131e-08	42	0.000970598953166786	::N-2-23::B-B11::B-B02::B-B05::B-2-26::N-2-26::B-B07::B3-13::N3-13::B3-19::N3-19::B-B10::B3-7::B-A07::B-2-27::N-1-2::B3-11::N-3-1::N-A02::B-3-4::N-2-15::N-B10::N-2-12::B-2-12::B-B09::N3-c-28::B3-c-28::N-B02::N-A05::N-B04::B-A05::B-1-6::B-A03::B-B04::N-A04::B3-c-9::N-A11::N3-15::	22
chr18	4835500	5126500	chr18_4835500	42	291000	0.000970598953166786	53	3.19654065166593e-09	47	4.2809911349916e-06	::B3-6::N-A11::B-2-25::N-2-25::B3-11::B-A03::N3-16::N-2-15::B-B11::B-A08::B-B10::B3-7::B-1-2::B-A05::N-A05::N-A03::B-1-6::N3-17::N-A01::N-1-10::N-B08::B-B02::N-3-1::B-3-1::N-B10::B3-3::B-A02::N3-c-28::B-2-21::B-3-4::B-A10::B3-c-9::B3-5::N-2-9::B-B04::N3-19::B3-17::B3-15::B3-2::B3-c-28::B-B07::B-1-7::	30
chr18	9293100	9584100	chr18_9293100	38	291000	0.048820529762623	50	1.27889036070034e-07	42	0.000970598953166786	::B-3-1::B3-c-9::B-B05::N-B08::B-2-15::N-B07::B-B07::B3-c-28::N-1-2::N-2-12::B-2-12::N-2-23::N-A03::N-2-21::N-A01::N-3-1::B-A08::B-1-2::B3-c-10::B-2-25::B3-17::B-B09::B3-12::B-B04::B3-3::N3-3::B-2-23::N-2-25::B-A01::N3-c-9::N-2-17::N-A02::B-A02::B3-2::B-A12::B-B11::N3-6::B-2-17::	25
chr18	9900400	10191400	chr18_9900400	49	291000	4.20634169791856e-07	69	6.49647547518075e-19	64	1.07913072073129e-15	::N-B11::B-B10::B3-17::N-B02::B-A03::B-1-10::N-A01::B3-7::N-A11::B-B04::B-A08::N-1-6::B3-c-9::B-1-6::B-3-4::N3-3::B3-3::B3-5::B-B02::B-B11::N3-13::N-2-21::N-2-23::B-1-7::N-2-27::B-B05::N3-19::B-2-25::N-B05::N3-16::N-2-15::B-2-14::N-B08::N-2-14::B-2-15::B3-16::B-2-23::N-1-2::B3-c-28::B-1-2::B-3-1::N-3-1::N-A05::N-B03::N-A02::N-2-17::B-A02::N-1-7::B-2-27::	37
chr18	31642300	31933300	chr18_31642300	41	291000	0.0026815774191915	55	2.48726077385205e-10	50	1.27889036070034e-07	::B3-c-28::N-2-15::N3-13::N-A01::B-2-25::N-B08::B-B08::B3-2::B-1-7::B-B09::B-2-14::B-A10::B-A01::N-1-7::N-1-10::N-3-4::B-A02::B3-6::N-1-6::B-B05::N-2-27::N3-11::B3-11::N3-19::N3-6::B-2-21::N-2-21::B-B10::B-1-2::N-2-23::B3-19::B-A05::N-A11::B-A08::B3-7::B-3-4::N-B05::B-2-17::B3-5::B-B11::B-2-15::	25
chr18	34222800	34513800	chr18_34222800	42	291000	0.000970598953166786	62	1.88276901092343e-14	57	1.80076058476883e-11	::N3-13::N-2-23::B3-12::B-2-21::B-A10::N-A01::B-B03::N-B03::N-2-15::B3-2::B-1-2::B-B05::B-B02::B-2-9::B-A07::N-1-7::B3-11::B3-c-32::N-A07::N-A11::B3-19::B-A05::N-A05::B-2-14::N-B02::N-B04::B-B04::B3-6::B-2-26::N-A02::B-A02::B-A08::B-2-15::B3-3::B-B10::N3-5::B-2-23::B3-7::B-1-6::N-B09::B-2-27::N-B05::	30
chr18	34902000	35193000	chr18_34902000	41	291000	0.0026815774191915	58	4.71983429647625e-12	50	1.27889036070034e-07	::B-B11::N-2-23::B-B07::N-B07::B-1-7::B-B04::N-2-25::B-1-10::N3-13::B-B02::B-1-6::N3-16::N-B10::B-A05::B-A04::B-2-26::N-3-4::N-2-15::B-A08::N3-17::B3-17::B3-6::B-2-15::B3-7::B3-c-28::N3-19::B-A02::B-2-23::B-A01::B-A10::N-A01::B-3-4::B-B09::N-A11::N-A08::B-1-2::B-2-25::B-B05::N-3-1::N-1-6::B3-19::	32
chr18	35556000	35847000	chr18_35556000	50	291000	1.27889036070034e-07	80	1.55647997033834e-26	69	6.49647547518075e-19	::N3-c-28::B-A10::B-2-23::N-2-23::B3-7::B-2-14::B-1-7::N-A10::B-1-6::B-A01::N-A01::B3-c-10::B3-6::B-2-15::B-3-4::B-B02::N-B11::B-2-25::B-B10::B-3-1::N-2-17::B3-16::N3-16::N-1-4::N-B05::B-A07::N-B03::N3-3::N-1-9::B3-19::B-B05::N-2-9::N-A11::N-1-6::N-B07::B-B07::N3-13::B-1-2::B-A04::B-A08::B3-12::B-A11::B3-5::N-A08::B-B11::N-B09::B-2-21::B-A05::N-A02::B-A03::	38
chr18	73571800	73862800	chr18_73571800	39	291000	0.0190299062949733	52	1.11444164442063e-08	40	0.00723228326223322	::B-A11::B3-6::B-B07::N-2-9::B-1-2::N-1-2::N3-13::B-2-12::B-2-14::N-2-12::N-2-27::B-A03::N-A03::B-2-21::N-1-6::B-1-7::N-1-7::B-2-26::B-A12::B-B02::N-A12::B-3-1::B-A05::B-2-15::B3-c-32::B-A02::N-A02::N-3-1::N-A01::N-A07::B-B09::B-3-4::B-B05::B3-7::N3-7::N-2-26::B-1-6::N3-3::B-A10::	36
chr19	3453200	3744200	chr19_3453200	41	291000	0.0026815774191915	71	3.02077899463692e-20	62	1.88276901092343e-14	::B3-5::N-A01::N3-c-9::B-A08::B-B10::B3-19::N-1-2::N-B10::B-B05::N-B05::N3-12::B-1-6::N-A10::N-2-15::B-A05::B-2-15::B-A10::N-B03::B-B03::B3-c-9::N3-16::B-1-10::N-2-21::B-1-4::B-2-14::B-2-21::B-B02::N-2-14::B-1-2::B-B07::B-2-23::B3-6::B-A07::B-2-25::N-2-17::N-A02::B3-2::N-B09::N-B02::B-3-1::B3-7::	46
chr19	16135900	16426900	chr19_16135900	41	291000	0.0026815774191915	62	1.88276901092343e-14	56	6.7519942350242e-11	::N3-7::B3-3::B3-11::N-2-15::N-A01::B3-13::N-B03::N-2-9::B-A01::N-A07::B-3-1::N-B07::N-B10::B-B07::N-B04::B-A11::B3-17::N-B09::B-B11::B3-6::B-B02::B-2-25::B-B04::B-3-4::N-2-23::B-A08::B-B09::N-2-27::B-2-27::N-B02::B3-19::B-2-9::B-A10::B3-5::N-A12::B-1-2::B-2-23::N-A02::N3-16::B-B05::N-B05::	33
chr2	17968500	18259500	chr2_17968500	40	291000	0.00723228326223322	60	3.08120807856446e-13	55	2.48726077385205e-10	::N-B04::B3-11::N-2-17::B-B07::B-A08::B-2-17::B-1-2::N-1-6::B3-6::B-3-1::B3-12::B3-16::N-A11::B-B02::B3-3::N3-19::B-B11::N3-13::N-A05::N-A01::N-2-23::B-B10::B3-15::B3-c-9::B-3-4::B-2-15::N-A03::N3-6::N-B08::N-2-15::B3-17::N3-16::B-1-6::B-A01::N-B07::B-2-21::N3-c-14::B-2-12::N-B02::B-A07::	26
chr2	22900000	23191000	chr2_22900000	39	291000	0.0190299062949733	53	3.19654065166593e-09	49	4.20634169791856e-07	::B3-2::B-A07::N-B07::B-3-4::B3-11::B3-19::N-B08::N-1-10::N3-12::N3-11::B-B09::B-1-2::N-B02::B-A04::B-B08::B3-12::N-2-25::B-2-27::B-2-14::B3-c-14::N-A11::B-2-15::B-A05::B3-3::B-B04::N-B04::B-B11::B-A11::N-A01::B-1-7::N3-13::N3-16::B-B05::B-2-26::N-A07::N-B09::B-2-23::N-2-27::B3-5::	25
chr2	37354000	37645000	chr2_37354000	43	291000	0.00034313904013106	67	1.31898017701428e-17	62	1.88276901092343e-14	::B-2-9::N-A10::N3-3::N-2-15::B3-c-9::N-B08::B-B08::B-3-1::N3-19::N-2-21::N3-13::N-A05::B3-7::N-B07::N-B04::B-1-2::B-2-15::N-A04::B-B10::N-B10::N-3-4::N3-11::B3-11::B-2-14::B-A07::B-B11::N3-16::B-2-17::N-2-9::N-1-6::N-2-12::N-3-1::B-2-23::B3-6::B-2-27::N3-5::N-B03::N3-6::B-B05::B-B07::N-A01::B-A01::N-A11::	38
chr2	48808600	49099600	chr2_48808600	39	291000	0.0190299062949733	61	7.67873998548667e-14	55	2.48726077385205e-10	::B-B05::B3-c-10::B-B11::B-A12::N-A12::B-3-1::N-2-17::B-2-17::B-A11::B3-2::N-A11::N3-6::B-B07::B-2-12::B-2-27::B-A03::B-A10::B3-7::N-2-27::N3-11::B-2-25::N-2-15::B-A01::N-A02::B-A02::B-2-15::B3-11::B3-5::N-A05::B3-6::N3-19::B-3-4::B-B10::N-A03::B3-19::N-1-6::N3-17::B-2-23::B-B02::	33
chr2	52902500	53193500	chr2_52902500	40	291000	0.00723228326223322	51	3.81207912968131e-08	45	4.00499962694245e-05	::B-1-6::N-A08::N-A05::B3-3::N-2-21::B-B07::N-B03::B3-c-28::B-A08::N-B05::B-3-1::N-3-1::B-1-2::B-2-17::B-B10::N-B10::B-A02::N-2-25::B-A01::B3-19::N-B08::B-2-23::N-A01::N-B04::B-A04::N-A04::B-2-12::N-2-12::B3-c-9::N-2-23::B-B02::N-1-6::B-A05::B3-c-10::B-A07::N-A02::N3-19::B-2-21::B-B11::B-A10::	29
chr2	90739200	91030200	chr2_90739200	44	291000	0.000118554003562572	62	1.88276901092343e-14	55	2.48726077385205e-10	::B-3-4::B-A08::B-A12::N3-11::N-B11::B-B11::N-2-23::N-2-27::B-1-6::B3-12::N-2-15::B-2-15::B-B02::N-A05::N-B10::N-2-21::B-2-12::N-B05::B-A07::B-1-7::N-B02::N3-16::B-A04::N3-6::N-A12::N-3-4::B-2-14::N-2-14::B-A02::N-1-2::B-B03::N-B03::N-B07::N3-13::B-A01::N3-2::B-2-21::B3-19::B3-c-9::B-A03::N-3-1::B3-c-32::B-B09::B-2-27::	35
chr2	91551200	91842200	chr2_91551200	42	291000	0.000970598953166786	67	1.31898017701428e-17	63	4.54313101430205e-15	::B-A07::N-B10::N-A02::B-B03::B3-13::B-B02::N3-17::B-B09::N-2-25::N-3-4::N-1-6::B-1-6::N-1-2::B-2-14::N3-13::B-A01::B-3-1::N-2-21::B-B07::B3-7::N3-7::N-2-15::B-A05::N-B02::B3-3::N3-16::B-2-25::B-2-21::N-A10::B3-6::B-B10::B-1-10::B-2-12::B3-17::N-B05::B-1-7::B-A12::B-B04::N-1-7::B-A03::B-1-2::B-A10::	34
chr2	98439800	98730800	chr2_98439800	82	291000	5.4155454275163e-28	489	nan	40	0.00723228326223322	::B-A01::B3-11::B3-7::B3-17::B-2-14::B-1-2::N3-13::N-A08::B-A07::B-A08::N-A05::N-1-2::N-A01::N3-16::N-B07::N-1-7::N-B05::N3-6::N-2-14::N-B10::N-2-26::N-A02::N-2-12::N-A11::N3-7::N-B04::N-B09::N-1-6::N3-19::N-B08::N-B11::N-A03::N-A10::N-A12::N3-17::N3-c-14::N-2-15::N3-15::N-2-17::N-3-1::N-2-25::B-2-21::B3-12::N-2-9::N-B02::B-B02::N-1-10::N3-11::N3-12::N-2-27::N-2-21::N3-5::N-3-4::N-B03::N-2-23::N3-c-9::B-2-23::B3-6::B-3-1::N-A07::N3-3::B3-c-28::B-B07::N-A04::B3-13::B-A02::B-B11::B-1-10::N-1-4::B-B10::B-2-15::B-B08::B-B04::N3-c-10::B-1-7::B-1-6::B-A05::B-2-27::B-B03::B3-19::B-A11::B-2-12::	237
chr2	154603100	154894100	chr2_154603100	42	291000	0.000970598953166786	66	5.81318711411276e-17	58	4.71983429647625e-12	::B-A04::B-B07::N-A05::B3-11::N3-3::B-2-15::B-A11::N-B10::B3-19::N3-19::B-2-9::N-B02::B-B03::N-A07::N-2-21::N3-11::N-3-1::B-A02::B-B05::B-A07::B-B10::B3-c-9::B-1-6::B-B09::N-2-27::N-2-15::B-A03::N-B05::B-A01::N-B04::B-3-4::B-B04::B-3-1::B-B02::B-A05::B3-12::N-B08::N-2-9::B3-c-10::B3-6::B-2-23::B3-c-14::	37
chr2	160483700	160774700	chr2_160483700	39	291000	0.0190299062949733	46	1.3235593408565e-05	40	0.00723228326223322	::N3-2::B-1-6::N-3-4::N3-7::N3-5::N-A11::B-A11::B-1-2::N-B09::B3-c-28::B-B05::B-2-27::B-B02::N-A01::N-2-17::N-B04::N-B08::B-3-4::B-A02::N3-19::N-2-15::B-B10::B3-12::B-2-14::B3-2::B3-19::B-2-15::N-A08::B3-5::N-1-2::B-A04::N-A04::N3-11::B-B07::N-B03::N3-17::B3-11::B-3-1::N3-6::	26
chr2	163456900	163747900	chr2_163456900	42	291000	0.000970598953166786	60	3.08120807856446e-13	27	234.02039427955	::B-B05::B-B07::N-A11::B-1-7::N3-11::N-1-2::N3-16::B-A10::B3-6::N-B08::B-A07::N3-12::B-A04::N-B09::N-3-1::B-3-1::B-B02::B-2-15::B-B04::B3-16::B-2-21::B-B09::B3-13::B-B10::B-B08::B-A08::B-2-27::B-A02::B3-7::B-1-6::B-2-25::B-1-2::B-B11::B-A12::B3-3::B-A05::B-B03::B-A11::B-3-4::N-B04::N-2-27::N-3-4::	19
chr3	19129800	19420800	chr3_19129800	42	291000	0.000970598953166786	54	8.99881329234036e-10	47	4.2809911349916e-06	::B-3-4::B-A07::B-B09::B-1-7::B3-6::B3-11::N-A02::B-2-14::N-3-1::B-B05::B3-3::B-2-27::N-B05::B3-c-28::B-2-15::N-1-10::B-B02::N-2-15::B-B10::N3-13::N-A12::B-A12::N-B09::B-1-6::N-3-4::N-A11::N-1-2::B3-2::N-A01::B-2-17::B3-13::N-A10::B-2-21::B-2-26::N-2-26::N3-19::B-A11::N-B04::B3-19::B-A04::B-A03::N-A03::	29
chr3	27416800	27707800	chr3_27416800	45	291000	4.00499962694245e-05	66	5.81318711411276e-17	57	1.80076058476883e-11	::N-B08::B-A10::N-A03::B3-19::B-A01::N-A10::B3-17::B-A08::N-B07::N3-c-14::N-2-25::N-A07::B-A07::N3-19::B-2-25::N3-17::N-2-26::N-A02::B-A02::B3-6::B-B02::N-A05::B-B10::N3-11::N-3-4::B-2-15::B-2-21::N-2-21::B-1-7::B-B07::N-2-15::B3-c-14::B-1-2::N-B10::N-B09::B3-3::B-2-14::B-B05::N-B05::N-B02::B3-5::N-2-14::B3-7::B3-13::B-2-23::	31
chr3	51267400	51558400	chr3_51267400	45	291000	4.00499962694245e-05	66	5.81318711411276e-17	59	1.21611181872371e-12	::B-B07::B-2-23::N-B07::N-A02::N-B04::B-2-15::B-B04::N-2-15::B3-17::N-2-23::B3-19::N-2-14::N-2-17::B3-11::B-B08::N3-3::N-2-25::B-1-2::B-2-14::B-A12::N3-19::B-B02::B3-3::N3-13::B-2-25::N-1-2::B-1-6::B-B10::N-1-6::B-2-9::B-B05::N3-11::B-2-26::B-2-21::N-3-1::B-3-1::N-A01::B-A03::N-B03::B3-7::N3-7::B3-c-14::B-A02::B-A07::N-A08::	29
chr3	60351300	60642300	chr3_60351300	39	291000	0.0190299062949733	56	6.7519942350242e-11	41	0.0026815774191915	::N-A11::B-2-21::N-2-21::B-A10::N3-7::B-1-2::B-1-6::B-2-14::N-2-14::B-B04::N-B04::N-1-6::B-B02::B-2-27::B-2-23::B-1-7::N-A08::B-B10::N-B03::B-B03::B-A11::B3-11::B3-19::N-1-7::N-2-12::B-2-12::B-A02::N-2-15::B3-3::N-3-4::B-3-4::N3-3::N-2-17::N-A02::N-2-23::B-A07::N3-19::B-A05::N-A07::	24
chr3	69010300	69301300	chr3_69010300	45	291000	4.00499962694245e-05	67	1.31898017701428e-17	54	8.99881329234036e-10	::B3-3::N-1-6::N-B10::B-B10::B3-c-28::N3-19::B-1-2::B-2-12::N-2-12::N3-7::N-2-23::B-A08::B-2-25::B-2-14::N-2-14::B-A10::N-A10::N-B07::B-A02::B-B03::N-B03::B-B02::B-2-17::N-A08::N-2-21::B3-c-10::B-B04::B-2-15::N3-15::B3-15::B3-6::B-B09::N-B09::N-B08::B-A01::B3-19::B-B08::N-2-25::N-3-1::N-2-17::N3-11::N-A01::N-A07::B-B11::N3-6::	38
chr3	88687200	88978200	chr3_88687200	41	291000	0.0026815774191915	49	4.20634169791856e-07	45	4.00499962694245e-05	::N3-13::B-A02::N-A08::B3-6::N-3-1::N3-c-9::B3-c-10::B3-7::B-2-12::N-2-12::B3-12::N-2-23::N-2-25::N-1-10::B-1-10::B-A08::B-B03::B3-16::N-1-2::B-2-25::B-B02::N-2-27::B-2-27::B-B07::N3-16::B3-13::B-3-4::B3-2::B-B05::B-B08::B-2-21::B-1-7::N-B05::B-2-15::B-3-1::B-B10::N-1-6::N-B08::B-B09::N-B02::N-2-15::	25
chr3	90205800	90496800	chr3_90205800	43	291000	0.00034313904013106	59	1.21611181872371e-12	52	1.11444164442063e-08	::B-A02::B-A07::B3-11::N-2-17::B-A10::B-B10::B-A12::B-2-23::B-B02::N-A11::B-2-27::N-B08::B-2-14::N3-19::B-2-25::N-B05::B-B05::B3-5::B3-7::N-B07::B-3-4::N-A01::N-1-6::N-1-2::B-1-2::N-2-27::N3-16::B3-16::B3-2::B3-3::B-A01::N-B09::B-2-15::B-1-7::N-1-7::B-A03::B3-6::B-A08::B3-17::N-B04::B3-c-10::N3-11::B-B11::	34
chr3	94838400	95129400	chr3_94838400	39	291000	0.0190299062949733	48	1.35581945121238e-06	43	0.00034313904013106	::B3-3::N-2-23::N-B05::B-2-12::B-A01::N-A01::N-2-15::B3-11::N-1-6::B3-16::N3-19::B-3-1::B3-13::B-2-27::B-A07::B-B11::N-2-14::B-2-26::N-2-26::B3-6::B-B05::N-1-4::N3-2::N-A11::B-A11::B-2-15::N-B04::B-1-10::N-A03::B-A08::B3-19::B-A12::N-2-17::N-2-9::B-1-7::B-1-6::B-2-23::N-B09::N-3-1::	23
chr3	103055800	103346800	chr3_103055800	43	291000	0.00034313904013106	59	1.21611181872371e-12	55	2.48726077385205e-10	::B-B05::B-A07::N-1-7::B-A01::N-2-23::B3-6::B-1-6::B-A08::B-2-23::B3-2::B-2-25::N-A07::N3-16::B3-19::B-B03::N-B04::B3-15::B-B09::N3-3::B3-c-28::B-A10::B-B10::B3-3::B-1-2::N3-11::B-B07::B-2-17::N-2-25::B3-12::N-2-9::B-2-15::N-B03::N-B05::N-2-15::B-2-21::B3-7::B3-13::B-A11::N-A11::B-2-14::B-2-9::N-A12::N-B07::	35
chr3	104821100	105112100	chr3_104821100	43	291000	0.00034313904013106	56	6.7519942350242e-11	51	3.81207912968131e-08	::B3-17::B-B02::B-3-1::B-A07::B-A08::B-B05::N-B03::B-B03::B-B09::B-B07::B-B11::B-A12::N-1-6::N-B04::B-B04::B-2-21::N-A12::B-A11::B-2-15::B-2-25::N-2-25::B-A10::N-2-26::B3-12::B-2-9::N-3-4::B3-15::B-2-17::B-A04::N-1-2::B-A01::N-A01::B-2-27::B3-11::N3-16::B-A03::N-2-15::B3-6::N-B05::B-1-6::N-2-21::N-B08::N-2-23::	29
chr3	135406400	135697400	chr3_135406400	40	291000	0.00723228326223322	57	1.80076058476883e-11	46	1.3235593408565e-05	::N-A05::B3-c-28::B-A10::B-B05::N3-13::B-A05::B-B02::B-A08::B-1-10::B3-6::N-2-23::B3-16::N3-11::B3-7::B3-11::B-2-21::B-2-14::B-A01::B3-3::N-B09::N-2-17::N-B02::B-A03::N-A08::N-A03::N3-17::N3-16::B3-19::B-2-25::N-1-6::N-2-15::B3-c-9::B-2-15::B-1-6::B-1-2::B-1-7::B-B09::N-B11::B-A04::B-2-27::	30
chr4	40980000	41271000	chr4_40980000	40	291000	0.00723228326223322	49	4.20634169791856e-07	46	1.3235593408565e-05	::B3-6::B-B03::N-2-26::B-B07::N-A03::B-A03::B-B09::B3-17::N-A01::B3-3::B-B04::N-2-25::N-A05::B3-13::N-3-1::B-3-1::N3-11::B-1-7::B-B10::B-2-21::B-A12::B3-19::B3-c-32::N3-7::B-2-12::B-2-23::N-2-27::B-2-14::N3-13::B-B05::N-2-21::N-2-15::B-B11::B-2-27::B3-11::N3-16::B-2-15::N-B03::B-A08::N-A08::	18
chr4	82221200	82512200	chr4_82221200	45	291000	4.00499962694245e-05	62	1.88276901092343e-14	55	2.48726077385205e-10	::N-A03::N3-19::B-A07::B-A12::N-A11::N-A12::B-3-4::B-2-21::B-1-2::N-A07::N3-6::B-2-15::N-B10::B3-c-9::B3-19::B-2-9::N-3-1::B-A01::B3-15::N-2-21::N-B07::B3-17::B3-12::N-2-25::B-2-25::B-B02::B-B11::N-B04::B-B04::N-B03::N-1-7::B-1-10::B-B03::B3-6::B-1-7::N3-c-9::N-2-27::B-2-27::N3-16::B3-16::B-B09::N-2-14::B-A05::N-A02::N-2-23::	24
chr4	130554600	130845600	chr4_130554600	43	291000	0.00034313904013106	65	2.52382634052433e-16	51	3.81207912968131e-08	::B-2-14::N3-2::N-A02::N3-17::B-B02::N-2-21::N-B10::B-B10::N-3-1::B-3-1::B3-c-28::B-A10::B-B07::N-A01::N-1-6::B3-17::B3-12::N-2-15::B-2-15::N3-13::B3-11::N3-11::B-1-4::N-A08::B-A08::B3-2::N3-16::B-A05::N-B02::B-2-9::B3-13::B-1-6::B-1-2::B3-5::B-A07::N-B07::B3-7::N3-7::N-1-10::N-A11::N-B09::B-B09::B-B05::	31
chr4	135155700	135446700	chr4_135155700	43	291000	0.00034313904013106	52	1.11444164442063e-08	43	0.00034313904013106	::B-2-9::B3-15::B-2-27::B-3-4::B3-5::B3-c-28::N3-13::B3-13::B-B04::B-B02::N-3-1::B-A04::N-A04::B-2-12::N-2-12::B3-7::B-A08::N-A01::B-1-7::N-B10::B-B10::N-A11::B3-c-10::N3-19::B-A10::N-A10::N-B05::B-B05::B-1-6::N-2-17::B-A05::N-A05::B-A07::B-2-25::N-2-9::N3-11::B-2-21::N-2-23::N-A12::B-A03::B3-c-9::N-B07::B-B07::	32
chr4	136286800	136577800	chr4_136286800	48	291000	1.35581945121238e-06	83	9.91888556737884e-29	67	1.31898017701428e-17	::B-B10::B3-7::B-A01::B-2-26::B3-17::N-1-7::B-1-7::N-2-21::B-2-23::N3-13::B-B11::N-B04::B-B04::B-A04::B-B08::B3-19::B-2-15::N-B07::B-3-4::B3-c-32::N-A01::B-B05::B-B07::N-2-26::N-2-15::B3-c-9::N-3-4::N3-12::N3-19::N3-16::B-2-27::B3-12::B-A10::N3-c-9::N-3-1::B-A12::B-A08::B-A03::N-A08::N-A03::N3-c-14::B3-13::N-A07::N3-2::B3-2::B3-6::N-B08::N-2-12::	39
chr4	150288800	150579800	chr4_150288800	43	291000	0.00034313904013106	59	1.21611181872371e-12	55	2.48726077385205e-10	::N3-16::B-A05::N-A05::B3-6::N3-15::B3-7::B3-16::B-2-14::N-A10::N-B09::N-B05::B-2-23::B-B09::N-B02::B-2-25::B-B02::B-2-15::N-2-15::B-A04::B3-c-28::B-A08::N-A01::B-1-10::N-B08::B-B08::B-B05::B-A10::B3-3::N-B04::B3-2::N-1-7::N-2-23::B-B11::B-2-9::B-3-1::B-B04::B-B03::B-A12::B3-19::B-2-27::B-2-21::B-1-2::N-1-6::	29
chr5	20750600	21041600	chr5_20750600	39	291000	0.0190299062949733	59	1.21611181872371e-12	56	6.7519942350242e-11	::B-B05::B-B02::B-B10::B-3-4::N-B05::N3-c-28::N3-17::B-1-2::N-1-7::B3-17::B3-6::B-2-25::B-3-1::N-2-27::N-1-6::B-2-15::B-A01::B3-7::N-2-9::N-A01::N-1-10::B-B09::B-1-10::B-A10::B-B03::N-2-17::B3-19::N3-19::N-3-4::B-2-27::N-B10::N-A05::B3-c-32::N-A12::N3-11::N-2-14::B-A02::B-1-6::B3-12::	37
chr5	23386600	23677600	chr5_23386600	45	291000	4.00499962694245e-05	60	3.08120807856446e-13	56	6.7519942350242e-11	::B-A04::B-B02::B-1-7::B-A10::B3-7::B3-12::B-A08::N-2-15::B-B07::B-A01::B-2-15::N-B09::N-2-9::N3-11::B3-11::B3-2::N-A01::B-1-2::N-2-21::B-2-14::B-A05::N3-3::B3-3::B3-6::N-B04::N-A07::B-3-4::B3-19::B-A03::B-B05::B-2-25::B3-c-28::B-A07::N-A05::B-A12::N-2-27::N-A02::B-1-6::N-2-23::B3-c-9::B-2-21::N-B10::B3-13::B-B04::B-B10::	25
chr5	25263100	25554100	chr5_25263100	48	291000	1.35581945121238e-06	147	9.92509377903956e-85	118	1.94249023379816e-57	::B-2-27::N3-13::B3-6::B-A11::B-B09::N-2-17::N-2-9::B-2-9::B-1-2::B-2-15::B-A10::N-A05::B3-13::B3-7::B-2-17::B3-12::N3-12::B-1-6::N-2-25::N-2-15::B-B02::N-B02::N-3-1::N-A03::B-B10::B-B07::B-A02::B-A08::B-A03::N-A08::B-B08::B-1-10::B3-c-9::B-2-25::N-B07::N-B10::N-B08::B3-17::N-A07::B-3-1::B3-5::N-2-23::B-B05::B-B03::B-2-21::B-2-23::N-B05::N3-19::	82
chr5	28130200	28421200	chr5_28130200	89	291000	2.92594999671058e-33	228	0	34	1.61943409016533	::N-A01::N-2-23::B3-7::N-2-15::N-A08::N-B09::N-2-25::N3-16::N3-11::N-3-4::N-1-2::N-2-21::B3-c-28::B-2-21::B-2-12::B-2-15::B3-12::B-B10::B3-6::B3-c-9::B3-5::N3-15::B-A08::B-1-2::B-B04::N-A11::B3-16::B-2-25::B-A10::B-2-9::N-B04::N-2-14::N-1-7::N-B03::N-B05::N-1-6::N3-3::N-1-4::N3-c-14::B-A04::B-B11::B-2-14::B3-15::B-B03::B-2-17::B3-11::B-B05::B-B08::B-1-7::B-1-10::B-B09::B-1-6::B-B07::B-1-4::B-2-23::B-A02::B3-13::B-A01::B-3-4::B-A11::B-3-1::B3-3::B3-17::B3-2::B3-19::B-A05::B-B02::B-2-27::B-A07::N-3-1::N3-5::N-2-12::N3-12::N-B02::N3-7::N-B10::N-B08::N-A03::N-2-27::N-1-10::N-A02::N-A10::B-A12::N3-13::N-A12::B3-c-10::B-2-26::N-A05::N3-19::	145
chr5	32354300	32645300	chr5_32354300	39	291000	0.0190299062949733	51	3.81207912968131e-08	43	0.00034313904013106	::N-2-25::B3-17::N3-17::B-B04::B-1-10::B3-6::N3-11::B-2-21::B-A12::N-A12::N-B08::N-3-1::N-1-6::B-2-17::N-2-17::B-3-1::N-A05::B-A05::N-A08::B-B02::B-2-25::B-A07::B-3-4::N-2-23::B-A08::B-2-15::N3-16::B3-16::B-A10::N-A11::N3-19::N-2-15::B3-19::B3-c-10::B-2-23::B-A11::B-B09::N-B09::N3-c-9::	31
chr5	34339200	34630200	chr5_34339200	42	291000	0.000970598953166786	85	3.21042261699863e-30	72	6.37801043355904e-21	::B3-12::B-2-21::N3-3::B3-3::N-A12::N-B04::N-B05::N-B08::N3-16::B-B02::B-1-7::B-1-6::N-A01::N-B10::B-B10::N-1-6::B-B05::N-2-26::B-2-15::B-2-14::B-A05::N-B03::N-A02::B-3-1::B3-c-9::B-A08::N-2-12::B3-6::N3-13::B3-16::B3-13::B-A12::B3-11::N-2-17::B-2-17::B-2-23::B3-17::B3-19::B-B11::B-3-4::B-1-4::B-B09::	43
chr5	65390000	65681000	chr5_65390000	45	291000	4.00499962694245e-05	71	3.02077899463692e-20	65	2.52382634052433e-16	::B-A02::B3-2::B-2-26::B-3-4::B3-c-28::N-1-2::B-2-15::N-2-26::B-B02::N-A03::N-1-7::B-B10::N-3-1::N-2-21::B3-7::B-A10::N-2-15::B-3-1::B-1-2::B-B05::N3-c-14::B3-13::B-A07::N-A11::B-2-21::N-A01::B-2-25::N-A12::N-1-6::B-1-10::B3-c-14::B-1-6::B3-12::B-A11::B-1-7::B3-6::N3-6::N3-13::N-B02::N-1-10::B-B07::B-2-23::B-B09::N-B05::B-A05::	38
chr5	90131400	90422400	chr5_90131400	41	291000	0.0026815774191915	69	6.49647547518075e-19	65	2.52382634052433e-16	::N-B09::N3-19::N-2-17::B-A02::N-1-6::B-A04::B-B05::N-B05::B3-c-9::B-B04::B3-6::B3-17::B-A10::N3-13::B-A12::N-1-2::N3-3::B-1-2::B-A01::B3-19::N3-6::N-A10::N-2-23::B-2-25::B3-12::N-2-21::B-2-15::N-B10::B-B09::N-1-7::N3-17::B3-7::B-1-6::B-1-7::B-A08::N3-c-14::N-A02::N-2-25::N-A07::N-B08::N-3-1::	34
chr5	103595300	103886300	chr5_103595300	41	291000	0.0026815774191915	57	1.80076058476883e-11	47	4.2809911349916e-06	::B3-12::B-2-23::B3-13::B3-3::B-A11::N-A11::N3-3::B-1-2::B-B09::N-B08::B-B08::N3-6::B-2-12::B3-c-9::N3-13::N-B03::B-2-15::B3-7::N-3-4::N-2-15::N-2-9::B3-6::B3-c-28::B-2-21::N-B10::B3-5::B-A07::N-A07::B-1-6::N-2-23::N-B05::B-1-7::N-1-7::N-1-6::B-A04::B-B02::B3-19::N3-19::N-3-1::N-B02::B-A08::	30
chr5	115004600	115295600	chr5_115004600	40	291000	0.00723228326223322	51	3.81207912968131e-08	48	1.35581945121238e-06	::B-A03::N-B10::B3-5::B-B10::B-A05::N-B02::N-1-6::N-A04::N3-13::B3-13::B-B02::B3-12::N3-c-9::B3-3::N-A02::B-2-15::B-B05::B3-7::B-1-2::N3-19::B-B04::N-B04::N3-6::N-2-9::B-A10::B-2-14::B-2-21::B-A12::B-A08::B-A07::B-2-25::B-3-4::N-2-15::N3-7::B3-6::B-2-23::B3-17::B-A04::B-B09::B-1-6::	27
chr5	122243100	122534100	chr5_122243100	38	291000	0.048820529762623	57	1.80076058476883e-11	50	1.27889036070034e-07	::B-A07::B3-11::B-2-15::B-A02::N-2-15::B-A10::B3-19::B-B03::N-B08::B-B04::B-B10::B-B05::B-A11::N-A11::N-B02::N3-19::N3-13::B-A08::B-A03::N-A08::N-A03::B-3-4::N-2-25::N-3-1::N-2-27::B3-c-9::B-3-1::N-B09::B-A01::N-A01::B-B02::N-1-2::B3-3::B-1-6::B3-6::B-2-25::B-B09::B-2-27::	32
chr5	147287400	147578400	chr5_147287400	38	291000	0.048820529762623	61	7.67873998548667e-14	54	8.99881329234036e-10	::B-A08::N-B04::N3-19::N-2-27::N-A03::B-2-25::B3-13::N3-17::N-2-17::B-A02::B3-c-9::N-2-15::B3-19::N3-2::B-A05::N3-c-14::B3-17::B3-5::B-B03::B-1-7::N-2-23::B-2-23::N-1-7::B3-7::B-B08::B-3-1::B-A12::B-1-6::B-B02::B3-c-28::B-B07::N-B08::B3-6::B-B04::B-A10::N3-6::B-3-4::N-A11::	33
chr6	28487900	28778900	chr6_28487900	41	291000	0.0026815774191915	57	1.80076058476883e-11	55	2.48726077385205e-10	::B-A05::N-1-2::B-A02::N3-19::N-2-14::N-2-23::N3-2::B-2-15::B-1-6::B3-3::N-A02::B-B10::B3-19::B3-c-28::N-B07::B-B02::B-1-7::B-1-2::N3-3::B-B05::B3-6::B-2-21::B3-7::N3-12::B-A04::B-A10::B-2-23::N-A11::B-3-4::B-A07::N-B05::N-B02::N-2-21::N-A01::B3-5::N-2-15::N-B09::B-A12::N-2-17::B-2-12::N-2-12::	26
chr6	38437900	38728900	chr6_38437900	42	291000	0.000970598953166786	52	1.11444164442063e-08	45	4.00499962694245e-05	::N3-17::B-2-25::B3-c-28::B-B11::B3-6::B-2-9::N-2-17::N-2-26::B-B05::N-B07::N-1-2::N-3-1::B-1-6::B3-7::N-2-27::N-2-25::N-B03::B-1-7::B3-19::N3-16::B3-3::N-3-4::B-2-14::N-A12::B-A08::B-2-17::N3-11::B3-13::N3-13::B-B04::N-A04::B-B10::N-B08::N3-15::B-B03::B-B02::N3-12::N3-6::N-A03::B3-17::N-1-7::B-2-15::	24
chr6	47304200	47595200	chr6_47304200	48	291000	1.35581945121238e-06	64	1.07913072073129e-15	54	8.99881329234036e-10	::N3-17::B3-7::B3-3::N-1-2::N-A01::B-B02::N3-6::N-B04::N3-3::N3-19::B-2-9::B-2-23::B-2-21::B3-c-28::B-A01::B-1-10::N-A02::B3-2::B-B04::N-2-17::B-2-15::B-B10::B-A08::N-B07::B3-15::N-A03::B3-12::N-B10::N-3-4::B-2-12::N-1-7::B-B03::N-B03::N3-13::B-A02::B3-6::B-B09::N-B05::N-A10::N-1-6::B-A07::B-2-25::N-2-15::N3-c-9::B3-c-14::B3-c-9::B-B05::N3-16::	29
chr6	83166900	83457900	chr6_83166900	39	291000	0.0190299062949733	52	1.11444164442063e-08	46	1.3235593408565e-05	::B3-c-28::B-A07::B3-19::B-B05::B3-7::B-2-14::N-2-26::B-2-26::N-1-6::B-B03::B-B08::N-B08::B-1-2::N-2-9::N-B05::B-A01::B-1-6::N-B07::N-A08::N-3-4::B3-6::B-1-7::B3-11::N-B02::N-A05::N3-6::N-2-17::B3-13::N3-13::B-2-12::B-B11::N-1-2::B-2-15::N-A01::B-2-23::B-A02::B-B07::N-A10::B-B02::	26
chr6	86653100	86944100	chr6_86653100	38	291000	0.048820529762623	41	0.0026815774191915	38	0.048820529762623	::N3-c-9::N-B04::B-A07::B-2-17::N-2-17::B-2-15::N-A02::N-3-1::N-1-6::N3-11::N-2-26::B-A12::N-A04::B3-c-10::B-B07::N-B02::N-A01::N-1-7::B-B11::N-A05::B-B03::B-A10::B-1-10::N3-17::B-A05::B-A01::N-2-15::N3-13::B3-c-9::B-1-7::B3-5::B-2-23::B3-c-28::B-1-2::N-B09::B-B04::B-B09::N-A07::	21
chr6	113057300	113348300	chr6_113057300	49	291000	4.20634169791856e-07	68	2.9486832646698e-18	57	1.80076058476883e-11	::B-B10::B-1-2::N-B11::N-1-6::B3-c-9::N3-c-9::B-2-12::B-1-6::N3-16::B-B04::B-A11::B3-c-14::N3-c-14::N-2-15::B-2-21::B-2-15::B-A12::B-A07::B3-c-28::B-2-23::N-1-4::N-1-2::B-A05::B-2-27::N-2-27::N-2-25::N3-13::N-1-7::B-B05::B3-2::B-B11::N-A03::N-2-17::B-A08::B-B07::N3-11::N-B08::B-B08::B-A03::B-B02::B-2-25::N-1-10::B-B03::N-A05::N-2-23::N-A10::N-A11::B3-17::N3-3::	39
chr6	119745200	120036200	chr6_119745200	39	291000	0.0190299062949733	58	4.71983429647625e-12	53	3.19654065166593e-09	::B-2-21::N-B04::B-A05::B-A04::B-2-15::B-1-6::B3-6::B3-11::B3-3::B3-19::N-B09::N-B03::B-B04::N-1-2::B-A08::N-2-9::B-B10::B-B05::N3-19::B-A07::B-A12::B3-7::B-A11::N-2-21::B3-13::N-2-23::N-B11::N-2-15::B-2-12::N-2-12::B-2-14::N-2-14::N3-11::B3-17::N-B05::N-A01::N3-12::B-2-25::N-A08::	31
chr6	134487100	134778100	chr6_134487100	55	291000	2.48726077385205e-10	78	4.25660231050576e-25	68	2.9486832646698e-18	::B-A08::B-2-23::B-A12::B-B10::B-2-21::N-2-25::B3-7::N3-7::B-2-12::N-B07::N-1-2::N-3-1::N-2-12::N-A03::N-2-23::B3-5::N-A02::B3-12::B-1-7::B-B02::B3-19::N3-16::B3-6::B-1-6::N3-c-9::N-B09::B3-17::N-B11::B-2-15::B-1-10::N-A08::B-2-27::B-3-1::B-B04::N-A05::B-A03::N-A11::B-A05::B-A10::B3-c-28::N-1-6::B-3-4::N-A10::B-2-14::N3-11::N-A01::B3-3::B-B09::N-B03::B-B03::N-2-26::N3-6::B-A01::B3-2::B-1-2::	44
chr7	80522300	80813300	chr7_80522300	39	291000	0.0190299062949733	48	1.35581945121238e-06	42	0.000970598953166786	::N-B05::B-B05::B3-2::B3-c-14::B3-17::N-A04::B-3-1::N3-2::N3-19::B3-c-9::B-A07::N-B08::B-1-6::B3-3::N-A11::B-3-4::N3-12::B-2-21::N-2-15::B-2-15::B-2-9::N-B09::B3-19::N-B04::B3-13::N3-16::N-A08::N3-13::B-A02::N-A07::B-B02::N-1-6::B-B11::N-A02::N-A10::B-1-2::B-2-17::B-2-12::N-2-17::	22
chr7	89953600	90244600	chr7_89953600	43	291000	0.00034313904013106	66	5.81318711411276e-17	55	2.48726077385205e-10	::B-B05::N-A03::B-A03::B-A02::B-B04::N-B04::B-B11::B-1-6::N-1-2::B-B09::B-A04::B-1-2::N-A02::B-B02::B-2-21::B3-17::N-B09::N3-11::B3-11::N-1-4::B-A08::N-B02::B-2-23::B-B07::B3-c-9::N-2-25::N3-c-32::N3-16::N-A11::B3-6::B3-7::N-3-1::B-B10::B-3-1::N-2-21::N-A01::B-A01::B3-13::N3-13::B-A11::N-1-6::N3-6::B-1-10::	32
chr7	101925200	102216200	chr7_101925200	40	291000	0.00723228326223322	56	6.7519942350242e-11	50	1.27889036070034e-07	::N-1-10::N-B04::N-1-4::B-1-6::B-A10::B-A05::B3-6::B3-19::N-B02::B3-3::B-B02::B-B07::N-B07::N-2-27::B-A08::B-1-10::B-1-7::B3-c-28::N3-13::N-2-17::B3-7::N-2-25::N-2-15::N-B10::B-2-21::N-A02::B-3-1::B-B04::B-A07::B-B05::N-B05::N3-c-9::B3-c-9::B-2-15::N-1-6::B-1-2::N-B09::N-1-2::B-2-27::B-2-26::	28
chr7	111991400	112282400	chr7_111991400	38	291000	0.048820529762623	52	1.11444164442063e-08	47	4.2809911349916e-06	::N3-19::N-A02::B-A02::B-B05::N-A01::B-1-7::B3-13::B-1-2::N-B07::N-B03::B-B03::N-2-25::B-A04::N-1-2::B-2-14::N3-17::B-1-6::B-1-10::B-2-27::B-B09::N3-7::B-B07::N-2-17::B-2-17::N-B04::B-B02::B3-12::N-2-21::N-2-27::B-A08::B-2-23::N-1-7::B3-2::N-B02::B-2-9::B-A07::B3-7::B3-6::	32
chr7	117990200	118281200	chr7_117990200	41	291000	0.0026815774191915	52	1.11444164442063e-08	48	1.35581945121238e-06	::N-2-27::B3-12::B-B07::N-2-25::B-2-14::B-2-23::B-B05::B3-16::N3-16::B-1-2::B-B04::B-B08::B3-6::N3-19::B3-3::B-A01::B-3-1::N-A05::B-A05::B-3-4::N-1-6::B3-11::N-B08::B-A08::N-2-23::B-B03::N-2-14::B3-7::N3-11::B-1-10::N3-5::N3-13::N-A08::N-3-1::N-3-4::B-2-27::B-2-26::B-A11::N3-17::N-A12::B-B10::	25
chr7	121602000	121893000	chr7_121602000	54	291000	8.99881329234036e-10	68	2.9486832646698e-18	28	127.055785196699	::N3-6::B-1-10::B-B07::N-3-4::N3-5::N-A02::N3-13::B-B10::B-A04::N-2-17::B-B05::N-B09::B-2-27::N-2-27::N-1-2::N-B04::B-2-9::B3-c-32::N-2-15::B3-12::B-B04::B-2-25::B-3-1::N-3-1::N-2-12::N-2-21::N-A10::N-2-25::N-1-6::N-A11::N3-16::N-2-14::N-B05::N-B07::N-1-9::N-B08::N-2-9::N-2-26::N3-11::N-B11::N-A12::N-B02::N-1-7::N-A07::N-A05::N3-2::N-A04::N-B10::N3-19::N3-c-10::N3-3::N-2-23::N3-17::B-2-21::	56
chr7	136115900	136406900	chr7_136115900	61	291000	7.67873998548667e-14	66	5.81318711411276e-17	14	12622.4641994472	::B3-3::B3-19::N-2-17::N3-6::B-B04::N-B07::B-2-17::B-2-15::N-A05::B3-6::B-B09::N3-c-10::N-A02::N-2-12::N-B11::N-A08::N-2-9::N-2-14::N3-13::N-2-26::N-B04::N3-17::N-2-27::N-2-25::N-B09::N-B05::N-A11::N3-5::N-B02::N-2-23::N-B03::N-A10::N-3-4::N3-19::N-A07::N-3-1::N-A01::N3-11::N-1-2::N-2-15::N3-16::N-1-6::N-2-21::N-A12::N3-c-32::N-A03::N-A04::N-1-10::N3-c-28::N-1-4::N3-2::N-1-7::N-B10::N3-3::N-B08::N3-7::N3-c-9::N3-12::N3-c-14::N3-15::B-A10::	60
chr8	109669800	109960800	chr8_109669800	47	291000	4.2809911349916e-06	80	1.55647997033834e-26	62	1.88276901092343e-14	::B-2-9::N3-17::B-1-6::N-A02::B-A10::B-1-7::B-2-25::B3-c-10::N-B08::B-B10::N-B10::B-1-4::N-2-15::N-B07::N3-19::B-2-21::B-2-14::N-2-14::N-B11::N-1-6::B3-19::B-A02::N3-11::B3-11::B-2-15::N-2-25::B3-12::N-1-7::B-A12::B-B07::N-3-1::B-3-1::N-2-17::B-2-17::B-B02::B3-c-32::B-B05::N-2-21::N-1-4::N-1-9::B3-c-14::N3-c-14::N-A04::B-A07::B3-17::N-2-26::B3-5::	38
chr8	122820400	123111400	chr8_122820400	39	291000	0.0190299062949733	50	1.27889036070034e-07	44	0.000118554003562572	::N-B03::B3-2::N-A11::N-B02::N-3-1::B-3-1::B3-6::N3-19::B3-19::B-B07::B-B10::B-A08::B-B02::B-2-15::N-B04::B3-7::B-B05::B-1-2::N-2-14::B3-15::B3-17::N-A05::B3-3::B-B03::N-A02::B-A02::N-B10::B3-5::B-A07::N-A01::B-2-17::B-2-25::N3-13::B3-13::B-A10::N-B09::B-2-14::B-2-23::N3-17::	27
chr8	127037700	127328700	chr8_127037700	38	291000	0.048820529762623	53	3.19654065166593e-09	51	3.81207912968131e-08	::N-A11::N-B11::N-2-23::B3-c-10::B-1-6::B-B07::B-B09::N-A08::B-B03::B-3-4::B3-5::N-2-15::N-2-9::B3-6::N-A02::B-1-2::N-2-25::B-B04::B3-12::N-2-26::B3-17::N-A01::N-B09::N-3-1::B-2-26::B-2-25::B-B02::B-B05::N3-6::B-A08::B-A12::B-2-21::B3-19::B-2-14::N-B08::B-B11::B-B10::N-3-4::	30
chr9	3000100	3291100	chr9_3000100	61	291000	7.67873998548667e-14	118	1.94249023379816e-57	37	0.12203581764142	::N-A08::N-B08::B-B02::N-3-4::N-B07::N-A05::N-A04::N-2-17::N-A02::N-2-23::N-2-15::N3-6::N3-16::N-B05::N3-11::B-B11::B-A02::B-A10::N-B11::N-A11::B3-7::N-2-21::N-A01::N3-19::N-2-12::N-B04::N-2-26::N-B10::N-2-14::N3-5::N-A07::N3-17::N3-13::N3-2::N-1-10::N-2-27::B3-5::B3-11::B-2-15::B-1-10::B3-c-28::B-B10::N-B02::B3-17::B-2-23::B-A08::N-A12::N-2-25::N-1-6::N-1-4::N-B03::B-B09::N3-15::N-A03::B-B05::B-2-17::B-2-25::N3-c-28::N-B09::N-1-7::B-3-4::	55
chr9	21432600	21723600	chr9_21432600	42	291000	0.000970598953166786	71	3.02077899463692e-20	62	1.88276901092343e-14	::B-B07::B-A07::B-B08::N-B08::N-2-17::B-2-21::N-2-15::B3-11::B-B10::B-1-2::N-2-25::N-1-2::B-B04::N3-5::N3-17::B-3-4::N-B07::N-2-9::B-2-9::N-B04::B-2-14::N3-16::B-B05::B-1-6::B3-3::B-A08::B3-12::N3-19::N-A05::B3-13::B-A02::B-B02::B3-19::B-1-10::N-A04::N-A08::N-2-12::N-1-6::B-2-15::N-B02::N-B09::B3-17::	37
chr9	59389300	59680300	chr9_59389300	44	291000	0.000118554003562572	65	2.52382634052433e-16	62	1.88276901092343e-14	::N-1-7::B-2-23::N-B08::B-2-12::N-2-12::B3-12::N-A08::N-B10::N-A02::B-B09::B-B02::B-A08::N-A01::B-3-1::B3-6::B3-3::N3-13::B-2-14::N-A07::N-2-14::N-1-4::B3-15::N-2-15::N-B07::B-2-27::N3-16::B-B10::N-2-17::B-2-17::B-2-15::N-2-23::B3-2::B-B03::B3-5::B-A10::B3-16::B-B05::B-2-21::B3-19::N-3-1::B-1-6::B3-c-9::N-A05::N-B04::	30
chr9	65690500	65981500	chr9_65690500	46	291000	1.3235593408565e-05	62	1.88276901092343e-14	56	6.7519942350242e-11	::B-B10::B-2-23::N-B03::N-1-10::N-B04::B3-17::N3-17::B-A04::B-3-4::B3-12::B-B05::B3-15::B-B09::N-2-25::N-A10::B-1-2::B-B11::N-B11::B-B02::B-2-14::B3-7::B-A01::B-2-27::N-2-27::B3-c-28::N-1-2::N-A08::B-A03::B-2-15::N-B02::B3-13::B-A07::N-A07::B-1-7::B-A10::B-2-25::B3-19::B3-5::B-B08::N-B08::N-A04::B-A11::N-2-15::B-B04::B-2-12::N-1-7::	29
chr9	66309400	66600400	chr9_66309400	46	291000	1.3235593408565e-05	60	3.08120807856446e-13	57	1.80076058476883e-11	::B-B07::N-B02::B3-c-28::N-3-4::N-B04::B-1-2::N-2-21::B3-6::B-3-4::B3-3::N-B08::N-B07::B3-11::N-B05::B3-17::B-B10::B-B05::N-1-6::B-2-15::N3-17::B3-19::B-2-17::N3-16::N-2-27::B-A01::B-A08::B3-7::B-B09::B3-15::N3-15::B-1-7::B-2-14::N3-13::B-1-6::N-2-23::N-1-2::N-2-17::N3-c-10::N-B10::N-A11::B-A07::N3-19::N-2-15::B-A02::B-2-21::N-B11::	31
chr9	70438200	70729200	chr9_70438200	53	291000	3.19654065166593e-09	81	2.92117305813969e-27	73	1.32819283874656e-21	::B-A07::N-2-15::B-1-2::N-A11::B-A05::B-B09::B3-6::N-A07::B-B05::N-A05::B-B02::N-1-2::B-A01::B3-3::B3-7::N3-c-9::B3-c-9::N-3-4::B-B10::B-1-7::B-A08::N-B05::B-A11::B-3-1::N-3-1::N-A03::B-B07::B-2-23::N-2-21::B-B04::N-B07::N-B11::B-2-15::N-B09::N3-17::B-A10::B3-c-28::N-1-6::B-2-21::B3-5::B-A02::N3-16::N-B08::N-2-27::B-2-27::B-2-25::N-2-25::B-1-10::N3-19::B-A03::N3-13::B3-17::N-1-4::	36
chr9	71828600	72119600	chr9_71828600	55	291000	2.48726077385205e-10	96	9.1386262059727e-39	83	9.91888556737884e-29	::N3-11::B-2-14::B-1-7::B3-12::B-2-25::N-A03::N-B11::B-B10::B-A11::N-B08::N-2-12::B-2-12::B-A01::B-A10::N-B09::B-B08::B3-11::B-2-21::B3-17::N-A11::B-2-17::B-3-1::N-A05::N-A07::B-A05::B-A12::N-A12::N3-c-32::N-1-7::B3-2::N3-13::B3-5::N-2-15::B-1-6::B-B02::B3-6::N-1-4::N-B03::N-2-14::N-B10::N-B04::N-2-17::N-2-25::N-1-6::B3-c-10::N3-17::B-2-15::B-B11::N-B05::B-1-2::B-3-4::B-B04::B3-c-28::B3-3::B-2-9::	55
chr9	72484300	72775300	chr9_72484300	41	291000	0.0026815774191915	54	8.99881329234036e-10	48	1.35581945121238e-06	::B-A12::N3-c-9::N-1-2::B3-17::N-B03::B-A05::N-A05::B-B10::B-B02::N-B08::N-2-23::B3-6::B-2-9::N3-11::B3-11::B-2-25::N-A01::N-B10::B-2-23::B-A10::N3-19::N-2-26::B-A08::B-1-6::N-2-15::B3-16::N3-16::N3-6::B-A04::B3-7::B-3-1::N-3-1::N-B02::B3-5::B-A02::B3-3::N3-3::N-A08::B-3-4::B-A07::B3-c-10::	31
chr9	100626600	100917600	chr9_100626600	43	291000	0.00034313904013106	61	7.67873998548667e-14	56	6.7519942350242e-11	::N3-13::B-A10::N-2-12::B-2-12::N-B10::N-A07::N-2-25::B-2-25::B3-17::B-2-9::N-A01::B-A07::B-A04::B-B11::N3-16::N-1-7::B-1-7::B-3-1::B-B03::B-A02::B3-c-28::B3-c-9::B3-5::N3-17::N-A08::N-B09::B3-3::B3-c-10::B-2-14::B-B09::B-1-6::N-1-2::B-A11::B-1-2::N-3-4::N-2-15::N-A04::B3-11::N-2-17::B3-12::N3-11::B-A12::B-A05::	24
chr9	107737500	108028500	chr9_107737500	54	291000	8.99881329234036e-10	85	3.21042261699863e-30	70	1.41084249524713e-19	::N-2-17::B3-13::B-A04::N-2-25::B-2-25::N-A01::B-2-23::B-1-2::N-2-21::N3-11::B3-11::N-B02::B-B02::B-A05::B3-17::B-B03::N3-17::B-B10::N-A07::B-1-7::B3-5::B3-3::N3-c-10::B-1-4::N-1-7::N-B04::B-A12::B3-16::N3-3::B-2-15::B-A01::N3-7::B3-6::N-A12::N-2-15::B-2-21::B-A08::B-1-6::B-3-4::N-1-6::N-B11::N-A02::B-A02::N3-13::B-A07::N3-16::B-2-9::N-A11::N3-c-14::B-B08::N-B08::N-1-2::B-A11::B-B11::	48
chr9	108361000	108652000	chr9_108361000	41	291000	0.0026815774191915	56	6.7519942350242e-11	49	4.20634169791856e-07	::N-2-21::B-2-14::N-2-23::N3-3::N-A08::N3-c-14::N-1-2::B-2-21::N-A05::B-A07::N-B03::B-B03::B-B05::B-1-10::N-A07::B3-13::N-2-25::B-A08::N-1-6::B-B04::N3-6::B3-6::B-B10::B-B11::B-3-1::B-A10::B-A01::N-A01::B-2-23::B3-16::N-2-15::B3-c-9::N-B04::N-B10::B3-17::N-A11::B-A03::N-A03::B-1-7::N-1-7::N3-c-9::	30
chr9	110420400	110711400	chr9_110420400	43	291000	0.00034313904013106	67	1.31898017701428e-17	56	6.7519942350242e-11	::B-2-23::B-B07::B-B02::B-A03::B-A08::N-A02::N-A01::N-A12::N3-12::B-3-4::B-1-7::B-2-12::N-2-12::N-B05::B-1-2::B3-12::B-2-17::B-B05::N-2-17::N-2-14::B-2-14::B-1-6::B-2-15::N-2-23::B3-19::B3-7::B-1-4::B-2-25::N-3-1::N-B11::B-B10::N-1-2::N-B08::B-B11::B3-15::B-A10::B-2-21::B-A11::N-A11::B3-5::N-2-21::N-1-10::N-A03::	24
chrUn_GL456393	200	291200	chrUn_GL456393_200	53	291000	3.19654065166593e-09	80	1.55647997033834e-26	68	2.9486832646698e-18	::B3-11::N-2-23::N-B03::N-A05::N-2-17::N-2-25::N-A04::N-B11::N-B02::N3-19::N-3-4::B-A08::N-2-15::B-1-2::B-1-10::N3-6::B-1-7::B3-7::N-B10::N-2-21::N-B05::N-B08::N3-16::B-B02::B3-3::N-A03::B3-15::N3-13::B3-17::B-1-6::B-B05::B-2-21::N-A11::B3-6::B-3-1::N-1-7::B-A07::N3-c-28::N-A01::B-A12::B-A03::B-A04::B-B11::N-2-26::N-B09::N-1-6::B-2-15::B-B04::N3-11::N-A08::B3-19::N3-17::N3-c-14::	41
chrUn_JH584304	1500	292500	chrUn_JH584304_1500	39	291000	0.0190299062949733	53	3.19654065166593e-09	48	1.35581945121238e-06	::B-B02::B3-3::N-A03::B3-15::N3-13::B3-17::N-2-23::B-1-6::B-B05::B-2-21::N3-16::N-A11::N-2-15::B3-6::B-3-1::N-1-7::B-A07::N3-c-28::N-A01::B-A12::B-A03::B-A04::B-B11::N-B08::N-B11::N-2-26::N-B09::N-1-6::B-A08::B-2-15::B-B04::B-1-2::N3-11::N-A08::B3-19::N-3-4::N3-17::N-2-17::N3-c-14::	24
chrX	18123700	18414700	chrX_18123700	55	291000	2.48726077385205e-10	112	3.73399062285732e-52	82	5.4155454275163e-28	::N-B04::N3-3::N-2-21::N-A04::N-1-6::B-1-6::B-B07::N-B03::N-A01::B-A08::N-B09::B-B09::B-1-2::B3-15::N-A02::B-B10::N-B10::B-2-14::B3-19::B-B04::B3-12::B3-17::N-1-2::B-A05::B-A10::B3-7::N3-7::B3-5::N3-c-9::B3-c-9::B3-2::B-2-26::B-A02::N-2-15::B-2-23::B-A11::N3-c-14::N-A11::N-2-17::B-2-17::N3-17::N-B08::B3-3::B-2-15::N-3-1::N3-12::B-A07::B-3-1::N-A05::B-1-7::N-2-23::N-1-7::B3-11::N-2-9::N3-16::	48
chrX	77378500	77669500	chrX_77378500	38	291000	0.048820529762623	44	0.000118554003562572	38	0.048820529762623	::B-B02::N-2-25::N-A03::B-B05::B3-2::N-A08::N-B05::N-A10::B-3-4::N3-13::B3-13::B-A02::N-B11::B-2-21::N3-12::B3-7::B-A08::B-1-10::N-A01::B-B07::N-B07::B-B11::N-B10::B3-17::B3-12::N-B04::N-A05::B-2-14::N-2-14::B-A05::B-A10::N-2-21::B-A07::N3-19::N-A02::B-3-1::B-2-15::B-1-9::	23
chrX	105789200	106080200	chrX_105789200	38	291000	0.048820529762623	58	4.71983429647625e-12	47	4.2809911349916e-06	::B-2-27::N-B04::N-2-27::B-B07::N3-17::B-B04::N-2-21::N-2-15::N-1-2::N-3-1::B-A11::N-A11::B-B05::B-A05::N-A05::B-B02::N-A03::B-1-6::B-2-15::N-A12::B-3-4::B-A10::B3-7::B-2-26::B3-12::N-2-26::N-B11::B-B11::N-B02::N3-16::B-B09::N-1-7::B3-3::B-B10::B-B03::N-B03::B-1-7::N-2-23::	33
