chr10	7606700	7834700	chr10_7606700	40	228000	0.00084611787389572	54	2.97389943400868e-11	47	2.66190509809574e-07	::B3-2-21::N-A10::N3-13::B-A08::B3-1-2::N-A07::B-A03::B3-2::N3-2-21::B-2-27::B-2-15::B-A12::N-A12::B-B10::N-3-1::B3-6::B-B02::B3-1::B-2-9::N-B03::N-B08::B-1-2::B-2-25::N-1-7::N3-7::N-2-15::B3-13::B-B07::B3-3::B3-2-22::B-2-17::B3-1-15::N-A04::N3-10::N-2-21::N3-1-2::B3-7::N-A01::B-2-14::N-B05::	34
chr10	20136600	20364600	chr10_20136600	42	228000	9.47904600871846e-05	48	7.70255459209002e-08	43	3.06181982039793e-05	::N-B04::N3-1-2::N-2-15::N-B11::B3-11::N-A11::B3-7::B3-1-15::B-2-25::B-B02::N-2-17::B3-2-36::N3-1-15::N3-6::B-2-26::B3-6::B-1-2::N-1-2::N-3-1::N-A03::B-2-21::N3-1::B3-1-2::B-2-15::B3-1-3::N-B09::N3-19::B-B09::B-1-7::B-A01::N-2-21::N-A02::N-1-6::N-B02::N-2-26::N-2-25::N-B10::B3-2-21::N-A01::N3-13::B-A10::N3-3::	30
chr10	67036100	67264100	chr10_67036100	45	228000	2.9831929823608e-06	64	1.44564596048995e-17	57	4.53890475365539e-13	::B-A08::B-B09::N-A02::N-A08::N3-2-22::B-A10::N-B08::B3-1-15::N3-1-13::B-1-6::N3-11::B-B11::N-2-15::B3-1-2::N-2-17::B-3-1::N-3-1::B-2-17::B-B03::B3-19::B3-6::N3-1-5::N-1-10::N3-13::N3-2-36::N-A07::N-B11::N-A11::N3-10::B-1-2::B-A03::N-1-2::B3-7::B3-8::N-B07::B-B07::B-2-25::B3-3::B-2-15::N3-8::B3-11::B-A02::N-A01::N3-6::B-B10::	29
chr10	108167700	108395700	chr10_108167700	51	228000	1.65176739056987e-09	80	4.91684358866419e-29	57	4.53890475365539e-13	::N-A01::N-2-15::N-2-14::B3-1::N-B04::N-B03::N-A04::N-B09::N3-1-5::B3-1-15::B-A03::N-A08::N3-1-15::N-A03::N-1-2::N3-1::B3-3::B-B11::B3-1-2::B3-7::B3-2-22::B-2-25::B3-6::B-B10::N-B10::B3-1-3::B-3-4::B-A07::N3-5::B-A10::B-2-17::N-1-6::B-1-6::N-B08::B-A08::N-B05::B-2-15::B3-13::B-B09::N-A05::N-B02::B-B04::N3-11::B-2-9::N3-8::N3-2-36::N-3-1::B-3-1::N-A12::B-A12::N-2-21::	38
chr10	116390700	116618700	chr10_116390700	43	228000	3.06181982039793e-05	62	3.02145104196738e-16	52	4.41193391619006e-10	::N3-21::B-2-17::B-B10::B3-2-36::N-A01::N-1-9::N-A12::B-3-4::N-B03::B-B02::B-A10::B-2-9::B-1-6::N-B05::N3-1-5::B-B05::B-A01::B3-1::N-A02::B-A02::B-B07::B-A05::B3-7::N3-7::B3-1-3::B3-1-2::N-B02::N3-6::N-2-15::B-1-7::B3-6::N3-1-11::B3-1-11::B3-1-13::N-1-6::N3-2-21::B-A12::N-2-21::B3-1-5::N-3-1::B3-11::B-2-21::B3-13::	35
chr10	122968900	123196900	chr10_122968900	42	228000	9.47904600871846e-05	49	2.18334396221418e-08	42	9.47904600871846e-05	::B-3-4::B-B11::N-B02::N-3-1::B-A07::B-A01::B3-6::N-2-12::B-2-12::B-1-4::B-1-2::B3-2-21::N3-1::N-B03::B-B03::N3-3::N3-11::B3-11::N3-1-13::B-2-17::N-2-17::B-A05::B3-1-3::B3-2::N-A07::B-B02::N-A02::B-A11::B3-2-22::N3-2-22::B-A04::B3-5::B3-13::B-B09::N-B09::N3-1-3::N3-1-15::B3-1-15::N3-1-5::N-B04::N-A05::B-A08::	25
chr10	127991800	128219800	chr10_127991800	37	228000	0.0187192610615866	50	6.06506709473742e-09	41	0.00028663582347606	::B-2-15::N-1-6::N-A05::B-A10::N-A10::B3-3::B3-2-21::B-1-2::B-1-10::N-B05::B3-1-5::N-1-2::B-B09::B-B05::B-1-6::B-A08::N-A01::B-2-21::N-B04::B3-11::N-2-21::B-B11::B-B02::N3-13::N-2-25::B-B07::B3-1-2::B3-2-37::N3-1-2::N-B07::B-A05::N3-1-11::B-2-14::B3-8::N-B08::B-B08::N3-1-15::	26
chr10	128255900	128483900	chr10_128255900	40	228000	0.00084611787389572	47	2.66190509809574e-07	42	9.47904600871846e-05	::B3-8::B-1-7::B-2-15::B3-6::B3-7::N-1-6::B3-13::B-B02::B-1-2::N3-1::B3-1::N-1-2::B-B10::B-B11::N-B11::B-A08::B-A02::N-B05::N3-1-15::N3-6::B3-2-22::B-2-14::N-1-10::B-3-4::B3-2-21::B-B07::N-2-21::B-B04::B3-1-3::B3-1-15::N-2-23::N-2-9::B3-1-11::N-A05::N-B02::N-A12::B-A12::N-2-25::N-2-14::B-3-1::	21
chr10	128680200	128908200	chr10_128680200	36	228000	0.0498662799328763	48	7.70255459209002e-08	42	9.47904600871846e-05	::N-B04::N-A05::B3-2-22::B3-1-2::N-2-21::N-A08::N3-19::B-B07::N-1-7::B-A05::B-B11::N-B11::N-B09::N3-1-2::B-3-4::B3-1-11::B-A11::N3-2-22::B-2-25::B-2-23::B-1-6::B-A08::N-2-25::B-1-2::N-1-6::N-A01::N-B03::B3-6::B-A04::B3-1::N3-10::B-B10::B-B03::B-1-7::B3-2-21::N-2-12::	26
chr11	3100500	3328500	chr11_3100500	49	228000	2.18334396221418e-08	81	8.43111141816973e-30	59	2.55880960998996e-14	::N-2-23::N3-8::N3-1-2::N-2-26::N3-10::N-B05::N3-1-3::N-A10::N-2-25::B-A02::N-A11::N3-13::B3-10::B3-21::B-2-14::N-2-15::N3-19::B3-19::B-B07::N-A03::N-A02::B3-5::B-B09::B3-8::N-3-1::B-2-15::B-A03::N-A12::N-A05::B-2-17::B-B10::B3-2::B-2-27::B3-2-36::B-A10::B-2-23::B3-1-13::B-A08::N-A08::N-B04::B3-13::B-1-6::B-1-7::B3-1-3::B-2-9::B-1-2::B3-3::N3-1::B-A04::	30
chr11	4381600	4609600	chr11_4381600	40	228000	0.00084611787389572	59	2.55880960998996e-14	51	1.65176739056987e-09	::B3-3::B-B05::B3-1-3::N3-13::B-2-25::B-2-26::B3-6::N3-10::N-1-6::B-2-9::B-B10::N-B10::B-2-15::N-A02::B3-7::B-1-4::B-2-12::N-2-9::B3-2-36::N3-2-36::N3-8::B-A08::B-A04::B-B09::B3-1-13::B-1-7::N-1-7::B3-1-15::B-2-17::B-2-23::N-2-23::N-1-2::B3-2-21::B-A10::N3-19::N-B05::B3-19::N-A04::N-1-10::B-3-4::	36
chr11	19931000	20159000	chr11_19931000	40	228000	0.00084611787389572	55	7.51012288423713e-12	48	7.70255459209002e-08	::B-B03::N-A01::N-2-27::B3-1-3::B-B05::N-2-15::B3-1-2::N3-1-2::B-A05::N-1-2::B3-2-21::N3-6::B-1-7::N-A05::N-2-25::B-2-12::N-B03::N-3-4::N-A03::B-B10::B-A08::B3-1-11::B-B02::N3-1-11::N-B02::B-2-17::B3-19::B3-7::N3-13::N-2-17::B3-2::B-3-4::B-2-14::B-1-6::B3-5::B-2-15::B3-6::B-A01::B-2-21::N-1-6::	28
chr11	30091600	30319600	chr11_30091600	37	228000	0.0187192610615866	43	3.06181982039793e-05	39	0.0024367299783307	::B-1-6::B-2-17::B-2-27::N-B05::B-B02::B-2-15::N3-1-13::B3-1-13::B-A07::N3-21::B-A05::N-A05::B-3-1::B3-11::B3-5::N-B10::N-B03::B-B05::B3-3::N-B11::N3-1::B-1-10::B-B10::B-B04::B3-1-3::B3-1-2::B3-2-21::B-2-14::B3-2-36::B3-19::N3-19::N-1-6::N3-2-21::N3-3::B-2-25::N-3-1::N-2-17::	25
chr11	30772900	31000900	chr11_30772900	36	228000	0.0498662799328763	46	9.00755601404627e-07	43	3.06181982039793e-05	::B-A08::N3-2-36::B-2-23::N-B09::N-B07::N-1-10::B-A05::N-2-14::B-2-14::B-B02::N-1-7::B-1-7::B-3-4::N3-19::N-B05::N3-1::B-2-25::N-B08::B3-6::B-B05::B-1-6::N3-10::N-B10::B-1-2::B3-1-3::N-B02::B3-13::B3-2-21::B3-3::N-2-21::B-A02::B3-2-36::N-B03::B-B03::B-3-1::N-B11::	24
chr11	32495000	32723000	chr11_32495000	39	228000	0.0024367299783307	49	2.18334396221418e-08	44	9.66519027073556e-06	::B3-19::B-B05::B-B03::N-B10::B-B10::B3-1-2::N-A11::B-2-26::B-2-14::B-B09::N3-10::B-A10::N3-1-5::B3-2::N3-2::B-2-17::N-3-4::N-B09::B-B02::N-B05::B3-2-22::B-2-15::N-A05::B-A05::N-1-6::B3-2-21::B-A02::B-1-2::N3-1-15::N-2-15::B3-8::N-A01::N-2-14::N-3-1::B3-21::B3-7::N3-19::B-2-9::B-B08::	26
chr11	51587100	51815100	chr11_51587100	36	228000	0.0498662799328763	55	7.51012288423713e-12	48	7.70255459209002e-08	::N-B09::B-2-15::B3-1-15::B-B02::N-2-23::B-B09::B-A01::B3-6::B-1-6::B-B04::N3-13::N-A12::B-2-23::B-A08::N-B05::N-B04::B-A07::B3-7::N-2-15::B-B10::N3-21::N-2-27::N-1-2::N3-1-2::N-B08::N3-2-36::B3-2-36::N-3-1::B-2-27::B-A10::B3-11::B-A03::B-1-10::B-A12::N-A01::N3-1-11::	25
chr11	53264800	53492800	chr11_53264800	39	228000	0.0024367299783307	47	2.66190509809574e-07	44	9.66519027073556e-06	::N-A12::B-B02::B-A10::N-B02::B3-10::B3-1-11::B-1-10::B3-7::N-2-26::N3-1-15::B-2-23::B-A08::B-B05::N-2-15::N-B04::B-B04::N-2-23::B3-2-36::N-2-14::B-B03::B3-5::N-A08::B-A04::B-2-14::N-A11::B3-11::B3-19::B3-13::B-2-15::B-B10::N3-1-5::B-A03::B-3-4::N3-13::N-B08::B-A07::B3-21::N3-6::B3-2::	19
chr11	54424200	54652200	chr11_54424200	43	228000	3.06181982039793e-05	61	1.34872620786145e-15	50	6.06506709473742e-09	::N3-11::B3-11::N-B05::N-A03::B-B05::N3-19::B-2-23::B3-10::B3-3::B-A10::B3-19::B3-1::N-2-15::N-2-14::B3-1-13::N3-1-15::N-2-27::B-A03::N-B04::B-3-1::B3-2-22::B-1-2::N-A08::B-A05::B3-1-15::B-A08::B-2-15::N-A02::B-A11::N-A11::B-A12::B-B03::B-A01::B-2-17::N-1-6::B3-1-3::N3-1-11::B-B10::B3-6::B3-2-21::N3-21::B-1-6::B-B04::	37
chr11	59614500	59842500	chr11_59614500	44	228000	9.66519027073556e-06	60	5.92338794521617e-15	50	6.06506709473742e-09	::N3-1-11::N3-13::B3-10::B-A07::B-A04::B-2-15::N3-2-22::B3-2-22::B-2-14::N-A08::B3-3::B-B02::B3-2-21::B3-1-15::N3-1-15::N-B05::B-2-21::B-A12::B3-19::N-2-15::B-3-4::B-1-6::B3-1-2::N3-3::B-B11::B3-2-36::B-2-23::B-2-27::N-A11::B-A11::B-B08::B3-1-13::B-B03::N-2-21::B-1-10::B-2-25::N-2-25::B-B07::B-A08::N-2-23::B-B09::B-1-7::N-3-1::N-B03::	38
chr11	60122000	60350000	chr11_60122000	37	228000	0.0187192610615866	51	1.65176739056987e-09	43	3.06181982039793e-05	::B3-1-15::N-B08::N-A12::B-2-25::N-1-2::N3-1-3::B3-3::B3-5::B-2-9::B-2-27::N-A02::B-A02::N3-21::B-B02::B-A10::B-1-2::B3-2::B-A07::B-B03::N-B09::B-B11::N3-13::N3-2-36::N3-1-5::B3-1-5::N-2-15::N-A10::N3-19::B3-2-36::N-2-21::N-B03::N3-2::N-B02::N-B11::B3-1-3::N-A08::N3-1-15::	24
chr11	62279100	62507100	chr11_62279100	39	228000	0.0024367299783307	65	3.08910055026007e-18	55	7.51012288423713e-12	::B-1-7::B-A08::B-A03::N-A03::N-1-7::N-A05::B-A05::N3-19::B-2-21::N-2-21::B3-3::B-A02::N-A01::B3-7::B-1-2::B-B02::B-B10::B3-10::B-2-14::B3-1::N-B10::N-B04::N-2-23::B3-1-2::B-A10::B-2-15::B-B05::N-1-2::B-2-27::N3-8::N-2-27::N-3-1::N-1-6::B-2-23::N3-1-15::N-A02::N-A08::B3-19::B-3-4::	33
chr11	65552800	65780800	chr11_65552800	37	228000	0.0187192610615866	47	2.66190509809574e-07	41	0.00028663582347606	::N-B05::N-A03::B-B07::B-1-7::N3-1-15::N-A08::B3-11::N3-11::N-B04::B-1-4::B-2-14::B3-2-21::B-A10::N3-1-11::B-B10::N3-7::N-2-23::B-1-6::B3-5::N-A07::B-A07::N-2-15::B3-2::N3-2::B-2-15::B3-6::B-B11::N-2-27::B-1-2::B-A08::B3-3::B-2-23::N-B10::B-A02::B3-10::N3-1-3::B-A11::	24
chr11	69570500	69798500	chr11_69570500	38	228000	0.00684208647662565	53	1.1562096335979e-10	41	0.00028663582347606	::B3-1-2::B3-1-15::N-2-23::N-1-2::N3-2-21::N3-3::N3-1-11::B3-7::N3-10::B-B04::B3-2-21::N3-1-2::N-B07::B-B07::B3-1-13::N3-19::N3-1::B3-2-36::B3-2-22::N-A08::N-B03::B-B03::B3-6::N-B02::B-1-6::N-2-14::B-A02::B3-1-11::B-3-1::N-B10::B-2-21::N-2-15::N3-13::B-B02::B-2-27::B-B08::B-B10::B-2-15::	25
chr11	70799600	71027600	chr11_70799600	36	228000	0.0498662799328763	48	7.70255459209002e-08	46	9.00755601404627e-07	::B-B05::B-2-27::B3-1-13::B3-7::N3-5::B3-8::B3-6::B3-2-36::B3-1-2::N-2-15::B3-1-11::B-B10::B-3-4::N-3-4::B-A02::N-A01::N3-19::B-B03::B-2-25::B3-5::B-2-23::B3-21::B3-11::N-2-12::B-2-21::N-2-27::N-3-1::B3-1-3::B-2-9::N-A12::B3-10::B-2-14::N3-7::N3-8::N-B04::N-A02::	21
chr11	72533300	72761300	chr11_72533300	46	228000	9.00755601404627e-07	62	3.02145104196738e-16	58	1.08694240009055e-13	::B-A02::N3-1-2::B-B05::N3-1-3::B-B07::N-A12::B-2-21::B3-21::N-B08::N-3-1::B3-2-22::B3-1-15::N-2-15::B-3-4::N-A01::N-3-4::B3-1-2::B-B10::N3-1-15::B3-13::N-1-2::N3-19::N-A04::B-A04::B-2-15::N3-21::B-A05::B-1-6::B-A10::B-1-7::B-B02::N3-11::B3-11::N-A02::B3-1::B-2-12::N-2-12::B3-10::N-B05::N-B04::N3-10::B-2-23::B3-5::N-2-27::B-2-27::N3-8::	26
chr11	74494200	74722200	chr11_74494200	40	228000	0.00084611787389572	53	1.1562096335979e-10	39	0.0024367299783307	::N3-8::B-1-2::N3-1-5::B3-6::B-3-1::N-2-15::B3-1-11::N3-7::B-B05::N3-11::B-2-26::B-B10::N3-3::B-B02::B-1-10::B-A04::B3-1-15::N-2-23::B3-13::N-B05::B3-8::B3-1-2::B-A01::B-3-4::B-B04::N-B04::N-3-1::N3-13::B-2-25::B3-1-5::N-B07::N3-1-2::N-1-4::B-B07::N-B11::N-2-14::N-B02::B-2-14::N-A01::B-2-15::	20
chr11	75567700	75795700	chr11_75567700	38	228000	0.00684208647662565	52	4.41193391619006e-10	48	7.70255459209002e-08	::B3-21::B-3-1::B-1-2::B-B02::B-B10::N3-13::N-1-2::N3-3::N-2-27::B-A02::B-1-6::N-B10::B-A11::B-A01::B3-2-22::N3-2-22::N3-11::N-B04::N3-19::B-B05::N3-1-5::N-A01::B3-6::B3-13::B-2-15::B-2-27::N-A08::B3-2-21::B3-11::B-2-23::B3-3::N-B11::B-B11::N-B08::B3-2::N-A10::B-3-4::B3-2-36::	24
chr11	77533500	77761500	chr11_77533500	45	228000	2.9831929823608e-06	74	1.48170903183304e-24	61	1.34872620786145e-15	::N-2-25::B-2-15::N3-19::B3-3::B-B10::B3-1-15::N3-1-15::N-2-15::B-B02::N-B07::B3-2-36::N-B03::B-2-23::N-A05::N-2-12::B-2-12::B3-2-21::N-A02::B-2-14::N3-10::N-1-2::B-A01::N-A11::B-A11::N3-3::B-B11::N-1-7::N-2-17::B-2-25::N-B08::N3-13::N-1-6::B3-11::B-3-4::N-3-4::B3-6::N-A04::B3-1-11::N-2-14::B3-5::B-B03::B-A02::B-3-1::N-3-1::N-B04::	43
chr11	79345700	79573700	chr11_79345700	52	228000	4.41193391619006e-10	156	3.28832140323895e-99	123	3.95693118162917e-66	::B-B03::N-2-23::B3-3::B3-19::B3-1-13::B-B11::B-A08::N-A02::B-A02::N3-19::N3-1-5::B3-21::N3-2-21::N-A01::B-2-23::N-1-7::B-1-7::N-2-25::N-B10::N3-3::N-A05::N3-13::B3-2-21::N-2-15::B-3-4::B-1-6::B-A10::B3-13::B-A05::N-B07::N-B08::N3-1-13::B-2-27::B-A11::N-A11::B-B02::B-1-2::B3-1::N3-1-11::B-B05::B3-1-11::B3-1-3::N3-21::B-B09::B3-2-36::N-B05::B-2-25::B-B10::B-A04::N-A07::N-1-6::N-2-12::	63
chr11	80360400	80588400	chr11_80360400	36	228000	0.0498662799328763	47	2.66190509809574e-07	44	9.66519027073556e-06	::N3-1-2::B3-1::N3-1-15::B3-2-21::B-2-21::N-A02::B-A02::B-2-14::N3-6::N-2-15::N-B03::B3-19::B-2-25::N-3-4::B3-2-37::N-A01::B-3-4::B3-7::B3-6::N-1-6::B-B03::N-B02::B-B02::N-1-10::B-B08::B3-3::N-B08::B-A05::N-2-12::N-3-1::N-B05::B-B04::N3-10::B3-8::B-A08::N-B09::	18
chr11	84810000	85038000	chr11_84810000	36	228000	0.0498662799328763	48	7.70255459209002e-08	42	9.47904600871846e-05	::N3-1::B3-1::B3-3::B-2-17::B-1-6::N-1-6::N3-1-2::B3-6::B-B10::B3-1-2::B-2-14::B-B02::N-B09::B3-1-5::N-2-17::B3-2-36::B-B05::B-A02::N-A02::N-A08::B-A08::N-B02::N-2-15::B3-19::N3-3::B-3-4::B-1-7::B3-11::B3-8::N-A05::N3-10::B3-10::B-A11::N-B08::B-B09::N-2-23::	18
chr11	86521600	86749600	chr11_86521600	47	228000	2.66190509809574e-07	67	1.34765961907704e-19	56	1.86269809598901e-12	::B-A07::B-2-23::B-1-6::B3-8::N-B07::N-B10::N-B05::B-1-2::N-1-2::B-A08::B3-1-2::B-A10::N-A11::B-3-4::B-2-14::B3-7::B-2-15::N3-2-36::N-B04::N3-13::B-B02::N-2-17::N3-10::B-B11::N-2-15::B-B03::B-2-25::B-2-12::B-2-21::B-B10::B3-6::N-B03::N-1-7::B3-3::B3-1-3::N-B11::N3-3::N-3-4::N-1-6::B-1-7::N-A02::B-A04::N-A04::N-2-23::N-2-26::B-2-26::B-B05::	35
chr11	88349400	88577400	chr11_88349400	37	228000	0.0187192610615866	41	0.00028663582347606	30	9.74050151403817	::N-1-2::B3-5::N3-13::B-B11::N-A03::B3-1-2::B-B07::B-B05::N3-11::N3-2-36::B3-2-36::B-1-6::B3-6::N-2-15::B-B09::B3-2::B3-13::B-A11::N-A11::B-B04::N3-1::B-2-15::B3-11::B3-3::N-B10::N-B05::N-3-4::B-1-2::B3-8::B-A03::B-A08::B3-1-15::B-A10::N3-1-15::N-A08::N-2-25::B-2-25::	21
chr11	93851300	94079300	chr11_93851300	42	228000	9.47904600871846e-05	76	5.01481575228631e-26	68	2.75267385043946e-20	::B3-2-36::B-B03::B-2-27::N3-13::B-A01::N-A02::N3-19::B-A05::N-B10::N-2-15::B-B10::B-B11::B-2-17::N-A12::B3-6::N3-5::N-2-25::B-A12::B-1-2::N-A01::B-B02::B-A02::N-B05::N3-11::N-2-21::B3-8::B3-19::B3-2-21::B3-1-5::B-A03::N-1-10::N3-1-5::B-2-21::B-A07::N-B04::N3-1-13::B3-1-13::B3-1-2::N-A11::B-3-1::N-B09::B-B09::	37
chr11	95263400	95491400	chr11_95263400	40	228000	0.00084611787389572	51	1.65176739056987e-09	40	0.00084611787389572	::B-2-17::B-1-7::B-B07::N3-2::N3-13::N-2-21::B-2-21::B-A02::N-A02::N-A11::B-2-14::N-B08::B3-6::B-3-4::N-3-4::B-B02::B3-10::B3-19::N-B03::B-2-26::N-2-26::N-2-25::B-2-25::N3-1-11::N-B09::N3-2-36::B-1-2::N-A04::B-A04::B-B05::N-1-6::B3-1-11::N-B02::B-2-9::B-2-23::B-2-12::B3-1-3::B-A07::B-A01::N-A01::	28
chr11	97229000	97457000	chr11_97229000	39	228000	0.0024367299783307	48	7.70255459209002e-08	45	2.9831929823608e-06	::N3-2-21::N-1-10::B-2-17::B3-3::B3-2-36::B-A07::N3-13::B-B03::B-B02::B-B07::N-2-21::N-A08::B3-11::B-B10::B-2-15::B-A05::N3-3::B3-13::B-1-6::N-A12::B-A12::B-A03::N-2-15::B-1-7::B3-19::B3-2::N-A05::B-B11::N-1-2::N-B05::N-B08::B3-1-2::B-2-9::N-2-25::B-2-25::N-B03::N-2-27::N3-1-5::N-2-23::	22
chr11	98114000	98342000	chr11_98114000	37	228000	0.0187192610615866	46	9.00755601404627e-07	40	0.00084611787389572	::B-B10::N-B08::N3-1-5::N3-2::N3-6::B3-1-11::B-B11::N-2-27::N3-13::B-B05::B3-3::B3-21::N-3-1::B-3-1::B-A05::B-3-4::B-2-25::B3-2-36::B-2-21::N-1-10::B-1-10::B-A07::N-A11::B-A12::B-B02::B-B09::N-2-17::N-1-6::B3-1-15::N-B05::N3-2-22::B-2-14::B-A08::N-A03::N3-1-13::N3-2-36::N3-1-3::	22
chr11	104321300	104549300	chr11_104321300	52	228000	4.41193391619006e-10	101	3.70204446251294e-46	80	4.91684358866419e-29	::N3-10::N-2-12::B-2-12::N-2-15::B-2-15::B-1-6::B-A08::N-B09::N3-1-2::B3-2-22::B3-6::B3-2-21::N-B10::N-1-6::N3-2-21::B-B05::B-2-14::B-3-1::B3-3::B-3-4::N-B07::B-B09::N3-2-36::B-B04::B3-7::N-B05::N3-7::B-2-25::B3-1-3::B-A12::B-B11::N-2-25::N-1-7::B3-10::N3-13::B3-13::N-2-14::B-B03::N3-21::B3-21::N-1-2::N-3-4::B-1-4::N-A02::N-A08::N3-3::B-B07::B3-19::N-A05::B3-11::N-2-27::B-2-27::	46
chr11	105539300	105767300	chr11_105539300	42	228000	9.47904600871846e-05	63	6.66129192380152e-17	56	1.86269809598901e-12	::N3-2-22::N3-8::B-1-6::B3-1-11::N-2-17::B-2-23::B-1-7::N-3-4::N-1-6::B-1-2::N-A04::B-A04::B-B11::B3-1::B3-19::N3-1-2::B3-8::N-A02::B3-1-3::N3-13::B3-7::N3-19::B-A07::B3-11::N-2-15::B-B02::B-2-17::N3-10::N-B04::B-2-25::B-A05::B3-2-36::N3-2::B-B10::B-B04::N3-6::N3-11::B-B09::N3-1-5::N3-1-11::N-2-25::B3-3::	33
chr11	106023900	106251900	chr11_106023900	39	228000	0.0024367299783307	52	4.41193391619006e-10	43	3.06181982039793e-05	::N-1-2::N3-11::N-A02::B-A02::N3-1-5::B-B07::B3-7::N3-8::B3-1-15::B-1-7::B-3-4::B3-3::B3-19::B3-1::B-A04::N-B11::N-3-1::B3-8::B3-11::B-2-15::N-A05::N3-1-15::B3-6::B3-2::N3-13::N-2-23::N3-6::N-1-10::B-1-6::B-2-12::N-2-26::B-2-26::N-A08::B-A08::B-A03::N3-10::N-3-4::B-2-21::B-B02::	24
chr11	106388400	106616400	chr11_106388400	36	228000	0.0498662799328763	46	9.00755601404627e-07	40	0.00084611787389572	::N3-6::B-3-4::N3-1-5::N-B08::N-2-15::N-B05::B3-6::N-B04::B-B04::N3-3::B-B07::N-A10::N-1-7::N-B10::B-B05::N3-11::B3-2::N3-2::N-3-1::B-2-25::B3-3::B-2-15::B-2-21::N-2-17::B3-19::B3-1-13::B-2-27::N3-19::B-A04::B-A02::B3-5::N-A05::B-A05::N-1-2::B-A08::N-A12::	22
chr11	106818900	107046900	chr11_106818900	49	228000	2.18334396221418e-08	66	6.5008712323721e-19	53	1.1562096335979e-10	::B-2-21::B-A05::N-B04::B3-1-11::N3-6::B3-6::B-B03::N-2-26::B-2-26::N-3-1::B3-2-21::B-A12::B-1-6::B3-2-36::B-B11::B-2-14::B-2-23::N-B05::B-B04::B3-1-5::N3-1-5::N3-19::B-A01::N3-13::B-B02::N-A10::B3-1::N3-2-36::N-B03::B3-3::N3-2-21::N3-2-22::N-3-4::N-1-6::B-2-27::B3-1-2::N3-1-2::B3-7::N-A05::B3-11::B3-8::N3-8::N3-11::N-B07::B3-1-3::B-3-4::N-2-27::N3-1-3::B-1-2::	37
chr11	108079200	108307200	chr11_108079200	39	228000	0.0024367299783307	51	1.65176739056987e-09	37	0.0187192610615866	::N3-1-11::B-B04::N3-21::N-1-2::B-A01::N3-10::N-B05::B-B05::N-2-21::N-A08::N3-1-2::B-2-23::B-A02::N3-11::N-2-27::B-B09::N3-2-21::B3-2-37::N3-1-5::B3-19::B-B10::B3-1-2::N3-5::N-A12::B-2-21::N3-2-36::B3-5::N-2-26::N-2-12::N3-13::N-2-23::N3-1::N-2-15::N-3-4::N-3-1::N3-3::N3-19::B-1-4::B-B02::	12
chr12	3240100	3468100	chr12_3240100	41	228000	0.00028663582347606	55	7.51012288423713e-12	46	9.00755601404627e-07	::N3-13::B-1-2::N-1-2::B-2-15::B3-5::B-2-12::B3-3::N3-2-21::B-B02::B-A02::N-B08::B-2-14::N-B04::N3-1-3::B3-1-3::B-3-1::N-3-1::B3-19::B-1-4::B3-1-11::B-2-23::B3-6::B-2-17::B-1-6::N-B10::N-A08::B-A08::B-B10::B-B03::N-2-12::N-2-26::N3-10::B-A04::B3-1-15::B-A12::N-A04::B3-8::N3-1-5::B-A03::B3-1::N-B09::	28
chr12	51622300	51850300	chr12_51622300	45	228000	2.9831929823608e-06	64	1.44564596048995e-17	58	1.08694240009055e-13	::B-2-15::B-A12::B-2-14::B-B02::B-1-6::B-B09::N-2-15::N3-1-5::B3-19::B-1-2::B3-2-22::B3-1-5::B-A07::B3-1-13::B3-6::B-2-21::B-A02::N3-3::N-A11::B3-1-15::N-2-14::B3-11::N-3-1::B-2-9::N-1-7::B3-10::N3-10::B-3-4::N-B11::B-A03::B3-1::B-1-10::N-1-10::N-B07::N3-6::B-2-25::N3-1-3::N-2-27::B-B10::N-2-21::B3-1-2::N-1-6::N-1-2::B3-3::N3-13::	41
chr12	70829300	71057300	chr12_70829300	36	228000	0.0498662799328763	47	2.66190509809574e-07	41	0.00028663582347606	::B-1-10::B3-1-11::B-3-4::N-2-21::B3-1-3::N-1-2::B-B10::B-A08::B-A02::N-2-17::B3-11::B3-1-15::B-B09::B-A10::B3-7::N-B02::B-B02::B-A03::B3-2-21::B-A04::N-B04::B-B05::N3-19::B3-1::N-1-6::B-2-23::N-2-15::B-2-21::N-A08::B3-19::B3-6::B-B07::N3-11::B3-5::N3-1-3::N3-1-5::	19
chr12	75368200	75596200	chr12_75368200	41	228000	0.00028663582347606	51	1.65176739056987e-09	47	2.66190509809574e-07	::B-2-21::B3-11::B-B04::N3-19::B-2-14::N-A01::B-A12::B-2-23::B-1-6::N-A12::B3-1-2::N-B10::B-B10::B-A07::B3-10::B-1-7::B-2-15::N3-1-5::B3-1::B-2-26::N-A04::N-2-17::B3-1-13::B3-7::B3-13::N-2-21::N-3-1::N3-1-2::B3-3::N-2-23::N-1-7::N-A07::N3-11::B3-2::N-2-12::B3-1-11::B-2-9::N-2-15::B-A08::B-B02::N3-1-3::	23
chr12	78750700	78978700	chr12_78750700	38	228000	0.00684208647662565	45	2.9831929823608e-06	39	0.0024367299783307	::N-1-2::B-B05::B3-2-22::B-1-6::N-A01::B3-19::B-A08::N-B07::N-2-21::B-A12::N-B05::B-2-9::B3-1::B3-8::N3-1-2::B3-3::B-B07::B-1-7::N3-2-36::N3-2-21::N-A11::B-1-10::B-B02::N3-1-3::B-3-4::B-A10::B-2-15::B-2-21::B3-1-13::B-A07::N3-1-13::N-A05::B-A05::B3-2-36::B-B04::N-2-17::N-2-27::N-B08::	20
chr12	83570000	83798000	chr12_83570000	36	228000	0.0498662799328763	44	9.66519027073556e-06	37	0.0187192610615866	::N3-1-2::N-2-26::N-B07::N-B05::B3-1-13::B-B05::B-A08::N3-1-5::N-B10::B-1-7::N-A05::N-1-6::B-B11::B-A12::N-A12::B3-2::N-1-2::B3-19::N-2-21::N3-2-36::N-A07::B-A07::B3-1-2::B3-1-11::N3-1-11::N3-1-15::N-2-17::N3-10::B3-2-36::B-2-15::B-B10::N-2-15::B3-7::B-1-10::N3-1::B-2-21::	26
chr12	111049400	111277400	chr12_111049400	39	228000	0.0024367299783307	51	1.65176739056987e-09	43	3.06181982039793e-05	::B3-7::N-A07::B-2-15::B3-2-36::B-A03::N3-1::N-2-26::B3-1-2::N3-1-5::N-A01::N3-1-2::N-1-7::B3-1::B-1-6::N-B08::N-2-15::B-2-21::B-B09::N3-19::B3-3::N3-13::B-B02::N-B04::B-B07::B-1-7::N-3-4::B-3-4::B3-19::N-2-17::N-B10::N3-2-21::B3-13::N3-1-11::B-B03::B-1-2::N-1-2::B3-2::N-B05::B-A10::	24
chr13	3516600	3744600	chr13_3516600	40	228000	0.00084611787389572	44	9.66519027073556e-06	34	0.325694636645257	::N-B08::B3-11::N-2-25::B3-1::N-B02::N3-1-3::B3-1-3::B-B10::B-B02::B3-10::N-2-21::B-2-21::B-3-1::B3-1-15::B-A03::B-A08::B-A10::B-B09::N3-2-21::B-1-6::N3-10::N-2-17::N3-2::N-B10::B-A07::B-2-12::B-B07::N3-1-15::N3-8::B-2-17::B-2-25::N3-11::B3-8::B-1-10::B3-2-22::B-2-27::B-A04::B3-19::B3-6::B-2-15::	14
chr13	8934900	9162900	chr13_8934900	37	228000	0.0187192610615866	46	9.00755601404627e-07	36	0.0498662799328763	::B-1-6::N-2-23::B3-19::B-A07::B-A03::N3-1-5::N-1-6::B-A02::B-B05::B-2-15::B3-2-36::B-B02::B-2-23::N3-19::N-2-15::N3-1-15::N-A03::B3-1-15::B-A08::B-A10::N-2-21::B-2-21::N-2-25::N-2-17::N-A01::B3-2-21::N-2-27::N-1-10::N-B09::B-B09::N-2-12::N3-8::B3-8::N-3-4::B3-21::B3-7::N-2-14::	17
chr13	13968100	14196100	chr13_13968100	42	228000	9.47904600871846e-05	59	2.55880960998996e-14	52	4.41193391619006e-10	::B-2-25::B-B09::B-B10::B-A08::B-1-2::B3-2-36::B-A01::B-1-6::N3-1-15::N-A12::B-A07::B3-7::B-B02::N-B02::B3-2::N-B11::N3-3::B-2-15::N-B04::N-2-15::B3-1-13::B-A12::B-2-23::N3-8::N-A01::B-A10::B3-13::N3-2-36::B3-1::B3-5::B3-2-22::N-B10::B-2-26::N3-1-2::B-B11::B-2-14::B-B04::B-A02::B-3-4::N3-13::B3-1-5::N3-1-5::	21
chr13	17692400	17920400	chr13_17692400	48	228000	7.70255459209002e-08	65	3.08910055026007e-18	54	2.97389943400868e-11	::B-2-21::B3-6::B-1-6::N3-3::B-A10::B-2-12::B-1-2::N-A11::B3-8::B3-13::N3-8::B3-1::N-A08::B-B02::N3-19::B3-19::B3-21::B-B09::B3-2::B-3-4::N-3-4::N-B09::B-2-15::B-A07::B3-1-11::B3-7::N-1-7::N3-10::B-A02::B-1-7::N-A05::B-A05::B-3-1::N-3-1::N-A01::B-B11::N-B10::N3-1-15::N-B11::N-B08::B-B08::B3-2-21::B-B05::B3-11::B-2-27::N-2-27::B-B10::N-2-15::	35
chr13	24040300	24268300	chr13_24040300	38	228000	0.00684208647662565	54	2.97389943400868e-11	45	2.9831929823608e-06	::N3-1-2::B-2-25::B-A03::B3-1-15::B-A10::B-A08::N3-1-15::N-A08::N-A03::B3-5::N3-8::N-B11::N-2-17::B-2-17::B3-2-22::N3-2-22::B-B02::N3-1-3::B3-1-3::B-A11::B3-7::N-B08::B-2-15::B-1-6::B3-19::B-A04::B-2-27::N3-6::B-2-21::B-A12::B-2-9::N-2-26::B-2-23::N-A02::N3-10::B3-1-11::N-A12::B3-6::	31
chr13	43285400	43513400	chr13_43285400	45	228000	2.9831929823608e-06	63	6.66129192380152e-17	47	2.66190509809574e-07	::B-A10::B-B10::B3-2-22::N3-6::B-A05::N-A02::N-2-9::B-B04::N3-19::N3-1-3::B-A03::B-2-14::N-2-14::N3-1-5::B3-7::N-B10::B3-19::B-1-6::N-B09::B-2-27::N-2-27::B-A12::N-A12::B-2-17::N-A11::B3-1-5::N3-2-21::B-B02::B-B03::B3-6::N3-1-2::N3-1-15::N3-13::N-B07::B3-11::B3-8::N3-8::N3-11::N-A03::N-A08::B3-1-3::B-A04::B-3-1::B-B09::B-1-10::	38
chr13	44738700	44966700	chr13_44738700	38	228000	0.00684208647662565	60	5.92338794521617e-15	51	1.65176739056987e-09	::B3-5::B-1-7::N-A01::B-A04::B-A07::B-2-15::N-B02::B3-2-37::B3-2-22::N3-2-22::B-3-4::B-B02::N3-13::B-A12::N-A12::B3-6::B-B07::N-A07::N-2-15::B-1-6::N-B04::B-B05::B-1-2::N3-1-3::N3-6::B-2-25::N-2-25::B-B04::N-B07::B3-1-2::B-B03::B-A02::B3-13::N3-1-2::B-3-1::B3-19::B-1-4::B-2-26::	24
chr13	46660200	46888200	chr13_46660200	38	228000	0.00684208647662565	49	2.18334396221418e-08	45	2.9831929823608e-06	::B-B09::B3-2-22::B-B10::N-B10::B-1-6::N3-8::B-B07::N3-6::N3-2-36::B-3-4::B3-21::N-3-4::B3-1-2::B-2-21::B-B11::B3-5::B-A08::B3-6::B-1-7::N-B08::B-A10::B-2-25::B3-3::B-B02::N-A11::N-B07::N-B09::N3-19::N3-1-15::B-A04::B-A07::B-2-27::N-A03::B3-2-36::B3-7::B-1-2::N-2-15::N3-13::	30
chr13	63087900	63315900	chr13_63087900	36	228000	0.0498662799328763	42	9.47904600871846e-05	35	0.12924865042116	::N3-1-15::N-2-15::N-2-17::N-A07::N3-1::B-2-26::N-B05::B-A03::N-A11::B-A11::N-B08::B-A01::B-3-4::B-2-15::B3-7::B-2-12::N-2-12::B-A12::N3-13::B-B02::B-A08::B3-6::B-1-10::N-3-1::B-2-9::B-2-27::N-B02::B-B04::B3-1-5::N3-1-5::B3-1-3::B-A07::B3-3::N3-3::N-A02::B-A02::	20
chr13	94376000	94604000	chr13_94376000	48	228000	7.70255459209002e-08	57	4.53890475365539e-13	26	172.142675453404	::N-B10::B-A12::N-2-23::N-A07::N-2-25::N-2-15::B3-7::B-1-7::B3-2-21::N3-19::B-A07::B-B02::N3-1-5::B-B10::B-A02::B3-13::B-1-6::B-A08::B-B05::N-B08::N3-11::B3-2::N-B05::N-2-26::N-2-14::N3-8::N-B04::N-A02::N-2-12::N-2-17::N-B07::N-A11::N-2-27::N-B03::N-1-6::N-A12::N-1-2::N-A04::N3-2-36::N-3-4::N3-3::N3-21::N-2-21::N3-6::N3-1::N3-13::N3-2::B-A11::	39
chr13	98686300	98914300	chr13_98686300	38	228000	0.00684208647662565	63	6.66129192380152e-17	54	2.97389943400868e-11	::N-B02::B-B05::B-2-25::B3-8::B-B02::B3-2-36::B-B11::N-1-2::B3-2::N-2-25::B3-7::B-2-23::B-B10::N3-1-5::B3-2-21::N-B03::B-B03::B-A07::B-1-6::N-2-15::B-1-2::B-2-15::N-A07::B-2-21::N-1-6::B3-1-3::B-B09::N3-6::B-A10::N3-2-36::N-2-14::N-B09::B-3-4::B3-2-22::B3-19::N-2-23::N3-2::N-B04::	23
chr13	103696700	103924700	chr13_103696700	41	228000	0.00028663582347606	60	5.92338794521617e-15	48	7.70255459209002e-08	::B-A05::B-1-2::B3-1-15::B3-2-22::B3-1-13::B-A08::B-A03::B-1-7::B-3-4::B3-7::N-B11::N-B02::B-B09::B3-5::N-1-10::B-A10::N3-1-2::B-B10::B-2-21::B3-2-36::B3-19::N-A02::B-A02::N-2-21::B-2-14::N3-1-15::N-A03::N3-6::B-2-9::N-3-1::N3-8::B-B11::N-B08::B-B08::B3-3::N-B09::N-B04::B3-6::B-3-1::B3-2-21::N3-2-36::	22
chr13	111643800	111871800	chr13_111643800	39	228000	0.0024367299783307	58	1.08694240009055e-13	33	0.797271187588584	::B-2-25::N3-5::B-B11::B3-7::N-A04::B-B05::B-1-4::B-2-17::N-A02::B-B02::N-2-15::B-2-15::B-A02::N-2-21::B3-3::B-B07::B-3-1::N-3-1::N-3-4::N3-21::B-B04::B-1-6::B-A12::B-B08::B-A11::B-A10::B-1-7::B3-2-22::B-1-10::B3-19::B-3-4::B3-1-15::B3-2::B3-1-5::B-2-23::B-2-21::N-A05::N-A12::B3-11::	18
chr14	19282800	19510800	chr14_19282800	54	228000	2.97389943400868e-11	90	6.32867611210528e-37	34	0.325694636645257	::N3-19::B-A08::N-B09::B-B02::N-2-21::B3-6::B-2-14::N-B05::N-A03::N-2-27::N-A01::N3-6::N3-1-3::N3-3::N-A02::N3-2-36::B-1-6::B3-2-36::N3-1-15::N-1-10::N3-1-5::N-B11::N3-2-22::N-A05::N3-11::B-3-4::N-1-7::N3-1-11::N3-8::B-B04::B3-11::N3-10::N-2-17::N-B02::B-2-23::N-2-9::B-B11::N-B10::N3-1::B3-3::N-3-4::N-2-23::N-2-25::N-1-2::B-2-15::B3-2::N-B04::N3-1-13::N-A10::N3-2-21::N-1-6::N-B08::N-B07::N-A08::	51
chr14	26440300	26668300	chr14_26440300	37	228000	0.0187192610615866	44	9.66519027073556e-06	42	9.47904600871846e-05	::N-2-15::N-2-26::N3-1-5::N3-19::B-2-14::B-B10::N-1-6::N-A02::B-2-15::B3-1-3::B-A08::B-2-23::B-B09::N-3-1::B-2-25::B3-2-22::N-1-2::B3-2::N-2-21::B3-1::N-3-4::B-B11::N3-1-2::B-B02::B-1-10::N-A08::B-A07::B-A12::B3-1-11::N3-11::B3-1-13::N3-1-13::N-A12::N-2-23::B-A01::N-A11::B-A11::	17
chr14	31009700	31237700	chr14_31009700	42	228000	9.47904600871846e-05	54	2.97389943400868e-11	42	9.47904600871846e-05	::B-B09::N-3-1::N-2-21::B-2-21::N3-7::B3-11::N-B04::N-A01::N3-1-5::B-3-1::N-2-17::N3-1-3::N-2-15::B3-1-3::B-A02::N-B11::B3-2-21::B-B11::B3-1-2::N-B02::B-B07::N-B07::N-A02::N3-13::N-2-12::B3-13::N-B10::B-B10::B-A08::B3-6::N-2-25::N3-1-2::N3-1-13::B3-1-13::N-2-23::N-A11::N3-3::N-A05::N3-21::N-3-4::B3-21::B-3-4::	24
chr14	34271600	34499600	chr14_34271600	41	228000	0.00028663582347606	57	4.53890475365539e-13	50	6.06506709473742e-09	::B3-1-13::B-B09::B-2-23::B-2-15::B-2-26::N-A08::B3-19::N-B09::B-1-6::N-1-10::B3-2-36::B-2-9::B3-11::B3-2::B-B02::B-B05::B-2-21::B-A01::N-2-25::N-B08::B-B08::B3-1-2::B-A07::N-1-6::N-A05::B3-7::B-2-14::N-2-14::B-2-12::N3-21::B3-1-3::B-A08::B-A11::N-A11::N-B10::N-A02::B-A02::B-1-4::N3-1-5::B-3-4::N-B05::	34
chr14	52056300	52284300	chr14_52056300	39	228000	0.0024367299783307	54	2.97389943400868e-11	48	7.70255459209002e-08	::B-A10::B3-1-13::N-3-4::N-A08::B-A01::B-2-15::B-B10::B-1-7::B-2-14::B-2-25::B-A08::N-1-7::N3-1-13::B-2-21::B-B02::B-2-12::B3-1-3::B-2-27::N3-21::N-B10::N3-19::N-2-21::B-A07::N-A07::N-2-27::B-B07::N-2-15::B-1-10::N-1-10::N-1-2::N3-2-21::B3-11::N3-1-3::B3-2-22::N3-1-11::N-B09::N-2-26::B-2-26::B3-1-11::	28
chr14	73155000	73383000	chr14_73155000	39	228000	0.0024367299783307	71	2.15079808484123e-22	50	6.06506709473742e-09	::B3-8::N-2-17::B3-1::N-B09::N-A01::N3-1-15::B3-1-15::N-3-1::B3-11::N-B02::B-B11::B-A08::N-B11::B-A03::N-A03::N-A08::N-A10::B3-19::N3-19::B-B02::B-A05::N3-8::B3-3::B3-2-22::B-A01::N-2-27::B-B04::N-B04::B-A11::B-2-25::N-2-23::B-B07::B-B03::N3-1-5::B3-1-5::N-A05::N-2-15::B-1-4::B-A02::	57
chr15	8231600	8459600	chr15_8231600	59	228000	2.55880960998996e-14	90	6.32867611210528e-37	82	1.42808622694533e-30	::B3-2-21::B3-19::B-B07::B3-1::N-A08::B-A12::N3-21::B3-13::N-2-15::B-B10::B-B03::B3-1-13::N-2-21::B-3-1::B-1-4::B-3-4::B-B04::N-A12::B-2-14::B-2-15::N-B05::B-2-12::B-1-10::N-1-6::B-A08::N-2-23::B3-2-36::N3-2-21::N3-1-13::N3-1::N-B04::N-B08::B3-11::B-2-17::N-2-17::B-B02::N-2-14::B-A07::B-1-7::B3-1-11::B-1-2::B-B08::N-A11::B-2-26::N3-13::N-A07::N3-6::B-2-23::N3-10::N3-2-36::B-B11::B-B05::B3-7::B-A11::B-2-25::N-2-25::N3-7::B3-6::N-2-12::	56
chr15	12122200	12350200	chr15_12122200	51	228000	1.65176739056987e-09	66	6.5008712323721e-19	59	2.55880960998996e-14	::B3-2-36::B-A10::N3-2-36::B3-1::B-B11::B3-1-13::N-2-27::N-2-21::B-B08::B-2-21::B3-6::B3-19::N-B02::N-B04::N-B08::N3-19::N-B09::N-A10::B3-7::N3-1-3::B-A12::N3-1-11::N-A11::B-2-14::N3-2-21::B-1-6::B-2-15::B-B02::B-A08::B-B07::N-B07::N-A12::N-1-6::B-1-2::N-2-26::N3-13::N-2-23::B-B03::N-A01::N3-21::N-2-15::B-A01::B-2-25::N-2-25::N-A02::N3-2-22::B-3-4::B3-1-5::B-A05::B3-3::N-1-2::	42
chr15	50659600	50887600	chr15_50659600	41	228000	0.00028663582347606	52	4.41193391619006e-10	45	2.9831929823608e-06	::N3-3::N-2-15::N-A05::B-B05::B-3-4::N-A12::B3-21::B-B09::N3-1-5::N3-2-22::N-2-23::B-B10::N-1-2::B-2-12::N-A07::B-2-25::B3-19::N-2-12::B-2-21::N-B09::B-1-2::N-2-25::N-B05::B-2-15::B-3-1::N-3-1::B3-2-21::N3-7::B-2-14::N-2-14::N-B11::B3-5::N3-19::B-1-6::N3-1-3::N-A02::B3-7::N-2-17::B-A08::N-B07::B-A05::	26
chr15	51760300	51988300	chr15_51760300	36	228000	0.0498662799328763	53	1.1562096335979e-10	46	9.00755601404627e-07	::B3-8::N-B05::B3-19::B3-21::B3-1-15::B3-1::B3-2-21::B-A10::N3-19::B-B05::N-3-1::B-2-21::B3-1-2::N-A11::B-A11::B-B10::N-2-21::B-3-1::B-1-6::B-2-9::N-2-9::B-B07::N-A10::B-A02::B-3-4::N-2-26::N-2-25::B-2-15::B-1-10::B3-5::B3-11::B3-2::B-1-7::N-B03::B-B03::N3-3::	25
chr15	73104400	73332400	chr15_73104400	42	228000	9.47904600871846e-05	68	2.75267385043946e-20	48	7.70255459209002e-08	::N-B02::N-B09::B-2-12::N3-3::N-B08::B3-3::B-A08::B-B08::B-2-14::N3-1::N3-13::N3-10::B3-10::B3-1::B3-13::B3-2-37::B-1-6::N-1-6::B-B04::B3-19::B-1-7::B-B02::N-B05::B-2-9::N3-21::N3-19::N-A08::N3-2-21::B3-11::B-2-15::B-2-27::B-1-2::B-2-21::B3-1-2::B3-1-11::B-2-25::N-2-23::B-B07::N-B07::N3-1-2::B3-8::B-B05::	28
chr15	77070100	77298100	chr15_77070100	55	228000	7.51012288423713e-12	72	4.14906844397611e-23	59	2.55880960998996e-14	::N-B08::B-1-6::N3-19::B-B10::B-1-2::N-A02::B3-1-5::N-2-12::B-2-12::B-B04::N-A10::B-A10::B3-3::N3-13::B-A11::B3-19::N-B07::N3-2-21::B3-2-21::B-2-14::B-B08::N3-1-2::B-B07::B3-1-2::B-A04::B-A03::B-2-25::N-B02::N3-1-15::N3-8::B-B05::B-2-23::B-A07::N-B05::N3-7::N-A08::B3-2-36::B3-6::N-2-21::N-B11::B3-1-15::B-A05::B3-21::N3-6::B3-1-13::N-1-2::B-3-4::N3-1-5::B3-2-22::N-3-4::N-2-15::B-A08::N-A03::B-B02::N-1-6::	29
chr15	80713000	80941000	chr15_80713000	57	228000	4.53890475365539e-13	91	9.65950634557085e-38	77	9.04581518959527e-27	::N-B03::N-B04::B-1-4::N-B10::N-2-25::B-A12::N-B09::B-2-21::B3-1-2::B3-21::N-2-15::B-3-4::B-B11::N3-10::B-2-23::B3-1-3::N3-1-3::N-2-12::B-2-12::B3-6::B-2-15::B-1-6::B-A04::N-B08::B3-1::N3-1::B-1-7::B3-1-11::B-A03::N3-6::N3-21::B-A11::N-A11::B3-2-21::N-1-6::B-2-14::N-1-2::N3-13::N3-1-5::B3-13::B3-10::N3-1-2::N3-2-21::B-A08::B3-2-22::B-B04::B3-1-5::B-B07::B-A07::B-1-2::N-2-14::N3-2-22::B-B08::B3-1-13::N-A01::B-B10::N-A05::	40
chr15	81582200	81810200	chr15_81582200	38	228000	0.00684208647662565	60	5.92338794521617e-15	48	7.70255459209002e-08	::B-A11::N-3-4::N3-2-21::N-2-12::B-2-21::B-A05::N-B08::B-B08::B-2-25::B-B02::N3-6::B3-6::B-A04::N3-3::N3-1-11::B-2-14::N-2-25::B-1-10::B3-1-2::B-3-4::B-B03::B-B11::B3-2-21::N3-13::N-A01::B-B07::B-B04::N-B04::B3-13::B-1-2::B-A07::N3-11::N3-1-5::B-2-15::N3-21::N-B10::B-2-17::N-2-17::	36
chr15	85356600	85584600	chr15_85356600	37	228000	0.0187192610615866	47	2.66190509809574e-07	44	9.66519027073556e-06	::B-2-25::B-2-17::B-A07::N-A01::B-3-4::B3-1-2::N-A05::B-A03::N3-1-5::N-2-25::N-1-7::N3-19::N-3-1::B-3-1::B3-7::B-B10::N-B10::N-1-2::B-1-2::B3-2-22::B-A11::N3-2-22::N-2-21::B-2-15::N-B03::B-B03::N3-10::B3-1-15::B3-1-3::N-2-15::B-A12::B3-11::N3-1-3::N3-2-37::N3-7::B-A02::N-2-23::	20
chr15	96255900	96483900	chr15_96255900	46	228000	9.00755601404627e-07	72	4.14906844397611e-23	65	3.08910055026007e-18	::B-A04::B3-11::B-A10::B3-2-21::B-1-2::B3-19::B-1-6::N-2-21::B-A08::N3-1-5::N3-6::B-2-14::N3-2-22::B-A12::B3-2-36::N-1-6::B-2-26::B-B02::N3-2-36::N-1-2::B3-1::N-B04::B3-10::B-2-15::B-2-27::B3-3::N3-7::B-2-17::B3-7::B3-21::B-B04::N3-19::N-A08::N-2-14::N-3-4::B-B05::N-2-25::B3-6::B-3-4::B-B11::B3-1-11::N-1-7::B-A05::N3-1::N-B02::B-1-10::	42
chr15	99784600	100012600	chr15_99784600	37	228000	0.0187192610615866	52	4.41193391619006e-10	47	2.66190509809574e-07	::B-3-4::N-A05::B-A05::N3-1-5::N-3-1::N-3-4::B-A08::N-1-2::B-A10::N-2-21::B-1-4::N-1-6::B-1-6::N-1-4::B-2-15::B3-13::N-2-15::B-A12::B-1-7::N3-2-22::B3-2-22::B-A04::B3-1-11::N3-2-36::N-B02::N-B11::N-A08::B-A07::B3-1-15::N3-1-15::N-2-17::N-B10::B-2-17::N-B05::B3-11::N-B07::B-2-14::	19
chr15	101993300	102221300	chr15_101993300	40	228000	0.00084611787389572	47	2.66190509809574e-07	38	0.00684208647662565	::N-1-2::N3-1-5::N-B11::N-A11::B-A11::B3-2-22::B-1-6::B-B02::N-3-1::B3-10::B3-13::N3-10::N3-13::B-2-15::B-2-14::N-2-14::N-B08::N-B05::B3-5::B-1-4::B-2-9::B-B10::B-A12::N3-3::B3-3::B-2-26::N-2-26::B-2-23::B-A08::B-3-4::N-1-7::B3-1-15::B3-21::N3-2::N3-2-21::B3-6::B-B09::N-3-4::B-A04::B-A02::	25
chr15	102396300	102624300	chr15_102396300	41	228000	0.00028663582347606	50	6.06506709473742e-09	45	2.9831929823608e-06	::B-A04::B3-11::B-A05::N-A11::B3-19::N3-19::B-2-25::N-2-25::B3-3::N-B09::N-1-7::N3-6::B-2-27::N-A05::B-2-14::B-3-4::N-2-23::N-A08::B-A08::N-1-6::B3-5::N-B05::B-2-17::N3-10::N-2-17::N-B03::B3-2-22::B-B03::B-B09::B-2-15::N-B10::N3-2-36::N-2-15::B-B07::N-2-12::B-A07::B-1-6::N-2-14::N-A10::B-1-7::B-B10::	25
chr16	3986900	4214900	chr16_3986900	39	228000	0.0024367299783307	57	4.53890475365539e-13	53	1.1562096335979e-10	::N3-1-3::B3-2-22::B-A10::B3-5::B-B05::N3-21::B-B03::B-2-14::N3-6::B3-7::B3-6::B-1-2::N-B10::N-B02::B-A08::N-1-7::N-B08::B3-13::B-3-1::B-B09::B3-1::N-2-15::N-A01::N-1-2::B3-1-11::B-1-7::B-B10::B3-1-2::B3-2-37::B-2-15::N-2-17::B3-1-3::N3-13::N3-5::B-2-23::N-2-12::N-B11::B-2-21::N-2-21::	31
chr16	11060500	11288500	chr16_11060500	40	228000	0.00084611787389572	53	1.1562096335979e-10	48	7.70255459209002e-08	::B-1-2::N3-8::N3-2-22::B-B11::B3-1-3::N3-1-5::N3-13::B3-11::B-2-15::B-2-14::B3-1-15::B-1-10::B-2-21::B3-1::B3-7::B3-5::B-B07::N3-1-2::N-2-25::B-A07::N-2-27::N-A05::N-A02::N-2-15::N-B03::N3-11::B-A04::N3-1::B-A12::B-B03::N3-1-11::B3-3::B-3-1::N3-2-21::B-A11::N-A11::N3-1-15::B3-2-36::B-2-12::B3-2-22::	25
chr16	17666000	17894000	chr16_17666000	36	228000	0.0498662799328763	46	9.00755601404627e-07	42	9.47904600871846e-05	::B-3-4::N-2-27::N3-6::B-B03::B-A10::N-B03::N3-3::B-A08::N-B02::N3-8::N-2-15::N-A04::N-A02::B-B07::N-2-25::N-B05::B-B05::B3-21::N-A05::B-2-21::B3-2-22::N-A10::B-2-23::B-A01::N-A01::B-1-2::B3-6::B-1-7::B-1-6::N-2-23::B3-2-36::B3-1-2::B-B09::B-2-9::B-B11::N-B08::	22
chr16	24467600	24695600	chr16_24467600	43	228000	3.06181982039793e-05	52	4.41193391619006e-10	49	2.18334396221418e-08	::N-2-15::N-B03::B-1-6::N-A02::B-1-2::B-2-14::B3-11::B-3-4::N3-8::B-B05::N3-7::N3-19::N3-10::B3-1-13::B-A07::B-2-21::B3-2-21::N-1-7::B-A10::N-2-21::B-3-1::N-3-1::N3-6::B-2-15::N-3-4::B3-3::N-B08::B-B02::B-B09::B-A08::B-2-23::N-2-14::N-A10::N3-1-3::N-2-23::B-2-12::B3-1-11::N3-2-22::B3-21::B3-6::B3-1-3::N-1-2::B3-5::	24
chr16	31657900	31885900	chr16_31657900	41	228000	0.00028663582347606	66	6.5008712323721e-19	60	5.92338794521617e-15	::N-A05::B-B03::B-B02::N-A08::B-2-15::B3-19::B-A07::B-B05::B-1-6::B3-21::N-2-26::N-A07::N3-1-13::N-3-1::N-B10::N3-19::B-3-4::N-3-4::N-B05::B-B10::N-B03::B-2-12::B-A02::N-2-15::N3-3::B-A11::N-2-21::B3-11::B-2-21::B-A05::B-2-14::B3-2-21::N3-6::N-A02::N-B04::B-2-23::N-B08::N3-21::B3-2-36::B3-1-11::N3-10::	27
chr16	33236400	33464400	chr16_33236400	37	228000	0.0187192610615866	56	1.86269809598901e-12	49	2.18334396221418e-08	::B3-1-11::N-3-4::B3-8::B3-1-15::N3-11::N-A02::B-B03::B3-21::N3-1-3::B-1-6::B3-2-36::N-B03::N3-2-36::N-A01::N-B05::N3-1-5::B3-2-21::N3-2-21::B-2-15::B-A07::N-A12::N3-1-13::B3-1-13::B-B07::B-B05::B-A12::N-B04::N-A05::B-A02::B-A10::B-A08::B3-1-3::B-2-25::N-B02::B-2-14::N3-13::B3-13::	28
chr16	38090900	38318900	chr16_38090900	44	228000	9.66519027073556e-06	74	1.48170903183304e-24	66	6.5008712323721e-19	::B3-7::B-2-25::N3-6::N-1-6::B-1-6::B-B05::N-2-25::B3-11::B3-13::B-2-15::B-A11::B-B10::B-B04::B-B07::N-A07::B-1-7::B-A10::N3-2-22::N-A02::N-2-15::B-A08::B-B09::B-3-1::B-B02::B-1-2::N-1-2::B3-19::B-A05::N-A08::B-A12::N-2-17::N3-1-15::B-A07::N-B05::N-B07::B-B08::N-A05::N-B04::N-2-21::B3-6::B-2-14::N-A11::B-2-23::B-A04::	26
chr16	43329300	43557300	chr16_43329300	45	228000	2.9831929823608e-06	62	3.02145104196738e-16	56	1.86269809598901e-12	::B3-7::N-B10::N-A12::B-3-4::N-A01::B3-6::N3-3::N-1-7::N-1-6::N-2-15::N3-1-2::B-A12::B-A08::N-B03::B-B03::B-2-15::B-B10::B-1-6::N-B07::N-B05::N3-2-36::N-B02::B3-1-13::B3-1::B-2-23::B3-10::B3-13::N3-1::N3-10::N3-13::B-B05::N3-1-13::N3-1-5::B-1-7::B-2-14::N-B04::B3-3::B-A10::B3-1-2::B-B07::N-2-12::B3-2-36::B3-2::B-1-4::B3-2-21::	35
chr16	94438000	94666000	chr16_94438000	47	228000	2.66190509809574e-07	55	7.51012288423713e-12	48	7.70255459209002e-08	::N3-13::N-1-10::B3-2-36::B-B02::B-B10::B-A12::N-A12::B-B09::N-A10::N3-6::B-A08::N-A07::N-B09::B3-1-3::N-B07::B3-6::N-3-1::B-1-6::N-2-15::B3-7::B3-5::B-A01::N-A01::N3-1::B-3-1::N3-2-22::N3-1-5::B-2-15::B-B07::B-1-4::B-1-2::N-1-2::N-B08::B-A04::N-B04::B-A11::N-A11::N-B02::N3-2-21::N-B10::B-1-10::B3-2-21::N-B05::N-1-6::N-3-4::N-2-25::B3-19::	32
chr17	3058000	3286000	chr17_3058000	43	228000	3.06181982039793e-05	63	6.66129192380152e-17	55	7.51012288423713e-12	::B-B10::N3-1::B3-11::B-2-9::B3-2::N3-1-15::B-A12::B-B04::B3-19::N-2-21::B3-8::N-3-1::N3-2-21::N-A05::B-B02::B3-1-3::N3-1-3::N3-1-5::N-1-6::B-1-6::N-2-15::B-2-12::N-3-4::B-A01::N-B03::B-B03::B-A08::B-2-21::B-2-14::B3-1-11::B-A10::B-3-4::N3-5::B-B05::N-B05::B-A05::N-1-7::N3-19::N-A12::B-A02::N-A08::B3-1::B3-2-36::	32
chr17	5063900	5291900	chr17_5063900	53	228000	1.1562096335979e-10	84	3.95151796846462e-32	69	5.54101238568707e-21	::N-3-4::N-1-6::N-2-15::N-B08::B-B02::B-1-6::B-B03::B-B08::B3-7::B3-1::N3-1::N-2-25::B-3-1::B-2-21::B3-2-36::B-A11::N-A11::N-2-23::N-B09::B-B09::N-A02::N-1-4::B-A02::N-A05::N3-6::N-3-1::B3-6::N3-1-3::B-2-15::B-1-2::B-A10::N-A04::B-A04::N-2-17::B-1-4::B-A08::N3-1-15::N-A01::B-A05::B-B07::N-B07::B3-5::B-2-25::B3-3::N3-3::N3-13::N-B11::B-B11::N-A08::B3-13::B3-1-3::N3-1-2::N3-8::	36
chr17	10090300	10318300	chr17_10090300	41	228000	0.00028663582347606	54	2.97389943400868e-11	49	2.18334396221418e-08	::B-2-25::B3-1-3::N-A03::B-A04::B-B05::N-B10::N3-2-21::B3-6::B3-1-11::N-A01::B-B10::N-A08::N-A04::N-2-15::N3-13::B3-19::B-B04::N-3-4::N-A10::B3-2-21::B-A07::B-B08::N-3-1::N-2-23::N3-6::B-1-6::B-2-26::N-1-10::B-A03::B-1-10::B-2-21::N-2-21::B-2-23::N-1-2::B-1-7::B3-2-22::B-A10::N-A02::B-A02::B-B09::B-A05::	22
chr17	30006400	30234400	chr17_30006400	49	228000	2.18334396221418e-08	75	2.74400639522756e-25	62	3.02145104196738e-16	::B-B02::B-3-4::B3-21::N3-21::N-3-4::N3-1-5::B-B05::N-A08::B-B10::N-B03::B-B11::B-B03::N-2-25::N3-11::N-A11::B3-19::N-2-17::B-1-7::B3-1-3::N3-1-3::N-B07::N-A01::N-B04::B-2-27::B3-3::N3-19::B3-1-11::N-B05::N3-1::B-2-17::B-2-15::B-1-6::B-B04::B-A02::N3-13::B3-1::N-1-6::B-2-14::B-A10::B-2-12::N-2-12::N-A05::B-2-26::B-A07::B3-1-5::N3-3::B3-1-2::B-3-1::N-2-26::	37
chr17	32126500	32354500	chr17_32126500	42	228000	9.47904600871846e-05	58	1.08694240009055e-13	47	2.66190509809574e-07	::B3-1-3::B3-3::N3-1-15::B3-1::B-A12::N3-1-11::B-B05::B-A08::B3-11::B-2-25::B-2-21::B-1-2::N-3-4::N-B10::N-A01::N-2-23::B-B07::B-2-12::B3-7::B-A03::B-A10::B3-1-13::B-B02::B3-1-2::N3-1-2::N-B08::B-2-17::N-2-17::N-B09::N3-1-5::B3-13::B3-10::B3-2-37::N3-10::N3-13::B-2-15::B3-6::N3-6::N3-3::B3-1-11::N-1-2::N-A05::	35
chr17	44503700	44731700	chr17_44503700	36	228000	0.0498662799328763	44	9.66519027073556e-06	35	0.12924865042116	::B-2-23::N-B09::N-A03::B-3-4::B-A10::N-B05::B3-11::B3-1-3::B3-21::B-B10::B3-1-11::N3-1-15::B-A02::B-1-2::B-A08::N-A08::B3-2::N3-2-36::N-2-14::N3-1-5::N-2-25::N-A02::B3-1::N3-2::N-2-23::B-B02::B-2-27::N-B02::B-2-12::N-2-12::B3-1-2::B3-19::N3-19::B-1-7::N-B03::B3-3::	24
chr17	74178700	74406700	chr17_74178700	42	228000	9.47904600871846e-05	57	4.53890475365539e-13	53	1.1562096335979e-10	::B-B10::N3-19::B3-2-21::B3-10::N3-1-5::B-B02::B-2-25::B3-6::B3-1-11::B-A10::B-B05::N-A12::B-A11::N3-8::B-2-27::N-B05::N3-7::N3-1-2::B-3-4::B3-7::N-A08::B-2-23::N-2-23::N3-1-11::N-2-25::B-2-15::N-2-17::B3-11::N3-11::B-B04::N-B11::B3-1-3::N-A05::B-A05::B-1-2::N3-2-22::B3-2-22::B-A04::B-B03::B-2-26::N-2-15::B-A08::	30
chr18	4886500	5114500	chr18_4886500	38	228000	0.00684208647662565	48	7.70255459209002e-08	40	0.00084611787389572	::N-2-25::B3-11::B-A03::N-2-15::B-B11::B-A08::B-B10::B3-7::B-1-2::B-A05::N-A05::N-A03::B-1-6::N-A01::N-1-10::B3-1::N-B08::B-B02::N-3-1::B-3-1::N-B10::B3-3::B-A02::B-2-21::B-3-4::B-A10::B3-5::N3-1-5::N3-2-22::N-2-9::B-B04::N3-19::B3-2::B-B07::N3-1-15::B3-1-15::B-1-7::B3-2-22::	28
chr18	9278800	9506800	chr18_9278800	42	228000	9.47904600871846e-05	53	1.1562096335979e-10	43	3.06181982039793e-05	::B-2-15::B-3-1::B3-1::N3-1-5::B-B05::N-B08::N-B07::N3-1-2::B3-1-2::B-B07::B3-2-22::N-1-2::N-2-12::B-2-12::N-2-23::N-A03::N-2-21::N-A01::N-3-1::B-A08::B-1-2::B-2-25::B3-21::B-B09::B3-10::N3-10::B-B04::B3-3::N3-3::B-2-23::B3-8::N-2-25::B-A01::N-2-17::N-A02::B-A02::B3-2::N3-1::B-A12::B-B11::B3-2-21::N3-6::	27
chr18	9972400	10200400	chr18_9972400	56	228000	1.86269809598901e-12	75	2.74400639522756e-25	68	2.75267385043946e-20	::B-B10::N-B02::B-A03::B-1-10::N-A01::B3-7::N-A11::B3-2-21::B-B04::B-A08::N-1-6::B-1-6::B3-2-22::N3-8::B-3-4::N3-3::B3-3::B3-5::B-B02::N-B11::B-B11::N3-13::N-2-21::N-2-23::B-1-7::N-2-27::B-B05::N3-19::B-2-25::N-B05::N-2-15::N3-1-5::N3-10::N3-2-22::B-2-14::N-B08::N-2-14::B-2-15::B-2-23::N3-1-2::N-1-2::N3-2-21::B-1-2::B-3-1::N-3-1::N3-1-3::B3-10::N-A05::N-B03::N-A02::N-2-17::B3-1-13::B-A02::N-1-7::B-2-27::B3-1::	36
chr18	31662400	31890400	chr18_31662400	46	228000	9.00755601404627e-07	57	4.53890475365539e-13	48	7.70255459209002e-08	::B-2-25::N3-2-21::N-B08::B-B08::B3-2::B-1-7::B-B09::B-2-14::B-A10::N3-1::B3-1-3::B-A01::B3-1-13::N-1-7::N-1-10::B3-2-36::N-3-4::B-A02::B3-6::N-1-6::B-B05::N-2-27::N3-8::N3-11::B3-8::B3-11::N3-19::N3-6::B-2-21::N-2-21::B-B10::B-1-2::N-2-23::N3-13::B3-19::B-A05::N-A11::B-A08::B3-7::B-3-4::N3-1-5::B3-1-2::N-B05::N-2-15::B-2-17::B3-5::	24
chr18	34250000	34478000	chr18_34250000	45	228000	2.9831929823608e-06	65	3.08910055026007e-18	53	1.1562096335979e-10	::B-A10::N-A01::B-B03::N-B03::N-2-15::B3-2::B-1-2::B3-2-22::B-B05::B-B02::N3-1-13::N3-8::B-2-9::B-A07::N-1-7::B3-8::B3-11::N3-1-5::B3-2-36::N-A07::N3-1-11::B3-1-13::N-A11::N3-21::B3-19::B-A05::N-A05::B-2-14::B3-1::N-B02::B3-21::N-B04::B-B04::B3-6::B-2-26::N-A02::N3-10::N3-13::B-A02::B-A08::B-2-15::B3-3::B-B10::N3-5::B-2-23::	30
chr18	34746200	34974200	chr18_34746200	36	228000	0.0498662799328763	46	9.00755601404627e-07	42	9.47904600871846e-05	::B-2-14::B3-1::N-B11::B-A07::B-B07::N3-11::N3-1::B-3-4::N-1-6::B3-1-2::N3-1-5::B-B10::N-A02::B-B02::B-1-4::B-2-21::B-1-7::N-B08::B-B03::B-B11::N-2-23::N-B07::B-B04::N-2-25::B-1-10::N3-13::B3-10::B-1-6::N-B10::B-A05::B-A04::B-2-26::B3-1-13::N3-1-13::N-3-4::N-2-15::	24
chr18	35067100	35295100	chr18_35067100	39	228000	0.0024367299783307	58	1.08694240009055e-13	50	6.06506709473742e-09	::B-A08::B-B04::B3-1-13::N3-13::B3-6::B-2-15::B3-7::N3-19::B-A02::B-2-23::B-A01::B-A10::N-A01::B-3-4::B-B09::N-A11::N3-1-5::N-A08::B-1-2::N-2-25::B-2-25::B-B05::N-2-15::B3-1::N-3-1::N-B10::N-1-6::B3-19::B-B03::N3-2-22::B-B10::B-1-6::B-B07::N-B05::N-1-2::N-B02::B3-1-5::B-B02::N-B03::	36
chr18	35557000	35785000	chr18_35557000	39	228000	0.0024367299783307	51	1.65176739056987e-09	44	9.66519027073556e-06	::B-A10::B-2-23::N-2-23::B3-7::B-2-14::B-1-7::N-A10::B-1-6::B-A01::N-A01::B3-6::B-2-15::B-3-4::B3-2-22::B-B02::N-B11::B-2-25::B-B10::B-3-1::N-2-17::N-1-4::N-B05::B-A07::N-B03::N3-3::N-1-9::B3-19::B-B05::N-2-9::B3-1-2::N-A11::N-1-6::N-B07::B-B07::N3-13::B-1-2::B3-8::B-A04::B-A08::	30
chr18	73571800	73799800	chr18_73571800	41	228000	0.00028663582347606	54	2.97389943400868e-11	41	0.00028663582347606	::B-A11::B3-6::B3-2-22::N3-2-22::B-B07::N-2-9::B-1-2::N-1-2::N3-13::B-2-12::B-2-14::N-2-12::N-2-27::B-A03::N-A03::B-2-21::N-1-6::B-1-7::N-1-7::N3-1-15::B-2-26::B-A12::B-B02::B3-1-2::N-A12::B-3-1::B-A05::B-2-15::B-A02::N-A02::N-3-1::N-A01::N-A07::B-B09::B-3-4::B-B05::B3-7::N3-7::N-2-26::B-1-6::N3-3::	37
chr19	3453200	3681200	chr19_3453200	40	228000	0.00084611787389572	70	1.09944759943504e-21	62	3.02145104196738e-16	::B3-5::N-A01::B3-2-36::B-A08::B-B10::B3-19::N-1-2::N-B10::B-B05::N-B05::B-1-6::N-A10::N-2-15::B-A05::B-2-15::B-A10::N-B03::B-B03::N3-8::B-1-10::N-2-21::B-1-4::B3-21::N3-1-11::B-2-14::B-2-21::B-B02::N-2-14::N3-1-5::B-1-2::B-B07::B-2-23::B3-6::B-A07::B-2-25::N-2-17::N3-2-22::N-A02::B3-2::N3-10::	48
chr19	4697600	4925600	chr19_4697600	36	228000	0.0498662799328763	46	9.00755601404627e-07	42	9.47904600871846e-05	::N3-1-5::B-A02::N-B05::B-2-12::B-A03::N-1-6::N3-11::B3-6::B3-1-11::B3-7::B-2-21::B-2-17::B-1-2::N-B03::B-B03::B-1-6::B3-1::B-A01::B3-5::B3-11::N-2-27::B-A11::N-A10::N-2-15::B-B04::B3-19::N3-10::B-3-4::B-A05::N-2-17::B3-1-15::N-A02::B-B07::N3-2-21::N-B02::B-B02::	22
chr19	7273600	7501600	chr19_7273600	37	228000	0.0187192610615866	62	3.02145104196738e-16	53	1.1562096335979e-10	::B-B11::B-A10::B-1-6::N-A08::N-2-15::B-2-25::B-B08::N3-13::N3-1-5::B3-1-3::B-B05::B3-2-37::N-1-6::N3-2-36::B3-1-5::N3-1-13::B-2-15::N3-2-22::B3-2-22::N3-10::B3-1::N3-3::B-B09::N-B08::N3-21::B3-21::B-3-4::N3-1-2::B3-3::B-2-23::B-A08::N-A02::B-3-1::N3-1-15::N-3-4::N-B09::N-B11::	35
chr19	11775300	12003300	chr19_11775300	39	228000	0.0024367299783307	48	7.70255459209002e-08	41	0.00028663582347606	::N-B07::N-1-6::N-2-15::B-B02::B-2-25::B3-1-15::B3-3::B-2-27::N3-3::N3-1-3::N-1-7::N3-2-36::B3-2-36::N-2-14::B-2-15::N3-7::B-B10::B-1-7::N-A11::N-B03::B-B03::B-A01::B-B04::B3-1-5::N3-8::N3-6::N3-1-5::N-B04::B3-6::B-2-9::N-2-9::B-B07::N3-10::N-B02::N-2-21::B-1-2::B-A08::N-A08::B-B05::	26
chr19	16135900	16363900	chr19_16135900	49	228000	2.18334396221418e-08	72	4.14906844397611e-23	65	3.08910055026007e-18	::N3-7::B3-3::B3-11::B3-10::N-2-15::N-A01::B3-13::N-B03::N-2-9::B-A01::N-A07::B-3-1::N-B07::N-B10::B-B07::N3-1-2::N3-10::N3-21::N-B04::B-A11::N-B09::B-B11::B3-6::B3-2-22::B-B02::B-2-25::B-B04::B-3-4::N3-1-15::B3-1::N-2-23::B-A08::B-B09::B3-1-2::N-2-27::B-2-27::N-B02::N3-1::B3-19::B3-2-36::B-2-9::B-A10::B3-5::N-A12::B-1-2::B-2-23::N-A02::N3-1-5::B-B05::	35
chr19	29876200	30104200	chr19_29876200	45	228000	2.9831929823608e-06	61	1.34872620786145e-15	46	9.00755601404627e-07	::B-A11::B3-21::N-2-21::B-2-27::N-2-27::B-A12::B3-1::N-2-15::B-3-1::B-2-25::N3-6::B-1-2::N-1-2::B-B04::B-A08::B3-2-21::B3-6::B-B10::B-2-15::N3-10::B-1-6::N-A10::N-B05::N-2-25::N3-11::B3-1-3::B-B05::N-A08::N-A11::B3-19::B3-13::B3-11::B-1-7::B-A01::N-2-12::B-2-12::N-B09::B-A02::B-A10::B3-10::N3-1-3::N3-1::N3-13::N-A02::N3-1-13::	26
chr2	17982100	18210100	chr2_17982100	40	228000	0.00084611787389572	59	2.55880960998996e-14	51	1.65176739056987e-09	::B3-11::N-2-17::B-B07::B-A08::B-2-17::B-1-2::N-1-6::B3-1::B3-6::B-3-1::N3-2-36::N-B04::N-A11::B-B02::B3-3::N3-19::B-B11::N3-13::N-A05::N-A01::N-2-23::B-B10::B-3-4::N3-1-5::B-2-15::N-A03::B3-8::N3-6::N-B08::N-2-15::B-1-6::B3-2-21::B-A01::B3-1-11::B3-1-2::N-B07::N3-1-2::B-2-21::B-2-12::B3-2-36::	30
chr2	22961800	23189800	chr2_22961800	38	228000	0.00684208647662565	49	2.18334396221418e-08	45	2.9831929823608e-06	::N-1-10::B3-19::N3-11::B-B09::B-1-2::B3-1-2::N-B02::B-A04::N3-1-3::B-B08::N-B08::N-2-25::B-2-27::B3-2-36::B3-1::B-2-14::N-A11::B3-1-11::B-3-4::B-2-15::B-A05::B3-3::B-B04::N-B04::B-B11::B-A11::N-A01::B-1-7::N3-13::N3-2-36::B-B05::B-2-26::N-A07::N-B09::B-2-23::N3-8::N-2-27::B3-5::	27
chr2	37386000	37614000	chr2_37386000	46	228000	9.00755601404627e-07	75	2.74400639522756e-25	67	1.34765961907704e-19	::B3-1::N3-1-3::B3-2-22::N-B08::B-B08::B3-8::B-3-1::N3-19::N-2-21::N3-10::N3-13::N-A05::B3-7::N-B07::N-B04::B-1-2::B-2-15::N-A04::B-B10::N-B10::B3-1-2::B3-1-11::N-3-4::N3-11::B3-11::B-2-14::B-A07::B-B11::B-2-17::N-2-9::N-1-6::N-2-12::N-3-1::B-2-23::B3-6::B-2-27::N3-5::N-B03::N-2-15::N3-6::N3-8::B-B05::B-B07::N-A01::B-A01::B3-2-37::	40
chr2	48753600	48981600	chr2_48753600	43	228000	3.06181982039793e-05	69	5.54101238568707e-21	61	1.34872620786145e-15	::B3-19::N-2-17::B3-1-3::B-B05::B-B11::N3-1-5::B-A12::N-A12::B-3-1::N3-2-36::B-2-17::B-A11::B3-1::B3-2::N-A11::B3-2-22::N3-6::B-B07::B3-1-11::B-2-12::B-2-27::B-A03::B-A10::B3-7::N-2-27::N3-11::B-2-25::N3-21::N-2-15::B-A01::N-A02::B-A02::N3-1-3::B-2-15::B3-11::B3-5::N-A05::B3-6::N3-19::B-3-4::B-B10::N-A03::N3-8::	35
chr2	49361400	49589400	chr2_49361400	40	228000	0.00084611787389572	58	1.08694240009055e-13	53	1.1562096335979e-10	::B-A07::N3-1-13::B-B09::N3-8::B3-7::B-B02::N3-2-22::N-B04::B-A11::B3-1::N-A11::N3-13::B3-2-21::B-B05::B3-2::B-2-26::B3-2-22::B-1-7::N-A04::N3-1-3::B-1-10::N-A01::B-A01::B-2-23::B-2-21::B3-19::N-1-6::B-B08::N-B08::N-3-4::B-B11::B-B10::N3-1-15::N3-1-2::N-B05::N-2-15::N-B10::B3-5::N3-19::B3-3::	26
chr2	60728900	60956900	chr2_60728900	36	228000	0.0498662799328763	50	6.06506709473742e-09	43	3.06181982039793e-05	::B-B11::N3-1-3::B-2-23::B-B07::N-2-15::B3-3::B-B03::N3-3::N-A12::B-A08::N-2-23::N-3-4::B-A05::N-A05::B-2-27::B-2-15::N-2-27::B3-1-2::B-A10::B3-1::N-2-17::N-A11::B-A11::B-2-14::N3-1-15::B-B02::N-A02::B-B05::N3-5::N-B05::B-2-25::N-2-25::N3-7::N-3-1::B-A07::N3-2-21::	25
chr2	69795300	70023300	chr2_69795300	37	228000	0.0187192610615866	43	3.06181982039793e-05	38	0.00684208647662565	::B3-11::N3-10::B-1-10::B3-1-2::B-A10::B-A12::B-B05::B-A08::N-A01::B3-3::N3-3::B3-2-36::B-B10::N-1-2::B-1-2::B3-19::B-3-1::N-3-1::B-2-25::B-A01::N3-8::N-A02::B3-1-11::B-A11::B-3-4::B3-5::B-B02::B3-8::N-2-17::N3-2-21::B-2-27::B-2-15::N-2-15::B-2-14::B3-21::B-A02::N3-1-2::	24
chr2	90791500	91019500	chr2_90791500	37	228000	0.0187192610615866	50	6.06506709473742e-09	43	3.06181982039793e-05	::B-2-15::B-A07::B-1-7::N-B02::B3-2-36::B-A04::N3-6::B3-1::B3-1-13::B-1-6::N-A12::B-A12::N-B05::N-3-4::B-2-14::N-2-14::N3-2-36::N-2-15::N-2-21::B-A02::N-1-2::N-A05::B-B03::N-B03::N-B07::N3-13::B-A01::N-B11::N3-2::B-2-21::B3-19::B-B02::B-A03::N-3-1::B-B09::B-3-4::B-2-27::	29
chr2	91696200	91924200	chr2_91696200	41	228000	0.00028663582347606	60	5.92338794521617e-15	54	2.97389943400868e-11	::B-B09::B-A05::N-B02::B3-3::B3-1-11::N-2-25::B-2-25::B-2-21::N-A10::B3-6::B-B10::B-A07::B-1-6::B-1-10::B3-7::B-2-12::N-A02::N-B05::B-1-7::B-A12::B-B04::B3-13::B3-10::N3-10::N-1-7::B-A01::B-A03::B-1-2::B3-2-36::N-1-2::B-A10::N-A11::N3-1-5::N3-8::B-B07::N-B08::N3-19::B-2-15::B-3-4::N3-1-2::B3-11::	25
chr2	98439800	98667800	chr2_98439800	97	228000	9.7474374443232e-43	591	nan	41	0.00028663582347606	::B-A01::B3-11::B3-8::B3-7::B3-21::B3-2-36::B-2-14::N3-8::B-1-2::N3-13::N3-2-36::N-A08::B-A07::B-A08::N-A05::N-1-2::N-A01::N-B07::N-1-7::N-B05::N3-6::N-2-14::N-B10::N-2-26::N-A02::N-2-12::N3-10::N-A11::N3-7::N-B04::N-B09::N3-1-13::N-1-6::N3-19::N-B08::N-B11::N-A03::N-A10::N3-1-11::N-A12::N3-1::N3-1-15::N3-2-21::N-2-15::N3-1-3::N3-21::N-2-17::N3-1-5::N-3-1::N-2-25::B-2-21::N-2-9::N-B02::B-B02::N3-2-22::N-1-10::N3-1-2::N3-11::N-2-27::N-2-21::B3-1-11::N3-5::N-3-4::N-B03::N-2-23::B3-1-13::B3-1::B-2-23::B3-6::B3-1-2::B-3-1::N-A07::N3-3::B-B07::N-A04::B3-13::B3-10::B-A02::B-B11::B-1-10::N-1-4::B-B10::B3-1-3::B-2-15::B3-2-22::B-B08::B3-1-5::B-B04::B-1-7::B-1-6::B-A05::B-2-27::B-B03::B3-19::B-2-12::B3-1-15::B-A11::	286
chr2	119382900	119610900	chr2_119382900	36	228000	0.0498662799328763	49	2.18334396221418e-08	43	3.06181982039793e-05	::B-2-21::B3-5::B-A01::B3-21::B3-2-36::B3-7::N3-7::B-A07::B-B05::B-B03::N-2-15::B-A11::B-B10::N3-1-5::N-2-21::N-A12::B-A12::N3-13::B-2-17::B-2-15::N-B03::N3-19::B-B07::N-A02::B-1-6::B-3-1::B3-1-11::B-A02::N-B08::N-A05::B-A05::B-B04::B3-1-5::N-B04::B-1-7::N3-11::	33
chr2	121893700	122121700	chr2_121893700	38	228000	0.00684208647662565	49	2.18334396221418e-08	42	9.47904600871846e-05	::B-B05::B3-1-3::B-B07::N3-10::B3-3::B-2-14::B3-21::N-B04::N-B05::B3-1-2::N3-1-2::B3-2-22::B-B04::B-A03::B-A08::N-3-4::N-1-6::B-3-4::N3-2-36::B3-2-36::B-A12::N-A12::B3-19::B-2-25::N3-19::B3-1-5::B-A07::B-2-27::B-1-6::N-A02::B-2-17::N3-1::B-2-9::B-B11::B-A02::B3-2::N-B07::N-2-15::	16
chr2	152113400	152341400	chr2_152113400	37	228000	0.0187192610615866	43	3.06181982039793e-05	39	0.0024367299783307	::B-A03::N-2-17::B-1-4::N-A12::N3-8::N-A11::B3-5::B-2-27::N-2-27::N-A05::B-A10::N-B08::B-2-14::N-2-21::B-2-25::B-2-23::B-B10::B-1-6::B3-7::N-A01::N3-7::B-A08::N-1-6::B-2-12::N3-13::B3-13::B-2-15::N-A02::B3-1::B3-2-21::N3-1-11::N3-1-3::B3-1-3::N-B09::N-3-4::B-3-4::B3-21::	16
chr2	154663400	154891400	chr2_154663400	48	228000	7.70255459209002e-08	72	4.14906844397611e-23	59	2.55880960998996e-14	::B3-21::B3-11::N3-3::B-2-15::B-A11::N-B10::B3-19::N3-19::B-2-9::N-B02::B-B03::N-A07::N-2-21::B3-8::N3-8::N3-11::N-3-1::B-A02::B-B05::B3-2-36::B-A07::B-B10::B-1-6::B-B09::N-2-27::N-2-15::B3-1-11::B-A03::N-B05::B-A01::B3-2-21::N-B04::B-3-4::B-B04::B-3-1::B-B02::N-A05::B-A05::N3-2-22::N-B08::N3-1-5::N-2-9::N3-1-11::B3-6::N3-2-21::B3-1::N3-1::B-2-23::	44
chr2	156052800	156280800	chr2_156052800	36	228000	0.0498662799328763	45	2.9831929823608e-06	38	0.00684208647662565	::N-2-26::B-1-2::N3-1-2::B-B03::N3-1-3::B-1-6::N-A02::N-B02::B-1-7::N-1-7::N-1-2::B3-3::B-B02::N3-6::N3-10::N-3-1::B-2-14::N-2-14::B3-7::B-3-4::N3-1-15::B3-19::B-B05::N-B03::B-B10::N3-11::B3-8::B3-11::B3-2-36::B3-2::B-A07::B3-1-3::N-2-17::B-A12::N-A07::N-B10::	21
chr2	160581100	160809100	chr2_160581100	40	228000	0.00084611787389572	45	2.9831929823608e-06	39	0.0024367299783307	::N3-1-5::B-1-2::N-B09::B-B05::B-2-27::B-B02::N-A01::N-2-17::N-B04::N-B08::B-3-4::B-A02::N3-19::N3-21::N-2-15::B-B10::B-2-14::B3-1-11::B3-2::B3-2-36::B3-19::B3-1-5::B-2-15::N-A08::B3-5::N-1-2::B-A04::N-A04::N3-11::B-B07::B3-21::N-B03::N-A11::B-A11::B3-11::B-3-1::N3-6::N3-2-36::N3-1-3::B3-1::	27
chr3	19129800	19357800	chr3_19129800	42	228000	9.47904600871846e-05	53	1.1562096335979e-10	47	2.66190509809574e-07	::B-3-4::B-A07::B-B09::B-1-7::B3-6::B3-11::B3-1::N-A02::B-2-14::N-3-1::B-B05::B3-3::B-2-27::N-B05::B-2-15::N-1-10::B-B02::N-2-15::B3-1-15::B-B10::N3-13::B3-1-13::N-A12::B-A12::N-B09::B-1-6::N-3-4::N-A11::N-1-2::B3-2::N-A01::B-2-17::B3-13::N-A10::B-2-21::B-2-26::N-2-26::N3-19::B-A11::N-B04::B3-19::B-A04::	27
chr3	27517300	27745300	chr3_27517300	44	228000	9.66519027073556e-06	63	6.66129192380152e-17	54	2.97389943400868e-11	::N-2-25::N-A07::N3-1-13::B3-1-13::B-A07::N3-19::B-2-25::N-2-26::N-A02::B-A02::B3-6::B-B02::N3-1-3::B3-19::N-A05::B-B10::N3-11::N-3-4::B-2-15::B-2-21::N-2-21::B-1-7::B-B07::N-2-15::N3-21::B-1-2::N-B10::N3-8::N-B09::B3-3::B3-1-11::B-2-14::B-B05::N-B05::N-B02::B3-5::N-2-14::B3-2-21::B3-7::B3-13::B-A10::B-2-23::N-2-9::N3-6::	28
chr3	51252900	51480900	chr3_51252900	49	228000	2.18334396221418e-08	73	7.8942557740252e-24	64	1.44564596048995e-17	::B-B09::B-2-12::B3-19::N-1-6::N-2-23::B-B10::N3-1-2::N3-1-15::B-B07::B-2-23::B3-1-2::N-B07::N-A02::N-B04::B-2-15::B-B04::N3-1-5::N-2-15::N3-8::N-2-14::N-2-17::B3-11::B3-1-11::B-B08::N3-3::N-2-25::B3-8::B3-1-5::B-1-2::B-2-14::B-A12::N3-19::B-B02::B3-3::B3-21::N3-13::B-2-25::N-1-2::B-1-6::B-2-9::B-B05::N3-11::B-2-26::N3-1-3::B-2-21::N-3-1::B-3-1::N-A01::B-A03::	38
chr3	58413500	58641500	chr3_58413500	36	228000	0.0498662799328763	51	1.65176739056987e-09	44	9.66519027073556e-06	::N-A02::B3-1-13::B-2-14::B3-19::B-A12::B3-2-21::B-B10::N-B10::B-2-26::N3-1-13::N-2-15::B-B02::N-B09::B-B09::B-A03::N-2-26::B-1-7::N-B05::N-B11::N3-1-15::N3-3::B3-1::N-2-27::B-2-25::N3-19::B3-13::N3-13::N-1-7::B-A11::N-A11::N-B02::B3-21::B-2-15::B-A10::N3-1::N-3-4::	28
chr3	60443200	60671200	chr3_60443200	45	228000	2.9831929823608e-06	63	6.66129192380152e-17	43	3.06181982039793e-05	::B3-1-11::B-1-6::B-2-14::N-2-14::B-B04::N-B04::N-1-6::N-2-21::B-1-2::B-B02::B-2-27::B3-1-3::B-2-23::B-1-7::N-A08::B-B10::N-B03::B-B03::B-A11::N-A11::B3-2-36::B3-11::B3-19::N-1-7::B3-21::N-2-12::B-2-12::B-A02::N-2-15::N3-2-21::B3-2-21::B3-3::N3-21::N-3-4::B-3-4::N3-3::N-2-17::N-A02::N-2-23::B-A07::N3-10::N3-19::B-A05::B3-1-2::N-A07::	27
chr3	63796500	64024500	chr3_63796500	40	228000	0.00084611787389572	47	2.66190509809574e-07	39	0.0024367299783307	::N3-6::B-2-15::N-2-25::B-1-4::B-2-23::N3-10::B-B08::N-B08::B3-5::N3-8::B-1-10::N-A12::B-A12::B3-3::B3-1-15::N-2-27::B-A03::N3-2-21::B-B02::B-3-1::B-1-6::N3-1-15::N-A08::B3-19::N-B05::B-2-9::N3-2-36::B-A08::B-B03::N-B03::N-2-15::B-B11::B3-1::N3-11::B-1-7::B3-7::N3-1-13::B-2-14::B3-1-13::B3-2-36::	20
chr3	68971600	69199600	chr3_68971600	45	228000	2.9831929823608e-06	68	2.75267385043946e-20	55	7.51012288423713e-12	::B3-1-2::N3-1-3::B-2-14::B-B09::B3-3::N-1-6::N-B10::B-B10::N3-19::B-1-2::B-2-12::N-2-12::N3-1-13::N3-7::N-2-23::B-A08::B-2-25::N-2-14::B-A10::N-A10::N-B07::B-A02::B-B03::N-B03::B-B02::B-2-17::N-A08::N-2-21::B-B04::N3-10::B-2-15::B3-1-3::B3-1::B3-6::N-B09::B3-21::N3-21::N-B08::B-A01::B3-19::B-B08::N-2-25::N-3-1::N-2-17::N3-11::	37
chr3	84795100	85023100	chr3_84795100	39	228000	0.0024367299783307	49	2.18334396221418e-08	47	2.66190509809574e-07	::N-B09::N3-1::B-A03::N-B02::B-B05::N-B10::N3-3::B-1-2::N-2-23::B3-8::N-A05::B-2-15::B3-21::B-1-6::B-A08::B3-6::N-2-27::N-A11::B3-19::N-A02::B-A02::N3-1-5::B-2-26::B-2-23::N-3-1::B3-1-11::N3-10::N-A08::B-A11::B3-3::N-1-7::N-A10::B-A12::B3-10::B3-7::N3-1-15::N3-19::B-2-17::B-2-14::	24
chr3	88852400	89080400	chr3_88852400	44	228000	9.66519027073556e-06	63	6.66129192380152e-17	53	1.1562096335979e-10	::N-1-2::B3-1-15::B-2-25::N-2-25::B-B02::N-2-27::B-2-27::B-B07::B3-13::B-3-4::B3-2::B-B05::B-B08::B-2-21::B3-1-13::B3-6::B-1-7::N-B05::B-2-15::B-3-1::B-B10::N-1-6::N3-1-2::B3-1-2::N-B08::B-B09::B3-2-36::N-B02::B3-1::N-2-15::N3-1-3::B3-1-3::B-B03::B-A07::B3-1-11::N3-1-11::B-A08::B3-3::N3-6::B3-5::B-1-6::N-B07::N-3-1::N-2-21::	33
chr3	90155900	90383900	chr3_90155900	49	228000	2.18334396221418e-08	65	3.08910055026007e-18	57	4.53890475365539e-13	::B-2-15::N3-1-5::B-A02::B-A07::B3-11::N3-1-2::B3-2-21::N-2-17::B-A10::B-B10::B3-2-36::B-A12::B-2-23::B3-8::B-B02::N-A11::B-2-27::N-B08::B-2-14::N3-19::B-2-25::N-B05::B-B05::N3-1-13::B3-5::B3-7::N-B07::N3-8::B-3-4::B3-1-2::N-A01::N-1-6::N-1-2::B-1-2::N-2-27::B3-1::B3-2::N3-2-36::B3-3::B-A01::N-B09::B-1-7::N-1-7::B3-21::N3-21::B-A03::B3-6::N3-1::B-A08::	45
chr3	94838400	95066400	chr3_94838400	38	228000	0.00684208647662565	47	2.66190509809574e-07	42	9.47904600871846e-05	::B3-3::N-2-23::N3-8::N-B05::B3-1::B-2-12::B-A01::N-A01::N-2-15::B3-11::N-1-6::N3-19::B-3-1::B3-13::B-2-27::B-A07::B-B11::N-2-14::B-2-26::N-2-26::B3-10::B3-6::B-B05::N-1-4::N3-2::N-A11::B-A11::B-2-15::N-B04::B-1-10::N-A03::B-A08::B3-1-5::B3-19::B-A12::N-2-17::N-2-9::B3-2-22::	21
chr3	95630800	95858800	chr3_95630800	36	228000	0.0498662799328763	40	0.00084611787389572	36	0.0498662799328763	::B-2-14::N3-13::B-2-23::B-A12::N-B08::B3-2::B3-11::N-B02::B-B07::B3-1-2::N-A08::B3-1-15::B-3-1::N3-5::B-3-4::B-1-2::N3-2-36::B-2-15::B3-7::B-A01::N3-1-5::N3-19::B-A08::N-A11::N-A01::B-2-25::N-2-15::B3-21::N-B09::B-B04::B-A10::N3-1::N-1-7::B-1-6::N-B03::B-A11::	20
chr3	103251200	103479200	chr3_103251200	44	228000	9.66519027073556e-06	58	1.08694240009055e-13	50	6.06506709473742e-09	::N3-2-22::B3-1::B-B09::N-2-23::N3-3::B-A10::B-B10::B3-3::B-1-2::B3-6::B3-1-5::N3-11::N3-1-11::B-B07::B-A07::N-B04::B-2-17::N-2-25::B-2-23::N-2-9::B-2-15::B-1-6::B-B03::N-B03::N-B05::N-2-15::B-2-21::B3-7::B3-13::B-2-25::B-A11::N-A11::B-2-14::B-A08::B3-10::B-2-9::N-A12::N-B07::N-A08::B3-2-21::N-2-27::B-2-27::B-A05::N3-19::	33
chr3	103978800	104206800	chr3_103978800	38	228000	0.00684208647662565	49	2.18334396221418e-08	43	3.06181982039793e-05	::B-1-7::B3-7::N-1-10::N3-1::B-2-23::B3-1-2::N-1-7::N-2-27::B-B07::N-2-17::N-B07::N3-1-2::N3-8::B-A05::B3-2-21::B3-19::B3-3::N-A03::B-3-4::B-2-15::N3-19::B3-6::B3-2-36::B-2-9::B-1-6::N-2-15::N-A08::B-A11::B-A08::N-B10::B-B02::B-A12::B3-5::N3-2::B-2-21::B-1-4::B3-2-22::N-B05::	27
chr3	104821900	105049900	chr3_104821900	44	228000	9.66519027073556e-06	54	2.97389943400868e-11	48	7.70255459209002e-08	::B-B02::B-3-1::B-A07::B-A08::B-B05::N-B03::B-B03::B-B09::B-B07::B-B11::B-A12::N-1-6::N-B04::B-B04::B-2-21::N-A12::B-A11::B-2-15::B-2-25::N-2-25::B-A10::N-2-26::B-2-9::N-3-4::B3-1-2::B3-2-21::B-2-17::B-A04::N-1-2::B-A01::N3-8::N3-1-15::B3-1-15::N-A01::B-2-27::B3-11::B-A03::N-2-15::B3-6::N-B05::B-1-6::N-2-21::N-B08::N-2-23::	28
chr3	122376900	122604900	chr3_122376900	36	228000	0.0498662799328763	56	1.86269809598901e-12	48	7.70255459209002e-08	::B-A03::N-3-1::B-3-1::N-A03::N-A01::N3-1-2::B-2-21::B-3-4::B-2-9::B-A10::B-B10::B-2-25::N-2-15::B-1-6::N3-13::B-B05::N-B05::N3-2-36::B3-2-36::N3-21::N3-19::B-A08::B3-19::B-B03::B-B02::B3-1-2::B-B07::N3-10::N-A11::N3-1-5::B-2-17::N-2-25::N-2-21::B-1-10::N-A04::B-A04::	24
chr3	135373800	135601800	chr3_135373800	40	228000	0.00084611787389572	50	6.06506709473742e-09	35	0.12924865042116	::N3-2-21::B-B04::N-A05::B-A10::B-B05::N3-13::B-A05::B-B02::B-A08::N3-1-15::B3-1-15::B-1-10::B3-6::N3-10::B3-10::N-2-23::N3-8::N3-11::B3-7::B3-8::B3-11::B-2-21::B-2-14::B-A01::B3-3::N-B09::N-2-17::N-B02::B-A03::N-A08::N-A03::N3-2-36::B3-19::N3-1-2::B-2-25::N-1-6::N3-1-5::N-2-15::B3-1-13::B-2-15::	26
chr3	144413500	144641500	chr3_144413500	41	228000	0.00028663582347606	54	2.97389943400868e-11	45	2.9831929823608e-06	::N3-1-11::B-2-12::N-2-12::B-B10::N3-3::B-1-2::B-B09::B3-3::B-1-6::B-A08::B-A10::B-2-21::N-A02::N-2-14::B-A02::B-B07::N-1-7::B-A11::B3-10::N-2-15::B3-19::N-2-25::N3-19::B3-2-22::N-A08::N-A11::B3-6::N-B07::B3-1-11::B-2-14::B-2-15::N3-8::B-B02::B3-21::N-B03::B-B03::N3-10::B3-7::N-B10::N-2-23::N-B04::	28
chr4	8515000	8743000	chr4_8515000	36	228000	0.0498662799328763	50	6.06506709473742e-09	41	0.00028663582347606	::N3-19::N3-2-36::N-2-15::B-2-15::N3-6::B-1-6::B-2-14::B-1-10::N-2-17::B3-1-13::B-A02::B-2-23::N-2-23::N-B09::B-B02::B3-1-5::B3-10::B-3-4::B-B10::B3-5::N-2-21::B-2-27::N-2-14::B-B05::N-A10::B-B09::N3-1-15::B-A08::B3-7::B3-8::B-3-1::N3-1-2::B3-2-36::B3-1-3::N3-1-3::B-B03::	19
chr4	44757700	44985700	chr4_44757700	37	228000	0.0187192610615866	57	4.53890475365539e-13	51	1.65176739056987e-09	::N3-1-2::B3-1-11::N3-1-11::B3-2-21::B-1-2::B-1-6::B-B10::B3-2-36::B-2-15::B3-1::B3-6::B-A05::B-1-4::B-B02::N3-13::B3-13::B-B05::B-2-27::B-1-7::B3-11::B-3-1::N-3-1::B3-19::B-2-14::B-A07::N-2-15::N3-7::N-2-17::B-2-26::N-2-23::B-2-23::B3-7::N-3-4::N-A08::B-2-9::N-A01::N-1-2::	25
chr4	82257700	82485700	chr4_82257700	44	228000	9.66519027073556e-06	60	5.92338794521617e-15	53	1.1562096335979e-10	::B-A12::N-A11::B3-2-21::N3-1-3::N3-19::N-A12::B-3-4::B-2-21::B-1-2::N-A07::N3-6::B-2-15::N-B10::B3-19::B-2-9::N-3-1::B3-1-13::B-A07::B-A01::B3-1-15::N-2-21::N-B07::N-2-25::B-2-25::B-B02::B-B11::N-B04::B-B04::N-B03::N3-2-36::N-1-7::B-1-10::B-B03::B3-6::B-1-7::N3-1-13::N-2-27::B-2-27::B-B09::N-2-14::B-A05::N-A02::N-2-23::B3-2-36::	23
chr4	116472400	116700400	chr4_116472400	37	228000	0.0187192610615866	42	9.47904600871846e-05	31	4.36418426176214	::N-A01::B3-2-36::N3-1-2::B-2-21::N-B05::N3-1-11::B-B05::B-2-15::N-2-15::N3-8::N-2-23::B-2-23::N-B09::B-B09::B3-3::B-A08::N3-1-5::N-B04::B-B04::B3-1-5::N3-3::N3-13::N-A03::B3-19::B-B10::B-A02::B-3-1::N-3-1::B-1-10::B3-1-3::B3-2::N-2-9::B-2-27::B-1-9::B-2-9::B-2-12::B-1-7::	17
chr4	130666600	130894600	chr4_130666600	47	228000	2.66190509809574e-07	68	2.75267385043946e-20	51	1.65176739056987e-09	::B-B02::N-2-21::N-B10::B-B10::N-3-1::B-3-1::B-A10::B-B07::N-A01::N-1-6::N3-8::N3-1-2::N-2-15::B-2-15::N3-13::B3-11::N3-11::B-1-4::N-A08::B-A08::B3-2::B-A05::B3-2-36::N-B02::B-2-9::B3-13::B-1-6::B3-1-11::B-1-2::B3-5::B-A07::N-B07::B3-7::N3-7::N-1-10::N-A11::N-B09::B-B09::B-B05::B3-2-22::B3-2-37::N3-2-22::N3-1-5::B3-1-5::N3-1-13::N3-21::N-B04::	30
chr4	135208500	135436500	chr4_135208500	42	228000	9.47904600871846e-05	52	4.41193391619006e-10	40	0.00084611787389572	::B-2-27::B-3-4::B3-5::B3-2-36::N3-2-36::N3-13::B3-13::B-B04::B3-1::N3-1::B-B02::N-3-1::B-A04::N-A04::B-2-12::N-2-12::B3-7::B-A08::N-A01::B-1-7::B3-1-11::N-B10::B-B10::N-A11::N3-19::B-A10::N-A10::N-B05::B-B05::B-1-6::N-2-17::B3-1-3::B-A05::N-A05::B-A07::B-2-25::N-2-9::N3-11::B-2-21::N-2-23::N-A12::B-A03::	33
chr4	136494800	136722800	chr4_136494800	42	228000	9.47904600871846e-05	63	6.66129192380152e-17	48	7.70255459209002e-08	::N-1-7::B-1-7::B3-1::B-3-4::B-2-15::N-2-15::B3-2-36::B-2-27::N3-8::N3-13::B3-7::B-A10::N-B07::B-B07::N-3-1::B-A12::N3-2-21::B3-1-15::B-A08::B-A03::N3-1-15::N-A08::N-A03::B3-13::B-2-23::N-A07::N3-2::B3-2::B3-6::N-B08::B-B08::N-2-12::N3-1-5::B-A01::N-A01::B-2-25::N-3-4::B3-10::N-B09::B-2-14::N-A05::B-A05::	36
chr4	150288700	150516700	chr4_150288700	36	228000	0.0498662799328763	46	9.00755601404627e-07	42	9.47904600871846e-05	::B3-2-21::B3-1-15::B-A05::N-A05::B3-2-36::B3-6::B3-7::N3-1-5::B3-10::B-2-14::N-A10::N-B09::B3-2-37::N-B05::B-2-23::B-B09::N-B02::B-2-25::B-B02::B-2-15::N-2-15::B-A04::N3-1::B-A08::N-A01::B-1-10::N-B08::B-B08::B-B05::B-A10::B3-3::N-B04::B3-2::N-1-7::N-2-23::B-B11::	22
chr4	155420000	155648000	chr4_155420000	48	228000	7.70255459209002e-08	65	3.08910055026007e-18	50	6.06506709473742e-09	::N3-1-11::N3-1::B-B09::B-2-9::B-A10::N-2-9::B-B11::B-2-27::B-A07::N3-13::B-2-15::N-2-14::B3-2-36::N3-2-36::B-2-23::B3-19::N3-19::N3-8::B3-10::N-B04::N-2-15::B3-2-22::B-2-25::N-2-25::N3-10::B3-13::B3-1::B-2-14::B3-2-21::B3-3::N3-3::N-1-2::B-1-6::B3-11::B-B02::N-A11::B-A11::N3-1-5::B-B05::N3-11::B-A12::N-A02::B-1-2::N-3-1::B-B10::N-2-27::B3-1-5::B-A02::	34
chr5	20832800	21060800	chr5_20832800	41	228000	0.00028663582347606	55	7.51012288423713e-12	51	1.65176739056987e-09	::B-1-2::N-1-7::B3-6::B-2-25::B-3-1::N-2-27::N-1-6::B-2-15::B3-10::B3-2-36::B-A01::B3-7::N-2-9::N-A01::N3-10::B3-1-3::B-B02::N-1-10::B-B09::B-1-10::B-B10::B-A10::B-B03::N-2-17::B3-19::N3-19::B-B05::N-3-4::B-2-27::B3-2-21::N3-2-36::N-B10::N-A05::N-A12::B-3-4::N3-11::N-2-14::B-A02::B-1-6::N3-1-5::B-2-23::	35
chr5	23420500	23648500	chr5_23420500	46	228000	9.00755601404627e-07	63	6.66129192380152e-17	60	5.92338794521617e-15	::B-B02::B-1-7::B-A10::B3-7::B-A08::N-2-15::B-B07::B-A01::B-2-15::N-B09::B3-2-22::B3-1::B3-2-21::N-2-9::N3-11::B3-2-36::B3-11::B3-2::N-A01::B-1-2::N-2-21::N3-1-2::B-2-14::B-A05::N3-3::B3-3::B3-6::N-B04::N-A07::B-3-4::B3-19::B-A03::B-B05::B-2-25::B-A07::N-A05::B-A12::N3-10::N-2-27::N-A02::B3-1-3::B-1-6::N-2-23::B-2-21::N-B10::B3-13::	25
chr5	25275800	25503800	chr5_25275800	62	228000	3.02145104196738e-16	185	0	134	8.95005766315404e-77	::N3-2-22::B-A11::B-B09::N-2-17::N-2-9::B-2-9::B3-1-2::B-1-2::B-2-15::N3-21::B-A10::N-A05::N3-10::B3-13::B3-7::B3-1::N3-1-3::B-2-17::N3-1-15::B3-1-15::B-1-6::N3-13::B3-10::B3-2-36::N3-1::N-2-25::N-2-15::B-B02::N-B02::B-2-27::N-3-1::N-A03::B-B10::B-B07::B-A02::B-A08::B-A03::N-A08::B-B08::B-1-10::B-2-25::B3-1-11::N3-1-11::N3-1-2::N-B07::N-B10::B3-1-3::N3-2-21::B3-2-22::N-B08::N-A07::B-3-1::B3-5::N3-1-5::N-2-23::B3-6::B-B05::B-B03::B-2-21::B-2-23::N-B05::N3-2-36::	105
chr5	28130200	28358200	chr5_28130200	94	228000	3.21815283800572e-40	217	0	23	1002.21935011678	::N-A01::N-2-23::B3-7::N-2-15::N-A08::N-B09::N3-1-5::N-2-25::N3-11::N-3-4::N-1-2::N-2-21::B-2-21::B-2-12::B-2-15::B-B10::B3-6::B3-5::B-A08::B-1-2::B-B04::B3-1-2::N-A11::B-2-25::B-A10::B3-1-3::B-2-9::N-B04::N-2-14::N-1-7::N-B03::N-B05::N3-1-11::N-1-6::N3-3::N-1-4::B-A04::B-B11::B-2-14::B-B03::B-2-17::B3-11::B-B05::B-B08::B-1-7::B-1-10::B-B09::B-1-6::B-B07::B-1-4::B-2-23::B-A02::B3-13::B-A01::B-3-4::B3-2-21::B3-2-36::B-A11::B-3-1::B3-3::B3-2::B3-19::B3-1-11::B-A05::B-B02::B3-1-5::B-2-27::B3-2-22::B-A07::N-3-1::N3-5::B3-10::B3-1-13::B3-2-37::N-2-12::N-B02::N3-10::N3-7::N-B10::N-B08::N-A03::N-2-27::N-1-10::N-A02::N-A10::B-A12::N3-13::N-A12::B3-1-15::N3-21::N3-1-2::N3-2-21::B-2-26::B3-21::	135
chr5	34319800	34547800	chr5_34319800	36	228000	0.0498662799328763	75	2.74400639522756e-25	63	6.66129192380152e-17	::B3-6::B-2-21::N3-3::B3-3::N-A12::N-B04::N-B05::N-B08::B-B02::B-1-7::B3-1-13::B-1-6::N-A01::N-B10::B-B10::N-1-6::B-B05::N-2-26::B3-1-11::B-2-15::B-2-14::B-A05::N-B03::N3-1-5::B3-1-5::N-A02::B-3-1::B-A08::N-2-12::N3-13::B3-13::B-A12::B3-11::N-2-17::B-2-17::B-2-23::	36
chr5	65449200	65677200	chr5_65449200	49	228000	2.18334396221418e-08	88	2.62771631293797e-35	78	1.61078123802059e-27	::B-2-15::N-2-26::B-2-26::B-B02::N-A03::N-1-7::B-B10::N-3-1::N3-2-36::N-2-21::B3-7::B-A10::B3-2-21::N-2-15::B-A02::B-3-1::B-1-2::B-B05::B3-13::B-A07::N-A11::B-2-21::N-A01::N3-2-21::B3-2-36::B-2-25::N-A12::N3-1-3::N-1-6::B-1-10::N3-1-11::B-1-6::N3-1-5::B-A11::B3-1-13::B3-1-3::B-1-7::B3-1-11::B3-6::N3-6::N3-13::N-B02::N-1-10::B-B07::B-2-23::B-B09::N-B05::B-A05::N3-2-22::	49
chr5	90201600	90429600	chr5_90201600	41	228000	0.00028663582347606	64	1.44564596048995e-17	60	5.92338794521617e-15	::B-A02::N-1-6::B-A04::B-B05::N-B05::B3-1-5::B-B04::B3-6::N-2-17::B3-1::B-A10::N3-13::B-A12::N-1-2::N3-3::B-1-2::B-A01::B3-19::N3-6::N-A10::N-2-23::B-2-25::N-2-21::B3-1-2::B-2-15::N-B10::B-B09::B3-1-11::N-1-7::B3-7::B-1-6::N3-19::B-1-7::B-A08::N-A02::N-2-25::N3-1-11::N-A07::N-B08::B3-1-3::N-3-1::	27
chr5	99921600	100149600	chr5_99921600	39	228000	0.0024367299783307	51	1.65176739056987e-09	39	0.0024367299783307	::N-3-1::B-2-25::B-2-15::N-A04::N-B09::N-A02::N-A11::B-A02::N-2-15::B3-6::N3-1-11::B3-2-36::N3-13::B-B05::N-B05::N-B10::B3-1-13::B-B10::B3-1::B3-13::B3-10::N3-1::N3-10::B3-5::N-A05::B-2-21::B3-1-15::B-A03::B-A08::B-1-6::N3-1-5::B3-7::B3-2-21::B-A05::B-B04::N-2-25::N-B11::N-2-17::N-2-23::	34
chr5	103656000	103884000	chr5_103656000	39	228000	0.0024367299783307	55	7.51012288423713e-12	44	9.66519027073556e-06	::B3-1-11::N3-3::B3-1-15::B-1-2::B-B09::N-B08::B-B08::N3-6::B-2-12::N3-13::N-B03::B-2-15::B-2-23::B3-7::N-3-4::N-2-15::B3-2-21::N-2-9::B3-6::B-2-21::N-B10::B3-5::B-A07::N-A07::B-1-6::N-2-23::N-B05::B-1-7::N-1-7::N-1-6::B-A04::B-B02::N3-1-5::B3-19::N3-19::N-3-1::N3-1-11::N-B02::B-A08::	25
chr5	108421700	108649700	chr5_108421700	36	228000	0.0498662799328763	49	2.18334396221418e-08	43	3.06181982039793e-05	::N3-19::B3-5::B-1-2::B-2-23::B-1-6::B-2-12::N-2-12::N3-1-11::B-A10::B-2-14::B-A05::B-2-15::B3-1-11::N-2-23::N3-1-5::B3-1-13::B-A07::N-2-15::B3-1-3::B3-1-5::B-A01::B-B04::N-B04::N-A12::N-A04::N-1-6::B3-3::N-A11::B-A11::B-B03::B-3-4::N3-11::B3-2-36::B3-11::B-B05::B-3-1::	27
chr5	115012800	115240800	chr5_115012800	36	228000	0.0498662799328763	45	2.9831929823608e-06	42	9.47904600871846e-05	::N-B10::B3-10::N3-10::B3-5::B-B10::B-A05::N-B02::N-1-6::B3-1::N-A04::N3-13::B3-13::B-B02::B3-2-21::B3-3::N-A02::B-2-15::B-B05::B3-7::B-1-2::N3-19::B-B04::N-B04::N3-6::N-2-9::B-A10::B-2-14::B3-1-11::B-2-21::B-A12::B-A08::B-A07::B-2-25::N3-1-2::B-3-4::N-2-15::	24
chr5	122272900	122500900	chr5_122272900	43	228000	3.06181982039793e-05	61	1.34872620786145e-15	50	6.06506709473742e-09	::N-2-15::B-A10::B3-19::B-B03::N3-1-2::N3-1-3::N-B08::N3-8::B-B04::B-B10::B-B05::B-A11::N-A11::N-B02::N3-19::N3-13::B-A08::B-A03::B3-1-15::N-A08::N3-1-15::N-A03::B-3-4::B3-2-36::N-2-25::N-3-1::N-2-27::B-3-1::B3-21::N-B09::B-2-15::B3-1-3::B-A01::N-A01::B-A07::B-B02::N-1-2::B3-3::B-1-6::B3-6::B-2-25::B-B09::B-2-27::	35
chr5	147333800	147561800	chr5_147333800	38	228000	0.00684208647662565	59	2.55880960998996e-14	53	1.1562096335979e-10	::N3-19::N-2-27::N-A03::B-2-25::B3-13::B3-21::N-2-17::B-A02::N-2-15::B-A08::B3-2-22::B3-19::N3-2::B3-1-15::B-A05::N3-1-2::B3-5::B-B03::B-1-7::N-2-23::B-2-23::N-1-7::B3-7::B-B08::B-3-1::B-A12::B-1-6::N-B04::B-B02::N3-1::B-B07::N-B08::B3-6::B3-1-3::B-B04::B-A10::N3-6::B-3-4::	30
chr6	28571700	28799700	chr6_28571700	40	228000	0.00084611787389572	55	7.51012288423713e-12	53	1.1562096335979e-10	::N-B07::B-B02::B-1-7::B-1-2::N3-3::N-A02::B-B05::N3-8::B3-6::N3-19::B-2-21::B3-2-21::B3-7::N3-2-22::B-A04::B-A10::B-2-23::N-2-14::N-A11::B-3-4::B3-1-13::B-A07::N-B05::N-B02::N-2-21::N-A01::B3-5::B3-3::B3-1::B3-1-3::N-2-15::N3-1-5::N-B09::B-A12::N3-1-11::N-2-17::B-2-12::N-2-12::B-2-15::B-2-26::	25
chr6	31301800	31529800	chr6_31301800	40	228000	0.00084611787389572	59	2.55880960998996e-14	55	7.51012288423713e-12	::B3-5::B-1-6::B-A04::B3-1-2::N3-10::N3-1-11::N-B03::B-B03::B-B05::N-1-2::B3-1-13::B-A10::N-2-15::B3-11::B3-19::B3-1::N-A08::B-A02::B3-2::N3-2-22::B3-2-21::B3-7::B-A03::B-2-27::N3-1::B-2-21::N-B07::N-1-6::N3-3::B-2-15::B3-6::B3-3::N-3-4::B-A08::N-2-23::B-B02::N-3-1::B-B07::B3-1-5::B-B10::	22
chr6	38440300	38668300	chr6_38440300	40	228000	0.00084611787389572	52	4.41193391619006e-10	44	9.66519027073556e-06	::B-2-25::B-B11::B3-6::B-2-9::N-2-17::N-2-26::B-B05::N-B07::N-1-2::N-3-1::B-1-6::B3-7::N3-1-11::N-2-27::N-2-25::N-B03::B3-1-11::B-1-7::N3-1-3::B3-19::B3-2-21::B3-3::N-3-4::N3-2-21::B-2-14::N-A12::B-A08::N3-1::B3-1::B-2-17::N3-11::B3-13::N3-13::B-B04::N-A04::N3-2-36::B-B10::N-B08::B-B03::B-B02::	26
chr6	47350200	47578200	chr6_47350200	46	228000	9.00755601404627e-07	56	1.86269809598901e-12	48	7.70255459209002e-08	::N-1-2::N-A01::B-B02::N3-6::B3-1-15::N-B04::N3-3::B3-1-2::N3-19::B-2-9::B-2-23::B-2-21::B-A01::B-1-10::B3-1-11::N-A02::B3-2::B-B04::N-2-17::B-2-15::B-B10::B-A08::N3-1-5::N-B07::B3-1-5::N-A03::B3-1::N3-1-3::B3-7::N-B10::N-3-4::B-2-12::N3-2-21::N-1-7::B-B03::N-B03::N3-13::B-A02::B3-6::B-B09::N-B05::N-A10::N-1-6::B-A07::B-2-25::N-2-15::	21
chr6	83266800	83494800	chr6_83266800	38	228000	0.00684208647662565	51	1.65176739056987e-09	45	2.9831929823608e-06	::B-1-2::N-2-9::B-B05::N-B05::B-A01::B-1-6::B3-1::B3-1-3::B3-19::N3-1-2::N-B07::N-A08::N-3-4::B-2-14::B3-6::B3-21::B-1-7::B3-11::N-B02::N-A05::N3-6::N-2-17::B3-13::N3-13::N3-21::B-2-12::B-B11::N-1-2::B-2-15::N-A01::B-2-23::B-A02::B3-2-36::B3-7::B-B07::N-A10::B-2-26::B-B02::	28
chr6	83820400	84048400	chr6_83820400	36	228000	0.0498662799328763	41	0.00028663582347606	39	0.0024367299783307	::B-B04::N-B07::B3-2::B-2-23::N-B08::B3-1-11::B3-2-36::B-A07::B-1-6::B-2-15::N-2-17::N-2-26::B-3-4::N3-2-21::N3-1-15::B-1-7::B-A12::B-A08::B-A01::B-A02::B3-11::B-2-25::N-2-27::N-B04::N-2-21::B3-1-2::B-1-2::N-2-14::N-A01::B-B09::B-B10::N3-2-36::B-2-21::N-2-9::B-2-9::N3-1-11::	22
chr6	103628500	103856500	chr6_103628500	40	228000	0.00084611787389572	47	2.66190509809574e-07	18	7828.86707790891	::N3-8::B3-2-36::N-2-14::N-B11::N-3-1::N-A01::B-B11::N3-13::N-B10::N-2-12::N3-10::N3-1-11::N-A05::N-B04::N3-1-13::N-2-21::N3-1-15::N-B08::N-B05::N-1-7::N-2-15::N3-3::N-A12::N3-11::N-A02::B3-1-2::B3-1::N-A11::N3-1-2::B3-2-21::N-2-23::N3-19::B-A10::B-A01::B-A07::B3-11::B-3-4::B-2-14::B3-1-11::N-1-2::	29
chr6	112970900	113198900	chr6_112970900	47	228000	2.66190509809574e-07	59	2.55880960998996e-14	52	4.41193391619006e-10	::B-B09::B3-2-22::N3-1::N-2-23::B-B10::N3-1-15::B-1-6::B3-1-13::B-B02::B-B05::B3-8::B-1-2::N-B11::N-1-6::B-2-12::B3-1::B-B04::B-A11::N-2-15::B-2-21::B-2-15::N3-10::B-A12::B-A07::B-2-23::N-1-4::N-1-2::B-A05::B-2-27::N-2-27::N-2-25::N3-13::N-1-7::B3-2::B-B11::N-A03::N-2-17::B-A08::B-B07::N3-11::N-B08::B-B08::B-A03::B-2-25::N-1-10::B3-1-11::B-B03::	32
chr6	119792200	120020200	chr6_119792200	46	228000	9.00755601404627e-07	64	1.44564596048995e-17	55	7.51012288423713e-12	::N3-10::B-A05::B-A04::B-2-15::B-1-6::B3-6::N3-2-22::B3-11::B3-3::B3-19::N-B09::B3-1-2::N-B03::N3-1-5::B-B04::N-1-2::B3-1-11::B-A08::N-2-9::B3-2-36::B-B10::B-B05::N3-19::B-A07::N3-1-2::B-A12::B3-7::B-A11::N-2-21::B-2-21::B3-13::N-2-23::N-B11::N-2-15::B-2-12::N-2-12::B-2-14::N-2-14::B3-8::N3-11::N-B05::N-A01::B3-2-21::N3-1-13::B3-1-13::B-2-25::	30
chr6	134040500	134268500	chr6_134040500	40	228000	0.00084611787389572	54	2.97389943400868e-11	44	9.66519027073556e-06	::N-A03::N-2-25::B-B09::B3-2-22::N3-2-22::B-A04::N-A02::B-A02::N-A08::N-2-21::B-2-15::B3-1-3::B-2-25::N3-8::B-2-9::B-B11::B-1-10::N-A05::B-A05::N3-1-5::B3-1-5::B-B04::B-A08::N-B03::B-B05::N-3-1::B-3-1::B-B02::B-B03::B3-3::N-A01::B3-6::N-B04::N-1-2::B-1-4::B-A01::N-2-17::N-B02::B-1-6::N-2-15::	24
chr6	134534500	134762500	chr6_134534500	45	228000	2.9831929823608e-06	53	1.1562096335979e-10	41	0.00028663582347606	::B3-5::N-A02::N-1-2::B-1-7::N-2-12::B-2-12::B-B02::B3-19::B3-1::B3-6::B-1-6::N-2-23::B-2-23::N-B09::N-B11::B-2-15::B-1-10::N-A08::B-2-27::B-3-1::N-2-25::B-B04::B-2-21::N-A05::B-A03::N-A03::B-A08::N-A11::B-A05::B-A10::N-3-1::N3-2-21::N-1-6::B-3-4::B3-1-15::N-A10::N3-1-15::B-2-14::N3-11::N-A01::B3-3::B-B09::N-B03::N3-1-5::B-B03::	29
chr6	146875900	147103900	chr6_146875900	36	228000	0.0498662799328763	49	2.18334396221418e-08	44	9.66519027073556e-06	::N3-11::B3-7::B-A02::B-B10::B-3-4::N-A11::B-A11::B-A07::N-3-4::B3-11::B-B03::N-B03::N-2-14::N3-1-11::B3-1-11::B-A10::N-A07::B-1-7::N-2-15::B-A12::B-B02::B3-5::N-B10::B-A04::B-2-23::N-2-17::B-B07::N3-21::N-2-21::N3-2-21::N3-7::N3-6::B-B09::N-A02::B-A05::N-1-2::	18
chr7	16511400	16739400	chr7_16511400	37	228000	0.0187192610615866	51	1.65176739056987e-09	42	9.47904600871846e-05	::N-B05::N-2-15::B-2-15::N3-10::B-B04::B3-1-5::B3-1-3::B-B10::N3-1-5::B-2-14::B-A07::N-B04::N-2-14::N-2-17::B-2-17::B-A01::B3-8::N3-1-13::N-B09::B-1-2::N-1-6::N3-19::B-1-10::N-A01::N-B08::B-A10::B3-11::B-B02::B3-2-21::N-B10::N-2-23::N-2-9::B3-1-15::B-2-27::N-A11::N3-11::N-1-4::	31
chr7	49290200	49518200	chr7_49290200	37	228000	0.0187192610615866	43	3.06181982039793e-05	32	1.89424676805029	::B3-2::B3-1-15::B-A03::B-A10::B-A08::N-A03::N3-1-15::N-A08::B-1-4::B3-2-36::N-2-26::B3-19::B-2-26::B-A11::B-B11::B3-11::B3-6::B-2-17::N-B09::N-2-25::N-1-6::N-A05::N3-1-3::B-B02::B3-1-3::N-B04::N-A01::N-A11::N3-8::B-B07::N-A07::N-2-15::B-A05::N3-13::N-3-1::B-3-1::N3-10::	27
chr7	67152200	67380200	chr7_67152200	36	228000	0.0498662799328763	42	9.47904600871846e-05	33	0.797271187588584	::N-B08::B3-1::N3-1-15::N-A05::N-3-1::B-3-1::N-2-23::B3-7::B-B05::N3-1-13::N-B04::N3-1-5::B-B09::B-B07::N3-3::B-A03::N-1-7::N-A01::B-B04::B-A11::N-A11::B-2-26::B3-6::B3-11::B3-5::B-2-15::B3-1-15::B-A08::N-A03::N-A08::B-A02::B-1-7::N3-11::B3-2::B3-2-36::N-B09::	27
chr7	80600500	80828500	chr7_80600500	37	228000	0.0187192610615866	45	2.9831929823608e-06	37	0.0187192610615866	::N-A04::B-3-1::B3-2::N3-2::N3-19::B-A07::N-B08::B-1-6::B3-3::N-A11::B-3-4::B-2-21::N-2-15::B-2-15::B-2-9::B3-1-11::N-B09::B3-19::N-B04::B3-13::N-A08::N3-13::B-A02::N3-1-13::N-A07::B3-1-13::B-B02::N-1-6::B-B11::N-A02::N-A10::B-1-2::B-2-17::B3-10::B-2-12::N-2-17::B-B07::	20
chr7	89962800	90190800	chr7_89962800	45	228000	2.9831929823608e-06	69	5.54101238568707e-21	49	2.18334396221418e-08	::N3-10::B-A02::B-B04::N-B04::B-B11::B-1-6::N-1-2::B-B09::B-A04::N3-1-15::B-1-2::B3-1::N-A02::B-B02::B-2-21::B3-1-13::N-B09::N3-11::B3-8::B3-11::N-1-4::B-A08::N-B02::B-2-23::B-B07::N-2-25::N3-8::N-A11::B3-6::B-A03::B3-7::N-3-1::B-B10::B-3-1::N-2-21::N-A01::B-A01::B3-13::B3-10::N3-13::N3-1::B-A11::B3-2-21::N-1-6::B3-2-36::	35
chr7	97602500	97830500	chr7_97602500	38	228000	0.00684208647662565	48	7.70255459209002e-08	44	9.66519027073556e-06	::B-A04::N-B09::B-B09::N3-1-5::B-2-26::N-2-17::B-2-12::N-2-27::B3-8::N3-8::N3-11::N3-7::B3-7::B-A05::N-1-10::N3-1-15::B-A10::B3-19::B-2-15::B-B02::B3-1-13::B-B05::B3-2::B-2-23::N-A11::B-B07::N-2-21::B3-1-15::B-A12::N-B08::B-B08::B-A02::N-2-25::B-3-4::N3-2-36::N-2-23::N-A01::N-B04::	23
chr7	101987400	102215400	chr7_101987400	40	228000	0.00084611787389572	56	1.86269809598901e-12	47	2.66190509809574e-07	::N-B02::B3-3::B-B02::B-B07::N-B07::N-2-27::B-A08::B3-1-11::B-1-10::B3-2-21::B-1-7::N3-13::N-2-17::B3-6::B3-7::B-A05::N-2-25::B3-2-36::B3-1-2::B3-1-13::N3-1-2::N-2-15::N3-10::N-B10::B-2-21::N3-1-5::N-A02::B-3-1::B-B04::B-A07::B-B05::N-B05::B-2-15::N-1-6::B-1-2::N-B09::N-1-2::N3-21::B-2-27::B-2-26::	30
chr7	112021000	112249000	chr7_112021000	42	228000	9.47904600871846e-05	63	6.66129192380152e-17	53	1.1562096335979e-10	::N-A02::B-A02::B-B05::N-A01::N3-21::B-1-7::B3-1-2::B3-13::B-1-2::N-B07::N-B03::B-B03::B3-1-13::N-2-25::B-A04::B3-8::N-1-2::B-2-14::B3-1::B-1-6::B-1-10::B-2-27::B-B09::N3-7::B-B07::N-2-17::B-2-17::N-B04::B-B02::N3-1-2::N-2-21::N-2-27::B-A08::B-2-23::N-1-7::B3-2::N-B02::B-2-9::B3-10::B3-2-21::B-A07::B3-7::	36
chr7	118038200	118266200	chr7_118038200	44	228000	9.66519027073556e-06	50	6.06506709473742e-09	48	7.70255459209002e-08	::B-B07::N-2-25::B-2-14::B-2-23::B-B05::B3-1-11::B-1-2::B-B04::B-B08::B3-6::N3-19::N3-1::B3-3::B-A01::B-3-1::N-A05::B-A05::B-3-4::N-1-6::B3-11::N-B08::B-A08::B3-1::B3-1-2::N-2-23::B-B03::N-2-14::B3-7::B3-1-5::N3-11::B-1-10::N3-5::N3-13::N-A08::N-3-1::N-3-4::B-2-27::N-2-27::B3-1-13::B-2-26::B3-2-36::N3-2-36::B-A11::N-A12::	23
chr7	121617800	121845800	chr7_121617800	60	228000	5.92338794521617e-15	77	9.04581518959527e-27	30	9.74050151403817	::B-1-10::B-B07::N-3-4::N3-5::N-A02::N3-13::B-B10::B-A04::B3-2-22::N-2-17::B-B05::N-B09::B-2-27::N-2-27::N-1-2::N3-2-36::B3-1-13::N3-1-11::N-B04::B-2-9::B3-2-36::N-2-15::B-B04::B-2-25::B-3-1::N-3-1::N3-1-15::N-2-12::N-2-21::N-A10::N-2-25::N3-2-22::N-1-6::N3-1-2::N-A11::N-2-14::N3-6::N-B05::N-B07::N-1-9::N-B08::N-2-9::N-2-26::N3-11::N3-21::N-B11::N-A12::N-B02::N-1-7::N-A07::N3-2-21::N-A05::N3-2::N-A04::N-B10::N3-19::N3-3::N3-1-3::N-2-23::N3-1-5::	64
chr7	126007100	126235100	chr7_126007100	37	228000	0.0187192610615866	42	9.47904600871846e-05	37	0.0187192610615866	::N-2-15::N3-8::B3-1-3::B-B11::B-B04::B-2-15::B-B05::N3-1-15::B3-1::N3-1-5::B-2-25::B3-6::B-2-17::N-1-6::B3-2-36::N3-2-36::B-B10::B-A01::N-A01::N-2-14::B-B09::B-2-14::B-2-23::B-B03::B3-7::B-A05::N-1-2::B-1-2::N-B08::N-B03::N-A11::B3-1-2::N-2-9::N3-1::N-2-21::B3-1-13::B-2-21::	22
chr7	136176000	136404000	chr7_136176000	65	228000	3.08910055026007e-18	72	4.14906844397611e-23	15	14305.0692740194	::B3-19::N-2-17::N3-1-15::N3-6::B-B04::N-B07::B-2-17::B-2-15::N-A05::B3-6::B-B09::N3-1::N-A02::N-2-12::N-B11::N3-2-36::N-A08::N-2-9::N-2-14::N3-13::N-2-26::N-B04::N-2-27::N-2-25::N-B09::N-B05::N-A11::N3-5::N-B02::N3-1-11::N-2-23::N3-8::N3-1-5::N-B03::N-A10::N3-1-13::N-3-4::N3-19::N-A07::N-3-1::N-A01::N3-1-3::N3-11::N-1-2::N3-2-21::N3-10::N-2-15::N-1-6::N3-2-37::N-2-21::N-A12::N-A03::N-A04::N-1-10::N-1-4::N3-21::N3-2::N-1-7::N-B10::N3-3::N-B08::N3-7::N3-1-2::N3-2-22::B-A10::	65
chr8	25517700	25745700	chr8_25517700	36	228000	0.0498662799328763	44	9.66519027073556e-06	36	0.0498662799328763	::B-2-14::B3-3::N3-3::B-A10::B-A05::B-1-2::N-1-2::B-2-12::N3-2-22::B3-1-11::B-B02::N3-1-11::B-A08::N3-21::N-3-4::B-3-4::B3-21::B3-19::B-A03::N-A07::B-A07::N-2-15::N3-2-21::N-2-25::N3-8::N3-1-5::N3-13::N3-10::B-B10::B-1-7::B3-1-2::B-2-21::B-2-15::B-B08::B-2-27::N-B03::	21
chr8	79644500	79872500	chr8_79644500	36	228000	0.0498662799328763	50	6.06506709473742e-09	42	9.47904600871846e-05	::B-2-26::B-2-12::B-2-23::N3-7::B-A08::B3-10::B-B04::B-3-4::N-2-15::N-3-4::B3-5::B-B09::N-B09::B-B05::B-A10::B3-2-21::N-2-17::B-A07::B-B02::N-A12::N-B03::B3-1-13::B3-6::N3-6::N3-13::N-2-26::B-1-6::N3-2-22::B3-2-22::N3-10::B3-1::N3-8::B-B11::N3-19::B-1-2::B3-11::	25
chr8	80696000	80924000	chr8_80696000	42	228000	9.47904600871846e-05	56	1.86269809598901e-12	46	9.00755601404627e-07	::N-B10::N3-19::B3-19::B-1-6::B3-3::B3-11::B3-2-21::N3-10::N-A01::B-A01::N-2-15::N-B03::B3-1-3::N3-13::B-3-1::B3-7::N-B09::N3-1-2::B-2-23::B-A05::B-B07::B3-2-36::B-1-7::B-2-15::B-B05::N-B07::N-2-12::N-B04::B-B04::N-B05::N3-1-5::B-B10::B3-2-37::N3-1::B3-13::B3-10::B3-1::B3-1-2::N-2-23::N-A11::B-A11::N3-1-3::	21
chr8	90866200	91094200	chr8_90866200	38	228000	0.00684208647662565	47	2.66190509809574e-07	42	9.47904600871846e-05	::N-A01::N-2-15::N-A11::B3-7::N-1-6::N-3-4::B-A11::N-A12::B-2-27::N-2-27::B3-11::N-3-1::B3-8::B-2-9::B-3-1::N-B02::B-2-15::B-3-4::B-A12::B3-5::B-B10::B-2-23::B-2-14::B-2-25::B-B02::N-2-17::N3-1::N-B09::B3-19::B3-2-22::N3-11::B-B07::B-A04::N3-10::B-B11::B3-2::B-A01::B3-2-21::	23
chr8	95717600	95945600	chr8_95717600	39	228000	0.0024367299783307	60	5.92338794521617e-15	53	1.1562096335979e-10	::B3-1-3::B-A07::N-1-2::N-B10::B-B04::B3-2::N-2-23::N3-6::B3-1-2::B-B05::N-A05::B-2-23::N-A02::B-2-14::B3-2-21::N3-7::B-1-6::N-B05::B3-19::N-2-17::B3-1-11::N-A07::B3-2-22::N3-2-22::N-2-15::N-2-25::B3-1-13::B3-6::B-B10::B-A01::B-1-2::B-B02::N-A12::B-2-25::N3-13::N3-1-5::B-A11::N-A11::N-B08::	35
chr8	106887900	107115900	chr8_106887900	38	228000	0.00684208647662565	43	3.06181982039793e-05	38	0.00684208647662565	::N-B08::B-1-6::B-1-7::B-B07::B-B10::N3-2-21::B-1-2::B-2-14::N-1-2::B3-1::N3-1::N-1-4::N3-5::B3-1-11::N-2-23::B-A12::B-2-15::B3-1-2::N-2-25::B-B11::N-B10::B-2-12::N-2-12::N3-10::N3-1-5::B3-2-21::N-2-21::N-2-26::B-2-25::N-A11::N3-1-3::B3-1-13::N-2-15::B-3-1::N3-21::N-B05::N3-2-36::N-1-10::	24
chr8	109669800	109897800	chr8_109669800	52	228000	4.41193391619006e-10	91	9.65950634557085e-38	64	1.44564596048995e-17	::B-2-9::B-1-6::N-A02::B-A10::B-1-7::B-2-25::N-B08::B-B10::N-B10::B-1-4::B3-1-13::N3-1-13::N-2-15::B3-8::N3-8::B3-1-3::B3-1-2::N-B07::B3-2-37::N3-19::N3-1-11::B-2-21::B-2-14::N-2-14::N-B11::N-1-6::B3-19::B-A02::N3-11::B3-11::B-2-15::N-2-25::N3-1-5::B3-2-36::N-1-7::B-A12::B-B07::N3-1-2::N-3-1::B-3-1::N-2-17::B-2-17::B-B02::N3-2-36::B-B05::N-2-21::N-1-4::N-1-9::N-A04::B-A07::B3-2-22::N3-2-21::	45
chr8	111104000	111332000	chr8_111104000	36	228000	0.0498662799328763	43	3.06181982039793e-05	40	0.00084611787389572	::N-A08::N3-1-15::B3-7::N3-8::B3-21::N-A01::B-2-15::B3-1-3::N-B02::B-A10::N3-1-13::B-1-6::B3-2-21::B-B10::B-2-25::N-2-25::N3-13::N-B04::B3-3::N-2-21::N-B10::B-B05::N-2-17::B-2-21::B-A12::B-2-23::B-B07::N-A05::B-A05::N3-1::N3-1-2::B-B09::N3-6::B3-2-22::N-2-15::N-1-6::	23
chr8	117312700	117540700	chr8_117312700	39	228000	0.0024367299783307	48	7.70255459209002e-08	40	0.00084611787389572	::N-2-15::N-A01::B3-1-11::N3-1-13::B-1-2::B-2-17::N-2-17::N-B09::B-A10::N-A11::N-1-2::B-B04::B3-1::B3-1-3::N3-1-5::N-B04::B3-1-5::B-B02::B-A12::N-2-26::B-1-10::N-A05::B3-2-22::B-A02::B3-2-21::B3-5::N-B05::B-A08::N-A02::N-B08::N3-13::N-3-1::B-3-1::B-B03::B-A07::N-2-27::B-2-27::N3-1-15::B-A04::	22
chr8	122820400	123048400	chr8_122820400	42	228000	9.47904600871846e-05	52	4.41193391619006e-10	46	9.00755601404627e-07	::N-B03::B3-2::B3-1-2::N-A11::N-B02::N3-1-5::N-3-1::B-3-1::B3-6::B3-2-21::N3-19::B3-19::B-B07::B-B10::B-A08::B-B02::B-2-15::N-B04::B3-7::B-B05::B-1-2::N-2-14::B3-1-3::N-A05::B3-3::B-B03::N-A02::B-A02::B3-1::N-B10::B3-5::B-A07::N-A01::B-2-17::N3-1::B-2-25::N3-13::B3-13::B-A10::N-B09::B-2-14::B-2-23::	28
chr8	127037700	127265700	chr8_127037700	39	228000	0.0024367299783307	49	2.18334396221418e-08	48	7.70255459209002e-08	::N-A11::N-B11::N-2-23::B-1-6::B-B07::N3-1::B-B09::N-A08::B-B03::B-3-4::B3-5::N-2-15::N-2-9::B3-6::N-A02::N3-1-5::B-1-2::N-2-25::B3-1-2::B-B04::N-2-26::N-A01::N-B09::N-3-1::B-2-26::B-2-25::B3-1-13::B-B02::B3-1::B3-2-21::B-B05::N3-6::B-A08::B-A12::B-2-21::B3-19::B-2-14::N-B08::N3-2-21::	29
chr9	3000100	3228100	chr9_3000100	71	228000	2.15079808484123e-22	134	8.95005766315404e-77	39	0.0024367299783307	::N-A08::N-B08::B-B02::N3-2-21::N-3-4::N-B07::N-A05::N-A04::N-2-17::N-A02::N-2-23::N-2-15::N3-6::N-B05::N3-11::B-B11::B-A02::B-A10::B3-2-21::N-B11::N-A11::N3-2-22::B3-7::N-2-21::N-A01::N3-19::N-2-12::N-B04::N-2-26::N3-1-3::N3-8::N-B10::N-2-14::N3-1::N3-1-15::N3-5::N-A07::N3-13::N3-1-5::N3-2::N-1-10::N-2-27::B3-5::B3-11::B-2-15::B-1-10::B3-10::B-B10::N-B02::B-2-23::B3-2-22::B-A08::B3-1::N-A12::N3-21::N-2-25::N-1-6::N-1-4::N3-2-36::N3-1-2::N-B03::N3-1-13::B-B09::N-A03::B-B05::B-2-17::N3-10::B-2-25::N-B09::N3-1-11::N-1-7::	64
chr9	21462300	21690300	chr9_21462300	37	228000	0.0187192610615866	58	1.08694240009055e-13	51	1.65176739056987e-09	::N-2-25::B-1-2::N-1-2::B-B04::N3-5::N3-1-5::N3-2-36::N-2-17::B-3-4::N-B07::N-2-9::B-2-9::N-B04::B-B07::B-2-14::B-B05::B-1-6::B3-3::B-A08::B3-1-15::N3-19::B3-1-2::N-A05::B3-13::B-A02::B-B02::B3-19::B-1-10::B3-2-21::N-A04::N-A08::N-2-12::N3-10::N-1-6::B-2-15::B-B10::N-B02::	28
chr9	35097000	35325000	chr9_35097000	37	228000	0.0187192610615866	45	2.9831929823608e-06	28	43.9272142098729	::B-3-1::N-1-6::B-1-7::B-B10::B-3-4::B3-1-11::N-B09::B-1-2::N-1-2::B3-2-36::B-A03::B-A08::B3-2-22::B3-7::B3-3::N3-1-2::N3-19::B-2-9::B3-1-15::B-B11::N3-11::N3-1-11::N3-1-3::B3-1::N3-1-15::N-2-21::N3-10::N3-8::N3-1::N-B04::N-B11::N-2-14::N-B07::N3-1-5::B-1-6::N3-2-21::N-A11::	24
chr9	59277800	59505800	chr9_59277800	44	228000	9.66519027073556e-06	62	3.02145104196738e-16	59	2.55880960998996e-14	::N-2-27::B-A08::B-A03::N3-19::N3-11::N-2-23::B3-1-2::N-1-7::B-2-23::N-B08::B-2-12::N-2-12::N-A08::N-B10::N-A02::B-B09::B-B02::N-A01::B-3-1::B3-6::B3-3::N3-1-5::N3-13::B-2-14::N3-1-2::N-A07::N-2-14::N-1-4::B3-1-5::N-2-15::B3-10::N-B07::B-2-27::B-B10::N-2-17::B-2-17::B-2-15::B3-2::B-B03::N3-2-36::B3-5::B-A10::B-B05::B-2-21::	26
chr9	65598600	65826600	chr9_65598600	40	228000	0.00084611787389572	46	9.00755601404627e-07	41	0.00028663582347606	::N-2-14::B-B04::B3-21::N3-13::B-1-2::B-B10::B-2-23::B3-10::N3-10::N-B03::N-1-10::N-B04::B-A04::B-3-4::B-B05::B-B09::N-2-25::N-A10::B-B11::N-B11::B-B02::B-2-14::B3-7::B-A01::B-2-27::N-2-27::N-1-2::N-A08::B-A03::B-2-15::N3-1-11::N-B02::N3-2-21::B3-13::N3-1-2::B-A07::B3-1-13::N3-1-13::N-A07::B-1-7::	25
chr9	66369500	66597500	chr9_66369500	45	228000	2.9831929823608e-06	59	2.55880960998996e-14	54	2.97389943400868e-11	::B-3-4::N3-2-36::B3-3::N-B08::B-B07::N-B07::B3-11::B3-1::N-B05::B3-2-36::B-B10::B-B05::N3-1-13::B3-1-13::N3-8::N-1-6::B-2-15::B3-2-22::B3-19::B-2-17::N-B04::N-2-27::B-A01::B-A08::B3-7::B-B09::B-1-7::B-2-14::N3-13::B-1-6::B3-1-2::N-2-23::B-1-2::N-1-2::B3-8::N-2-17::N-B10::N-A11::B-A07::N3-19::N-2-15::B-A02::B-2-21::N3-1::N-B11::	29
chr9	70470200	70698200	chr9_70470200	46	228000	9.00755601404627e-07	65	3.08910055026007e-18	60	5.92338794521617e-15	::B-A01::B3-3::B3-1-5::B3-7::N3-2-21::N-3-4::B-B10::B-1-7::B-A08::N-B05::B-A11::B-3-1::N-3-1::N-A03::B3-1-11::B3-1-13::N3-1-13::N3-1-5::B-B07::B-2-23::N-2-15::N-2-21::B-B04::N-B07::N-B11::B-2-15::B3-2-22::N-B09::B-A10::N-1-6::B-2-21::N3-1-11::B3-5::N3-10::B-A02::N3-1-2::N-B08::N-2-27::B-2-27::B-2-25::N-2-25::B-1-10::N3-19::B-A03::N3-13::B3-2-21::	27
chr9	71864700	72092700	chr9_71864700	55	228000	7.51012288423713e-12	97	9.7474374443232e-43	81	8.43111141816973e-30	::B3-2-36::N-A03::N-B11::B3-1-2::N3-1-2::B-B10::B-A11::N-B08::N-2-12::B-2-12::B-A01::B-A10::N-B09::B-B08::B3-11::B-2-21::N-A11::B-2-17::N3-2-36::B-3-1::N-A05::N-A07::B-A05::B-A12::N-A12::N-1-7::B3-2::N3-13::B3-5::N-2-15::B-2-14::B-1-6::B-B02::B3-6::N-1-4::B-2-25::N-B03::N-2-14::N3-1-11::N-B10::N-B04::B3-2-21::N-2-17::N-2-25::B3-1-13::N3-1-13::N-1-6::B-2-15::B3-1::B-B11::N-B05::N3-1-3::B3-1-3::B-1-2::B-3-4::	56
chr9	72515900	72743900	chr9_72515900	44	228000	9.66519027073556e-06	56	1.86269809598901e-12	48	7.70255459209002e-08	::N3-1-13::N3-1-3::N-B03::B-A05::N-A05::B-B10::B-B02::N-B08::N-2-23::N-1-2::B3-21::B3-6::B-2-9::N3-11::B3-11::N3-8::B-2-25::N-A01::N-B10::B3-8::B-2-23::B-A10::N3-19::N-2-26::N3-1-11::B-A08::B3-2-22::B-1-6::B3-1-2::N-2-15::B3-2-36::N3-2-36::N3-6::B-A04::B3-7::B-3-1::N-3-1::N-B02::B3-5::B-A02::B3-3::N3-3::N-A08::B-3-4::	27
chr9	80071100	80299100	chr9_80071100	37	228000	0.0187192610615866	55	7.51012288423713e-12	46	9.00755601404627e-07	::B-1-6::N3-3::B-B02::B3-3::N-2-17::B-1-2::B-3-1::B-2-21::B-B10::N-B10::B-A05::N-A07::B-A07::B-2-15::B-B11::N-2-26::B-2-26::B3-7::N3-10::N-B03::N3-1::B3-10::B3-6::N-A11::B-A11::B3-2-22::B-A08::B-B07::N-1-7::B3-5::N-2-15::B-B09::N-B09::N-1-2::B-1-10::B-B05::N-A01::	28
chr9	82855600	83083600	chr9_82855600	37	228000	0.0187192610615866	49	2.18334396221418e-08	43	3.06181982039793e-05	::N-B10::N-2-23::B3-10::N3-10::B3-7::N-1-10::B3-1-11::B-2-21::B3-1-3::N-2-15::N-B03::B-2-15::B-1-6::N-1-2::B-B04::N3-19::N3-13::N-B05::B-1-7::N-B04::B-A05::N-2-17::B-A08::B3-19::B3-3::B-2-9::N3-2-36::N-1-6::B-B09::N-B09::B-2-26::B3-2-36::N-B07::B3-2-37::B-A10::N3-1-13::B-2-14::	30
chr9	100687500	100915500	chr9_100687500	41	228000	0.00028663582347606	52	4.41193391619006e-10	47	2.66190509809574e-07	::N3-13::B-B11::B3-1-15::N-1-7::B3-1-3::B-1-7::B-3-1::B-B03::B-A02::B-A07::N-B10::B3-5::N-A08::N-B09::B3-3::N3-10::B-2-14::B-B09::B-1-6::N-1-2::B-A11::B-1-2::N-A07::B3-1-13::N-3-4::B3-1-2::N3-8::N-2-15::B3-2-36::N-A04::B-A04::N3-2-22::B3-11::N3-1-2::N-2-17::B-A10::B-2-25::N3-11::B-A12::B-A05::B3-1-11::	20
chr9	107659900	107887900	chr9_107659900	52	228000	4.41193391619006e-10	73	7.8942557740252e-24	60	5.92338794521617e-15	::N-B07::B-B09::N3-2-21::N3-1-5::B3-13::N-2-17::B-A04::N-2-25::B-2-25::N-A01::B-2-23::B-1-2::N-2-21::N3-11::B3-11::N-B02::B-B02::B-A05::B-B03::B-B10::N-A07::B-1-7::B3-5::B3-3::B3-1-5::B-1-4::N-1-7::N-B04::B-A12::N3-3::B-2-15::B-A01::N3-2-36::N3-7::B3-6::N-A12::N-2-15::B-2-21::B-A08::N3-1::B3-1::B-1-6::B-3-4::B3-1-15::N-1-6::N-B11::N-A02::B-A02::N3-13::B-A07::B-2-9::N-A11::	34
chr9	108311500	108539500	chr9_108311500	40	228000	0.00084611787389572	51	1.65176739056987e-09	44	9.66519027073556e-06	::N-B04::N-A01::N-B09::B-B03::B-A10::B-B02::N3-2-21::B3-7::N3-3::B3-3::N-A03::N-B10::N3-5::N-2-21::B-2-14::N-2-23::N-A08::N-1-2::B3-1-3::N3-1-3::B-2-21::B3-10::N-A05::B-A07::N-B03::B3-21::B-B05::B-1-10::N-A07::B3-13::N-2-25::B-A08::N-1-6::B3-1::N3-1::B-B04::N3-6::N3-1-5::B3-1-11::B3-6::	28
chrUn_GL456393	200	228200	chrUn_GL456393_200	62	228000	3.02145104196738e-16	97	9.7474374443232e-43	73	7.8942557740252e-24	::B3-11::N-2-23::N-B03::N3-2-36::N3-1::N3-8::N-A05::N-2-17::N3-1-3::N-2-25::N3-10::N-A04::N-B11::N-B02::N3-21::N3-1-2::N3-1-13::N3-19::N-3-4::B-A08::N3-1-15::N3-2-21::N-2-15::N3-1-5::B-1-2::B-1-10::N3-6::B-1-7::B3-7::N-B10::N-2-21::N-B05::N-B08::B-B02::B3-3::N-A03::N3-13::B-1-6::B-B05::B-2-21::N-A11::B3-6::B-3-1::N-1-7::B-A07::N-A01::B-A12::B-A03::B3-2-22::B3-21::B3-1::B-A04::B-B11::N-2-26::N-B09::B3-1-2::N-1-6::B-2-15::B-B04::N3-11::N-A08::B3-19::	49
chrUn_JH584304	1500	229500	chrUn_JH584304_1500	42	228000	9.47904600871846e-05	59	2.55880960998996e-14	52	4.41193391619006e-10	::B-B02::B3-3::N-A03::N3-13::N-2-23::B-1-6::B-B05::B-2-21::N3-1::N-A11::N-2-15::B3-6::B-3-1::N-1-7::B-A07::N-A01::B-A12::N3-2-21::B-A03::B3-2-22::B3-21::B3-1::B-A04::B-B11::N-B08::N-B11::N-2-26::N-B09::B3-1-2::N-1-6::B-A08::B-2-15::B-B04::B-1-2::N3-8::N3-11::N3-1-3::N-A08::B3-19::N-3-4::N-2-17::N3-1-2::	25
chrX	18164500	18392500	chrX_18164500	55	228000	7.51012288423713e-12	106	1.57359512901933e-50	79	2.83199789081343e-28	::N-B04::N-2-21::N-A04::N-1-6::N3-8::B3-8::B-1-6::B3-1-11::B-B07::N-B03::N-A01::B3-2-36::B-A08::B3-1::N-B09::B-B09::B-1-2::N-A02::B-B10::N-B10::B-2-14::B3-19::B-B04::N-1-2::B-A05::B-A10::B3-7::N3-7::B3-5::B3-1-13::B3-2::B-2-26::B-A02::N-2-15::N3-1-2::B-2-23::B-A11::N-A11::N-2-17::B-2-17::N-B08::B3-3::N3-1-5::B-2-15::N-3-1::B3-1-2::B-A07::B-3-1::N-A05::B-1-7::N-2-23::N3-1::N-1-7::B3-11::N-2-9::	45
chrX	77433600	77661600	chrX_77433600	39	228000	0.0024367299783307	51	1.65176739056987e-09	42	9.47904600871846e-05	::N3-1-5::B-B05::B3-2::N-A08::N-B05::N-A10::B-3-4::N3-13::B3-13::B-A02::N-B11::B-2-21::B3-1-2::N3-1-3::B3-7::B-A08::B-1-10::N-A01::B-B07::N-B07::N3-1-2::B-B11::N-B10::B3-2-21::N-B04::N-A05::B3-1-3::B-2-14::N-2-14::B-A05::B-A10::N3-1-13::N-2-21::B-A07::N3-19::N-A02::B-3-1::B-2-15::B-1-9::	28
chrX	143267300	143495300	chrX_143267300	54	228000	2.97389943400868e-11	96	6.80736028404432e-42	10	9972.62000964331	::N3-13::N-B04::B-B09::B-2-14::B-B05::B-2-23::B-2-21::N-3-4::N3-10::N-2-14::N-2-26::N-2-17::N-3-1::N-2-15::N3-1::N-A11::N-2-12::N-B02::N3-2-36::N-2-27::N3-11::N-B08::B3-2-36::N3-8::N3-1-5::N-2-21::N3-1-2::N3-19::N-2-23::N3-21::N-2-25::N-A01::N3-2-22::N3-1-15::N-A12::N-A03::N-B03::N-B09::N-B11::N-2-9::N-1-6::N-A04::B3-7::N3-6::N-A10::B3-1::B-3-4::N-A08::N3-1-13::N-A02::N-B05::N3-7::N3-1-3::B-B07::	70
chrX	151814000	152042000	chrX_151814000	36	228000	0.0498662799328763	47	2.66190509809574e-07	36	0.0498662799328763	::B-A10::N3-7::N-B02::N3-1-11::B-B02::B3-1-11::B-1-6::B3-2-21::B-A08::N-A08::N-2-27::N-A12::N3-11::N-A10::B-2-27::N-3-4::B-A02::N-2-23::B-2-23::N-A02::N3-19::B-2-25::N-B10::B-B10::N3-2-21::B3-21::B3-1-13::B-2-15::B-B03::N-B03::N3-1-13::B3-2-36::B-B04::N-B05::N-2-15::N3-21::	20
