chr10	7673100	7887100	chr10_7673100	9	214000	0.00507006566139323	9	0.00507006566139323	7	0.436175704594026	::B3-2::N-A12::B3-2-21::N3-7::B3-1-15::B-A03::B-A08::B-B02::B3-7::	5
chr10	42767500	42981500	chr10_42767500	9	214000	0.00507006566139323	9	0.00507006566139323	6	3.33746874156539	::B-2-25::N-2-25::B-A11::N-A11::N-B02::N3-6::B-2-21::N-A07::B-A07::	6
chr10	43574800	43788800	chr10_43574800	9	214000	0.00507006566139323	9	0.00507006566139323	6	3.33746874156539	::B3-1::N3-1::B-1-10::N3-6::B-B07::N-B02::B3-1-15::B-A03::B-A08::	2
chr10	78161400	78375400	chr10_78161400	8	214000	0.0498785464400346	8	0.0498785464400346	8	0.0498785464400346	::N3-3::N-A01::N3-6::B-1-4::N-B03::N-B10::N-3-4::N-A10::	2
chr10	93008000	93222000	chr10_93008000	11	214000	3.85749620641159e-05	12	2.94080728854964e-06	5	21.8890116665127	::N3-1::N3-10::N3-13::B3-10::B3-13::B3-1::B3-3::N3-3::N-2-21::B-2-21::B-1-2::	3
chr10	108173700	108387700	chr10_108173700	15	214000	8.24766157828137e-10	17	2.53773656585735e-12	11	3.85749620641159e-05	::N-B04::N-A04::N3-1-5::N3-1-15::N-A03::B3-2-22::B-B10::N3-5::N-A08::B-A03::N-1-6::B-B09::N-B02::N-A12::B-A12::	8
chr10	116455000	116669000	chr10_116455000	8	214000	0.0498785464400346	8	0.0498785464400346	5	21.8890116665127	::N-1-9::B-B05::N-B05::N-B02::B-A12::N3-7::N-A12::B-2-21::	7
chr10	117265300	117479300	chr10_117265300	8	214000	0.0498785464400346	8	0.0498785464400346	7	0.436175704594026	::N-2-21::N3-8::B3-7::B-B09::B-A10::N-B10::B-B10::B-1-10::	2
chr10	128038200	128252200	chr10_128038200	9	214000	0.00507006566139323	9	0.00507006566139323	5	21.8890116665127	::N-A10::N-1-2::B-B07::B3-1-2::N3-1-2::N-B07::N3-1-11::N-B08::B-B08::	5
chr11	20006400	20220400	chr11_20006400	9	214000	0.00507006566139323	11	3.85749620641159e-05	7	0.436175704594026	::N-A05::B-A05::B3-1-11::B-B02::N3-1-11::B3-7::N-A01::B-A01::B3-2::	5
chr11	29174600	29388600	chr11_29174600	8	214000	0.0498785464400346	8	0.0498785464400346	6	3.33746874156539	::N3-19::B3-19::N-2-12::B-2-21::B-1-4::B3-7::B3-2::N3-2::	3
chr11	51597000	51811000	chr11_51597000	9	214000	0.00507006566139323	10	0.000463826853045296	7	0.436175704594026	::B-B02::B-B09::N-B09::N3-21::N3-2-36::B3-2-36::N-2-27::N-A12::B-A12::	3
chr11	52208700	52422700	chr11_52208700	8	214000	0.0498785464400346	8	0.0498785464400346	5	21.8890116665127	::N3-2-36::B-B04::N3-10::N-B02::B3-8::B3-11::N3-11::N3-8::	7
chr11	59614500	59828500	chr11_59614500	9	214000	0.00507006566139323	9	0.00507006566139323	6	3.33746874156539	::N3-1-11::N3-2-22::B3-2-22::B3-1-15::N3-1-15::B-2-21::B-1-10::B-2-25::N-2-25::	7
chr11	69597100	69811100	chr11_69597100	9	214000	0.00507006566139323	11	3.85749620641159e-05	6	3.33746874156539	::N3-3::B3-7::N3-1-2::N-B07::B3-1-2::B-B07::N-B03::B-B03::N-A08::	1
chr11	74560800	74774800	chr11_74560800	10	214000	0.000463826853045296	10	0.000463826853045296	5	21.8890116665127	::N3-7::N3-11::B-1-10::N-3-1::B-3-1::N-B07::N3-1-2::N-1-4::B3-1-2::B-B07::	1
chr11	77557200	77771200	chr11_77557200	8	214000	0.0498785464400346	10	0.000463826853045296	8	0.0498785464400346	::B3-1-15::N-B03::N-A11::B3-3::N3-3::N-A04::N-A02::B-A02::	7
chr11	79355500	79569500	chr11_79355500	13	214000	2.06950041699918e-07	21	1.23748618388663e-17	15	8.24766157828137e-10	::N-A02::B-2-23::B-1-7::N-1-7::N-2-23::B-A05::N-A05::B3-19::B-A11::N-A11::B3-3::N3-1-13::N-A07::	8
chr11	88422100	88636100	chr11_88422100	11	214000	3.85749620641159e-05	11	3.85749620641159e-05	7	0.436175704594026	::N3-2-36::N-B10::B-1-2::B-A03::B-A08::B3-1-15::N-A03::N3-1-15::B-2-25::N-1-2::N-2-15::	7
chr11	93891600	94105600	chr11_93891600	8	214000	0.0498785464400346	8	0.0498785464400346	6	3.33746874156539	::B-B11::N3-5::B-A12::N-1-10::N3-1-13::B3-1-13::N-B09::B-B09::	3
chr11	95279000	95493000	chr11_95279000	9	214000	0.00507006566139323	10	0.000463826853045296	7	0.436175704594026	::N3-2::N-A11::B-2-25::B-A04::B3-1-11::N3-1-11::N-B02::B-B02::N-A04::	4
chr11	97480500	97694500	chr11_97480500	8	214000	0.0498785464400346	8	0.0498785464400346	4	119.633787569199	::B3-3::N3-2-22::N-A07::B-A07::N3-11::N3-8::B3-8::B3-11::	1
chr11	100900900	101114900	chr11_100900900	8	214000	0.0498785464400346	8	0.0498785464400346	6	3.33746874156539	::B-A10::B3-2-22::B3-11::N3-11::N3-3::B-B07::B-A11::N-A11::	7
chr11	104372000	104586000	chr11_104372000	15	214000	8.24766157828137e-10	18	1.28978207451211e-13	13	2.06950041699918e-07	::B-3-1::B-2-12::N-2-12::N3-7::N-2-25::N-2-14::B-1-6::B-3-4::B3-21::N-3-4::N3-21::B-1-4::B3-3::N3-3::N3-2-21::	11
chr11	105189300	105403300	chr11_105189300	8	214000	0.0498785464400346	8	0.0498785464400346	6	3.33746874156539	::N-A08::B-B03::N-B03::N-A01::B-2-27::N-2-27::N3-2-21::N3-13::	7
chr11	105596900	105810900	chr11_105596900	8	214000	0.0498785464400346	8	0.0498785464400346	5	21.8890116665127	::N-A04::B-A04::N3-8::B3-8::N3-2::N3-11::B3-1-11::N3-1-11::	4
chr11	106862400	107076400	chr11_106862400	11	214000	3.85749620641159e-05	11	3.85749620641159e-05	9	0.00507006566139323	::B-2-23::B-B04::B3-1-5::N-A10::N3-2-22::B-A05::B3-11::B3-8::N-B07::B-1-2::B3-13::	8
chr11	120786400	121000400	chr11_120786400	9	214000	0.00507006566139323	9	0.00507006566139323	5	21.8890116665127	::N-2-27::N-B02::N3-8::N3-11::B3-8::B3-11::B-B10::N-B10::B-1-7::	4
chr12	3270300	3484300	chr12_3270300	8	214000	0.0498785464400346	9	0.00507006566139323	7	0.436175704594026	::B3-1-3::B-1-4::N-A08::B-A08::N-A04::B-A04::B-1-2::B-B09::	2
chr12	8735100	8949100	chr12_8735100	10	214000	0.000463826853045296	10	0.000463826853045296	8	0.0498785464400346	::B-2-23::N-3-1::B-3-1::B-B07::N-1-2::B-1-2::N3-1-2::N-B09::B-A01::N-1-10::	4
chr12	17379000	17593000	chr12_17379000	8	214000	0.0498785464400346	8	0.0498785464400346	2	1715.34108468555	::N3-1-13::B3-1-13::N3-2-37::N-1-4::N3-5::N3-7::N-1-10::N-1-9::	6
chr12	21210200	21424200	chr12_21210200	12	214000	2.94080728854964e-06	12	2.94080728854964e-06	6	3.33746874156539	::N3-1::B3-1-15::B-A08::B-A03::N3-1-15::N-A03::N-A08::B-1-4::B3-5::N-A10::B-A10::B-B02::	9
chr12	78877600	79091600	chr12_78877600	11	214000	3.85749620641159e-05	11	3.85749620641159e-05	7	0.436175704594026	::B-2-21::B3-1-13::N-A05::B-A05::N-B02::B-B02::B-1-7::N-1-7::N3-7::N-A12::B-A12::	5
chr12	83638000	83852000	chr12_83638000	11	214000	3.85749620641159e-05	11	3.85749620641159e-05	7	0.436175704594026	::N-B05::B-B05::B-A12::N-A12::N-A07::B-A07::B3-1-11::N3-1-11::B-1-10::B-2-21::N-1-4::	5
chr13	9101600	9315600	chr13_9101600	9	214000	0.00507006566139323	9	0.00507006566139323	4	119.633787569199	::B-2-23::N3-19::B3-19::N3-1-15::N-A03::B-A03::B3-1-15::B-A08::N-1-10::	2
chr13	17704200	17918200	chr13_17704200	10	214000	0.000463826853045296	10	0.000463826853045296	5	21.8890116665127	::B3-8::N3-8::B-3-4::N-3-4::B3-19::N3-19::N-A05::B-A05::B-2-27::N-2-27::	8
chr13	43302300	43516300	chr13_43302300	12	214000	2.94080728854964e-06	13	2.06950041699918e-07	7	0.436175704594026	::B-A05::B-2-14::N-2-14::B3-19::N3-19::N-A12::B-A12::B3-11::B3-8::N3-8::N3-11::N-A03::	9
chr13	46535400	46749400	chr13_46535400	8	214000	0.0498785464400346	8	0.0498785464400346	7	0.436175704594026	::N-A05::B3-2-22::B-B10::N-B10::B-3-4::B3-5::B-A08::B-1-7::	7
chr13	85130700	85344700	chr13_85130700	9	214000	0.00507006566139323	11	3.85749620641159e-05	9	0.00507006566139323	::N3-7::N3-2::N-B03::B-B03::N-1-10::N-A05::B-A05::B-B10::B3-2::	8
chr13	94600200	94814200	chr13_94600200	8	214000	0.0498785464400346	8	0.0498785464400346	2	1715.34108468555	::N-2-14::N-B03::N-A04::N-3-4::N3-3::N-2-23::N3-2::N-1-6::	7
chr13	103742500	103956500	chr13_103742500	9	214000	0.00507006566139323	10	0.000463826853045296	8	0.0498785464400346	::B-A03::N-B02::B3-5::N-1-10::B-A02::N3-1-15::B3-1-15::N-B09::N-A10::	2
chr14	31026800	31240800	chr14_31026800	8	214000	0.0498785464400346	8	0.0498785464400346	4	119.633787569199	::N-A01::B-B11::N3-1-13::B3-1-13::N3-21::N-3-4::B3-21::B-3-4::	1
chr14	34328500	34542500	chr14_34328500	8	214000	0.0498785464400346	8	0.0498785464400346	6	3.33746874156539	::N-B09::B-2-21::B-B08::N-B08::B-2-14::N-A02::B-A02::B-1-4::	5
chr14	56697000	56911000	chr14_56697000	8	214000	0.0498785464400346	8	0.0498785464400346	4	119.633787569199	::B-A02::N-A02::B-2-23::B-B07::B3-1-2::N-B07::N3-1-2::N-A08::	7
chr14	67020500	67234500	chr14_67020500	8	214000	0.0498785464400346	8	0.0498785464400346	5	21.8890116665127	::N3-1-13::B-B02::N3-7::N3-8::N3-11::B3-8::B3-11::B-1-10::	2
chr14	73216200	73430200	chr14_73216200	17	214000	2.53773656585735e-12	21	1.23748618388663e-17	13	2.06950041699918e-07	::B3-1-15::N3-1-15::N-B02::B-B11::N-B11::N-A03::N-A08::N3-19::B-B02::B3-8::N3-8::N-A01::N3-1-5::N-B04::B3-1-5::B-B04::B-1-4::	15
chr15	37985500	38199500	chr15_37985500	8	214000	0.0498785464400346	9	0.00507006566139323	6	3.33746874156539	::N3-5::B-3-1::N-3-1::B3-10::B-A01::N-A01::B-B04::B3-1-5::	7
chr15	51837400	52051400	chr15_51837400	10	214000	0.000463826853045296	10	0.000463826853045296	7	0.436175704594026	::N-2-21::N-3-1::B-3-1::N-2-9::N-B05::B-B05::B-1-10::B-B03::N-B03::N3-3::	5
chr15	73113100	73327100	chr15_73113100	15	214000	8.24766157828137e-10	18	1.28978207451211e-13	8	0.0498785464400346	::N3-3::B3-3::N3-1::N3-13::N3-10::B3-10::B3-1::B3-13::B-1-6::N-1-6::B3-19::N3-19::B-A08::N-A08::N-B07::	5
chr15	80721100	80935100	chr15_80721100	8	214000	0.0498785464400346	8	0.0498785464400346	6	3.33746874156539	::B-1-4::N3-1::B-A11::B3-13::B3-10::N3-1-5::N-B04::N3-2-22::	2
chr15	102030000	102244000	chr15_102030000	8	214000	0.0498785464400346	8	0.0498785464400346	6	3.33746874156539	::B3-2-22::N3-10::N3-13::B3-5::B-1-4::N3-3::B3-3::B-2-26::	3
chr16	4489900	4703900	chr16_4489900	9	214000	0.00507006566139323	9	0.00507006566139323	3	523.084124443975	::B3-10::B3-1::B3-13::N3-13::N3-1::N3-10::N-B10::B-B10::N-2-9::	7
chr16	43330800	43544800	chr16_43330800	10	214000	0.000463826853045296	10	0.000463826853045296	7	0.436175704594026	::N-B10::N-1-7::B-A12::N-B03::B3-10::B3-13::N3-10::N3-13::N-B02::B3-2::	7
chr16	91549400	91763400	chr16_91549400	8	214000	0.0498785464400346	8	0.0498785464400346	6	3.33746874156539	::B-2-27::N-1-4::B-A12::B3-2-36::N3-2-36::B-A10::B3-1-2::B-B07::	6
chr17	5075000	5289000	chr17_5075000	13	214000	2.06950041699918e-07	13	2.06950041699918e-07	12	2.94080728854964e-06	::N-2-15::N-B08::B3-1::N-A02::B-A02::N3-6::N-3-1::N-A04::B-1-4::N-B11::B3-5::N3-3::B3-7::	3
chr17	25846800	26060800	chr17_25846800	13	214000	2.06950041699918e-07	13	2.06950041699918e-07	6	3.33746874156539	::N-A04::B3-7::B-B07::B3-1-2::N-B07::N3-1-2::N3-10::N3-13::B3-10::B3-13::N-2-14::B-3-4::N-3-4::	7
chr17	26652200	26866200	chr17_26652200	9	214000	0.00507006566139323	10	0.000463826853045296	6	3.33746874156539	::B3-2::N3-2::B-2-23::N-B07::N-B11::B-B11::B-B07::B3-1-2::N3-1-2::	6
chr17	30006600	30220600	chr17_30006600	10	214000	0.000463826853045296	10	0.000463826853045296	4	119.633787569199	::B-3-4::B3-21::N3-21::N-3-4::B3-1-3::N3-1-3::N-2-12::B3-1-5::N-B04::N3-1-5::	9
chr17	32163500	32377500	chr17_32163500	12	214000	2.94080728854964e-06	12	2.94080728854964e-06	7	0.436175704594026	::B-A12::B-2-21::B-A10::B-2-17::N-2-17::B3-13::B3-10::N3-10::N3-13::B3-6::N3-6::B3-1-11::	9
chr17	33669200	33883200	chr17_33669200	11	214000	3.85749620641159e-05	11	3.85749620641159e-05	6	3.33746874156539	::B-2-23::N-2-23::N3-21::N-3-4::B-3-4::B3-21::B-B10::N-B10::B-B05::N-B05::N-A07::	4
chr18	4979900	5193900	chr18_4979900	8	214000	0.0498785464400346	8	0.0498785464400346	5	21.8890116665127	::N-1-10::N-3-1::B-3-1::B3-5::N3-1-15::N-A03::B3-2-22::N3-2-22::	3
chr18	7737500	7951500	chr18_7737500	8	214000	0.0498785464400346	9	0.00507006566139323	8	0.0498785464400346	::N-3-4::N3-7::B-A10::N-A10::N-3-1::B-1-7::N-1-2::B3-1::	4
chr18	34251700	34465700	chr18_34251700	10	214000	0.000463826853045296	11	3.85749620641159e-05	8	0.0498785464400346	::N-B03::N3-1-13::B3-11::N-A07::N-A05::N-B02::B-B02::B-A02::N-A02::N3-5::	7
chr18	38313200	38527200	chr18_38313200	8	214000	0.0498785464400346	8	0.0498785464400346	6	3.33746874156539	::N-2-25::N3-6::N-A01::B-A01::B-1-10::B-A10::B-A12::N-A12::	4
chr18	61566900	61780900	chr18_61566900	10	214000	0.000463826853045296	10	0.000463826853045296	4	119.633787569199	::N-A02::B-A02::N3-1-2::N-B07::B3-1-2::B-B07::N-2-26::B-2-26::N3-10::B3-10::	0
chr18	73578000	73792000	chr18_73578000	14	214000	1.35232098401447e-08	15	8.24766157828137e-10	10	0.000463826853045296	::B3-2-22::N3-2-22::N-1-2::B-2-12::N-2-12::B-1-7::N-A12::B-A12::B-A05::B-A02::N-A02::B-3-1::N-3-1::N3-7::	11
chr19	3320600	3534600	chr19_3320600	13	214000	2.06950041699918e-07	13	2.06950041699918e-07	12	2.94080728854964e-06	::B-1-2::N3-8::B3-8::B3-5::N-B10::N-B05::N-A10::B-A10::B-B03::B-1-10::N-2-21::B-1-4::B-A08::	7
chr19	7284500	7498500	chr19_7284500	10	214000	0.000463826853045296	11	3.85749620641159e-05	9	0.00507006566139323	::N-A08::N3-1-5::B3-1-5::N3-1-13::N3-2-22::B3-2-22::N3-3::N3-21::B3-21::B-2-23::	5
chr19	21660000	21874000	chr19_21660000	8	214000	0.0498785464400346	8	0.0498785464400346	6	3.33746874156539	::N3-1-11::B3-1-11::B3-1-3::N3-1-3::B-1-4::N-B02::N-A08::N-2-21::	3
chr19	29890500	30104500	chr19_29890500	8	214000	0.0498785464400346	8	0.0498785464400346	6	3.33746874156539	::B-2-27::N3-6::N-B09::N-A10::B-A10::N3-10::N3-13::N3-1-3::	2
chr2	18022400	18236400	chr2_18022400	10	214000	0.000463826853045296	10	0.000463826853045296	6	3.33746874156539	::N-1-6::N-2-17::B-2-17::N-A03::N3-6::B-B07::B3-1-2::N-B07::N3-1-2::N-B02::	6
chr2	26388200	26602200	chr2_26388200	14	214000	1.35232098401447e-08	16	4.71577585272537e-11	9	0.00507006566139323	::B3-3::N3-1-13::B-A07::N-3-4::N3-21::B-3-4::B3-21::B-3-1::N-3-1::B3-5::N-A04::B-1-10::B-A03::N-A03::	10
chr2	31581400	31795400	chr2_31581400	11	214000	3.85749620641159e-05	11	3.85749620641159e-05	7	0.436175704594026	::N3-2::N-B09::N3-1-11::N-A04::B-A04::B3-2-22::N3-2-22::N-B10::B-B10::N-2-12::B-2-12::	4
chr2	48707600	48921600	chr2_48707600	10	214000	0.000463826853045296	12	2.94080728854964e-06	6	3.33746874156539	::N3-1-5::N-B04::N3-2-22::B-A12::N-A12::B-A11::N-A11::B3-7::N-A02::B-A02::	7
chr2	49448400	49662400	chr2_49448400	11	214000	3.85749620641159e-05	11	3.85749620641159e-05	10	0.000463826853045296	::B3-7::N3-2-22::N-A11::N3-8::B-A01::B-B08::N-B08::N-3-4::B-B05::B-2-23::B3-5::	7
chr2	65120400	65334400	chr2_65120400	10	214000	0.000463826853045296	10	0.000463826853045296	6	3.33746874156539	::B3-7::N3-13::N3-10::B3-10::N3-1-11::B-A05::N-A04::B-A04::N-1-2::B-1-2::	1
chr2	75603400	75817400	chr2_75603400	9	214000	0.00507006566139323	9	0.00507006566139323	4	119.633787569199	::N3-2-22::B-2-25::B3-10::B3-1::B3-13::N3-13::N3-1::N3-10::N-2-14::	9
chr2	90849600	91063600	chr2_90849600	9	214000	0.00507006566139323	13	2.06950041699918e-07	9	0.00507006566139323	::N-B02::N-A12::B-A12::B-2-14::N-2-14::N-2-21::B-B03::N3-2-36::B3-2-36::	7
chr2	153202600	153416600	chr2_153202600	9	214000	0.00507006566139323	10	0.000463826853045296	6	3.33746874156539	::N3-1-11::B3-1-11::N3-7::N-2-27::B-2-27::B-A12::N-A12::B-A04::N-A04::	4
chr2	155352800	155566800	chr2_155352800	8	214000	0.0498785464400346	8	0.0498785464400346	5	21.8890116665127	::N-3-4::N-3-1::N-2-27::B-2-27::N3-21::B3-21::B-3-4::N-B09::	0
chr2	157094800	157308800	chr2_157094800	10	214000	0.000463826853045296	10	0.000463826853045296	6	3.33746874156539	::B3-8::N3-8::N3-1-3::B3-1-3::N3-1-11::B-B03::N-B03::N-2-12::B-2-12::N-1-10::	4
chr2	165854600	166068600	chr2_165854600	12	214000	2.94080728854964e-06	12	2.94080728854964e-06	7	0.436175704594026	::B-2-27::B3-1-13::B-A07::N-2-27::N-A07::B-1-10::B-1-7::B3-1-2::B-3-1::B-2-21::B-A02::N-A02::	10
chr2	168078200	168292200	chr2_168078200	9	214000	0.00507006566139323	9	0.00507006566139323	7	0.436175704594026	::N-B09::B3-7::B-2-23::N-2-23::B-2-25::N-2-25::N3-1::B-1-4::B-A05::	7
chr3	51239100	51453100	chr3_51239100	10	214000	0.000463826853045296	10	0.000463826853045296	6	3.33746874156539	::B-A02::N-A02::N3-19::N-1-6::B-B07::N3-1-2::N-B07::B3-8::N3-8::B-2-25::	10
chr3	60373600	60587600	chr3_60373600	8	214000	0.0498785464400346	9	0.00507006566139323	6	3.33746874156539	::N3-7::B-2-14::N-2-21::B-A11::N-A11::B-2-12::N3-21::B3-21::	5
chr3	69010300	69224300	chr3_69010300	10	214000	0.000463826853045296	10	0.000463826853045296	8	0.0498785464400346	::B3-3::N3-7::B-2-14::N-A10::B-A10::B-B03::N-B03::B-B09::B-B08::N-B08::	8
chr3	88954600	89168600	chr3_88954600	14	214000	1.35232098401447e-08	15	8.24766157828137e-10	12	2.94080728854964e-06	::B-B10::B3-1-2::B-B02::N3-1-3::B-B03::B3-1-11::N3-1-11::N3-6::B3-5::N3-1-2::N-B07::B-2-27::N-A07::B-A07::	8
chr3	135440200	135654200	chr3_135440200	16	214000	4.71577585272537e-11	18	1.28978207451211e-13	10	0.000463826853045296	::B-B05::B3-1-15::B-1-10::N3-10::N3-8::N3-11::B3-7::B3-8::B3-11::B-2-14::B-B02::B-A03::N-A08::N3-1-15::N-A03::N-B02::	9
chr4	8537000	8751000	chr4_8537000	9	214000	0.00507006566139323	9	0.00507006566139323	8	0.0498785464400346	::N-2-15::B-1-10::B-2-23::N-A10::N-B09::B-B09::B-3-1::N3-6::B3-1-3::	3
chr4	47357200	47571200	chr4_47357200	8	214000	0.0498785464400346	13	2.06950041699918e-07	8	0.0498785464400346	::N-A11::B-A11::N3-2::B3-2::N-A08::B-A08::B-B08::B3-7::	0
chr4	130566500	130780500	chr4_130566500	10	214000	0.000463826853045296	10	0.000463826853045296	8	0.0498785464400346	::N3-2::N-3-1::B-1-4::B-3-1::B3-5::N-1-10::N-B09::B-B09::B3-2-22::N3-2-22::	6
chr4	133520500	133734500	chr4_133520500	9	214000	0.00507006566139323	12	2.94080728854964e-06	8	0.0498785464400346	::N-B09::B-B09::N-A03::B-A08::N-A08::B-A10::N-A10::N3-7::N3-5::	9
chr4	135235800	135449800	chr4_135235800	13	214000	2.06950041699918e-07	13	2.06950041699918e-07	8	0.0498785464400346	::B3-1::N3-1::N3-13::N-A04::N-2-12::N-B10::B-B10::N-A10::B-A05::N-A05::B-A07::N-B07::B-B07::	8
chr4	137492400	137706400	chr4_137492400	8	214000	0.0498785464400346	8	0.0498785464400346	6	3.33746874156539	::B-2-21::N-A11::B-A11::N3-7::B3-2-21::B-A12::N-A12::N-2-21::	5
chr4	150291400	150505400	chr4_150291400	9	214000	0.00507006566139323	9	0.00507006566139323	7	0.436175704594026	::B-A05::N-A05::B3-7::N-A10::N-B02::B-1-10::N-B08::B-B08::B-A10::	5
chr4	154349000	154563000	chr4_154349000	12	214000	2.94080728854964e-06	13	2.06950041699918e-07	5	21.8890116665127	::N-B07::N3-1-2::N-1-7::B3-2-36::B-2-9::N3-1::N3-10::N3-13::B3-1::B3-13::B3-10::N-2-9::	0
chr4	155420000	155634000	chr4_155420000	14	214000	1.35232098401447e-08	15	8.24766157828137e-10	9	0.00507006566139323	::N3-1-11::B-2-27::B3-2-36::N3-2-36::B3-2-22::B-2-25::N-2-25::N3-10::N3-1::N3-13::B3-1::N3-3::B-A11::N-A11::	9
chr5	23439800	23653800	chr5_23439800	9	214000	0.00507006566139323	9	0.00507006566139323	6	3.33746874156539	::B-A01::N-2-9::N3-3::B3-3::N-A07::N-A05::B-A05::N-2-21::B-2-21::	1
chr5	25287000	25501000	chr5_25287000	25	214000	2.85501115593603e-23	38	2.66184631229993e-43	21	1.23748618388663e-17	::B-2-9::N-2-9::N3-21::N-A05::B3-1-15::N3-10::N3-13::B3-13::B3-10::B-2-27::B-A03::N3-1-15::N-A03::B3-1-11::N3-1-11::B3-1-2::B-B07::N-B07::N3-1-2::B3-2-22::N3-2-22::N-3-1::B3-1-3::N3-1-3::B-B08::	26
chr5	28169900	28383900	chr5_28169900	25	214000	2.85501115593603e-23	32	9.0256372072532e-34	4	119.633787569199	::N-3-4::N-1-2::B3-5::N-1-7::B-2-15::B-2-14::B-1-10::B-1-4::B3-7::B-2-21::B3-2::B3-19::B-B02::N3-5::B3-6::B3-2-22::B-B10::N-B04::N-B02::N3-7::N-B05::N-2-15::N-1-10::N-A02::B-B09::	20
chr5	65540500	65754500	chr5_65540500	12	214000	2.94080728854964e-06	13	2.06950041699918e-07	12	2.94080728854964e-06	::N-2-21::B3-7::B3-2-21::B3-13::N-A12::B-1-10::N3-1-11::N-B02::N3-2-21::N-1-10::B3-1-3::N3-2-22::	7
chr5	99921600	100135600	chr5_99921600	12	214000	2.94080728854964e-06	12	2.94080728854964e-06	8	0.0498785464400346	::N-3-1::N-A02::N3-1-11::B-B05::B3-1::B3-13::B3-10::N3-1::B3-5::B3-1-15::B-A03::B-1-6::	9
chr5	103693200	103907200	chr5_103693200	11	214000	3.85749620641159e-05	11	3.85749620641159e-05	7	0.436175704594026	::B-B09::N-B08::B-B08::N-B10::B3-5::N-A07::N-1-7::N3-1-11::N-B02::B-B02::B3-1-11::	4
chr5	105737700	105951700	chr5_105737700	10	214000	0.000463826853045296	10	0.000463826853045296	7	0.436175704594026	::N-A11::B-A11::N-B04::N-2-9::B-2-9::N3-2-22::N3-8::B3-8::N-B11::N3-1::	3
chr5	115242200	115456200	chr5_115242200	8	214000	0.0498785464400346	8	0.0498785464400346	4	119.633787569199	::N3-7::B3-1-11::N3-1-11::B-2-21::N-3-4::N3-21::B3-21::B-3-4::	4
chr5	118564200	118778200	chr5_118564200	8	214000	0.0498785464400346	8	0.0498785464400346	4	119.633787569199	::N-B10::B-B05::N-B05::B-3-1::N3-10::N3-13::B3-13::B3-10::	3
chr5	122309700	122523700	chr5_122309700	12	214000	2.94080728854964e-06	12	2.94080728854964e-06	7	0.436175704594026	::B-B05::B-A11::N-A11::B-A03::B3-1-15::B-A08::N3-1-15::N-A03::N-A01::B-B02::B-2-27::N-B02::	11
chr5	137303300	137517300	chr5_137303300	11	214000	3.85749620641159e-05	13	2.06950041699918e-07	7	0.436175704594026	::B-A12::N-A12::B-2-21::N-2-21::N-A10::B3-1-5::N3-1-5::N-1-2::B-1-2::B-2-9::N-2-9::	11
chr6	47410000	47624000	chr6_47410000	12	214000	2.94080728854964e-06	12	2.94080728854964e-06	9	0.00507006566139323	::N3-6::B-1-10::N-A02::N3-1-5::N-B07::N-B04::B-2-21::B-B03::N-B03::B-2-15::B-B04::N-B10::	6
chr6	97283700	97497700	chr6_97283700	9	214000	0.00507006566139323	9	0.00507006566139323	7	0.436175704594026	::B3-10::B-A11::B3-2::B3-2-22::N3-2-22::N-1-10::B3-3::B-1-10::N-A04::	6
chr6	134057200	134271200	chr6_134057200	9	214000	0.00507006566139323	9	0.00507006566139323	8	0.0498785464400346	::B3-2-22::N3-2-22::N-A08::N-2-25::B-1-10::N-A05::B-3-1::N-3-1::B-1-4::	5
chr6	136533600	136747600	chr6_136533600	8	214000	0.0498785464400346	8	0.0498785464400346	4	119.633787569199	::N3-1-13::B-2-12::N-2-12::B3-21::N3-21::N-3-4::B3-1::N3-1::	8
chr6	146876600	147090600	chr6_146876600	8	214000	0.0498785464400346	9	0.00507006566139323	8	0.0498785464400346	::B3-7::N-B03::B3-1-11::B-A07::N-A07::B3-5::N-B10::N3-7::	3
chr7	29253600	29467600	chr7_29253600	8	214000	0.0498785464400346	8	0.0498785464400346	5	21.8890116665127	::N3-7::N-1-10::N-A07::N-A10::B-A03::B3-1-15::N3-1-15::N-A03::	6
chr7	49291200	49505200	chr7_49291200	11	214000	3.85749620641159e-05	12	2.94080728854964e-06	6	3.33746874156539	::B3-1-15::B-A03::B-A08::N-A03::N3-1-15::B-2-26::N-A05::N-A07::B-A05::N-3-1::B-3-1::	9
chr7	90020100	90234100	chr7_90020100	17	214000	2.53773656585735e-12	20	2.84064752805393e-16	14	1.35232098401447e-08	::B-B09::N3-11::B3-11::B-2-23::N3-8::B3-7::B-A02::N-2-21::B-2-21::N-A01::B3-13::B3-10::N3-13::N3-10::B3-2-21::B-1-10::N3-6::	13
chr7	101925200	102139200	chr7_101925200	9	214000	0.00507006566139323	11	3.85749620641159e-05	7	0.436175704594026	::N-1-10::N-B02::B-B07::N-B07::B-1-7::B-A05::B3-1-2::N3-1-2::B-1-10::	8
chr7	121641800	121855800	chr7_121641800	23	214000	2.04679548834811e-20	24	7.80199223566314e-22	3	523.084124443975	::N3-5::B3-2-36::N3-2-36::N-2-21::N-A10::N3-2-22::N-B04::N-3-1::N-A11::N-2-15::N-2-14::N-B05::N-A02::N-B07::N3-1-11::N-B09::N-A12::N-1-7::N-A07::N-A04::N-B10::N3-19::N-2-23::	23
chr7	132761200	132975200	chr7_132761200	9	214000	0.00507006566139323	9	0.00507006566139323	4	119.633787569199	::B-A05::N-A05::N3-1-11::N-A03::N3-1-15::B-A08::B3-1-15::B-A03::N-2-25::	3
chr7	136389300	136603300	chr7_136389300	57	214000	6.33087353320013e-76	57	6.33087353320013e-76	1	3750.05969315533	::N3-1::N-A02::N-2-12::N-A05::N-B11::N3-2-36::N-A08::N-2-9::N-2-14::N3-13::N-2-26::N-B07::N-2-17::N-B04::N-2-27::N-2-25::N-B09::N3-6::N-B05::N-A11::N3-5::N-B02::N3-1-11::N-2-23::N3-8::N3-1-5::N-B03::N-A10::N3-1-13::N-3-4::N3-19::N-A07::N-3-1::N-A01::N3-1-3::N3-1-15::N3-11::N-1-2::N3-2-21::N3-10::N-2-15::N-1-6::N-2-21::N-A12::N-A03::N-A04::N-1-10::N-1-4::N3-21::N3-2::N-1-7::N-B10::N3-3::N-B08::N3-7::N3-1-2::N3-2-22::	57
chr8	25525700	25739700	chr8_25525700	10	214000	0.000463826853045296	10	0.000463826853045296	4	119.633787569199	::B3-3::N3-3::B3-1-11::B-B02::N3-1-11::N3-21::N-3-4::B-3-4::B3-21::N-A07::	5
chr8	79572200	79786200	chr8_79572200	10	214000	0.000463826853045296	10	0.000463826853045296	8	0.0498785464400346	::B-A11::B-3-4::B3-5::B-B09::N-B09::B3-1-13::B3-6::N3-6::N-2-26::N3-2-22::	8
chr8	80723300	80937300	chr8_80723300	11	214000	3.85749620641159e-05	11	3.85749620641159e-05	5	21.8890116665127	::B3-7::B-A05::B-B04::N3-1::N3-13::N3-10::B3-13::B3-10::B3-1::N-A11::B-A11::	0
chr8	84659000	84873000	chr8_84659000	9	214000	0.00507006566139323	11	3.85749620641159e-05	4	119.633787569199	::N-B11::B-B11::N3-1::N3-13::N3-10::B3-1::B3-10::B3-13::N3-7::	3
chr8	108708700	108922700	chr8_108708700	11	214000	3.85749620641159e-05	11	3.85749620641159e-05	7	0.436175704594026	::B-B07::B3-2-22::N3-2-22::B3-1::N3-1::N-B07::B3-13::B3-10::B3-5::B-B02::N-B02::	10
chr8	109676000	109890000	chr8_109676000	20	214000	2.84064752805393e-16	21	1.23748618388663e-17	11	3.85749620641159e-05	::B-A10::N-B10::B-1-4::B3-1-13::N3-1-13::B3-8::B-1-6::N-1-6::B3-19::N3-19::N3-8::N3-11::B-1-7::N-1-7::B3-1-2::B-B07::N-B07::N3-1-2::B-2-17::N-1-9::	15
chr8	111540800	111754800	chr8_111540800	8	214000	0.0498785464400346	8	0.0498785464400346	7	0.436175704594026	::N-1-10::B3-13::B-B03::B-A07::B3-5::B-A11::N-A11::N-A02::	7
chr8	117192700	117406700	chr8_117192700	11	214000	3.85749620641159e-05	13	2.06950041699918e-07	8	0.0498785464400346	::N-A05::B-A05::B-1-2::N-1-2::N-A10::N-B10::N3-1-5::N-B04::B3-1-5::B-B04::B-1-10::	4
chr9	3005600	3219600	chr9_3005600	11	214000	3.85749620641159e-05	12	2.94080728854964e-06	5	21.8890116665127	::N3-6::N-B05::N3-1-3::N3-5::N-A07::N-A08::N-1-10::N-A12::N-2-21::N-1-4::N3-1-11::	6
chr9	21377100	21591100	chr9_21377100	8	214000	0.0498785464400346	8	0.0498785464400346	5	21.8890116665127	::N-A04::B-B08::N-B08::B-1-2::N-1-2::N3-5::N-2-9::B-2-9::	4
chr9	50554000	50768000	chr9_50554000	8	214000	0.0498785464400346	8	0.0498785464400346	5	21.8890116665127	::B3-1-2::B-B07::N-A02::B-A02::B3-1::N-B07::B-2-17::N-2-17::	2
chr9	56126200	56340200	chr9_56126200	10	214000	0.000463826853045296	10	0.000463826853045296	6	3.33746874156539	::N-A02::B-A02::N3-11::N3-8::B3-8::B3-11::N3-1-11::N-A08::B-A08::B-A10::	2
chr9	70439900	70653900	chr9_70439900	11	214000	3.85749620641159e-05	13	2.06950041699918e-07	9	0.00507006566139323	::N3-1-11::B-A07::B3-1-13::N3-1-13::N-A07::N3-2-21::N-3-1::B3-7::N-2-21::B3-5::N3-1-2::	9
chr9	71900400	72114400	chr9_71900400	17	214000	2.53773656585735e-12	18	1.28978207451211e-13	12	2.94080728854964e-06	::B-B08::B-A05::B-A12::N-A12::N3-2-36::B3-5::N-A07::N-1-4::B-2-25::B-2-17::N-A05::B3-1-13::N-1-6::B3-1-5::B-B04::N-B04::N3-1-5::	13
chr9	72515900	72729900	chr9_72515900	11	214000	3.85749620641159e-05	11	3.85749620641159e-05	9	0.00507006566139323	::N3-1-13::B-A05::N-B03::N-B10::N3-11::N3-8::B3-2-36::N3-2-36::N-B02::B3-5::B3-3::	6
chr9	90065300	90279300	chr9_90065300	8	214000	0.0498785464400346	8	0.0498785464400346	5	21.8890116665127	::B-A12::N-A12::N-B02::N-2-26::B-2-26::B-2-12::N-2-12::B-1-10::	5
chr9	100658500	100872500	chr9_100658500	8	214000	0.0498785464400346	9	0.00507006566139323	8	0.0498785464400346	::B-2-25::B-A04::B3-1-15::B3-5::N-A08::N-A07::N-A04::N-1-7::	3
chr9	107740700	107954700	chr9_107740700	8	214000	0.0498785464400346	8	0.0498785464400346	6	3.33746874156539	::N-2-25::N-B02::B-B02::B-1-4::N3-7::N-A12::B-A12::B3-1::	2
chr9	108217900	108431900	chr9_108217900	12	214000	2.94080728854964e-06	12	2.94080728854964e-06	8	0.0498785464400346	::B-A04::B3-5::N3-13::N3-10::B3-10::B3-13::N-B09::B3-3::N3-3::N3-5::N-A08::N-2-21::	8
chr9	108527800	108741800	chr9_108527800	10	214000	0.000463826853045296	11	3.85749620641159e-05	7	0.436175704594026	::B-B04::B-A01::N-2-21::B3-1-5::N-B04::N3-1-5::N-B10::B-2-23::B-1-7::N-1-7::	8
chr9	110542600	110756600	chr9_110542600	9	214000	0.00507006566139323	10	0.000463826853045296	9	0.00507006566139323	::B-2-12::B-2-14::N-2-23::B-1-4::N3-1-11::B-A08::B-A11::N-1-10::B-A03::	3
chr9	115963900	116177900	chr9_115963900	8	214000	0.0498785464400346	9	0.00507006566139323	6	3.33746874156539	::N3-2-22::B-3-1::N-A07::B3-5::B-1-7::B3-6::N3-6::N-1-7::	7
chrX	18139400	18353400	chrX_18139400	17	214000	2.53773656585735e-12	19	6.21019218423791e-15	16	4.71577585272537e-11	::N3-3::N-1-6::N-B09::N-B10::B-1-2::N-1-2::B-1-6::B3-7::N3-7::B-A02::N-2-15::N-2-17::B-2-17::B3-3::B-A11::N-A02::N3-1::	8
chrX	77418600	77632600	chrX_77418600	11	214000	3.85749620641159e-05	12	2.94080728854964e-06	8	0.0498785464400346	::N-A03::B-2-21::B3-7::B-1-10::N-B07::B-B07::B3-1-2::N3-1-2::B3-1-3::N3-1-3::B-A07::	10
chrX	105789200	106003200	chrX_105789200	10	214000	0.000463826853045296	11	3.85749620641159e-05	7	0.436175704594026	::B-2-27::N-B04::N3-1-5::B3-1-5::B-B04::B-A05::B-2-15::B-2-26::N-2-26::N-B11::	5
chrX	117077500	117291500	chrX_117077500	8	214000	0.0498785464400346	8	0.0498785464400346	3	523.084124443975	::N-B10::N3-1-5::N-B03::N-B04::B3-1-5::B-B04::B-A03::N-A03::	2
chrX	143483000	143697000	chrX_143483000	11	214000	3.85749620641159e-05	12	2.94080728854964e-06	2	1715.34108468555	::N-3-1::N-2-15::N3-1::N-B02::N3-11::N-2-23::N3-2-22::N3-6::N-A10::N-A08::N-B11::	9
chrX	151774300	151988300	chrX_151774300	13	214000	2.06950041699918e-07	13	2.06950041699918e-07	8	0.0498785464400346	::B-2-21::N3-7::N-B02::N3-1-11::B3-1-11::B-A08::N-A08::N-A12::B-A02::N-A02::N-B10::B-B10::B-B03::	5
