chr10	20150900	20359900	chr10_20150900	26	209000	0.000216800499754892	29	2.50305956364598e-06	28	1.14751652748354e-05	::N3-1-2::N-B11::N-A11::B3-1-15::B-B02::N-2-17::B3-2-36::B3-17::N3-1-15::N3-6::B-2-26::B3-6::B-1-2::N-1-2::N-A03::B3-18::B3-1-2::B3-1-3::N-B09::B-B09::B-A01::N-B02::N-2-26::N-B10::N-A01::N3-3::	19
chr10	67061200	67270200	chr10_67061200	26	209000	0.000216800499754892	34	7.59270567571077e-10	32	2.12896713004284e-08	::N-A08::N3-2-22::N-B08::B3-1-15::B3-2-2::B-B11::B3-1-2::N-2-17::B-2-17::B3-6::N3-1-5::N3-2-36::N-B11::N-A11::B-1-2::B-A03::N-1-2::N-B07::B-B07::N3-2-2::B3-3::N-A01::B-B09::N3-6::B-B10::B3-18::	20
chr10	108167700	108376700	chr10_108167700	27	209000	5.07933372190575e-05	43	6.01736831162716e-17	29	2.50305956364598e-06	::N-A01::N-B04::N-B09::N3-1-5::B3-1-15::B-A03::N-A08::N3-1-15::N-A03::N-1-2::B3-3::B-B11::B3-1-2::B3-2-22::B3-6::B-B10::N-B10::B3-1-3::B-2-17::N-B08::B-A08::B3-17::B-B09::N-B02::B-B04::B-2-9::N3-2-36::	20
chr11	3100500	3309500	chr11_3100500	23	209000	0.0133614680817708	34	7.59270567571077e-10	28	1.14751652748354e-05	::N3-1-2::N-2-26::N3-1-3::N3-18::N-A11::B-B07::N3-2-2::N-A03::B-B09::B-A03::B-2-17::B-B10::B3-2-36::N3-17::B-A08::N-A08::N-B04::B3-1-3::B-2-9::B-1-2::B3-3::B3-2-7::N3-2-7::	17
chr11	23161900	23370900	chr11_23161900	22	209000	0.0485815963946736	26	0.000216800499754892	24	0.00352170658801359	::B-B02::N3-2-2::N3-1-5::N3-2-36::B-B11::B-A01::N-A01::B3-c-32::B3-18::N-B08::N3-17::B-B09::B3-2-22::N3-6::N-B02::B-B07::N-A03::B3-6::B3-17::N-2-17::B-1-2::B3-c-10::	15
chr11	51585900	51794900	chr11_51585900	22	209000	0.0485815963946736	29	2.50305956364598e-06	25	0.000891093742656909	::N3-18::N-B09::B3-1-15::B-B02::B3-17::B-B09::B-A01::B3-6::B-B04::B-A08::N-B04::B-B10::N-1-2::N3-1-2::B3-18::N-B08::N3-2-36::B3-c-32::B3-2-36::B-A03::N-A01::N3-1-11::	14
chr11	54498900	54707900	chr11_54498900	24	209000	0.00352170658801359	35	1.37226742375607e-10	25	0.000891093742656909	::N3-1-15::N-A03::B-A03::N-B04::B3-2-22::B-1-2::N-A08::B3-1-15::B-A08::B-A11::N-A11::B-A01::B-2-17::B3-1-3::N3-1-11::B-B10::B3-6::B3-17::B-B04::N3-18::B3-2-2::B-B02::N3-1-2::B3-1-2::	19
chr11	69570500	69779500	chr11_69570500	22	209000	0.0485815963946736	33	4.08098735675219e-09	26	0.000216800499754892	::B3-1-2::B3-17::B3-1-15::N-1-2::N3-3::N3-1-11::B-B04::N3-1-2::N-B07::B-B07::B3-2-2::B3-2-36::B3-2-22::N-A08::B3-6::N-B02::N3-2-2::B3-1-11::N-B10::B-B02::B-B08::B-B10::	16
chr11	74671500	74880500	chr11_74671500	22	209000	0.0485815963946736	30	5.27788790964306e-07	23	0.0133614680817708	::N3-3::B-B02::B3-1-15::B3-1-2::B-A01::B-B04::N-B04::B-B10::B3-2-2::N3-1-5::B3-1-5::N-B07::N3-1-2::B-B07::N-B11::N-B02::B-1-2::N-A01::N-2-17::B3-18::B-B09::B3-2-22::	12
chr11	75593300	75802300	chr11_75593300	22	209000	0.0485815963946736	32	2.12896713004284e-08	30	5.27788790964306e-07	::B-1-2::N3-17::B-B02::B-B10::N-1-2::N3-3::N-B10::B-A11::B-A01::B3-2-22::N3-2-22::N-B04::N3-1-5::B3-c-32::N-A01::B3-6::N-A08::B3-3::N-B11::B-B11::N-B08::B3-2-36::	14
chr11	77512700	77721700	chr11_77512700	23	209000	0.0133614680817708	39	1.1130822493118e-13	29	2.50305956364598e-06	::B3-2-2::B3-3::B-B10::B3-1-15::N3-1-15::B-B02::N-B07::B3-2-36::B3-17::N3-17::N-1-2::B-A01::N-A11::B-A11::N3-3::B-B11::N-2-17::N-B08::B3-6::B3-18::B3-1-11::B3-c-10::N3-c-10::	24
chr11	79291500	79500500	chr11_79291500	24	209000	0.00352170658801359	42	4.09039093544613e-16	37	4.12244618265264e-12	::N-A03::N-B08::N3-1-2::B-1-2::B-A11::N-A11::B3-3::B-B11::B-A08::N3-1-5::N3-2-2::N-A01::N-B10::N3-3::B3-2-7::N-B07::B-B02::N3-1-11::B3-1-11::B3-1-3::B3-18::B-B09::B3-2-36::B3-c-10::	21
chr11	86575100	86784100	chr11_86575100	25	209000	0.000891093742656909	39	1.1130822493118e-13	32	2.12896713004284e-08	::N-B10::B-1-2::N-1-2::B3-17::B-A08::B3-1-2::N-A11::N3-2-36::N-B04::B-B02::N-2-17::B-B11::B-B10::B3-6::B3-2-7::N3-2-7::B3-2-2::B3-3::B3-1-3::N-B11::N3-3::N-2-26::B-2-26::B3-2-36::N-B09::	26
chr11	105552200	105761200	chr11_105552200	22	209000	0.0485815963946736	28	1.14751652748354e-05	26	0.000216800499754892	::B3-1-11::N-2-17::N3-2-22::B-1-2::B-B11::N3-1-2::B3-1-3::N3-18::B-B02::B-2-17::N-B04::B3-2-36::B-B10::B-B04::N3-6::B3-2-2::N3-2-2::B-B09::N3-1-5::N3-1-11::B3-2-7::B3-3::	19
chr11	106775900	106984900	chr11_106775900	25	209000	0.000891093742656909	37	4.12244618265264e-12	30	5.27788790964306e-07	::N3-2-36::B3-2-22::N-B07::N3-6::B3-6::N-B04::B3-1-11::N-2-26::B-2-26::B3-2-36::B-B11::B3-2-2::B-B04::B3-1-5::N3-1-5::B-A01::B-B02::N3-c-10::B3-c-10::B3-3::B3-17::N3-2-22::N3-17::B3-1-2::N3-1-2::	20
chr12	51629900	51838900	chr12_51629900	24	209000	0.00352170658801359	29	2.50305956364598e-06	29	2.50305956364598e-06	::B-B02::B-B09::N3-1-5::B-1-2::B3-2-22::B3-1-5::B3-6::N3-3::N-A11::B3-1-15::B-2-9::B3-c-10::N-B11::B-A03::B3-2-2::B3-18::N-B07::N3-6::N3-c-10::N3-1-3::B-B10::B3-1-2::N-1-2::B3-3::	19
chr13	13957400	14166400	chr13_13957400	22	209000	0.0485815963946736	26	0.000216800499754892	23	0.0133614680817708	::B3-2-36::B-B09::B-B10::B-A08::B-1-2::B-A01::N3-1-15::N3-17::N3-18::B-B02::N-B02::N-B11::N3-3::N-B04::N-A01::N3-2-36::B3-2-22::N-B10::B-2-26::N3-1-2::B-B11::B-B04::	14
chr13	24040300	24249300	chr13_24040300	23	209000	0.0133614680817708	33	4.08098735675219e-09	26	0.000216800499754892	::N3-1-2::B-A03::B3-1-15::B-A08::N3-1-15::N-A08::N-A03::N3-17::N-B11::N-2-17::B-2-17::B3-2-22::N3-2-22::B-B02::N3-1-3::B3-1-3::B3-17::B-A11::N-B08::B3-2-7::N3-6::B-2-9::N-2-26::	19
chr13	43286000	43495000	chr13_43286000	23	209000	0.0133614680817708	28	1.14751652748354e-05	24	0.00352170658801359	::B-B10::B3-2-22::N3-6::N-2-9::B-B04::N3-1-3::B-A03::N3-1-5::N-B10::N-B09::B-2-17::N-A11::B3-1-5::B3-17::B-B02::B3-6::N3-1-2::N3-1-15::N-B07::N-A03::N-A08::B3-1-3::B-B09::	15
chr13	103701200	103910200	chr13_103701200	26	209000	0.000216800499754892	40	1.76026274945807e-14	29	2.50305956364598e-06	::B-1-2::B3-1-15::B3-2-22::B-A08::B-A03::N3-2-7::N3-c-10::B3-2-7::N-B11::N-B02::B-B09::N3-1-2::B-B10::B3-2-36::N3-1-15::N-A03::N3-6::B-2-9::B3-17::B-B11::N-B08::B-B08::B3-3::N-B09::N-B04::B3-6::	13
chr14	19288700	19497700	chr14_19288700	33	209000	4.08098735675219e-09	49	3.82921538282714e-22	26	0.000216800499754892	::B-A08::N-B09::B-B02::B3-6::N-A03::N-A01::N3-6::N3-1-3::N3-3::N3-2-36::B3-2-36::N3-1-15::N3-18::N3-1-5::N-B11::N3-2-22::B3-2-2::N3-17::N3-1-11::B-B04::N-2-17::N-B02::N-2-9::B-B11::N-B10::B3-3::N-1-2::B3-17::N-B04::N-B08::N-B07::N-A08::N3-2-7::	35
chr14	30973900	31182900	chr14_30973900	25	209000	0.000891093742656909	35	1.37226742375607e-10	29	2.50305956364598e-06	::B3-1-11::B3-17::B-B09::N-B04::B3-c-10::N-A01::N3-1-5::N-2-17::N3-1-3::B3-1-3::N-B11::B-B11::B3-1-2::N-B02::B-B07::N-B07::N-B10::N3-c-10::B-B10::B-A08::B3-6::N3-1-2::N-A11::N3-3::B3-2-2::	17
chr14	73159100	73368100	chr14_73159100	25	209000	0.000891093742656909	53	8.72431490179188e-26	36	2.41127357023067e-11	::N-2-17::N-B09::N-A01::N3-1-15::B3-1-15::N-B02::B-B11::B-A08::N-B11::B-A03::N-A03::N-A08::B-B02::B3-3::N3-2-7::B3-2-22::B-A01::B3-c-10::N3-c-10::B-B04::N-B04::B-A11::B-B07::N3-1-5::B3-1-5::	43
chr15	8245400	8454400	chr15_8245400	26	209000	0.000216800499754892	32	2.12896713004284e-08	31	1.07698263684716e-07	::B-B07::N-A08::B-B10::B3-2-2::B-B04::B3-18::B-A08::N3-c-32::B3-2-36::N-B04::N-B08::B-2-17::N-2-17::B-B02::B3-1-11::B3-c-10::B-1-2::B-B08::N-A11::B-2-26::N3-6::B3-17::N3-2-36::B-B11::B-A11::B3-6::	23
chr15	12137500	12346500	chr15_12137500	23	209000	0.0133614680817708	30	5.27788790964306e-07	26	0.000216800499754892	::N-B02::N-B04::N-B08::N-B09::N3-1-3::N3-1-11::N-A11::B3-2-36::B-B02::B-A08::B-B07::N-B07::B3-6::B-B11::B-1-2::N-2-26::B3-2-2::N-A01::B-A01::N3-2-22::B3-1-5::B3-3::N-1-2::	19
chr15	77086600	77295600	chr15_77086600	30	209000	5.27788790964306e-07	41	2.71583808815606e-15	31	1.07698263684716e-07	::B-B10::B-1-2::B3-2-2::N3-17::B3-1-5::B3-2-7::N3-2-7::B-B04::B3-3::B-A11::N-B07::N-B08::B-B08::N3-1-2::B-B07::B3-1-2::B-A03::N-B02::N3-1-15::N-A08::B3-2-36::B3-6::N-B11::B3-1-15::N3-6::N-1-2::N3-1-5::B3-2-22::B-A08::N-A03::	20
chr15	80719000	80928000	chr15_80719000	29	209000	2.50305956364598e-06	52	7.30965651366216e-25	43	6.01736831162716e-17	::N-B04::N-B10::N-B09::B3-1-2::B3-17::B-B11::B3-1-3::N3-1-3::B3-6::N-B08::N3-17::B3-1-11::B-A03::N3-6::B-A11::N-A11::N-1-2::N3-1-5::N3-1-2::B-A08::B3-2-22::B-B04::B3-1-5::B-B07::B-1-2::N3-2-22::B-B08::N-A01::B-B10::	25
chr15	96275000	96484000	chr15_96275000	23	209000	0.0133614680817708	36	2.41127357023067e-11	32	2.12896713004284e-08	::B3-17::B-1-2::B-A08::N3-1-5::N3-18::N3-6::B3-18::N3-2-22::B3-2-36::B-2-26::B-B02::N3-2-36::N-1-2::N-B04::B3-3::B-2-17::B-B04::N-A08::B3-c-32::B3-6::B-B11::B3-1-11::N-B02::	23
chr15	99874200	100083200	chr15_99874200	23	209000	0.0133614680817708	28	1.14751652748354e-05	26	0.000216800499754892	::N-1-2::B3-1-11::N3-2-36::N-B02::N3-2-2::N-B11::N3-1-5::N-A08::B3-1-15::N3-1-15::N-2-17::N-B10::B3-2-2::B-2-17::N-B07::B-A11::B-B07::B-B09::B3-6::B3-2-22::N-A11::B-A01::B-A08::	11
chr16	10928300	11137300	chr16_10928300	23	209000	0.0133614680817708	24	0.00352170658801359	23	0.0133614680817708	::N-B11::B3-2-36::B-B10::B3-1-11::B3-3::B-B09::N3-c-10::B-B02::N-2-26::B-2-26::B3-2-22::N3-2-36::N3-18::B-1-2::N3-2-22::B-B11::B3-c-10::B3-1-3::N3-1-5::N3-2-2::B3-1-15::B-B07::N3-1-2::	10
chr16	38098000	38307000	chr16_38098000	22	209000	0.0485815963946736	32	2.12896713004284e-08	30	5.27788790964306e-07	::N3-6::B-A11::B-B10::B-B04::B3-18::N3-2-7::B-B07::N3-2-22::B-A08::B-B09::B-B02::B-1-2::N-1-2::N-A08::N-2-17::N3-1-15::N-B07::B-B08::N-B04::B3-6::N-A11::N3-18::	15
chr16	94443900	94652900	chr16_94443900	25	209000	0.000891093742656909	29	2.50305956364598e-06	25	0.000891093742656909	::B3-2-36::B-B02::B-B10::B-B09::N3-6::B-A08::N-B09::B3-1-3::N-B07::B3-6::B-A01::N-A01::N3-2-22::N3-1-5::B-B07::B-1-2::N-1-2::N-B08::B3-2-2::N3-2-2::N-B04::B-A11::N-A11::N-B02::N-B10::	20
chr17	5075900	5284900	chr17_5075900	28	209000	1.14751652748354e-05	41	2.71583808815606e-15	34	7.59270567571077e-10	::N-B08::B-B02::N3-17::B-B08::B3-2-36::B-A11::N-A11::N-B09::B-B09::N3-6::B3-6::B3-17::N3-1-3::B3-18::B-1-2::N-2-17::B-A08::N3-1-15::N-A01::B-B07::N-B07::B3-3::N3-3::N-B11::B-B11::N-A08::B3-1-3::N3-1-2::	16
chr17	13767500	13976500	chr17_13767500	24	209000	0.00352170658801359	30	5.27788790964306e-07	25	0.000891093742656909	::B-A08::N-B02::N3-1-3::B3-17::B3-1-3::B3-1-2::B3-2-36::B-2-17::N-2-17::B-2-9::N-2-9::N3-2-2::B3-6::B-1-2::B-B07::B3-2-2::N3-1-11::B-B09::B-B11::N-B11::B-B08::N-1-2::N-B04::B-B02::	15
chr17	30006400	30215400	chr17_30006400	24	209000	0.00352170658801359	37	4.12244618265264e-12	31	1.07698263684716e-07	::B-B02::N3-1-5::N-A08::B3-17::B-B10::B-B11::N-A11::N-2-17::B3-1-3::N3-1-3::N-B07::N-A01::N-B04::N3-18::B3-3::B3-1-11::B-2-17::B3-2-2::B3-2-7::B-B04::B-2-26::B3-1-5::N3-3::B3-1-2::	20
chr17	32154600	32363600	chr17_32154600	25	209000	0.000891093742656909	36	2.41127357023067e-11	32	2.12896713004284e-08	::B3-3::N3-1-15::N3-1-11::B-A08::B-1-2::N3-c-10::N-B10::N-A01::B3-17::B-B07::B-A03::B-B02::B3-1-2::N3-1-2::N-B08::B-2-17::N-2-17::N-B09::N3-1-5::B3-6::N3-6::N3-3::N3-2-2::B3-1-11::N-1-2::	20
chr18	4940400	5149400	chr18_4940400	23	209000	0.0133614680817708	32	2.12896713004284e-08	27	5.07933372190575e-05	::B-B11::B-A08::B-B10::B-1-2::N-A03::N3-17::N-A01::N-B08::B-B02::N-B10::B3-3::N3-1-5::N3-2-22::N-2-9::B-B04::B-A03::N3-2-7::B3-17::B-B07::N3-1-15::B3-1-15::B3-2-22::N-B04::	19
chr18	9314400	9523400	chr18_9314400	22	209000	0.0485815963946736	25	0.000891093742656909	18	5.32667772818618	::N3-1-5::N-B08::N-B07::N3-1-2::B3-1-2::B-B07::B3-2-22::N-1-2::N-A03::N-A01::B-A08::B-1-2::B3-c-10::B3-17::B-B09::B-B04::B3-3::N3-3::B-A01::N-2-17::B-B11::N3-6::	15
chr18	9972400	10181400	chr18_9972400	25	209000	0.000891093742656909	29	2.50305956364598e-06	24	0.00352170658801359	::B-B10::N-B02::B-A03::N-A01::B3-2-7::N3-2-7::N-A11::B-B04::B-A08::B3-2-22::N3-3::B3-3::B-B02::N-B11::B-B11::N3-2-2::N3-1-5::N3-2-22::N-B08::N3-1-2::B3-18::N-1-2::B-1-2::N3-1-3::N-2-17::	10
chr18	35067100	35276100	chr18_35067100	23	209000	0.0133614680817708	33	4.08098735675219e-09	25	0.000891093742656909	::B-A08::B-B04::N3-17::B3-17::B3-6::N3-18::B3-18::B-A01::N-A01::B-B09::N-A11::N3-1-5::N-A08::B-1-2::N-B10::B3-2-2::N3-2-22::B-B10::B-B07::N-1-2::N-B02::B3-1-5::B-B02::	14
chr19	11797200	12006200	chr19_11797200	23	209000	0.0133614680817708	29	2.50305956364598e-06	23	0.0133614680817708	::B-B02::B3-1-15::B3-3::N3-3::N3-1-3::N3-2-36::B3-2-36::B-B10::N-A11::B-A01::B-B04::B3-1-5::N3-6::N3-1-5::N-B04::B3-6::B-2-9::N-2-9::B-B07::N-B02::B-1-2::B-A08::N-A08::	17
chr19	16136600	16345600	chr19_16136600	29	209000	2.50305956364598e-06	41	2.71583808815606e-15	37	4.12244618265264e-12	::B3-3::N-A01::N-2-9::B-A01::N-B07::N-B10::B-B07::N3-1-2::N-B04::N3-18::N3-2-7::B-A11::B3-17::N-B09::B-B11::B3-6::B3-2-22::B-B02::B-B04::N3-1-15::B3-18::B-A08::B-B09::B3-1-2::N-B02::B3-2-36::B-2-9::B-1-2::N3-1-5::	20
chr2	18054900	18263900	chr2_18054900	28	209000	1.14751652748354e-05	43	6.01736831162716e-17	36	2.41127357023067e-11	::B-B07::B3-6::N3-2-36::B3-2-2::N-B04::N-A11::B-B02::B3-3::B-B11::N-A01::B-B10::N3-1-5::N-2-17::B-2-17::N-A03::N3-6::N-B08::B3-17::B-A01::N3-18::B3-1-11::B3-1-2::N-B07::N3-1-2::B3-2-36::N-B02::B3-1-3::B3-1-15::	21
chr2	31579900	31788900	chr2_31579900	22	209000	0.0485815963946736	31	1.07698263684716e-07	25	0.000891093742656909	::N3-17::B-B09::N-B09::N3-1-11::B3-1-11::N-B08::N3-2-36::B3-2-36::N3-1-2::B-A01::N-A01::B-B10::B-B02::N3-3::N-B02::B3-17::B-1-2::B3-2-22::N3-2-22::N-B10::B3-3::N-2-9::	11
chr2	49456000	49665000	chr2_49456000	23	209000	0.0133614680817708	34	7.59270567571077e-10	31	1.07698263684716e-07	::B-B02::B3-c-10::N3-2-22::N-B04::B-A11::N-A11::B-2-26::B3-18::N3-2-7::B3-2-22::N3-1-3::N-A01::B-A01::B-B08::N-B08::B-B11::B-B10::N3-1-15::N3-1-2::N-B10::B3-3::B-A08::N3-1-5::	19
chr2	98461100	98670100	chr2_98461100	50	209000	4.84451186043793e-23	330	0	31	1.07698263684716e-07	::B3-17::B3-2-36::B-1-2::N3-2-36::N-A08::B-A08::N3-2-2::N-1-2::N-A01::N-B07::N3-6::N-B10::N-2-26::N-A11::N-B04::N-B09::N-B08::N-B11::N3-2-7::N-A03::N3-1-11::N3-18::N3-1-15::N3-17::N3-1-3::N-2-17::N3-1-5::N-2-9::N-B02::B-B02::N3-2-22::N3-1-2::B3-1-11::B3-2-7::B3-6::B3-2-2::B3-1-2::N3-3::B-B07::B-B11::B-B10::B3-1-3::B3-2-22::B-A01::B-B08::B3-1-5::B-B04::N3-c-10::B3-1-15::B-A11::	157
chr2	121859900	122068900	chr2_121859900	22	209000	0.0485815963946736	28	1.14751652748354e-05	24	0.00352170658801359	::N-2-26::B3-c-32::B-B11::B3-2-36::B3-1-3::B-B07::B3-3::B3-c-10::N3-c-10::N-B04::B3-18::N3-18::B3-1-2::N3-1-2::B3-2-22::B-B04::B-A03::B-A08::N3-2-36::B3-1-5::B-2-17::B-2-9::	11
chr2	154669100	154878100	chr2_154669100	24	209000	0.00352170658801359	32	2.12896713004284e-08	31	1.07698263684716e-07	::N3-3::B-A11::N-B10::B-2-9::N-B02::N3-18::B3-2-36::B-B10::B-B09::B3-18::B3-1-11::B-A03::B-A01::N-B04::B3-2-7::B-B04::B-B02::N3-2-22::N-B08::N3-1-5::N-2-9::N3-1-11::B3-c-10::B3-6::	17
chr2	160607900	160816900	chr2_160607900	22	209000	0.0485815963946736	29	2.50305956364598e-06	25	0.000891093742656909	::B-1-2::N-B09::B3-2-2::B-B02::N-A01::N-2-17::N-B04::N-B08::B-B10::B3-1-11::B3-2-36::B3-1-5::N-A08::N-1-2::B-B07::N3-2-2::N3-17::N-A11::B-A11::N3-6::N3-2-36::N3-1-3::	15
chr2	163443000	163652000	chr2_163443000	24	209000	0.00352170658801359	31	1.07698263684716e-07	16	40.7340303611193	::B3-6::B3-2-36::B-B07::N-A11::N3-2-2::B3-1-11::N-1-2::B3-2-22::N-B08::N-B09::B-B02::B3-2-7::B-B04::B-B09::B3-1-2::B-B10::B-B08::B-A08::B-1-2::B3-2-2::B-B11::B3-3::B-A11::B3-1-3::	10
chr3	51259000	51468000	chr3_51259000	24	209000	0.00352170658801359	36	2.41127357023067e-11	32	2.12896713004284e-08	::B3-17::B-B10::N3-1-2::N3-1-15::N3-18::B-B07::B3-1-2::N-B07::N-B04::B-B04::N3-1-5::B3-18::N-2-17::B3-1-11::B-B08::N3-3::B3-1-5::B-1-2::B-B02::B3-3::N-1-2::B-2-9::B-2-26::N3-1-3::	15
chr3	68997900	69206900	chr3_68997900	23	209000	0.0133614680817708	37	4.12244618265264e-12	32	2.12896713004284e-08	::N3-2-2::B-B09::B3-3::N-B10::B-B10::B-1-2::B3-1-2::B-A08::N-B07::B-B02::B-2-17::N-A08::B3-c-10::B-B04::B3-1-3::B3-6::N-B09::N-B08::B-A01::N3-18::B-B08::N-2-17::N-A01::	19
chr3	88852400	89061400	chr3_88852400	24	209000	0.00352170658801359	34	7.59270567571077e-10	27	5.07933372190575e-05	::N-1-2::B3-1-15::B-B02::B-B07::B3-18::B-B08::B3-6::B-B10::N3-18::N3-1-2::B3-1-2::N-B08::B-B09::B3-2-36::N-B02::N3-1-3::B3-1-3::B3-1-11::N3-1-11::B-A08::B3-3::N3-6::B3-17::N-B07::	15
chr3	103168700	103377700	chr3_103168700	22	209000	0.0485815963946736	32	2.12896713004284e-08	29	2.50305956364598e-06	::N3-1-15::N-B04::N3-2-22::N3-18::B3-2-2::B-B09::N3-3::B-B10::B3-3::B-1-2::B3-6::B3-1-5::N3-1-11::B-B07::B-2-17::N-2-9::B-A11::N-A11::B-A08::B-2-9::N-B07::N-A08::	20
chr4	130647100	130856100	chr4_130647100	25	209000	0.000891093742656909	31	1.07698263684716e-07	24	0.00352170658801359	::N3-17::B-B02::N-B10::B-B10::B-B07::N-A01::B3-17::N3-1-2::N-A08::B-A08::B3-2-36::N-B02::B-2-9::B3-1-11::B-1-2::N-B07::N-A11::N-B09::B-B09::B3-2-22::N3-2-22::N3-1-5::B3-1-5::N-B04::B3-18::	12
chr4	138040400	138249400	chr4_138040400	22	209000	0.0485815963946736	28	1.14751652748354e-05	26	0.000216800499754892	::B-2-9::N-B08::N-A11::B3-1-5::N-A08::N-A01::B3-2-36::B3-1-3::N-B10::B-B09::B-B02::B-1-2::B-B11::N-B07::N3-2-36::N3-1-3::B-B08::B3-18::N3-18::B-A08::N3-17::N-B04::	14
chr5	25291800	25500800	chr5_25291800	39	209000	1.1130822493118e-13	142	2.7532704856263e-130	98	4.43861642799063e-74	::N3-2-7::B3-1-2::B-1-2::N3-2-2::B3-2-2::B-2-9::N-2-17::N3-1-3::B-2-17::N3-1-15::B3-1-15::B3-2-36::B3-2-7::B-B02::N-B02::N-2-9::N-A03::B-B10::B-B07::B-A08::B-A03::N-A08::B-B08::B3-18::B3-1-11::N3-1-11::B-B09::B-A11::N3-1-2::N-B07::N-B10::B3-1-3::B3-2-22::N3-2-22::N-B08::B3-17::N3-1-5::B3-6::N3-2-36::	92
chr5	65472000	65681000	chr5_65472000	22	209000	0.0485815963946736	34	7.59270567571077e-10	27	5.07933372190575e-05	::B-B02::N-A03::B-B10::N3-2-36::B-1-2::N-A11::N-A01::B3-2-36::N3-1-3::N3-1-11::N3-1-5::B-A11::B3-1-3::B3-1-11::B3-6::N3-6::B3-18::N3-18::N-B02::B-B07::B-B09::N3-2-22::	24
chr5	121606400	121815400	chr5_121606400	22	209000	0.0485815963946736	26	0.000216800499754892	21	0.168960127877126	::B3-2-22::N3-17::N-B02::N-2-26::B3-c-10::N-1-2::B-1-2::B3-6::B-B09::N-B08::N3-c-32::N3-2-36::B3-2-36::B3-3::B-B10::B3-17::B-B11::B-A08::N-A08::B3-2-2::B3-1-5::N3-2-22::	10
chr5	122292600	122501600	chr5_122292600	25	209000	0.000891093742656909	36	2.41127357023067e-11	28	1.14751652748354e-05	::N3-1-2::N3-1-3::N-B08::N3-2-2::B-B04::B-B10::B-A11::N-A11::N-B02::B-A08::B-A03::B3-1-15::N-A08::N3-1-15::N-A03::B3-2-36::N-B09::B3-1-3::B-A01::N-A01::B-B02::N-1-2::B3-3::B3-6::B-B09::	23
chr5	136371500	136580500	chr5_136371500	22	209000	0.0485815963946736	26	0.000216800499754892	24	0.00352170658801359	::N3-1-2::B3-18::B-A01::B3-2-22::B-B10::B-1-2::B3-17::N-2-9::B-B02::N3-1-5::B3-1-3::B3-3::N3-2-22::N3-1-11::B-2-26::B-2-9::N-A01::N3-6::N-B04::N3-18::B-B09::N3-2-7::	13
chr6	47333800	47542800	chr6_47333800	24	209000	0.00352170658801359	29	2.50305956364598e-06	24	0.00352170658801359	::B3-3::N-1-2::N-A01::B-B02::N3-6::B3-1-15::N-B04::N3-3::B3-1-2::B-2-9::B-A01::B3-1-11::B-B04::N-2-17::B-B10::B-A08::N3-1-5::N-B07::B3-1-5::N-A03::N3-1-3::N-B10::B3-6::B-B09::	9
chr6	83820400	84029400	chr6_83820400	24	209000	0.00352170658801359	28	1.14751652748354e-05	27	5.07933372190575e-05	::B-B04::N3-17::N-B07::N3-18::N-B08::B3-1-11::B3-2-36::N-2-17::N-2-26::N3-1-15::B-A08::N3-2-7::B-A01::B3-17::N-B04::B3-1-2::B-1-2::N-A01::B-B09::B-B10::N3-2-36::B3-c-10::N-2-9::B-2-9::	14
chr6	112970900	113179900	chr6_112970900	23	209000	0.0133614680817708	30	5.27788790964306e-07	26	0.000216800499754892	::B-B09::B3-2-22::N3-18::B-B10::N3-1-15::B-B02::N3-2-2::B-1-2::N-B11::B-B04::B-A11::N-1-2::N3-2-7::B-B11::N-A03::N-2-17::B-A08::B-B07::N-B08::B-B08::B-A03::B3-1-11::B3-18::	16
chr6	134040500	134249500	chr6_134040500	22	209000	0.0485815963946736	23	0.0133614680817708	19	1.7734259296824	::N-A03::B-B09::B3-2-22::N3-2-22::N-A08::B3-1-3::B-2-9::B-B11::N3-1-5::B3-1-5::B-B04::B-A08::B-B02::B3-3::N-A01::B3-18::B3-6::N-B04::N-1-2::B-A01::N-2-17::N-B02::	10
chr7	67171300	67380300	chr7_67171300	22	209000	0.0485815963946736	25	0.000891093742656909	18	5.32667772818618	::N3-1-15::N-B04::N3-1-5::B-B09::B-B07::N3-3::N3-17::B-A03::N-A01::B-B04::B-A11::N-A11::B-2-26::B3-6::B3-17::B3-1-15::B-A08::N-A03::N-A08::N-B08::B3-2-36::N-B09::	16
chr7	90020100	90229100	chr7_90020100	22	209000	0.0485815963946736	32	2.12896713004284e-08	30	5.27788790964306e-07	::B-B09::N3-1-15::B-1-2::B-B02::B3-17::N-B09::B-A08::N-1-2::N-B02::B-B07::N3-c-32::N-A11::B3-6::B-A03::N3-2-2::B-B10::N-A01::B-A01::B-A11::B3-2-36::N3-6::B3-1-11::	14
chr7	121631200	121840200	chr7_121631200	32	209000	2.12896713004284e-08	43	6.01736831162716e-17	17	15.1571899876496	::B-B07::N3-18::B-B10::B3-2-22::N-2-17::N-B09::N-1-2::N3-2-36::N3-1-11::N-B04::B-2-9::B3-2-36::B3-c-32::B-B04::N3-1-15::N3-2-22::N3-1-2::N-A11::N3-6::N-B07::N-B08::N-2-9::N-2-26::N-B11::N3-2-7::N-B02::N-B10::N3-c-10::N3-3::N3-1-3::N3-1-5::N3-17::	36
chr7	136195200	136404200	chr7_136195200	35	209000	1.37226742375607e-10	41	2.71583808815606e-15	12	1111.21752172977	::N-2-17::N3-1-15::N3-6::B-B04::N-B07::B-2-17::B3-18::B3-6::B-B09::N3-c-10::N-B11::N3-2-36::N-A08::N-2-9::N-2-26::N-B04::N3-17::N-B09::N-A11::N-B02::N3-1-11::N3-1-5::N-A01::N3-1-3::N-1-2::N3-2-7::N3-2-2::N3-c-32::N-A03::N-B10::N3-3::N-B08::N3-1-2::N3-2-22::N3-18::	34
chr8	109669800	109878800	chr8_109669800	26	209000	0.000216800499754892	42	4.09039093544613e-16	35	1.37226742375607e-10	::B-2-9::N3-17::B3-c-10::N-B08::B-B10::N-B10::N3-18::B3-1-3::B3-1-2::N-B07::N3-1-11::N-B11::N3-1-5::B3-2-36::B-B07::N3-1-2::N-2-17::B-2-17::B-B02::N3-2-36::B3-c-32::B3-2-7::B3-18::B3-17::B3-2-2::B3-2-22::	22
chr8	117272200	117481200	chr8_117272200	22	209000	0.0485815963946736	31	1.07698263684716e-07	27	5.07933372190575e-05	::N-A01::B-B04::B3-17::B-1-2::B-B07::N-B10::B3-1-11::B-2-17::N-2-17::N-B09::N-A11::N-1-2::B3-1-3::N3-1-5::N-B04::B3-1-5::B-B02::N-2-26::B3-2-22::B-A08::N-B08::B3-18::	14
chr9	3000100	3209100	chr9_3000100	33	209000	4.08098735675219e-09	60	1.81657099602092e-32	19	1.7734259296824	::N-A08::N-B08::B-B02::N-B07::N-2-17::N3-18::N3-6::B-B11::N-B11::N-A11::N3-2-22::N-A01::N-B04::N-2-26::N3-2-7::N3-1-3::N-B10::N3-1-15::N3-17::N3-2-2::N3-1-5::B-B10::N-B02::B3-17::B3-2-22::B-A08::N3-2-36::N3-1-2::B-B09::N-A03::B-2-17::N-B09::N3-1-11::	27
chr9	21497100	21706100	chr9_21497100	24	209000	0.00352170658801359	34	7.59270567571077e-10	30	5.27788790964306e-07	::N-B07::N-2-9::B-2-9::N-B04::B-B07::N3-18::N3-2-36::B-B04::B3-3::B-A08::B3-1-15::N-2-17::B3-1-2::B3-18::N-1-2::B-1-2::B-B02::N-A08::B-B10::N3-2-7::N-B02::N-B09::B-B08::B3-17::	16
chr9	35102200	35311200	chr9_35102200	25	209000	0.000891093742656909	30	5.27788790964306e-07	21	0.168960127877126	::B-B10::B3-1-11::N-B09::B-1-2::N-1-2::B3-2-36::B-A03::B-A08::B3-2-22::B3-3::N3-1-2::B3-c-32::B-2-9::B3-17::B3-1-15::B-B11::N3-1-11::N3-1-3::N3-18::N3-1-15::N-B04::N-B11::N-B07::N3-1-5::N-A11::	15
chr9	66380100	66589100	chr9_66380100	24	209000	0.00352170658801359	32	2.12896713004284e-08	30	5.27788790964306e-07	::N3-2-36::B3-3::N-B08::B-B07::N-B07::B3-17::B3-2-36::B-B10::B3-18::B3-2-22::N3-18::N3-17::B-2-17::N-B04::B-A01::B-A08::B-B09::B3-1-2::B-1-2::N-1-2::N-2-17::N3-c-10::N-B10::N-A11::	19
chr9	70366700	70575700	chr9_70366700	29	209000	2.50305956364598e-06	36	2.41127357023067e-11	34	7.59270567571077e-10	::B3-2-2::B-B07::B-B02::N-B02::N3-2-2::B3-2-36::B-1-2::N3-1-3::N3-1-11::N-A11::B-B09::B3-6::B3-1-3::N-1-2::B-A01::B3-3::B3-1-5::B-B10::B-A08::B-A11::N-A03::B3-1-11::N3-1-5::B-B04::N-B07::N-B11::B3-2-22::N-B09::N3-17::	20
chr9	71881400	72090400	chr9_71881400	29	209000	2.50305956364598e-06	49	3.82921538282714e-22	42	4.09039093544613e-16	::N-B11::B3-1-2::N3-1-2::B-B10::B-A11::N-B08::B-A01::N-B09::B-B08::N3-18::B3-17::N-A11::B-2-17::N3-2-36::B3-2-36::N3-c-32::B-B02::B3-18::B3-6::N3-1-11::N-B10::N-B04::N-2-17::B3-c-10::N3-17::B-B11::N3-1-3::B3-1-3::B-1-2::	33
chr9	72535200	72744200	chr9_72535200	25	209000	0.000891093742656909	32	2.12896713004284e-08	27	5.07933372190575e-05	::B3-17::B-B10::B-B02::N-B08::N-1-2::B3-6::B-2-9::N3-2-2::B3-2-2::N3-2-7::N-A01::N-B10::N-2-26::N3-18::N3-1-11::B-A08::B3-2-22::B3-1-2::B3-2-36::N3-2-36::N3-6::N-B02::B3-3::N3-3::N-A08::	20
chr9	100654100	100863100	chr9_100654100	23	209000	0.0133614680817708	26	0.000216800499754892	24	0.00352170658801359	::N-B10::B3-17::B-2-9::N-A01::N3-1-3::B-B11::B3-1-15::N3-2-7::B3-1-3::N3-17::N-A08::N-B09::B3-3::B3-c-10::B-B09::N-1-2::B-A11::B-1-2::B3-1-2::B3-2-36::N3-2-22::N3-1-2::N-2-17::	12
chr9	107659900	107868900	chr9_107659900	26	209000	0.000216800499754892	35	1.37226742375607e-10	30	5.27788790964306e-07	::N-B07::B-B09::N3-1-5::N3-18::B3-2-2::N-2-17::N-A01::B-1-2::N-B02::B-B02::B3-17::N3-17::B-B10::B3-3::B3-1-5::N3-c-10::N-B04::N3-3::B-A01::N3-2-36::B3-6::B-A08::B3-1-15::N-B11::B-2-9::B3-18::	18
chrUn_GL456390	0	209000	chrUn_GL456390_0	38	209000	6.8624885220209e-13	80	2.22281931140874e-53	58	1.6070713988461e-30	::B3-18::N3-6::N3-1-2::N3-2-7::N3-1-3::B3-3::N-2-17::N3-2-2::N3-17::N-B09::N-A03::N3-1-15::N3-3::N-B08::N-B04::N-A08::N-A01::N-B10::N3-1-11::B-1-2::N3-2-22::N3-2-36::N3-18::N-B11::N-B02::B-A08::N3-1-5::B3-2-7::B-B02::B3-17::N-A11::B3-6::B-A03::B3-2-22::B-B11::N-2-26::B3-1-2::B-B04::	47
chrUn_GL456393	1400	210400	chrUn_GL456393_1400	32	209000	2.12896713004284e-08	52	7.30965651366216e-25	41	2.71583808815606e-15	::N3-2-36::N3-18::N-2-17::N3-1-3::N-B11::N-B02::N3-1-2::N3-2-2::B-A08::N3-1-15::N3-1-5::B-1-2::N3-6::B3-2-7::N-B10::N-B08::B-B02::B3-3::N-A03::B3-17::N-A11::B3-6::N-A01::B-A03::B3-2-22::B-B11::N-2-26::N-B09::B3-1-2::B-B04::N-A08::N3-17::	27
chrUn_JH584304	1500	210500	chrUn_JH584304_1500	24	209000	0.00352170658801359	32	2.12896713004284e-08	29	2.50305956364598e-06	::B-B02::B3-3::N-A03::B3-17::N-A11::B3-6::N-A01::B-A03::B3-2-22::N3-18::B-B11::N-B08::N-B11::N-2-26::N-B09::B3-1-2::B-A08::B-B04::B-1-2::N3-1-3::N-A08::N3-17::N-2-17::N3-1-2::	15
chrX	18123700	18332700	chrX_18123700	28	209000	1.14751652748354e-05	63	1.92983865269263e-35	49	3.82921538282714e-22	::N-B04::N3-3::B3-1-11::B-B07::N-A01::B3-2-36::B-A08::N-B09::B-B09::B-1-2::N3-2-7::B3-2-7::B-B10::N-B10::B-B04::B3-17::N-1-2::B-2-26::N3-1-2::B-A11::N-A11::N-2-17::B-2-17::N3-17::N-B08::B3-3::N3-1-5::B3-1-2::	26
