chr10	7576800	7834800	chr10_7576800	41	258000	0.00732342522573985	55	1.08297605209082e-09	48	4.67533335969976e-06	::N3-1-5::B3-2-21::N-A10::N3-13::B-A08::B3-1-2::N-A07::B-A03::B3-2::N3-2-21::B-2-27::B-2-15::B-A12::N-A12::B-B10::N-3-1::B3-6::B-B02::B3-1::B-2-9::N-B03::N-B08::B-1-2::B-2-25::N-1-7::N3-7::N-2-15::B3-13::B-B07::B3-3::B3-2-22::B-2-17::B3-1-15::N-A04::N3-10::N-2-21::N3-1-2::B3-7::N-A01::B-2-14::N-B05::	34
chr10	20150900	20408900	chr10_20150900	43	258000	0.00100168952558999	49	1.49963240263663e-06	44	0.000357806947873268	::N3-1-2::N-2-15::N-B11::B3-11::N-A11::B3-7::B3-1-15::B-2-25::B-B02::N-2-17::B3-2-36::N3-1-15::N3-6::B-2-26::B3-6::B-1-2::N-1-2::N-3-1::N-A03::B-2-21::N3-1::B3-1-2::B-2-15::B3-1-3::N-B09::N3-19::B-B09::B-1-7::B-A01::N-2-21::N-A02::N-1-6::N-B02::N-2-26::N-2-25::N-B10::B3-2-21::N-A01::N3-13::B-A10::N3-3::B3-1::B3-2-22::	31
chr10	58248900	58506900	chr10_58248900	39	258000	0.0486207297475521	49	1.49963240263663e-06	45	0.000124969654473924	::N3-1-15::B3-1-5::B3-1-13::B-2-21::N-2-23::B3-1-11::N-B08::N3-1-2::B3-3::B-B03::B3-6::N-B09::B-3-4::B-1-7::B-A10::B3-1::B-A02::B-B05::B-B02::N-A03::N-2-17::N-B05::N3-19::B-B10::B-2-27::N3-21::N3-6::B-2-25::N3-2-36::N-B04::N-2-21::N-1-6::B-B04::N-1-2::B-A12::B-A07::B3-2-21::N-B02::N-2-27::	21
chr10	67036100	67294100	chr10_67036100	46	258000	4.2698739134095e-05	68	1.97983835588926e-17	61	4.08323861983015e-13	::B-A08::B-B09::N-A02::N-A08::N3-2-22::B-A10::N-B08::B3-1-15::N3-1-13::B-1-6::N3-11::B-B11::N-2-15::B3-1-2::N-2-17::B-3-1::N-3-1::B-2-17::B-B03::B3-19::B3-6::N3-1-5::N-1-10::N3-13::N3-2-36::N-A07::N-B11::N-A11::N3-10::B-1-2::B-A03::N-1-2::B3-7::B3-8::N-B07::B-B07::B-2-25::B3-3::B-2-15::N3-8::B3-11::B-A02::N-A01::N3-6::B-B10::B-A12::	31
chr10	108167700	108425700	chr10_108167700	53	258000	1.30208302056704e-08	83	1.09776063612423e-27	60	1.5847701481905e-12	::N-A01::N-2-15::N-2-14::B3-1::N-B04::N-B03::N-A04::N-B09::N3-1-5::B3-1-15::B-A03::N-A08::N3-1-15::N-A03::N-1-2::N3-1::B3-3::B-B11::B3-1-2::B3-7::B3-2-22::B-2-25::B3-6::B-B10::N-B10::B3-1-3::B-3-4::B-A07::N3-5::B-A10::B-2-17::N-1-6::B-1-6::N-B08::B-A08::N-B05::B-2-15::B3-13::B-B09::N-A05::N-B02::B-B04::N3-11::B-2-9::N3-8::N3-2-36::N-3-1::B-3-1::N-A12::B-A12::N-2-21::N3-10::B3-5::	40
chr10	116390700	116648700	chr10_116390700	45	258000	0.000124969654473924	64	6.34158017702901e-15	54	3.78977327820225e-09	::N3-21::B-2-17::B-B10::B3-2-36::N-A01::N-1-9::N-A12::B-3-4::N-B03::B-B02::B-A10::B-2-9::B-1-6::N-B05::N3-1-5::B-B05::B-A01::B3-1::N-A02::B-A02::B-B07::B-A05::B3-7::N3-7::B3-1-3::B3-1-2::N-B02::N3-6::N-2-15::B-1-7::B3-6::N3-1-11::B3-1-11::B3-1-13::N-1-6::N3-2-21::B-A12::N-2-21::B3-1-5::N-3-1::B3-11::B-2-21::B3-13::B3-1-15::N3-1-2::	35
chr10	117115600	117373600	chr10_117115600	40	258000	0.0191042413012211	51	1.45271781383101e-07	42	0.00274052188557304	::B-2-23::B-1-6::N-A02::N-B09::B3-11::N-A05::B-A05::B-A01::B-B05::B-A02::B3-1-11::N-A03::B-A07::B-B02::B3-2-21::B-3-1::N-2-21::B-A08::N-B11::B3-6::N3-1-5::N-2-17::N3-8::N3-11::B3-8::N-B04::B-B10::B-A10::B3-1::B3-7::B-B09::N-3-1::N3-6::N-A10::B-A11::N-B02::N-B10::B-2-25::B-1-10::N-1-2::	22
chr10	122941200	123199200	chr10_122941200	43	258000	0.00100168952558999	50	4.71392995240552e-07	43	0.00100168952558999	::B-2-27::B-3-4::B-B11::N-B02::N-3-1::B-A07::B-A01::B3-6::N-2-12::B-2-12::B-1-4::B-1-2::B3-2-21::N3-1::N-B03::B-B03::N3-3::N3-11::B3-11::N3-1-13::B-2-17::N-2-17::B-A05::B3-1-3::B3-2::N-A07::B-B02::N-A02::B-A11::B3-2-22::N3-2-22::B-A04::B3-5::B3-13::B-B09::N-B09::N3-1-3::N3-1-15::B3-1-15::N3-1-5::N-B04::N-A05::B-A08::	25
chr11	3100500	3358500	chr11_3100500	50	258000	4.71392995240552e-07	82	5.79718864141192e-27	60	1.5847701481905e-12	::N-2-23::N3-8::N3-1-2::N-2-26::N3-10::N-B05::N3-1-3::N-A10::N-2-25::B-A02::N-A11::N3-13::B3-10::B3-21::B-2-14::N-2-15::N3-19::B3-19::B-B07::N-A03::N-A02::B3-5::B-B09::B3-8::N-3-1::B-2-15::B-A03::N-A12::N-A05::B-2-17::B-B10::B3-2::B-2-27::B3-2-36::B-A10::B-2-23::B3-1-13::B-A08::N-A08::N-B04::B3-13::B-1-6::B-1-7::B3-1-3::B-2-9::B-1-2::B3-3::N3-1::B-A04::B-A05::	30
chr11	4526100	4784100	chr11_4526100	41	258000	0.00732342522573985	60	1.5847701481905e-12	51	1.45271781383101e-07	::B-2-26::B3-7::B-2-9::B-1-4::B-2-12::N-2-9::B3-1-3::B3-2-36::N3-2-36::N3-8::B-A08::B-A04::B-B09::B-B10::B3-1-13::N-A02::B-1-7::N-1-7::B-B05::B3-1-15::N-1-6::B-2-17::B-2-23::N-2-23::N-1-2::B3-2-21::B-A10::B-2-15::N3-19::N-B05::B3-19::N-A04::N-1-10::B-3-4::N3-2::B3-2::N-A11::B-1-2::N-B09::B-3-1::N-3-1::	30
chr11	19967000	20225000	chr11_19967000	42	258000	0.00274052188557304	58	2.27108253311014e-11	50	4.71392995240552e-07	::B-B05::N-2-15::B3-1-2::N3-1-2::B-A05::N-1-2::B3-2-21::N3-6::B-1-7::N-A05::N-2-25::B-2-12::B-B03::N-B03::N-3-4::N-A03::B-B10::B-A08::B3-1-11::B-B02::N3-1-11::N-B02::B-2-17::B3-19::B3-7::N3-13::N-2-17::B3-2::B-3-4::B-2-14::B-1-6::B3-5::N-A01::B-2-15::B3-6::B-A01::B-2-21::N-1-6::N-B05::N-1-4::N3-2::N-2-14::	32
chr11	21080200	21338200	chr11_21080200	40	258000	0.0191042413012211	55	1.08297605209082e-09	48	4.67533335969976e-06	::B-2-15::N-A02::B-A02::N3-2-21::B3-2-21::B-1-10::B3-11::N3-1-11::B3-5::N-2-23::N-A08::B3-2-37::B-B10::N-B10::N3-11::N-3-4::N-A05::N3-1-2::B-2-25::N-2-27::B-A08::B3-1-2::B-2-26::N-1-4::B-2-21::B-B02::B-2-27::B3-3::N-2-25::N-2-15::B3-19::B3-2-22::B-B04::B3-1-3::B-B03::N-2-21::N-B04::N-A03::N-A12::B-1-2::	27
chr11	23253200	23511200	chr11_23253200	48	258000	4.67533335969976e-06	68	1.97983835588926e-17	60	1.5847701481905e-12	::B-2-15::B-A01::N-A01::N-2-23::N-B08::B3-2::B3-7::B-B09::B3-2-22::B-2-14::N-A12::N-3-1::N3-6::B3-1-13::N-B02::B3-19::B-B07::N3-19::B-3-1::N-1-7::N3-10::N-A03::B3-6::N-2-17::B-1-2::B3-2-21::B-B04::N-A08::B-1-6::N-1-2::N3-3::B3-8::B-2-26::B3-1::N-1-6::N-B05::B-2-23::B-A07::B-1-7::N3-2-21::N-A11::B3-2-36::N-2-14::N-B10::N-2-21::B-A05::N-B09::N-A02::	39
chr11	32470200	32728200	chr11_32470200	43	258000	0.00100168952558999	58	2.27108253311014e-11	50	4.71392995240552e-07	::N-B08::B3-1-11::B3-19::B-B04::B3-2-36::N3-19::B3-2::B-B05::B-B03::N-B10::B-B10::B3-1-2::N-A11::B-2-26::B-2-14::B-B09::N3-10::B-A10::N3-1-5::N3-2::B-2-17::N-3-4::N-B09::B-B02::N-B05::B3-2-22::B-2-15::N-A05::B-A05::N-1-6::B3-2-21::B-A02::B-1-2::N3-1-15::N-2-15::B3-8::N-A01::N-2-14::N-3-1::B3-21::B3-7::B-2-9::B-B08::	31
chr11	51612000	51870000	chr11_51612000	39	258000	0.0486207297475521	53	1.30208302056704e-08	46	4.2698739134095e-05	::B-1-6::B-B04::N3-13::N-A12::N-B09::B-B09::B-2-23::N-2-23::B-A08::N-B05::N-B04::B-A07::B3-7::N-2-15::B-2-15::B-B10::N3-21::B-B02::N-2-27::N-1-2::N3-1-2::B3-6::N-B08::N3-2-36::B3-2-36::N-3-1::B-2-27::B-A10::B3-11::B-A03::B-1-10::B-A12::N-A01::N3-1-11::N3-11::N3-8::B-2-14::B3-2-22::B3-8::	18
chr11	53231400	53489400	chr11_53231400	41	258000	0.00732342522573985	50	4.71392995240552e-07	47	1.42785960150418e-05	::B-2-21::B-B02::N-2-27::N-A12::B-A10::N-B02::B3-10::B3-1-11::B-1-10::B3-7::N-2-26::N3-1-15::B-2-23::B-A08::B-B05::N-2-15::N-B04::B-B04::N-2-23::B3-2-36::N-2-14::B-B03::B3-5::N-A08::B-A04::B-2-14::N-A11::B3-11::B3-19::B3-13::B-2-15::B-B10::N3-1-5::B-A03::B-3-4::N3-13::N-B08::B-A07::B3-21::N3-6::B3-2::	19
chr11	54441300	54699300	chr11_54441300	47	258000	1.42785960150418e-05	69	4.50971354294815e-18	56	3.03947894682696e-10	::N-B05::N-A03::B-B05::N3-19::B-2-23::B3-10::B3-3::B-A10::B3-19::B3-1::N-2-15::N-2-14::B3-1-13::N3-1-15::N-2-27::B-A03::N-B04::B-3-1::B3-2-22::B-1-2::N-A08::B-A05::B3-1-15::B-A08::B-2-15::N-A02::B-A11::N-A11::B-A12::B-B03::B-A01::B-2-17::N-1-6::B3-1-3::N3-1-11::B-B10::B3-6::B3-2-21::N3-21::B-1-6::N3-11::B-B04::B3-8::B-B02::N-2-25::N3-1-2::B3-1-2::	40
chr11	59603000	59861000	chr11_59603000	46	258000	4.2698739134095e-05	63	2.58231458531717e-14	53	1.30208302056704e-08	::B-3-1::N3-1-11::N3-13::B3-10::B-A07::B-A04::B-2-15::N3-2-22::B3-2-22::B-2-14::N-A08::B3-3::B-B02::B3-2-21::B3-1-15::N3-1-15::N-B05::B-2-21::B-A12::B3-19::N-2-15::B-3-4::B-1-6::B3-1-2::N3-3::B-B11::B3-2-36::B-2-23::B-2-27::N-A11::B-A11::B-B08::B3-1-13::B-B03::N-2-21::B-1-10::B-2-25::N-2-25::B-B07::B-A08::N-2-23::B-B09::B-1-7::N-3-1::N-B03::N3-1::	39
chr11	60098300	60356300	chr11_60098300	43	258000	0.00100168952558999	59	6.04991424722795e-12	50	4.71392995240552e-07	::B-2-23::B-A11::N-B08::N3-1::N-2-15::B-2-15::B3-1-15::N-A12::B-2-25::N-1-2::N3-1-3::B3-3::B3-5::B-2-9::B-2-27::N-A02::B-A02::N3-21::B-B02::B-A10::B-1-2::B3-2::B-A07::B-B03::N-B09::B-B11::N3-13::N3-2-36::N3-1-5::B3-1-5::N-A10::N3-19::B3-2-36::N-2-21::N-B03::N3-2::N-B02::N-B11::B3-1-3::N-A08::N3-1-15::B-B05::B-B07::	30
chr11	62214200	62472200	chr11_62214200	40	258000	0.0191042413012211	65	1.5333893564398e-15	55	1.08297605209082e-09	::B-1-7::B-A08::B-A10::N-B09::B-A03::N-A03::N-1-7::N-A05::B-A05::N3-19::B-2-21::N-2-21::B3-3::B-A02::N-A01::B3-7::B-1-2::B-B02::B-B10::B3-10::B-2-14::B3-1::N-B10::N-B04::N-2-23::B3-1-2::B-2-15::B-B05::N-1-2::B-2-27::N3-8::N-2-27::N-3-1::N-1-6::B-2-23::N3-1-15::N-A02::N-A08::B3-19::B-3-4::	32
chr11	69522200	69780200	chr11_69522200	40	258000	0.0191042413012211	54	3.78977327820225e-09	42	0.00274052188557304	::B-2-14::N-3-1::B3-1-2::B3-1-15::N-2-23::N-1-2::N3-2-21::N3-3::N3-1-11::B3-7::N3-10::B-B04::B3-2-21::N3-1-2::N-B07::B-B07::B3-1-13::N3-19::N3-1::B3-2-36::B3-2-22::N-A08::N-B03::B-B03::B3-6::N-B02::B-1-6::N-2-14::B-A02::B3-1-11::B-3-1::N-B10::B-2-21::N-2-15::N3-13::B-B02::B-2-27::B-B08::B-B10::B-2-15::	26
chr11	72552800	72810800	chr11_72552800	47	258000	1.42785960150418e-05	65	1.5333893564398e-15	60	1.5847701481905e-12	::B-B05::N3-1-3::B-B07::N-A12::B-2-21::B3-21::N-B08::N-3-1::B3-2-22::B3-1-15::N-2-15::B-3-4::N-A01::N-3-4::B3-1-2::B-B10::N3-1-15::B3-13::N-1-2::N3-19::N-A04::B-A04::B-2-15::N3-21::B-A05::B-1-6::B-A10::B-1-7::B-B02::B-A02::N3-11::B3-11::N-A02::B3-1::B-2-12::N-2-12::B3-10::N-B05::N-B04::N3-10::B-2-23::B3-5::N-2-27::B-2-27::N3-8::N-B09::B3-6::	30
chr11	74655800	74913800	chr11_74655800	44	258000	0.000357806947873268	59	6.04991424722795e-12	45	0.000124969654473924	::B-B10::B-B05::N3-3::B-B02::B-1-10::B-A04::B3-1-15::N-2-23::N-2-15::B3-13::N-B05::B3-8::B3-1-2::B-A01::B-3-4::B-B04::N-B04::N-3-1::B-3-1::N3-13::N3-1-5::B-2-25::B3-1-5::N-B07::N3-1-2::N-1-4::B-B07::N-B11::N-2-14::N-B02::B-1-2::B-2-14::N-A01::B-2-15::N3-8::N-2-17::B-1-4::B-B09::B3-2-22::N3-6::B-A05::B3-7::B-A11::B3-19::	29
chr11	75567700	75825700	chr11_75567700	40	258000	0.0191042413012211	54	3.78977327820225e-09	50	4.71392995240552e-07	::B3-21::B-3-1::B-1-2::B-B02::B-B10::N3-13::N-1-2::N3-3::N-2-27::B-A02::B-1-6::N-B10::B-A11::B-A01::B3-2-22::N3-2-22::N3-11::N-B04::N3-19::B-B05::N3-1-5::N-A01::B3-6::B3-13::B-2-15::B-2-27::N-A08::B3-2-21::B3-11::B-2-23::B3-3::N-B11::B-B11::N-B08::B3-2::N-A10::B-3-4::B3-2-36::N3-1-2::N-2-23::	24
chr11	77533500	77791500	chr11_77533500	46	258000	4.2698739134095e-05	77	1.97918512285225e-23	64	6.34158017702901e-15	::N-2-25::B-2-15::N3-19::B3-3::B-B10::B3-1-15::N3-1-15::N-2-15::B-B02::N-B07::B3-2-36::N-B03::B-2-23::N-A05::N-2-12::B-2-12::B3-2-21::N-A02::B-2-14::N3-10::N-1-2::B-A01::N-A11::B-A11::N3-3::B-B11::N-1-7::N-2-17::B-2-25::N-B08::N3-13::N-1-6::B3-11::B-3-4::N-3-4::B3-6::N-A04::B3-1-11::N-2-14::B3-5::B-B03::B-A02::B-3-1::N-3-1::N-B04::B3-19::	44
chr11	79337300	79595300	chr11_79337300	53	258000	1.30208302056704e-08	163	1.10685995901017e-98	129	9.39301363676875e-66	::N3-13::B-1-2::B-A11::N-A11::B-B03::N-2-23::B3-3::B3-19::B3-1-13::B-B11::B-A08::N-A02::B-A02::N3-19::N3-1-5::B3-21::N3-2-21::N-A01::B-2-23::N-1-7::B-1-7::N-2-25::N-B10::N3-3::N-A05::B3-2-21::N-2-15::B-3-4::B-1-6::B-A10::B3-13::B-A05::N-B07::N-B08::N3-1-13::B-2-27::B-B02::B3-1::N3-1-11::B-B05::B3-1-11::B3-1-3::N3-21::B-B09::B3-2-36::N-B05::B-2-25::B-B10::B-A04::N-A07::N-1-6::N-2-12::B-2-14::	66
chr11	86492100	86750100	chr11_86492100	50	258000	4.71392995240552e-07	77	1.97918512285225e-23	65	1.5333893564398e-15	::B-B03::N-3-4::B3-2-21::B3-2-36::N3-6::N3-3::B3-3::B-2-25::B-2-15::B-A07::B-2-23::B-1-6::B3-8::N-B07::N-B10::N-B05::B-1-2::N-1-2::B-A08::B3-1-2::B-A10::N-A11::B-3-4::B-2-14::B3-7::N3-2-36::N-B04::N3-13::B-B02::N-2-17::N3-10::B-B11::N-2-15::B-2-12::B-2-21::B-B10::B3-6::N-B03::N-1-7::B3-1-3::N-B11::N-1-6::B-1-7::N-A02::B-A04::N-A04::N-2-23::N-2-26::B-2-26::B-B05::	38
chr11	88319100	88577100	chr11_88319100	40	258000	0.0191042413012211	45	0.000124969654473924	34	3.50267932300289	::B-A12::N3-2-21::B-A03::B-2-27::N-1-2::B3-5::N3-13::B-B11::N-A03::B3-1-2::B-B07::B-B05::N3-11::N3-2-36::B3-2-36::B-1-6::B3-6::N-2-15::B-B09::B3-2::B3-13::B-A11::N-A11::B-B04::N3-1::B-2-15::B3-11::B3-3::N-B10::N-B05::N-3-4::B-1-2::B3-8::B-A08::B3-1-15::B-A10::N3-1-15::N-A08::N-2-25::B-2-25::	22
chr11	93840800	94098800	chr11_93840800	43	258000	0.00100168952558999	78	3.98804571979126e-24	70	1.01255641570637e-18	::B-2-21::B3-2-36::B-B03::B-2-27::N3-13::B-A01::N-A02::N3-19::B-A05::N-B10::N-2-15::B-B10::B-B11::B-2-17::N-A12::B3-6::N3-5::N-2-25::B-A12::B-1-2::N-A01::B-B02::B-A02::N-B05::N3-11::N-2-21::B3-8::B3-19::B3-2-21::B3-1-5::B-A03::N-1-10::N3-1-5::B-A07::N-B04::N3-1-13::B3-1-13::B3-1-2::N-A11::B-3-1::N-B09::B-B09::B3-13::	38
chr11	95249600	95507600	chr11_95249600	43	258000	0.00100168952558999	55	1.08297605209082e-09	43	0.00100168952558999	::B-A12::B-2-17::B-1-7::B-B07::N3-2::N3-13::N-2-21::B-2-21::B-A02::N-A02::N-A11::B-2-14::N-B08::B3-6::B-3-4::N-3-4::B-B02::B3-10::B3-19::N-B03::B-2-26::N-2-26::N-2-25::B-2-25::N3-1-11::N-B09::N3-2-36::B-1-2::N-A04::B-A04::B-B05::N-1-6::B3-1-11::N-B02::B-2-9::B-2-23::B-2-12::B3-1-3::B-A07::B-A01::N-A01::B-2-15::N-2-15::	32
chr11	97170900	97428900	chr11_97170900	41	258000	0.00732342522573985	59	6.04991424722795e-12	53	1.30208302056704e-08	::B3-10::B3-1-13::B3-2::B-B11::N3-3::B3-3::B3-2-21::B-1-2::N3-2-36::B3-2-36::B-A03::B3-13::N3-10::B-B02::N3-13::N3-2-21::N-1-10::B-2-17::B-A07::B-B03::B-B07::N-2-21::N-A08::B3-11::B-B10::B-2-15::B-A05::B-1-6::N-A12::B-A12::N-2-15::B-1-7::B3-19::N-A05::N-1-2::N-B05::N-B08::B3-1-2::B-2-9::N-2-25::B-2-25::	23
chr11	98114000	98372000	chr11_98114000	39	258000	0.0486207297475521	49	1.49963240263663e-06	43	0.00100168952558999	::B-B10::N-B08::N3-1-5::N3-2::N3-6::B3-1-11::B-B11::N-2-27::N3-13::B-B05::B3-3::B3-21::N-3-1::B-3-1::B-A05::B-3-4::B-2-25::B3-2-36::B-2-21::N-1-10::B-1-10::B-A07::N-A11::B-A12::B-B02::B-B09::N-2-17::N-1-6::B3-1-15::N-B05::N3-2-22::B-2-14::B-A08::N-A03::N3-1-13::N3-2-36::N3-1-3::N-A12::B-A03::	25
chr11	105539300	105797300	chr11_105539300	42	258000	0.00274052188557304	67	8.56584739572678e-17	60	1.5847701481905e-12	::N3-2-22::N3-8::B-1-6::B3-1-11::N-2-17::B-2-23::B-1-7::N-3-4::N-1-6::B-1-2::N-A04::B-A04::B-B11::B3-1::B3-19::N3-1-2::B3-8::N-A02::B3-1-3::N3-13::B3-7::N3-19::B-A07::B3-11::N-2-15::B-B02::B-2-17::N3-10::N-B04::B-2-25::B-A05::B3-2-36::N3-2::B-B10::B-B04::N3-6::N3-11::B-B09::N3-1-5::N3-1-11::N-2-25::B3-3::	36
chr11	106023900	106281900	chr11_106023900	40	258000	0.0191042413012211	56	3.03947894682696e-10	47	1.42785960150418e-05	::N-1-2::N3-11::N-A02::B-A02::N3-1-5::B-B07::B3-7::N3-8::B3-1-15::B-1-7::B-3-4::B3-3::B3-19::B3-1::B-A04::N-B11::N-3-1::B3-8::B3-11::B-2-15::N-A05::N3-1-15::B3-6::B3-2::N3-13::N-2-23::N3-6::N-1-10::B-1-6::B-2-12::N-2-26::B-2-26::N-A08::B-A08::B-A03::N3-10::N-3-4::B-2-21::B-B02::N-2-27::	27
chr11	106818900	107076900	chr11_106818900	51	258000	1.45271781383101e-07	75	4.68871794889687e-22	59	6.04991424722795e-12	::B-2-21::B-A05::N-B04::B3-1-11::N3-6::B3-6::B-B03::N-2-26::B-2-26::N-3-1::B3-2-21::B-A12::B-1-6::B3-2-36::B-B11::B-2-14::B-2-23::N-B05::B-B04::B3-1-5::N3-1-5::N3-19::B-A01::N3-13::B-B02::N-A10::B3-1::N3-2-36::N-B03::B3-3::N3-2-21::N3-2-22::N-3-4::N-1-6::B-2-27::B3-1-2::N3-1-2::B3-7::N-A05::B3-11::B3-8::N3-8::N3-11::N-B07::B3-1-3::B-3-4::N-2-27::N3-1-3::B-1-2::B3-13::B-B05::	41
chr11	108036100	108294100	chr11_108036100	43	258000	0.00100168952558999	53	1.30208302056704e-08	39	0.0486207297475521	::B-1-6::B-A08::B-3-1::B-3-4::B-B09::N-2-14::N3-1-11::B-B04::N3-21::N-1-2::B-A01::N3-10::N-B05::B-B05::N-2-21::N-A08::N3-1-2::B-2-23::B-A02::N3-11::N-2-27::N3-2-21::B3-2-37::N3-1-5::B3-19::B-B10::B3-1-2::N3-5::N-A12::B-2-21::N3-2-36::B3-5::N-2-26::N-2-12::N3-13::N-2-23::N3-1::N-2-15::N-3-4::N-3-1::N3-3::N3-19::B-1-4::	14
chr12	3258700	3516700	chr12_3258700	43	258000	0.00100168952558999	66	3.65154638912638e-16	57	8.38093741001014e-11	::B-B02::B-A02::N-B08::B-2-14::N-B04::B-2-15::N3-1-3::B3-1-3::B-3-1::N-3-1::B3-19::B-1-4::B3-1-11::B-2-23::B3-6::B-2-17::B-1-6::N-B10::B-2-12::N-A08::B-A08::B-B10::N3-13::B-B03::N-2-12::N-2-26::N3-10::B-A04::B3-1-15::B-A12::N-1-2::N-A04::B-1-2::B3-8::N3-1-5::B-A03::B3-1::N-B09::B-B09::N3-1::N3-19::N-2-27::B-3-4::	35
chr12	51622300	51880300	chr12_51622300	47	258000	1.42785960150418e-05	67	8.56584739572678e-17	61	4.08323861983015e-13	::B-2-15::B-A12::B-2-14::B-B02::B-1-6::B-B09::N-2-15::N3-1-5::B3-19::B-1-2::B3-2-22::B3-1-5::B-A07::B3-1-13::B3-6::B-2-21::B-A02::N3-3::N-A11::B3-1-15::N-2-14::B3-11::N-3-1::B-2-9::N-1-7::B3-10::N3-10::B-3-4::N-B11::B-A03::B3-1::B-1-10::N-1-10::N-B07::N3-6::B-2-25::N3-1-3::N-2-27::B-B10::N-2-21::B3-1-2::N-1-6::N-1-2::B3-3::N3-13::N-A10::N-A12::	44
chr12	75329300	75587300	chr12_75329300	42	258000	0.00274052188557304	50	4.71392995240552e-07	46	4.2698739134095e-05	::N-A02::B-B11::B3-2-21::B-2-21::B3-11::B-B04::N3-19::B-2-14::N-A01::B-A12::B-2-23::B-1-6::N-A12::B3-1-2::N-B10::B-B10::B-A07::B3-10::B-1-7::B-2-15::N3-1-5::B3-1::B-2-26::N-A04::N-2-17::B3-1-13::B3-7::B3-13::N-2-21::N-3-1::N3-1-2::B3-3::N-2-23::N-1-7::N-A07::N3-11::B3-2::N-2-12::B3-1-11::B-2-9::N-2-15::B-A08::	23
chr12	78750700	79008700	chr12_78750700	39	258000	0.0486207297475521	47	1.42785960150418e-05	40	0.0191042413012211	::N-1-2::B-B05::B3-2-22::B-1-6::N-A01::B3-19::B-A08::N-B07::N-2-21::B-A12::N-B05::B-2-9::B3-1::B3-8::N3-1-2::B3-3::B-B07::B-1-7::N3-2-36::N3-2-21::N-A11::B-1-10::B-B02::N3-1-3::B-3-4::B-A10::B-2-15::B-2-21::B3-1-13::B-A07::N3-1-13::N-A05::B-A05::B3-2-36::B-B04::N-2-17::N-2-27::N-B08::N-B02::	20
chr12	110972200	111230200	chr12_110972200	41	258000	0.00732342522573985	50	4.71392995240552e-07	42	0.00274052188557304	::N-2-23::B-3-1::N-B07::N-A03::B3-7::N-A07::B-2-15::B3-2-36::B-A03::N3-1::N-2-26::B3-1-2::N3-1-5::N-A01::N3-1-2::N-1-7::B3-1::B-1-6::N-B08::N-2-15::B-2-21::B-B09::N3-19::B3-3::N3-13::B-B02::N-B04::B-B07::B-1-7::N-3-4::B-3-4::B3-19::N-2-17::N-B10::N3-2-21::B3-13::N3-1-11::B-B03::B-1-2::N-1-2::B3-2::	25
chr13	3363000	3621000	chr13_3363000	43	258000	0.00100168952558999	55	1.08297605209082e-09	45	0.000124969654473924	::B-3-4::B-A08::N-B05::N3-8::B3-1-2::B-2-21::B-B11::N3-19::B-A10::N3-13::N3-10::B-B02::B-A03::N-B04::B-B05::N-A08::N-B08::B3-11::N-2-25::B3-1::N-B02::N3-1-3::B3-1-3::B-B10::B3-10::N-2-21::B-3-1::B3-1-15::B-B09::N3-2-21::B-1-6::N-2-17::N3-2::N-B10::B-A07::B-2-12::B-B07::N3-1-15::B-2-17::B-2-25::N3-11::B3-8::B-1-10::	25
chr13	13957400	14215400	chr13_13957400	42	258000	0.00274052188557304	60	1.5847701481905e-12	53	1.30208302056704e-08	::B3-2-36::B-2-25::B-B09::B-B10::B-A08::B-1-2::B-A01::B-1-6::N3-1-15::N-A12::B-A07::B3-7::B-B02::N-B02::B3-2::N-B11::N3-3::B-2-15::N-B04::N-2-15::B3-1-13::B-A12::B-2-23::N3-8::N-A01::B-A10::B3-13::N3-2-36::B3-1::B3-5::B3-2-22::N-B10::B-2-26::N3-1-2::B-B11::B-2-14::B-B04::B-A02::B-3-4::N3-13::B3-1-5::N3-1-5::	22
chr13	17669200	17927200	chr13_17669200	50	258000	4.71392995240552e-07	67	8.56584739572678e-17	56	3.03947894682696e-10	::N-A02::N-2-21::B-2-21::B3-6::B-1-6::N3-3::B-A10::B-2-12::B-1-2::N-A11::B3-8::B3-13::N3-8::B3-1::N-A08::B-B02::N3-19::B3-19::B3-21::B-B09::B3-2::B-3-4::N-3-4::N-B09::B-2-15::B-A07::B3-1-11::B3-7::N-1-7::N3-10::B-A02::B-1-7::N-A05::B-A05::B-3-1::N-3-1::N-A01::B-B11::N-B10::N3-1-15::N-B11::N-B08::B-B08::B3-2-21::B-B05::B3-11::B-2-27::N-2-27::B-B10::N-2-15::	36
chr13	43222500	43480500	chr13_43222500	47	258000	1.42785960150418e-05	65	1.5333893564398e-15	49	1.49963240263663e-06	::B3-2-21::B-B05::B-A10::B-B10::B3-2-22::N3-6::B-A05::N-A02::N-2-9::B-B04::N3-19::N3-1-3::B-A03::B-2-14::N-2-14::N3-1-5::B3-7::N-B10::B3-19::B-1-6::N-B09::B-2-27::N-2-27::B-A12::N-A12::B-2-17::N-A11::B3-1-5::N3-2-21::B-B02::B-B03::B3-6::N3-1-2::N3-1-15::N3-13::N-B07::B3-11::B3-8::N3-8::N3-11::N-A03::N-A08::B3-1-3::B-A04::B-3-1::B-B09::B-1-10::	39
chr13	44738700	44996700	chr13_44738700	40	258000	0.0191042413012211	63	2.58231458531717e-14	53	1.30208302056704e-08	::B3-5::B-1-7::N-A01::B-A04::B-A07::B-2-15::N-B02::B3-2-37::B3-2-22::N3-2-22::B-3-4::B-B02::N3-13::B-A12::N-A12::B3-6::B-B07::N-A07::N-2-15::B-1-6::N-B04::B-B05::B-1-2::N3-1-3::N3-6::B-2-25::N-2-25::B-B04::N-B07::B3-1-2::B-B03::B-A02::B3-13::N3-1-2::B-3-1::B3-19::B-1-4::B-2-26::N-2-12::B-2-12::	24
chr13	94351400	94609400	chr13_94351400	50	258000	4.71392995240552e-07	64	6.34158017702901e-15	31	32.3920380305875	::B-A01::B3-1-11::B-A07::N-2-27::B-A12::N-B07::N-B10::N-2-23::N-A07::N-2-25::N-2-15::B3-7::B-1-7::B3-2-21::N3-19::B-B02::N3-1-5::B-B10::B-A02::B3-13::B-1-6::B-A08::B-B05::N-B08::N3-11::B3-2::N-B05::N-2-26::N-2-14::N3-8::N-B04::N-A02::N-2-12::N-2-17::N-A11::N-B03::N-1-6::N-A12::N-1-2::N-A04::N3-2-36::N-3-4::N3-3::N3-21::N-2-21::N3-6::N3-1::N3-13::N3-2::B-A11::	44
chr13	98666900	98924900	chr13_98666900	39	258000	0.0486207297475521	68	1.97983835588926e-17	59	6.04991424722795e-12	::B-2-25::N-B02::B-B05::B3-8::B-B02::B3-2-36::B-B11::N-1-2::B3-2::N-2-25::B3-7::B-2-23::B-B10::N3-1-5::B3-2-21::N-B03::B-B03::B-A07::B-1-6::N-2-15::B-1-2::B-2-15::N-A07::B-2-21::N-1-6::B3-1-3::B-B09::N3-6::B-A10::N3-2-36::N-2-14::N-B09::B-3-4::B3-2-22::B3-19::N-2-23::N3-2::N-B04::B-A01::	26
chr13	103696700	103954700	chr13_103696700	42	258000	0.00274052188557304	61	4.08323861983015e-13	49	1.49963240263663e-06	::B-A05::B-1-2::B3-1-15::B3-2-22::B3-1-13::B-A08::B-A03::B-1-7::B-3-4::B3-7::N-B11::N-B02::B-B09::B3-5::N-1-10::B-A10::N3-1-2::B-B10::B-2-21::B3-2-36::B3-19::N-A02::B-A02::N-2-21::B-2-14::N3-1-15::N-A03::N3-6::B-2-9::N-3-1::N3-8::B-B11::N-B08::B-B08::B3-3::N-B09::N-B04::B3-6::B-3-1::B3-2-21::N3-2-36::N-A10::	22
chr13	111611500	111869500	chr13_111611500	40	258000	0.0191042413012211	60	1.5847701481905e-12	35	1.57289831688512	::B3-11::B-2-23::B-A08::B-2-25::N3-5::B-B11::B3-7::N-A04::B-B05::B-1-4::B-2-17::N-A02::B-B02::N-2-15::B-2-15::B-A02::N-2-21::B3-3::B-B07::B-3-1::N-3-1::N-3-4::N3-21::B-B04::B-1-6::B-A12::B-B08::B-A11::B-A10::B-1-7::B3-2-22::B-1-10::B3-19::B-3-4::B3-1-15::B3-2::B3-1-5::B-2-21::N-A05::N-A12::	17
chr14	19282800	19540800	chr14_19282800	54	258000	3.78977327820225e-09	90	6.90644795828521e-33	34	3.50267932300289	::N3-19::B-A08::N-B09::B-B02::N-2-21::B3-6::B-2-14::N-B05::N-A03::N-2-27::N-A01::N3-6::N3-1-3::N3-3::N-A02::N3-2-36::B-1-6::B3-2-36::N3-1-15::N-1-10::N3-1-5::N-B11::N3-2-22::N-A05::N3-11::B-3-4::N-1-7::N3-1-11::N3-8::B-B04::B3-11::N3-10::N-2-17::N-B02::B-2-23::N-2-9::B-B11::N-B10::N3-1::B3-3::N-3-4::N-2-23::N-2-25::N-1-2::B-2-15::B3-2::N-B04::N3-1-13::N-A10::N3-2-21::N-1-6::N-B08::N-B07::N-A08::	51
chr14	26395100	26653100	chr14_26395100	39	258000	0.0486207297475521	48	4.67533335969976e-06	47	1.42785960150418e-05	::B-A02::B-2-25::B-3-1::N3-2-21::N-2-21::B3-8::B-A04::N-2-15::N-2-26::N3-1-5::N3-19::B-2-14::B-B10::N-1-6::N-A02::B-2-15::B3-1-3::B-A08::B-2-23::B-B09::N-3-1::B3-2-22::N-1-2::B3-2::B3-1::N-3-4::B-B11::N3-1-2::B-B02::B-1-10::N-A08::B-A07::B-A12::B3-1-11::N3-11::B3-1-13::N3-1-13::N-A12::N-2-23::	22
chr14	31009700	31267700	chr14_31009700	44	258000	0.000357806947873268	56	3.03947894682696e-10	44	0.000357806947873268	::B-B09::N-3-1::N-2-21::B-2-21::N3-7::B3-11::N-B04::N-A01::N3-1-5::B-3-1::N-2-17::N3-1-3::N-2-15::B3-1-3::B-A02::N-B11::B3-2-21::B-B11::B3-1-2::N-B02::B-B07::N-B07::N-A02::N3-13::N-2-12::B3-13::N-B10::B-B10::B-A08::B3-6::N-2-25::N3-1-2::N3-1-13::B3-1-13::N-2-23::N-A11::N3-3::N-A05::N3-21::N-3-4::B3-21::B-3-4::B3-2::N-1-6::	26
chr14	34262300	34520300	chr14_34262300	43	258000	0.00100168952558999	59	6.04991424722795e-12	52	4.39082604700775e-08	::B-1-7::B-B10::B3-1-13::B-B09::B-2-23::B-2-15::B-2-26::N-A08::B3-19::N-B09::B-1-6::N-1-10::B3-2-36::B-2-9::B3-11::B3-2::B-B02::B-B05::B-2-21::B-A01::N-2-25::N-B08::B-B08::B3-1-2::B-A07::N-1-6::N-A05::B3-7::B-2-14::N-2-14::B-2-12::N3-21::B3-1-3::B-A08::B-A11::N-A11::N-B10::N-A02::B-A02::B-1-4::N3-1-5::B-3-4::N-B05::	34
chr14	52033800	52291800	chr14_52033800	39	258000	0.0486207297475521	55	1.08297605209082e-09	49	1.49963240263663e-06	::B-2-14::B-A10::B3-1-13::N-3-4::N-A08::B-A01::B-2-15::B-B10::B-1-7::B-2-25::B-A08::N-1-7::N3-1-13::B-2-21::B-B02::B-2-12::B3-1-3::B-2-27::N3-21::N-B10::N3-19::N-2-21::B-A07::N-A07::N-2-27::B-B07::N-2-15::B-1-10::N-1-10::N-1-2::N3-2-21::B3-11::N3-1-3::B3-2-22::N3-1-11::N-B09::N-2-26::B-2-26::B3-1-11::	28
chr14	73155000	73413000	chr14_73155000	39	258000	0.0486207297475521	73	1.05344160058717e-20	52	4.39082604700775e-08	::B3-8::N-2-17::B3-1::N-B09::N-A01::N3-1-15::B3-1-15::N-3-1::B3-11::N-B02::B-B11::B-A08::N-B11::B-A03::N-A03::N-A08::N-A10::B3-19::N3-19::B-B02::B-A05::N3-8::B3-3::B3-2-22::B-A01::N-2-27::B-B04::N-B04::B-A11::B-2-25::N-2-23::B-B07::B-B03::N3-1-5::B3-1-5::N-A05::N-2-15::B-1-4::B-A02::	58
chr15	8188500	8446500	chr15_8188500	60	258000	1.5847701481905e-12	92	2.03780278200932e-34	84	2.05398222531527e-28	::N-A07::B-A04::B3-2-22::B3-2-21::B3-19::B-B07::B3-1::N-A08::B-A12::N3-21::B3-13::N-2-15::B-B10::B-B03::B3-1-13::N-2-21::B-3-1::B-1-4::B-3-4::B-B04::N-A12::B-2-14::B-2-15::N-B05::B-2-12::B-1-10::N-1-6::B-A08::N-2-23::B3-2-36::N3-2-21::N3-1-13::N3-1::N-B04::N-B08::B3-11::B-2-17::N-2-17::B-B02::N-2-14::B-A07::B-1-7::B3-1-11::B-1-2::B-B08::N-A11::B-2-26::N3-13::N3-6::B-2-23::N3-10::N3-2-36::B-B11::B-B05::B3-7::B-A11::B-2-25::N-2-25::N3-7::B3-6::	55
chr15	12110500	12368500	chr15_12110500	53	258000	1.30208302056704e-08	74	2.23741764323468e-21	66	3.65154638912638e-16	::B-2-12::B3-2-36::B-A10::N3-2-36::B3-1::B-B11::B3-1-13::N-2-27::N-2-21::B-B08::B-2-21::B3-6::B3-19::N-B02::N-B04::N-B08::N3-19::N-B09::N-A10::B3-7::N3-1-3::B-A12::N3-1-11::N-A11::B-2-14::N3-2-21::B-1-6::B-2-15::B-B02::B-A08::B-B07::N-B07::N-A12::N-1-6::B-1-2::N-2-26::N3-13::N-2-23::B-B03::N-A01::N3-21::N-2-15::B-A01::B-2-25::N-2-25::N-A02::N3-2-22::B-3-4::B3-1-5::B-A05::B3-3::N-1-2::B-A04::	48
chr15	50633900	50891900	chr15_50633900	43	258000	0.00100168952558999	56	3.03947894682696e-10	49	1.49963240263663e-06	::B-A04::B3-2-21::B-2-9::N3-3::N-2-15::N-A05::B-B05::B-3-4::N-A12::B3-21::B-B09::N3-1-5::N3-2-22::N-2-23::B-B10::N-1-2::B-2-12::N-A07::B-2-25::B3-19::N-2-12::B-2-21::N-B09::B-1-2::N-2-25::N-B05::B-2-15::B-3-1::N-3-1::N3-7::B-2-14::N-2-14::N-B11::B3-5::N3-19::B-1-6::N3-1-3::N-A02::B3-7::N-2-17::B-A08::N-B07::B-A05::	27
chr15	73151800	73409800	chr15_73151800	46	258000	4.2698739134095e-05	77	1.97918512285225e-23	59	6.04991424722795e-12	::B-2-14::N3-3::B3-3::N3-1::N3-13::N3-10::B3-10::B3-1::B3-13::B3-2-37::B-1-6::N-1-6::B-B04::B3-19::B-1-7::B-B02::N-B05::B-2-9::N3-21::N3-19::B-A08::N-A08::N3-2-21::B3-11::B-2-15::B-2-27::B-1-2::B-2-21::B3-1-2::B3-1-11::B-2-25::N-2-23::B-B07::N-B07::N3-1-2::B3-8::B-B05::N-A02::N-B09::N-2-15::B-A11::B-2-12::N-2-12::B-2-26::N-A07::N3-1-5::	35
chr15	77070100	77328100	chr15_77070100	56	258000	3.03947894682696e-10	74	2.23741764323468e-21	61	4.08323861983015e-13	::N-B08::B-1-6::N3-19::B-B10::B-1-2::N-A02::B3-1-5::N-2-12::B-2-12::B-B04::N-A10::B-A10::B3-3::N3-13::B-A11::B3-19::N-B07::N3-2-21::B3-2-21::B-2-14::B-B08::N3-1-2::B-B07::B3-1-2::B-A04::B-A03::B-2-25::N-B02::N3-1-15::N3-8::B-B05::B-2-23::B-A07::N-B05::N3-7::N-A08::B3-2-36::B3-6::N-2-21::N-B11::B3-1-15::B-A05::B3-21::N3-6::B3-1-13::N-1-2::B-3-4::N3-1-5::B3-2-22::N-3-4::N-2-15::B-A08::N-A03::B-B02::N-1-6::N-2-25::	30
chr15	80696300	80954300	chr15_80696300	58	258000	2.27108253311014e-11	95	9.52648490394109e-37	81	3.02456534368568e-26	::B-B09::N-1-6::B3-1::N-B03::N-B04::B-1-4::N-B10::N-2-25::B-A12::N-B09::B-2-21::B3-1-2::B3-21::N-2-15::B-3-4::B-B11::N3-10::B-2-23::B3-1-3::N3-1-3::N-2-12::B-2-12::B3-6::B-2-15::B-1-6::B-A04::N-B08::N3-1::B-1-7::B3-1-11::B-A03::N3-6::N3-21::B-A11::N-A11::B3-2-21::B-2-14::N-1-2::N3-13::N3-1-5::B3-13::B3-10::N3-1-2::N3-2-21::B-A08::B3-2-22::B-B04::B3-1-5::B-B07::B-A07::B-1-2::N-2-14::N3-2-22::B-B08::B3-1-13::N-A01::B-B10::N-A05::	42
chr15	81511100	81769100	chr15_81511100	39	258000	0.0486207297475521	59	6.04991424722795e-12	48	4.67533335969976e-06	::B-2-26::B-A01::N-A01::B-2-14::B3-1-11::N3-11::B3-2::B-A11::N-3-4::N3-2-21::N-2-12::B-2-21::B-A05::N-B08::B-B08::B-2-25::B-B02::N3-6::B3-6::B-A04::N3-3::N3-1-11::N-2-25::B-1-10::B3-1-2::B-3-4::B-B03::B-B11::B3-2-21::N3-13::B-B07::B-B04::N-B04::B3-13::B-1-2::B-A07::N3-1-5::B-2-15::N3-21::	36
chr15	85327800	85585800	chr15_85327800	39	258000	0.0486207297475521	49	1.49963240263663e-06	46	4.2698739134095e-05	::N3-1-15::N-A02::B-2-25::B-2-17::B-A07::N-A01::B-3-4::B3-1-2::N-A05::B-A03::N3-1-5::N-2-25::N-1-7::N3-19::N-3-1::B-3-1::B3-7::B-B10::N-B10::N-1-2::B-1-2::B3-2-22::B-A11::N3-2-22::N-2-21::B-2-15::N-B03::B-B03::N3-10::B3-1-15::B3-1-3::N-2-15::B-A12::B3-11::N3-1-3::N3-2-37::N3-7::B-A02::N-2-23::	21
chr15	96215300	96473300	chr15_96215300	47	258000	1.42785960150418e-05	73	1.05344160058717e-20	66	3.65154638912638e-16	::B-B10::B-A04::B3-11::B-A10::B3-2-21::B-1-2::B3-19::B-1-6::N-2-21::B-A08::N3-1-5::N3-6::B-2-14::N3-2-22::B-A12::B3-2-36::N-1-6::B-2-26::B-B02::N3-2-36::N-1-2::B3-1::N-B04::B3-10::B-2-15::B-2-27::B3-3::N3-7::B-2-17::B3-7::B3-21::B-B04::N3-19::N-A08::N-2-14::N-3-4::B-B05::N-2-25::B3-6::B-3-4::B-B11::B3-1-11::N-1-7::B-A05::N3-1::N-B02::B-1-10::	43
chr15	99974300	100232300	chr15_99974300	43	258000	0.00100168952558999	59	6.04991424722795e-12	51	1.45271781383101e-07	::N-A08::B-A07::N-3-1::B-2-15::B3-1-15::N3-1-15::N-2-17::N-B10::N-1-2::B-2-17::N-B05::B3-11::B-3-4::N-2-21::N-2-15::N-B07::B-2-14::B-A11::B-B07::B-B09::B3-6::N-B11::B3-2-22::N-A11::B-A01::B-B05::B-A08::B3-1::N-1-6::N-B04::B3-2::N-A05::B-B11::N-B09::B3-21::N3-21::N-B02::B3-19::B-A02::N3-2-36::N3-2-21::B3-1-5::B-B04::	32
chr15	102008100	102266100	chr15_102008100	42	258000	0.00274052188557304	50	4.71392995240552e-07	41	0.00732342522573985	::N-B11::N-A11::B-A11::B3-2-22::B-1-6::B-B02::N-3-1::B3-10::B3-13::N3-10::N3-13::B-2-15::B-2-14::N-2-14::N-B08::N-1-2::N-B05::B3-5::B-1-4::B-2-9::B-B10::B-A12::N3-3::B3-3::N3-1-5::B-2-26::N-2-26::B-2-23::B-A08::B-3-4::N-1-7::B3-1-15::B3-21::N3-2::N3-2-21::B3-6::B-B09::N-3-4::B-A04::B-A02::N-A02::B3-7::	25
chr15	102367900	102625900	chr15_102367900	44	258000	0.000357806947873268	54	3.78977327820225e-09	49	1.49963240263663e-06	::N-2-26::N-B04::B3-1-11::N-2-14::B-A04::B3-11::B-A05::N-A11::B3-19::N3-19::B-2-25::N-2-25::B3-3::N-B09::N-1-7::N3-6::B-2-27::N-A05::B-2-14::B-3-4::N-2-23::N-A08::B-A08::N-1-6::B3-5::N-B05::B-2-17::N3-10::N-2-17::N-B03::B3-2-22::B-B03::B-B09::B-2-15::N-B10::N3-2-36::N-2-15::B-B07::N-2-12::B-A07::B-1-6::N-A10::B-1-7::B-B10::	27
chr16	3957600	4215600	chr16_3957600	40	258000	0.0191042413012211	58	2.27108253311014e-11	54	3.78977327820225e-09	::N3-1-5::N3-1-3::B3-2-22::B-A10::B3-5::B-B05::N3-21::B-B03::B-2-14::N3-6::B3-7::B3-6::B-1-2::N-B10::N-B02::B-A08::N-1-7::N-B08::B3-13::B-3-1::B-B09::B3-1::N-2-15::N-A01::N-1-2::B3-1-11::B-1-7::B-B10::B3-1-2::B3-2-37::B-2-15::N-2-17::B3-1-3::N3-13::N3-5::B-2-23::N-2-12::N-B11::B-2-21::N-2-21::	32
chr16	11060500	11318500	chr16_11060500	41	258000	0.00732342522573985	55	1.08297605209082e-09	50	4.71392995240552e-07	::B-1-2::N3-8::N3-2-22::B-B11::B3-1-3::N3-1-5::N3-13::B3-11::B-2-15::B-2-14::B3-1-15::B-1-10::B-2-21::B3-1::B3-7::B3-5::B-B07::N3-1-2::N-2-25::B-A07::N-2-27::N-A05::N-A02::N-2-15::N-B03::N3-11::B-A04::N3-1::B-A12::B-B03::N3-1-11::B3-3::B-3-1::N3-2-21::B-A11::N-A11::N3-1-15::B3-2-36::B-2-12::B3-2-22::N-2-17::	25
chr16	16991000	17249000	chr16_16991000	42	258000	0.00274052188557304	57	8.38093741001014e-11	50	4.71392995240552e-07	::N-B02::N-A03::N-2-21::B3-19::B-2-15::N-A08::B-A12::B-B10::B-B11::N-B03::N-2-23::B-B03::N-2-14::B3-3::B-2-14::B-3-1::N-3-1::B-2-21::N3-13::N-A07::N3-1::N3-2-21::N3-21::B3-2-21::B3-5::B3-1::N-A11::N-1-7::N3-8::B-3-4::B3-6::B-B05::B-2-17::B3-1-3::N-B09::N-2-17::B3-13::B-A08::B3-2-36::B3-8::N-1-10::N-B04::	26
chr16	24437100	24695100	chr16_24437100	46	258000	4.2698739134095e-05	60	1.5847701481905e-12	56	3.03947894682696e-10	::B-A12::B-B09::N-2-17::N3-19::N-B07::N-2-14::B-2-14::N-A02::N-2-15::N-B03::B-1-6::B-1-2::B3-11::B-3-4::N3-8::B-B05::N3-7::N3-10::B3-1-13::B-A07::B-2-21::B3-2-21::N-1-7::B-A10::N-2-21::B-3-1::N-3-1::N3-6::B-2-15::N-3-4::B3-3::N-B08::B-B02::B-A08::B-2-23::N-A10::N3-1-3::N-2-23::B-2-12::B3-1-11::N3-2-22::B3-21::B3-6::B3-1-3::N-1-2::B3-5::	26
chr16	31635300	31893300	chr16_31635300	41	258000	0.00732342522573985	67	8.56584739572678e-17	61	4.08323861983015e-13	::B-2-15::N-A05::B-B03::B-B02::N-A08::B3-19::B-A07::B-B05::B-1-6::B3-21::N-2-26::N-A07::N3-1-13::N-3-1::N-B10::N3-19::B-3-4::N-3-4::N-B05::B-B10::N-B03::B-2-12::B-A02::N-2-15::N3-3::B-A11::N-2-21::B3-11::B-2-21::B-A05::B-2-14::B3-2-21::N3-6::N-A02::N-B04::B-2-23::N-B08::N3-21::B3-2-36::B3-1-11::N3-10::	28
chr16	38098000	38356000	chr16_38098000	45	258000	0.000124969654473924	74	2.23741764323468e-21	66	3.65154638912638e-16	::N3-6::N-1-6::B-1-6::B-B05::N-2-25::B-2-25::B3-11::B3-13::B-2-15::B-A11::B-B10::B-B04::B-B07::N-A07::B-1-7::B-A10::N3-2-22::N-A02::N-2-15::B-A08::B-B09::B-3-1::B-B02::B-1-2::N-1-2::B3-19::B3-7::B-A05::N-A08::B-A12::N-2-17::N3-1-15::B-A07::N-B05::N-B07::B-B08::N-A05::N-B04::N-2-21::B3-6::B-2-14::N-A11::B-2-23::B-A04::B-2-27::	27
chr16	43299900	43557900	chr16_43299900	46	258000	4.2698739134095e-05	66	3.65154638912638e-16	60	1.5847701481905e-12	::B3-10::B-1-6::N-3-4::B3-1-13::B3-7::N-B10::N-A12::B-3-4::N-A01::B3-6::N3-3::N-1-7::N-1-6::N-2-15::N3-1-2::B-A12::B-A08::N-B03::B-B03::B-2-15::B-B10::N-B07::N-B05::N3-2-36::N-B02::B3-1::B-2-23::B3-13::N3-1::N3-10::N3-13::B-B05::N3-1-13::N3-1-5::B-1-7::B-2-14::N-B04::B3-3::B-A10::B3-1-2::B-B07::N-2-12::B3-2-36::B3-2::B-1-4::B3-2-21::	35
chr16	94438000	94696000	chr16_94438000	49	258000	1.49963240263663e-06	65	1.5333893564398e-15	57	8.38093741001014e-11	::N3-13::N-1-10::B3-2-36::B-B02::B-B10::B-A12::N-A12::B-B09::N-A10::N3-6::B-A08::N-A07::N-B09::B3-1-3::N-B07::B3-6::N-3-1::B-1-6::N-2-15::B3-7::B3-5::B-A01::N-A01::N3-1::B-3-1::N3-2-22::N3-1-5::B-2-15::B-B07::B-1-4::B-1-2::N-1-2::N-B08::B-A04::N-B04::B-A11::N-A11::N-B02::N3-2-21::N-B10::B-1-10::B3-2-21::N-B05::N-1-6::N-3-4::N-2-25::B3-19::B3-11::N3-19::	36
chr17	3058000	3316000	chr17_3058000	45	258000	0.000124969654473924	65	1.5333893564398e-15	57	8.38093741001014e-11	::B-B10::N3-1::B3-11::B-2-9::B3-2::N3-1-15::B-A12::B-B04::B3-19::N-2-21::B3-8::N-3-1::N3-2-21::N-A05::B-B02::B3-1-3::N3-1-3::N3-1-5::N-1-6::B-1-6::N-2-15::B-2-12::N-3-4::B-A01::N-B03::B-B03::B-A08::B-2-21::B-2-14::B3-1-11::B-A10::B-3-4::N3-5::B-B05::N-B05::B-A05::N-1-7::N3-19::N-A12::B-A02::N-A08::B3-1::B3-2-36::B3-2-21::N-1-9::	33
chr17	5036400	5294400	chr17_5036400	56	258000	3.03947894682696e-10	89	3.95484019700994e-32	74	2.23741764323468e-21	::B-B08::N-B02::N-2-21::B3-19::N-3-4::N-1-6::N-2-15::N-B08::B-B02::B-1-6::B-B03::B3-7::B3-1::N3-1::N-2-25::B-3-1::B-2-21::B3-2-36::B-A11::N-A11::N-2-23::N-B09::B-B09::N-A02::N-1-4::B-A02::N-A05::N3-6::N-3-1::B3-6::N3-1-3::B-2-15::B-1-2::B-A10::N-A04::B-A04::N-2-17::B-1-4::B-A08::N3-1-15::N-A01::B-A05::B-B07::N-B07::B3-5::B-2-25::B3-3::N3-3::N3-13::N-B11::B-B11::N-A08::B3-13::B3-1-3::N3-1-2::N3-8::	39
chr17	10195800	10453800	chr17_10195800	44	258000	0.000357806947873268	56	3.03947894682696e-10	51	1.45271781383101e-07	::B3-1-3::N-A03::B-A04::B-B05::N-B10::N3-2-21::B3-6::B3-1-11::N-A01::B-B10::N-A08::N-A04::N-2-15::N3-13::B3-19::B-B04::N-3-4::N-A10::B3-2-21::B-A07::B-B08::N-3-1::N-2-23::N3-6::B-1-6::B-2-26::N-1-10::B-2-25::B-A03::B-1-10::B-2-21::N-2-21::B-2-23::N-1-2::B-1-7::B3-2-22::B-A10::N-A02::B-A02::B-B09::B-A05::B3-3::N3-19::B3-1-2::	22
chr17	29963500	30221500	chr17_29963500	48	258000	4.67533335969976e-06	76	9.69636219324329e-23	63	2.58231458531717e-14	::B-B11::B3-3::B-B02::B-3-4::B3-21::N3-21::N-3-4::N3-1-5::B-B05::N-A08::B-B10::N-B03::B-B03::N-2-25::N3-11::N-A11::B3-19::N-2-17::B-1-7::B3-1-3::N3-1-3::N-B07::N-A01::N-B04::B-2-27::N3-19::B3-1-11::N-B05::N3-1::B-2-17::B-2-15::B-1-6::B-B04::B-A02::N3-13::B3-1::N-1-6::B-2-14::B-A10::B-2-12::N-2-12::N-A05::B-2-26::B-A07::B3-1-5::N3-3::B3-1-2::B-3-1::	38
chr17	32102500	32360500	chr17_32102500	43	258000	0.00100168952558999	60	1.5847701481905e-12	49	1.49963240263663e-06	::N3-8::B3-1-3::B3-3::N3-1-15::B3-1::B-A12::N3-1-11::B-B05::B-A08::B3-11::B-2-25::B-2-21::B-1-2::N-3-4::N-B10::N-A01::N-2-23::B-B07::B-2-12::B3-7::B-A03::B-A10::B3-1-13::B-B02::B3-1-2::N3-1-2::N-B08::B-2-17::N-2-17::N-B09::N3-1-5::B3-13::B3-10::B3-2-37::N3-10::N3-13::B-2-15::B3-6::N3-6::N3-3::B3-1-11::N-1-2::N-A05::	35
chr17	65574900	65832900	chr17_65574900	39	258000	0.0486207297475521	53	1.30208302056704e-08	41	0.00732342522573985	::B-B11::B-B02::B-B05::B3-2-21::B-2-26::N-2-26::B-B07::B3-10::B3-1::B3-13::N3-10::N3-13::B3-19::B3-1-13::N3-19::B-B10::B3-7::B-A07::B-2-27::N-1-2::B3-11::N-2-23::N-3-1::N-A02::B-3-4::N-2-15::N-B10::N-2-12::B-2-12::B-B09::N-B02::N-A05::N-B04::B-A05::B-1-6::B3-8::B-A03::B-B04::N-A04::	28
chr17	74347800	74605800	chr17_74347800	45	258000	0.000124969654473924	57	8.38093741001014e-11	51	1.45271781383101e-07	::B3-1-3::N-A05::B-A05::B-1-2::B3-1-11::B-B05::N3-2-22::B3-2-21::B3-2-22::B-A04::B-B03::B-2-26::B-2-15::N-2-15::B-B04::B-A08::B-2-14::N-B05::B3-1-13::B-B02::B-3-4::B3-6::B-A11::B3-7::N-A11::N-B02::B-A10::N3-2-21::B3-3::N-1-2::B-A02::N-2-23::B-2-23::B3-5::B-B11::N-2-14::N-B03::N3-1-5::B-1-7::B3-1-15::N3-11::B3-11::N3-1-15::B3-1::N3-1::	33
chr18	4835500	5093500	chr18_4835500	39	258000	0.0486207297475521	48	4.67533335969976e-06	41	0.00732342522573985	::B3-6::N-A11::B-2-25::N-2-25::B3-11::B-A03::N-2-15::B-B11::B-A08::B-B10::B3-7::B-1-2::B-A05::N-A05::N-A03::B-1-6::N-A01::N-1-10::B3-1::N-B08::B-B02::N-3-1::B-3-1::N-B10::B3-3::B-A02::B-2-21::B-3-4::B-A10::B3-5::N3-1-5::N3-2-22::N-2-9::B-B04::N3-19::B3-2::B-B07::N3-1-15::B3-1-15::	26
chr18	9278800	9536800	chr18_9278800	42	258000	0.00274052188557304	54	3.78977327820225e-09	44	0.000357806947873268	::B-2-15::B-3-1::B3-1::N3-1-5::B-B05::N-B08::N-B07::N3-1-2::B3-1-2::B-B07::B3-2-22::N-1-2::N-2-12::B-2-12::N-2-23::N-A03::N-2-21::N-A01::N-3-1::B-A08::B-1-2::B-2-25::B3-21::B-B09::B3-10::N3-10::B-B04::B3-3::N3-3::B-2-23::B3-8::N-2-25::B-A01::N-2-17::N-A02::B-A02::B3-2::N3-1::B-A12::B-B11::B3-2-21::N3-6::	28
chr18	9972400	10230400	chr18_9972400	57	258000	8.38093741001014e-11	77	1.97918512285225e-23	70	1.01255641570637e-18	::B-B10::N-B02::B-A03::B-1-10::N-A01::B3-7::N-A11::B3-2-21::B-B04::B-A08::N-1-6::B-1-6::B3-2-22::N3-8::B-3-4::N3-3::B3-3::B3-5::B-B02::N-B11::B-B11::N3-13::N-2-21::N-2-23::B-1-7::N-2-27::B-B05::N3-19::B-2-25::N-B05::N-2-15::N3-1-5::N3-10::N3-2-22::B-2-14::N-B08::N-2-14::B-2-15::B-2-23::N3-1-2::N-1-2::N3-2-21::B-1-2::B-3-1::N-3-1::N3-1-3::B3-10::N-A05::N-B03::N-A02::N-2-17::B3-1-13::B-A02::N-1-7::B-2-27::B3-1::B3-6::	37
chr18	31662400	31920400	chr18_31662400	48	258000	4.67533335969976e-06	63	2.58231458531717e-14	54	3.78977327820225e-09	::B-2-25::N3-2-21::N-B08::B-B08::B3-2::B-1-7::B-B09::B-2-14::B-A10::N3-1::B3-1-3::B-A01::B3-1-13::N-1-7::N-1-10::B3-2-36::N-3-4::B-A02::B3-6::N-1-6::B-B05::N-2-27::N3-8::N3-11::B3-8::B3-11::N3-19::N3-6::B-2-21::N-2-21::B-B10::B-1-2::N-2-23::N3-13::B3-19::B-A05::N-A11::B-A08::B3-7::B-3-4::N3-1-5::B3-1-2::N-B05::N-2-15::B-2-17::B3-5::B-B11::B-2-15::	29
chr18	34250000	34508000	chr18_34250000	52	258000	4.39082604700775e-08	76	9.69636219324329e-23	63	2.58231458531717e-14	::B-A10::N-A01::B-B03::N-B03::N-2-15::B3-2::B-1-2::B3-2-22::B-B05::B-B02::N3-1-13::N3-8::B-2-9::B-A07::N-1-7::B3-8::B3-11::N3-1-5::B3-2-36::N-A07::N3-1-11::B3-1-13::N-A11::N3-21::B3-19::B-A05::N-A05::B-2-14::B3-1::N-B02::B3-21::N-B04::B-B04::B3-6::B-2-26::N-A02::N3-10::N3-13::B-A02::B-A08::B-2-15::B3-3::B-B10::N3-5::B-2-23::B3-7::N3-2-22::B-1-6::N3-2-21::N-B09::B-2-27::N-B05::	37
chr18	35067100	35325100	chr18_35067100	39	258000	0.0486207297475521	58	2.27108253311014e-11	50	4.71392995240552e-07	::B-A08::B-B04::B3-1-13::N3-13::B3-6::B-2-15::B3-7::N3-19::B-A02::B-2-23::B-A01::B-A10::N-A01::B-3-4::B-B09::N-A11::N3-1-5::N-A08::B-1-2::N-2-25::B-2-25::B-B05::N-2-15::B3-1::N-3-1::N-B10::N-1-6::B3-19::B-B03::N3-2-22::B-B10::B-1-6::B-B07::N-B05::N-1-2::N-B02::B3-1-5::B-B02::N-B03::	36
chr18	35557000	35815000	chr18_35557000	48	258000	4.67533335969976e-06	71	2.24145071711236e-19	61	4.08323861983015e-13	::B-A10::B-2-23::N-2-23::B3-7::B-2-14::B-1-7::N-A10::B-1-6::B-A01::N-A01::B3-6::B-2-15::B-3-4::B3-2-22::B-B02::N-B11::B-2-25::B-B10::B-3-1::N-2-17::N-1-4::N-B05::B-A07::N-B03::N3-3::N-1-9::B3-19::B-B05::N-2-9::B3-1-2::N-A11::N-1-6::N-B07::B-B07::N3-13::B-1-2::B3-8::B-A04::B-A08::B-A11::B3-1::B3-5::N-A08::B-B11::N-B09::B-2-21::B-A05::N-A02::	36
chr18	42312500	42570500	chr18_42312500	39	258000	0.0486207297475521	52	4.39082604700775e-08	45	0.000124969654473924	::N-2-15::B3-21::B-A05::N-2-23::B3-2::B-2-25::N-A01::N-B05::B-B05::B-3-4::B-1-6::B-1-7::N3-13::N-B10::N-A12::B-A12::B-B11::B-B09::B-1-2::N-1-2::N-B04::N3-1::B3-1::B-B10::B-2-21::B-2-26::B-2-14::B3-8::B3-2-21::B-2-23::N3-10::B3-10::B3-19::N3-19::N-3-1::N-1-6::B-A08::N-B09::B3-1-3::	23
chr18	73571800	73829800	chr18_73571800	42	258000	0.00274052188557304	56	3.03947894682696e-10	43	0.00100168952558999	::B-A11::B3-6::B3-2-22::N3-2-22::B-B07::N-2-9::B-1-2::N-1-2::N3-13::B-2-12::B-2-14::N-2-12::N-2-27::B-A03::N-A03::B-2-21::N-1-6::B-1-7::N-1-7::N3-1-15::B-2-26::B-A12::B-B02::B3-1-2::N-A12::B-3-1::B-A05::B-2-15::B-A02::N-A02::N-3-1::N-A01::N-A07::B-B09::B-3-4::B-B05::B3-7::N3-7::N-2-26::B-1-6::N3-3::B-A10::	38
chr19	3453200	3711200	chr19_3453200	42	258000	0.00274052188557304	72	4.89288503379403e-20	64	6.34158017702901e-15	::B3-5::N-A01::B3-2-36::B-A08::B-B10::B3-19::N-1-2::N-B10::B-B05::N-B05::B-1-6::N-A10::N-2-15::B-A05::B-2-15::B-A10::N-B03::B-B03::N3-8::B-1-10::N-2-21::B-1-4::B3-21::N3-1-11::B-2-14::B-2-21::B-B02::N-2-14::N3-1-5::B-1-2::B-B07::B-2-23::B3-6::B-A07::B-2-25::N-2-17::N3-2-22::N-A02::B3-2::N3-10::N-B09::N-B02::	48
chr19	7203200	7461200	chr19_7203200	41	258000	0.00732342522573985	64	6.34158017702901e-15	54	3.78977327820225e-09	::N3-2-22::B3-8::B-B10::N-B11::N3-19::B3-13::N-A11::N3-10::B3-10::B-B11::B-A10::B-1-6::N-A08::N-2-15::B-2-25::B-B08::N3-13::N3-1-5::B3-1-3::B-B05::B3-2-37::N-1-6::N3-2-36::B3-1-5::N3-1-13::B-2-15::B3-2-22::B3-1::N3-3::B-B09::N-B08::N3-21::B3-21::B-3-4::N3-1-2::B3-3::B-2-23::B-A08::N-A02::B-3-1::N3-1-15::	32
chr19	11745700	12003700	chr19_11745700	42	258000	0.00274052188557304	51	1.45271781383101e-07	44	0.000357806947873268	::N-1-4::B-A10::N-2-23::N-B07::N-1-6::N-2-15::B-B02::B-2-25::B3-1-15::B3-3::B-2-27::N3-3::N3-1-3::N-1-7::N3-2-36::B3-2-36::N-2-14::B-2-15::N3-7::B-B10::B-1-7::N-A11::N-B03::B-B03::B-A01::B-B04::B3-1-5::N3-8::N3-6::N3-1-5::N-B04::B3-6::B-2-9::N-2-9::B-B07::N3-10::N-B02::N-2-21::B-1-2::B-A08::N-A08::B-B05::	27
chr19	16135900	16393900	chr19_16135900	51	258000	1.45271781383101e-07	76	9.69636219324329e-23	68	1.97983835588926e-17	::N3-7::B3-3::B3-11::B3-10::N-2-15::N-A01::B3-13::N-B03::N-2-9::B-A01::N-A07::B-3-1::N-B07::N-B10::B-B07::N3-1-2::N3-10::N3-21::N-B04::B-A11::N-B09::B-B11::B3-6::B3-2-22::B-B02::B-2-25::B-B04::B-3-4::N3-1-15::B3-1::N-2-23::B-A08::B-B09::B3-1-2::N-2-27::B-2-27::N-B02::N3-1::B3-19::B3-2-36::B-2-9::B-A10::B3-5::N-A12::B-1-2::B-2-23::N-A02::N3-1-5::B-B05::N3-2-36::N-B05::	35
chr19	29844700	30102700	chr19_29844700	45	258000	0.000124969654473924	64	6.34158017702901e-15	49	1.49963240263663e-06	::N-B09::N-2-27::N3-10::B-A11::B3-21::N-2-21::B-2-27::B-A12::B3-1::N-2-15::B-3-1::B-2-25::N3-6::B-1-2::N-1-2::B-B04::B-A08::B3-2-21::B3-6::B-B10::B-2-15::B-1-6::N-A10::N-B05::N-2-25::N3-11::B3-1-3::B-B05::N-A08::N-A11::B3-19::B3-13::B3-11::B-1-7::B-A01::N-2-12::B-2-12::B-A02::B-A10::B3-10::N3-1-3::N3-1::N3-13::N-A02::N3-1-13::	27
chr2	17982100	18240100	chr2_17982100	43	258000	0.00100168952558999	63	2.58231458531717e-14	55	1.08297605209082e-09	::B3-11::N-2-17::B-B07::B-A08::B-2-17::B-1-2::N-1-6::B3-1::B3-6::B-3-1::N3-2-36::N-B04::N-A11::B-B02::B3-3::N3-19::B-B11::N3-13::N-A05::N-A01::N-2-23::B-B10::B-3-4::N3-1-5::B-2-15::N-A03::B3-8::N3-6::N-B08::N-2-15::B-1-6::B3-2-21::B-A01::B3-1-11::B3-1-2::N-B07::N3-1-2::B-2-21::B-2-12::B3-2-36::N-B02::B3-1-3::B-A07::	30
chr2	22932700	23190700	chr2_22932700	40	258000	0.0191042413012211	55	1.08297605209082e-09	51	1.45271781383101e-07	::B-3-4::N3-1-13::B3-11::B3-19::N-B08::N-1-10::N3-11::B-B09::B-1-2::B3-1-2::N-B02::B-A04::N3-1-3::B-B08::N-2-25::B-2-27::B3-2-36::B3-1::B-2-14::N-A11::B3-1-11::B-2-15::B-A05::B3-3::B-B04::N-B04::B-B11::B-A11::N-A01::B-1-7::N3-13::N3-2-36::B-B05::B-2-26::N-A07::N-B09::B-2-23::N3-8::N-2-27::B3-5::	28
chr2	37366000	37624000	chr2_37366000	51	258000	1.45271781383101e-07	83	1.09776063612423e-27	74	2.23741764323468e-21	::N-A10::B3-2-36::N3-2-36::N3-3::N3-1-3::N-2-15::B3-1::B3-2-22::N-B08::B-B08::B3-8::B-3-1::N3-19::N-2-21::N3-10::N3-13::N-A05::B3-7::N-B07::N-B04::B-1-2::B-2-15::N-A04::B-B10::N-B10::B3-1-2::B3-1-11::N-3-4::N3-11::B3-11::B-2-14::B-A07::B-B11::B-2-17::N-2-9::N-1-6::N-2-12::N-3-1::B-2-23::B3-6::B-2-27::N3-5::N-B03::N3-6::N3-8::B-B05::B-B07::N-A01::B-A01::B3-2-37::B3-10::	48
chr2	48817700	49075700	chr2_48817700	46	258000	4.2698739134095e-05	69	4.50971354294815e-18	61	4.08323861983015e-13	::B-B11::N3-1-5::B-A12::N-A12::B-3-1::N3-2-36::N-2-17::B-2-17::B-A11::B3-1::B3-2::N-A11::B3-2-22::N3-6::B-B07::B3-1-11::B-2-12::B-2-27::B-A03::B-B05::B-A10::B3-7::N-2-27::N3-11::B-2-25::N3-21::N-2-15::B-A01::N-A02::B-A02::N3-1-3::B3-1-3::B-2-15::B3-11::B3-5::N-A05::B3-6::N3-19::B-3-4::B-B10::N-A03::N3-8::B3-19::B3-8::N-1-6::N3-1-13::	35
chr2	49448400	49706400	chr2_49448400	42	258000	0.00274052188557304	64	6.34158017702901e-15	58	2.27108253311014e-11	::B3-7::B-B02::N3-8::N3-2-22::N-B04::B-A11::B3-1::N-A11::N3-13::B3-2-21::B-B05::B3-2::B-2-26::B3-2-22::B-1-7::N-A04::N3-1-3::B-1-10::N-A01::B-A01::B-2-23::B-2-21::B3-19::N-1-6::B-B08::N-B08::N-3-4::B-B11::B-B10::N3-1-15::N3-1-2::N-B05::N-2-15::N-B10::B3-5::N3-19::B3-3::B-A08::N3-1-5::B-B07::N3-2-36::B3-2-36::	29
chr2	90739200	90997200	chr2_90739200	40	258000	0.0191042413012211	54	3.78977327820225e-09	47	1.42785960150418e-05	::B-3-4::B-A08::B-A12::N3-11::N-B11::B-B11::N-2-23::B3-2-36::N-2-27::B-1-6::N-2-15::B-2-15::B-B02::N-A05::B3-10::N-B10::N-2-21::B-2-12::N-B05::B-A07::B-1-7::N-B02::B-A04::N3-6::B3-1::B3-1-13::N-A12::N-3-4::B-2-14::N-2-14::N3-2-36::B-A02::N-1-2::B-B03::N-B03::N-B07::N3-13::B-A01::N3-2::B-2-21::	28
chr2	91724900	91982900	chr2_91724900	44	258000	0.000357806947873268	62	1.03509779694498e-13	56	3.03947894682696e-10	::B3-3::B3-1-11::N-2-25::B-2-25::B-2-21::N-A10::B3-6::B-B10::B-A07::B-1-6::B-1-10::B3-7::B-2-12::N-A02::N-B05::B-1-7::B-A12::B-B04::B3-13::B3-10::N3-10::N-1-7::B-A01::B-A03::B-B09::B-1-2::B3-2-36::N-1-2::B-A10::N-A11::N3-1-5::N3-8::B-B07::N-B08::N3-19::N-B02::B-2-15::B-3-4::N3-1-2::B3-11::N3-2-36::N3-1::N-3-1::B3-21::	25
chr2	98439800	98697800	chr2_98439800	97	258000	2.52712278305694e-38	592	nan	42	0.00274052188557304	::B-A01::B3-11::B3-8::B3-7::B3-21::B3-2-36::B-2-14::N3-8::B-1-2::N3-13::N3-2-36::N-A08::B-A07::B-A08::N-A05::N-1-2::N-A01::N-B07::N-1-7::N-B05::N3-6::N-2-14::N-B10::N-2-26::N-A02::N-2-12::N3-10::N-A11::N3-7::N-B04::N-B09::N3-1-13::N-1-6::N3-19::N-B08::N-B11::N-A03::N-A10::N3-1-11::N-A12::N3-1::N3-1-15::N3-2-21::N-2-15::N3-1-3::N3-21::N-2-17::N3-1-5::N-3-1::N-2-25::B-2-21::N-2-9::N-B02::B-B02::N3-2-22::N-1-10::N3-1-2::N3-11::N-2-27::N-2-21::B3-1-11::N3-5::N-3-4::N-B03::N-2-23::B3-1-13::B3-1::B-2-23::B3-6::B3-1-2::B-3-1::N-A07::N3-3::B-B07::N-A04::B3-13::B3-10::B-A02::B-B11::B-1-10::N-1-4::B-B10::B3-1-3::B-2-15::B3-2-22::B-B08::B3-1-5::B-B04::B-1-7::B-1-6::B-A05::B-2-27::B-B03::B3-19::B-2-12::B3-1-15::B-A11::	286
chr2	121859900	122117900	chr2_121859900	39	258000	0.0486207297475521	52	4.39082604700775e-08	45	0.000124969654473924	::N-2-26::B-B11::B3-2-36::B-B05::B3-1-3::B-B07::N3-10::B3-3::B-2-14::B3-21::N-B04::N-B05::B3-1-2::N3-1-2::B3-2-22::B-B04::B-A03::B-A08::N-3-4::N-1-6::B-3-4::N3-2-36::B-A12::N-A12::B3-19::B-2-25::N3-19::B3-1-5::B-A07::B-2-27::B-1-6::N-A02::B-2-17::N3-1::B-2-9::B-A02::B3-2::N-B07::N-2-15::	18
chr2	154638200	154896200	chr2_154638200	48	258000	4.67533335969976e-06	73	1.05344160058717e-20	60	1.5847701481905e-12	::N-A05::B3-21::B3-11::N3-3::B-2-15::B-A11::N-B10::B3-19::N3-19::B-2-9::N-B02::B-B03::N-A07::N-2-21::B3-8::N3-8::N3-11::N-3-1::B-A02::B-B05::B3-2-36::B-A07::B-B10::B-1-6::B-B09::N-2-27::N-2-15::B3-1-11::B-A03::N-B05::B-A01::B3-2-21::N-B04::B-3-4::B-B04::B-3-1::B-B02::B-A05::N3-2-22::N-B08::N3-1-5::N-2-9::N3-1-11::B3-6::N3-2-21::B3-1::N3-1::B-2-23::	45
chr2	160514700	160772700	chr2_160514700	40	258000	0.0191042413012211	47	1.42785960150418e-05	40	0.0191042413012211	::N3-7::N3-5::N3-1-11::N-A11::B-A11::N3-1-5::B-1-2::N-B09::B-B05::B-2-27::B-B02::N-A01::N-2-17::N-B04::N-B08::B-3-4::B-A02::N3-19::N3-21::N-2-15::B-B10::B-2-14::B3-1-11::B3-2::B3-2-36::B3-19::B3-1-5::B-2-15::N-A08::B3-5::N-1-2::B-A04::N-A04::N3-11::B-B07::B3-21::N-B03::B3-11::B-3-1::N3-6::	27
chr3	19129800	19387800	chr3_19129800	44	258000	0.000357806947873268	56	3.03947894682696e-10	49	1.49963240263663e-06	::B-3-4::B-A07::B-B09::B-1-7::B3-6::B3-11::B3-1::N-A02::B-2-14::N-3-1::B-B05::B3-3::B-2-27::N-B05::B-2-15::N-1-10::B-B02::N-2-15::B3-1-15::B-B10::N3-13::B3-1-13::N-A12::B-A12::N-B09::B-1-6::N-3-4::N-A11::N-1-2::B3-2::N-A01::B-2-17::B3-13::N-A10::B-2-21::B-2-26::N-2-26::N3-19::B-A11::N-B04::B3-19::B-A04::B-A03::N-A03::	29
chr3	27517300	27775300	chr3_27517300	46	258000	4.2698739134095e-05	66	3.65154638912638e-16	57	8.38093741001014e-11	::N-2-25::N-A07::N3-1-13::B3-1-13::B-A07::N3-19::B-2-25::N-2-26::N-A02::B-A02::B3-6::B-B02::N3-1-3::B3-19::N-A05::B-B10::N3-11::N-3-4::B-2-15::B-2-21::N-2-21::B-1-7::B-B07::N-2-15::N3-21::B-1-2::N-B10::N3-8::N-B09::B3-3::B3-1-11::B-2-14::B-B05::N-B05::N-B02::B3-5::N-2-14::B3-2-21::B3-7::B3-13::B-A10::B-2-23::N-2-9::N3-6::B3-21::B-3-4::	30
chr3	51226900	51484900	chr3_51226900	51	258000	1.45271781383101e-07	79	7.93416724254926e-25	68	1.97983835588926e-17	::B3-5::B-A02::N-A02::B3-19::N3-19::B-B09::B-2-12::N-1-6::N-2-23::B-B10::N3-1-2::N3-1-15::B-B07::B-2-23::B3-1-2::N-B07::N-B04::B-2-15::B-B04::N3-1-5::N-2-15::N3-8::N-2-14::N-2-17::B3-11::B3-1-11::B-B08::N3-3::N-2-25::B3-8::B3-1-5::B-1-2::B-2-14::B-A12::B-B02::B3-3::B3-21::N3-13::B-2-25::N-1-2::B-1-6::B-2-9::B-B05::N3-11::B-2-26::N3-1-3::B-2-21::N-3-1::B-3-1::N-A01::B-A03::	44
chr3	60351300	60609300	chr3_60351300	47	258000	1.42785960150418e-05	66	3.65154638912638e-16	46	4.2698739134095e-05	::N-A11::B-2-21::N-2-21::B-A10::N3-7::N3-1-13::B3-21::B-1-2::B3-1-11::B-1-6::B-2-14::N-2-14::B-B04::N-B04::N-1-6::B-B02::B-2-27::B3-1-3::B-2-23::B-1-7::N-A08::B-B10::N-B03::B-B03::B-A11::B3-2-36::B3-11::B3-19::N-1-7::N-2-12::B-2-12::B-A02::N-2-15::N3-2-21::B3-2-21::B3-3::N3-21::N-3-4::B-3-4::N3-3::N-2-17::N-A02::N-2-23::B-A07::N3-10::N3-19::B-A05::	30
chr3	63765100	64023100	chr3_63765100	41	258000	0.00732342522573985	48	4.67533335969976e-06	40	0.0191042413012211	::B3-11::N3-6::B-2-15::N-2-25::B-1-4::B-2-23::N3-10::B-B08::N-B08::B3-5::N3-8::B-1-10::N-A12::B-A12::B3-3::B3-1-15::N-2-27::B-A03::N3-2-21::B-B02::B-3-1::B-1-6::N3-1-15::N-A08::B3-19::N-B05::B-2-9::N3-2-36::B-A08::B-B03::N-B03::N-2-15::B-B11::B3-1::N3-11::B-1-7::B3-7::N3-1-13::B-2-14::B3-1-13::B3-2-36::	21
chr3	69003700	69261700	chr3_69003700	48	258000	4.67533335969976e-06	70	1.01255641570637e-18	57	8.38093741001014e-11	::B-B09::B3-3::N-1-6::N-B10::B-B10::N3-19::B-1-2::B3-1-2::B-2-12::N-2-12::N3-1-13::N3-7::N-2-23::B-A08::B-2-25::B-2-14::N-2-14::B-A10::N-A10::N-B07::B-A02::B-B03::N-B03::B-B02::B-2-17::N-A08::N-2-21::B-B04::N3-10::B-2-15::B3-1-3::B3-1::B3-6::N-B09::B3-21::N3-21::N-B08::B-A01::B3-19::B-B08::N-2-25::N-3-1::N-2-17::N3-11::N-A01::N-A07::B-B11::N3-1::	39
chr3	84802100	85060100	chr3_84802100	40	258000	0.0191042413012211	51	1.45271781383101e-07	48	4.67533335969976e-06	::N3-1::B-A03::N-B02::B-B05::N-B10::N3-3::B-1-2::N-2-23::B3-8::N-A05::B-2-15::B3-21::B-1-6::B-A08::B3-6::N-2-27::N-A11::B3-19::N-A02::B-A02::N3-1-5::B-2-26::B-2-23::N-3-1::B3-1-11::N3-10::N-A08::B-A11::B3-3::N-1-7::N-A10::B-A12::B3-10::B3-7::N3-1-15::N3-19::B-2-17::B-2-14::N-2-21::B3-2-21::	24
chr3	88852400	89110400	chr3_88852400	47	258000	1.42785960150418e-05	68	1.97983835588926e-17	57	8.38093741001014e-11	::N-1-2::B3-1-15::B-2-25::N-2-25::B-B02::N-2-27::B-2-27::B-B07::B3-13::B-3-4::B3-2::B-B05::B-B08::B-2-21::B3-1-13::B3-6::B-1-7::N-B05::B-2-15::B-3-1::B-B10::N-1-6::N3-1-2::B3-1-2::N-B08::B-B09::B3-2-36::N-B02::B3-1::N-2-15::N3-1-3::B3-1-3::B-B03::B-A07::B3-1-11::N3-1-11::B-A08::B3-3::N3-6::B3-5::B-1-6::N-B07::N-3-1::N-2-21::B-1-2::N3-1-13::N3-21::	37
chr3	90130300	90388300	chr3_90130300	49	258000	1.49963240263663e-06	66	3.65154638912638e-16	58	2.27108253311014e-11	::N-A11::B-2-15::N3-1-5::B-A02::B-A07::B3-11::N3-1-2::B3-2-21::N-2-17::B-A10::B-B10::B3-2-36::B-A12::B-2-23::B3-8::B-B02::B-2-27::N-B08::B-2-14::N3-19::B-2-25::N-B05::B-B05::N3-1-13::B3-5::B3-7::N-B07::N3-8::B-3-4::B3-1-2::N-A01::N-1-6::N-1-2::B-1-2::N-2-27::B3-1::B3-2::N3-2-36::B3-3::B-A01::N-B09::B-1-7::N-1-7::B3-21::N3-21::B-A03::B3-6::N3-1::B-A08::	46
chr3	94838400	95096400	chr3_94838400	43	258000	0.00100168952558999	52	4.39082604700775e-08	47	1.42785960150418e-05	::B3-3::N-2-23::N3-8::N-B05::B3-1::B-2-12::B-A01::N-A01::N-2-15::B3-11::N-1-6::N3-19::B-3-1::B3-13::B-2-27::B-A07::B-B11::N-2-14::B-2-26::N-2-26::B3-10::B3-6::B-B05::N-1-4::N3-2::N-A11::B-A11::B-2-15::N-B04::B-1-10::N-A03::B-A08::B3-1-5::B3-19::B-A12::N-2-17::N-2-9::B3-2-22::B-1-7::B-1-6::B-2-23::N-B09::B3-1-11::	23
chr3	95601900	95859900	chr3_95601900	39	258000	0.0486207297475521	47	1.42785960150418e-05	42	0.00274052188557304	::N3-19::N-2-15::B3-5::N3-1-5::N-A02::B-A02::B-2-14::N3-13::B-2-23::B-A12::N-B08::B3-2::B3-11::N-B02::B-B07::B3-1-2::N-A08::B3-1-15::B-3-1::N3-5::B-3-4::B-1-2::N3-2-36::B-2-15::B3-7::B-A01::B-A08::N-A11::N-A01::B-2-25::B3-21::N-B09::B-B04::B-A10::N3-1::N-1-7::B-1-6::N-B03::B-A11::	23
chr3	103187600	103445600	chr3_103187600	45	258000	0.000124969654473924	61	4.08323861983015e-13	53	1.30208302056704e-08	::B3-19::B-B03::N-B04::N3-2-22::B3-1::B-B09::N-2-23::N3-3::B-A10::B-B10::B3-3::B-1-2::B3-6::B3-1-5::N3-11::N3-1-11::B-B07::B-A07::B-2-17::N-2-25::B-2-23::N-2-9::B-2-15::B-1-6::N-B03::N-B05::N-2-15::B-2-21::B3-7::B3-13::B-2-25::B-A11::N-A11::B-2-14::B-A08::B3-10::B-2-9::N-A12::N-B07::N-A08::B3-2-21::N-2-27::B-2-27::B-A05::N3-19::	35
chr3	103956900	104214900	chr3_103956900	39	258000	0.0486207297475521	52	4.39082604700775e-08	46	4.2698739134095e-05	::B-2-23::N3-1-5::B3-19::B-1-7::B3-7::N-1-10::N3-1::B3-1-2::N-1-7::N-2-27::B-B07::N-2-17::N-B07::N3-1-2::N3-8::B-A05::B3-2-21::B3-3::N-A03::B-3-4::B-2-15::N3-19::B3-6::B3-2-36::B-2-9::B-1-6::N-2-15::N-A08::B-A11::B-A08::N-B10::B-B02::B-A12::B3-5::N3-2::B-2-21::B-1-4::B3-2-22::N-B05::	29
chr3	104701700	104959700	chr3_104701700	40	258000	0.0191042413012211	47	1.42785960150418e-05	41	0.00732342522573985	::N3-2::N-1-7::N3-11::N-2-12::B-B02::B-3-1::B-A07::B-A08::B-B05::N-B03::B-B03::B-B09::B-B07::B-B11::B-A12::N-1-6::N-B04::B-B04::B-2-21::N-A12::B-A11::B-2-15::B-2-25::N-2-25::B-A10::N-2-26::B-2-9::N-3-4::B3-1-2::B3-2-21::B-2-17::B-A04::N-1-2::B-A01::N3-8::N3-1-15::B3-1-15::N-A01::B-2-27::B3-11::	27
chr3	122362800	122620800	chr3_122362800	42	258000	0.00274052188557304	65	1.5333893564398e-15	55	1.08297605209082e-09	::B-A11::B-A12::B3-3::B-A03::N-3-1::B-3-1::N-A03::N-A01::N3-1-2::B-2-21::B-3-4::B-2-9::B-A10::B-B10::B-2-25::N-2-15::B-1-6::N3-13::B-B05::N-B05::N3-2-36::B3-2-36::N3-21::N3-19::B-A08::B3-19::B-B03::B-B02::B3-1-2::B-B07::N3-10::N-A11::N3-1-5::B-2-17::N-2-25::N-2-21::B-1-10::N-A04::B-A04::B-A01::N-B03::B3-11::	29
chr3	135373800	135631800	chr3_135373800	41	258000	0.00732342522573985	54	3.78977327820225e-09	39	0.0486207297475521	::N3-2-21::B-B04::N-A05::B-A10::B-B05::N3-13::B-A05::B-B02::B-A08::N3-1-15::B3-1-15::B-1-10::B3-6::N3-10::B3-10::N-2-23::N3-8::N3-11::B3-7::B3-8::B3-11::B-2-21::B-2-14::B-A01::B3-3::N-B09::N-2-17::N-B02::B-A03::N-A08::N-A03::N3-2-36::B3-19::N3-1-2::B-2-25::N-1-6::N3-1-5::N-2-15::B3-1-13::B-2-15::N3-1-11::	27
chr3	144355600	144613600	chr3_144355600	41	258000	0.00732342522573985	54	3.78977327820225e-09	45	0.000124969654473924	::N3-1-5::N3-1-11::B-2-12::N-2-12::B-B10::N3-3::B-1-2::B-B09::B3-3::B-1-6::B-A08::B-A10::B-2-21::N-A02::N-2-14::B-A02::B-B07::N-1-7::B-A11::B3-10::N-2-15::B3-19::N-2-25::N3-19::B3-2-22::N-A08::N-A11::B3-6::N-B07::B3-1-11::B-2-14::B-2-15::N3-8::B-B02::B3-21::N-B03::B-B03::N3-10::B3-7::N-B10::N-2-23::	29
chr3	152183100	152441100	chr3_152183100	46	258000	4.2698739134095e-05	59	6.04991424722795e-12	48	4.67533335969976e-06	::N3-19::N-2-12::B3-6::N3-2-21::N-B04::N3-1::B-B05::B3-2-36::N-A01::B-2-12::N-1-10::B3-19::B-1-2::N3-1-15::N-B10::B-A01::N-2-23::B-A08::N-2-25::B3-1-2::N-B03::N-1-6::N-A05::B-B03::B3-13::N-A11::B-B07::N3-3::B3-1-13::N-2-27::B-2-27::B-2-14::N3-6::N-2-15::B-B02::B-2-15::B3-5::B-2-21::B-2-9::N3-1-5::B-1-10::N3-13::B-A10::B-A04::N-A04::B-A12::	25
chr4	41106700	41364700	chr4_41106700	39	258000	0.0486207297475521	55	1.08297605209082e-09	51	1.45271781383101e-07	::B-B04::N-2-25::N3-8::N-A05::B3-13::N-3-1::B-3-1::N3-11::B3-2-21::B-1-7::B-B10::B-2-21::B-A12::B3-19::B3-2-36::N3-7::B-2-12::B-2-23::N-2-27::B3-1-13::B-2-14::N3-13::B-B05::N-2-21::N-2-15::B-B11::B-2-27::B3-11::B-2-15::N-B03::B-A08::N-A08::B-B09::B-B02::B3-1-3::B-A05::N-B09::B3-7::B-A03::	20
chr4	82228500	82486500	chr4_82228500	44	258000	0.000357806947873268	63	2.58231458531717e-14	56	3.03947894682696e-10	::N3-19::B-A07::B-A12::N-A11::B3-2-21::N3-1-3::N-A12::B-3-4::B-2-21::B-1-2::N-A07::N3-6::B-2-15::N-B10::B3-19::B-2-9::N-3-1::B3-1-13::B-A01::B3-1-15::N-2-21::N-B07::N-2-25::B-2-25::B-B02::B-B11::N-B04::B-B04::N-B03::N3-2-36::N-1-7::B-1-10::B-B03::B3-6::B-1-7::N3-1-13::N-2-27::B-2-27::B-B09::N-2-14::B-A05::N-A02::N-2-23::B3-2-36::	24
chr4	116441200	116699200	chr4_116441200	39	258000	0.0486207297475521	46	4.2698739134095e-05	35	1.57289831688512	::B3-3::B3-1-2::N-2-23::B-3-4::N-A01::B3-2-36::N3-1-2::B-2-21::N-B05::N3-1-11::B-B05::B-2-15::N-2-15::N3-8::B-2-23::N-B09::B-B09::B-A08::N3-1-5::N-B04::B-B04::B3-1-5::N3-3::N3-13::N-A03::B3-19::B-B10::B-A02::B-3-1::N-3-1::B-1-10::B3-1-3::B3-2::N-2-9::B-2-27::B-1-9::B-2-9::B-2-12::B-1-7::	18
chr4	130554600	130812600	chr4_130554600	47	258000	1.42785960150418e-05	66	3.65154638912638e-16	49	1.49963240263663e-06	::B-2-14::N3-2::N-A02::B-B02::N-2-21::N-B10::B-B10::N-3-1::B-3-1::B-A10::B-B07::N-A01::N-1-6::N3-8::N3-1-2::N-2-15::B-2-15::N3-13::B3-11::N3-11::B-1-4::N-A08::B-A08::B3-2::B-A05::B3-2-36::N-B02::B-2-9::B3-13::B-1-6::B3-1-11::B-1-2::B3-5::B-A07::N-B07::B3-7::N3-7::N-1-10::N-A11::N-B09::B-B09::B-B05::B3-2-22::B3-2-37::N3-2-22::N3-1-5::B3-1-5::	30
chr4	135208500	135466500	chr4_135208500	45	258000	0.000124969654473924	55	1.08297605209082e-09	41	0.00732342522573985	::B-2-27::B-3-4::B3-5::B3-2-36::N3-2-36::N3-13::B3-13::B-B04::B3-1::N3-1::B-B02::N-3-1::B-A04::N-A04::B-2-12::N-2-12::B3-7::B-A08::N-A01::B-1-7::B3-1-11::N-B10::B-B10::N-A11::N3-19::B-A10::N-A10::N-B05::B-B05::B-1-6::N-2-17::B3-1-3::B-A05::N-A05::B-A07::B-2-25::N-2-9::N3-11::B-2-21::N-2-23::N-A12::B-A03::N-B07::N3-1-2::B-B07::	33
chr4	136316300	136574300	chr4_136316300	48	258000	4.67533335969976e-06	79	7.93416724254926e-25	62	1.03509779694498e-13	::N3-1-13::N-1-7::B-1-7::N-2-21::B-2-23::N3-13::B3-1-11::B-B11::N-B04::B-B04::B-A04::B-B08::B3-19::B-A01::B-2-15::N-B07::B-3-4::N-A01::B-B05::B-B07::B-2-26::N-2-26::N-2-15::N3-1-3::N-3-4::N3-19::B3-1::B3-2-36::B-2-27::N3-8::B3-7::B-A10::N-3-1::B-A12::N3-2-21::B3-1-15::B-A08::B-A03::N3-1-15::N-A08::N-A03::B3-13::N-A07::N3-2::B3-2::B3-6::N-B08::N-2-12::	44
chr4	148790100	149048100	chr4_148790100	39	258000	0.0486207297475521	45	0.000124969654473924	35	1.57289831688512	::B-A07::N-1-10::B3-2-36::N3-2-36::B-B04::N-B04::N-B08::N-B09::N-2-25::N-A05::N-1-2::N-B07::B-1-2::B3-1::N3-1-5::N-2-15::B3-5::B-B11::N3-10::B3-1-3::B3-6::N-3-4::B-2-15::B-2-9::N-2-9::N3-19::N3-21::B3-8::B3-21::B-1-7::B3-3::N-B05::N-2-23::N-A08::N3-13::B3-13::N3-7::N-2-26::B-2-26::	23
chr4	150319100	150577100	chr4_150319100	41	258000	0.00732342522573985	55	1.08297605209082e-09	52	4.39082604700775e-08	::B-2-14::N-A10::N-B09::B3-2-37::N-B05::N3-1-5::B-2-23::B-B09::N-B02::B-2-25::B-B02::B-2-15::N-2-15::B-A04::N3-1::B-A08::N-A01::B-1-10::N-B08::B-B08::B-B05::B-A10::B3-3::N-B04::B3-2::N-1-7::N-2-23::B-B11::B3-6::B3-1::B-2-9::B-3-1::B-B04::B-B03::B-A12::B3-19::B-2-27::B-2-21::B-1-2::N-1-6::N3-10::	27
chr4	155297800	155555800	chr4_155297800	47	258000	1.42785960150418e-05	60	1.5847701481905e-12	45	0.000124969654473924	::B3-1-3::N-2-12::B-2-12::N-3-1::B3-11::N-B05::N3-1-11::N3-1::B-B09::B-2-9::B-A10::N-2-9::B-B11::B-2-27::B-A07::N3-13::B-2-15::N-2-14::B3-2-36::N3-2-36::B-2-23::B3-19::N3-19::N3-8::B3-10::N-B04::N-2-15::B3-2-22::B-2-25::N-2-25::N3-10::B3-13::B3-1::B-2-14::B3-2-21::B3-3::N3-3::N-1-2::B-1-6::B-B02::N-A11::B-A11::N3-1-5::B-B05::N3-11::B-A12::N-A02::	30
chr5	20790700	21048700	chr5_20790700	41	258000	0.00732342522573985	57	8.38093741001014e-11	53	1.30208302056704e-08	::B3-2-36::B-B05::B-1-2::N-1-7::B3-6::B-2-25::B-3-1::N-2-27::N-1-6::B-2-15::B3-10::B-A01::B3-7::N-2-9::N-A01::N3-10::B3-1-3::B-B02::N-1-10::B-B09::B-1-10::B-B10::B-A10::B-B03::N-2-17::B3-19::N3-19::N-3-4::B-2-27::B3-2-21::N3-2-36::N-B10::N-A05::N-A12::B-3-4::N3-11::N-2-14::B-A02::B-1-6::N3-1-5::B-2-23::	37
chr5	23420500	23678500	chr5_23420500	48	258000	4.67533335969976e-06	65	1.5333893564398e-15	62	1.03509779694498e-13	::B-B02::B-1-7::B-A10::B3-7::B-A08::N-2-15::B-B07::B-A01::B-2-15::N-B09::B3-2-22::B3-1::B3-2-21::N-2-9::N3-11::B3-2-36::B3-11::B3-2::N-A01::B-1-2::N-2-21::N3-1-2::B-2-14::B-A05::N3-3::B3-3::B3-6::N-B04::N-A07::B-3-4::B3-19::B-A03::B-B05::B-2-25::B-A07::N-A05::B-A12::N3-10::N-2-27::N-A02::B3-1-3::B-1-6::N-2-23::B-2-21::N-B10::B3-13::B-B04::B-B10::	25
chr5	25263100	25521100	chr5_25263100	63	258000	2.58231458531717e-14	190	0	139	4.46946908641543e-75	::B-2-27::N3-13::B3-6::N3-2-22::B-A11::B-B09::N-2-17::N-2-9::B-2-9::B3-1-2::B-1-2::B-2-15::N3-21::B-A10::N-A05::N3-10::B3-13::B3-7::B3-1::N3-1-3::B-2-17::N3-1-15::B3-1-15::B-1-6::B3-10::B3-2-36::N3-1::N-2-25::N-2-15::B-B02::N-B02::N-3-1::N-A03::B-B10::B-B07::B-A02::B-A08::B-A03::N-A08::B-B08::B-1-10::B-2-25::B3-1-11::N3-1-11::N3-1-2::N-B07::N-B10::B3-1-3::N3-2-21::B3-2-22::N-B08::N-A07::B-3-1::B3-5::N3-1-5::N-2-23::B-B05::B-B03::B-2-21::B-2-23::N-B05::N3-2-36::N3-19::	109
chr5	27931300	28189300	chr5_27931300	92	258000	2.03780278200932e-34	207	0	13	12489.6447200872	::B-2-15::B3-19::B-2-27::N-B04::N-A01::N-2-23::B3-7::N-2-15::N-A08::N-B09::N3-1-5::N-2-25::N3-11::N-3-4::N-1-2::N-2-21::B-2-21::B-2-12::B-B10::B3-6::B3-5::B-A08::B-1-2::B-B04::B3-1-2::N-A11::B-2-25::B-A10::B3-1-3::B-2-9::N-2-14::N-1-7::N-B03::N-B05::N3-1-11::N-1-6::N3-3::N-1-4::B-A04::B-B11::B-2-14::B-B03::B-2-17::B3-11::B-B05::B-B08::B-1-7::B-1-10::B-B09::B-1-6::B-B07::B-1-4::B-2-23::B-A02::B3-13::B-A01::B-3-4::B3-2-21::B3-2-36::B-A11::B-3-1::B3-3::B3-2::B3-1-11::B-A05::B-B02::B3-1-5::B3-2-22::B-A07::N-3-1::N3-5::B3-10::B3-1-13::B3-2-37::N-2-12::N-B02::N3-10::N3-7::N-B10::N-B08::N-A03::N-2-27::N-1-10::N-A02::N-A10::B-A12::N3-13::N-A12::B3-1-15::N3-21::N3-1-2::N3-2-21::	127
chr5	65427400	65685400	chr5_65427400	51	258000	1.45271781383101e-07	92	2.03780278200932e-34	82	5.79718864141192e-27	::N-1-2::N3-1-13::B-2-15::N-2-26::B-2-26::B-B02::N-A03::N-1-7::B-B10::N-3-1::N3-2-36::N-2-21::B3-7::B-A10::B3-2-21::N-2-15::B-A02::B-3-1::B-1-2::B-B05::B3-13::B-A07::N-A11::B-2-21::N-A01::N3-2-21::B3-2-36::B-2-25::N-A12::N3-1-3::N-1-6::B-1-10::N3-1-11::B-1-6::N3-1-5::B-A11::B3-1-13::B3-1-3::B-1-7::B3-1-11::B3-6::N3-6::N3-13::N-B02::N-1-10::B-B07::B-2-23::B-B09::N-B05::B-A05::N3-2-22::	52
chr5	90178600	90436600	chr5_90178600	41	258000	0.00732342522573985	65	1.5333893564398e-15	61	4.08323861983015e-13	::N-2-17::B-A02::N-1-6::B-A04::B-B05::N-B05::B3-1-5::B-B04::B3-6::B3-1::B-A10::N3-13::B-A12::N-1-2::N3-3::B-1-2::B-A01::B3-19::N3-6::N-A10::N-2-23::B-2-25::N-2-21::B3-1-2::B-2-15::N-B10::B-B09::B3-1-11::N-1-7::B3-7::B-1-6::N3-19::B-1-7::B-A08::N-A02::N-2-25::N3-1-11::N-A07::N-B08::B3-1-3::N-3-1::	27
chr5	99950600	100208600	chr5_99950600	40	258000	0.0191042413012211	53	1.30208302056704e-08	41	0.00732342522573985	::B-2-25::B-2-15::N-A04::N-B09::N-A02::N-A11::B-A02::N-2-15::B3-6::N3-1-11::B3-2-36::N3-13::B-B05::N-B05::N-B10::B3-1-13::B-B10::B3-1::B3-13::B3-10::N3-1::N3-10::B3-5::N-A05::B-2-21::B3-1-15::B-A03::B-A08::B-1-6::N3-1-5::B3-7::B3-2-21::B-A05::B-B04::N-2-25::N-B11::N-2-17::N-2-23::B-A01::N3-8::	34
chr5	103595700	103853700	chr5_103595700	43	258000	0.00100168952558999	57	8.38093741001014e-11	45	0.000124969654473924	::N3-8::B-2-23::B3-13::B3-3::B-A11::N-A11::B3-1-11::N3-3::B3-1-15::B-1-2::B-B09::N-B08::B-B08::N3-6::B-2-12::N3-13::N-B03::B-2-15::B3-7::N-3-4::N-2-15::B3-2-21::N-2-9::B3-6::B-2-21::N-B10::B3-5::B-A07::N-A07::B-1-6::N-2-23::N-B05::B-1-7::N-1-7::N-1-6::B-A04::B-B02::N3-1-5::B3-19::N3-19::N-3-1::N3-1-11::N-B02::	29
chr5	115012800	115270800	chr5_115012800	42	258000	0.00274052188557304	54	3.78977327820225e-09	49	1.49963240263663e-06	::N-B10::B3-10::N3-10::B3-5::B-B10::B-A05::N-B02::N-1-6::B3-1::N-A04::N3-13::B3-13::B-B02::B3-2-21::B3-3::N-A02::B-2-15::B-B05::B3-7::B-1-2::N3-19::B-B04::N-B04::N3-6::N-2-9::B-A10::B-2-14::B3-1-11::B-2-21::B-A12::B-A08::B-A07::B-2-25::N3-1-2::B-3-4::N-2-15::N3-7::B3-6::B-2-23::N3-1-11::B-A04::B-B09::	29
chr5	122243100	122501100	chr5_122243100	45	258000	0.000124969654473924	65	1.5333893564398e-15	54	3.78977327820225e-09	::B-A07::B3-11::B-2-15::B-A02::N-2-15::B-A10::B3-19::B-B03::N3-1-2::N3-1-3::N-B08::N3-8::B-B04::B-B10::B-B05::B-A11::N-A11::N-B02::N3-19::N3-13::B-A08::B-A03::B3-1-15::N-A08::N3-1-15::N-A03::B-3-4::B3-2-36::N-2-25::N-3-1::N-2-27::B-3-1::B3-21::N-B09::B3-1-3::B-A01::N-A01::B-B02::N-1-2::B3-3::B-1-6::B3-6::B-2-25::B-B09::B-2-27::	38
chr6	28487900	28745900	chr6_28487900	42	258000	0.00274052188557304	60	1.5847701481905e-12	58	2.27108253311014e-11	::B-A05::N-1-2::B-A02::N3-19::N-2-14::N-2-23::B3-2-21::N3-2::B-2-15::B3-1::B-1-6::B3-3::N-A02::B-B10::B3-19::N-B07::B-B02::B-1-7::B-1-2::N3-3::B-B05::N3-8::B3-6::B-2-21::B3-7::N3-2-22::B-A04::B-A10::B-2-23::N-A11::B-3-4::B3-1-13::B-A07::N-B05::N-B02::N-2-21::N-A01::B3-5::B3-1-3::N-2-15::N3-1-5::N-B09::	24
chr6	31381000	31639000	chr6_31381000	41	258000	0.00732342522573985	59	6.04991424722795e-12	55	1.08297605209082e-09	::B3-1-2::N3-10::N3-1-11::N-B03::B-B03::B-B05::N-1-2::B3-1-13::B-A10::N-2-15::B3-11::B3-19::B3-1::N-A08::B-A02::B3-2::N3-2-22::B3-2-21::B3-7::B-A03::B-2-27::N3-1::B-2-21::N-B07::N-1-6::N3-3::B-2-15::B-1-6::B3-6::B3-3::N-3-4::B-A08::N-2-23::B3-5::B-B02::N-3-1::B-B07::B3-1-5::B-B10::N-A11::N-B08::	21
chr6	38449100	38707100	chr6_38449100	42	258000	0.00274052188557304	53	1.30208302056704e-08	45	0.000124969654473924	::B-B11::B3-6::B-2-9::N-2-17::N-2-26::B-B05::N-B07::N-1-2::N-3-1::B-1-6::B3-7::N3-1-11::N-2-27::N-2-25::N-B03::B3-1-11::B-1-7::N3-1-3::B-2-25::B3-19::B3-2-21::B3-3::N-3-4::N3-2-21::B-2-14::N-A12::B-A08::N3-1::B3-1::B-2-17::N3-11::B3-13::N3-13::B-B04::N-A04::N3-2-36::B-B10::N-B08::B-B03::B-B02::N3-6::N-A03::	27
chr6	47333800	47591800	chr6_47333800	48	258000	4.67533335969976e-06	65	1.5333893564398e-15	55	1.08297605209082e-09	::B3-3::N-1-2::N-A01::B-B02::N3-6::B3-1-15::N-B04::N3-3::B3-1-2::N3-19::B-2-9::B-2-23::B-2-21::B-A01::B-1-10::B3-1-11::N-A02::B3-2::B-B04::N-2-17::B-2-15::B-B10::B-A08::N3-1-5::N-B07::B3-1-5::N-A03::B3-1::N3-1-3::B3-7::N-B10::N-3-4::B-2-12::N3-2-21::N-1-7::B-B03::N-B03::N3-13::B-A02::B3-6::B-B09::N-B05::N-A10::N-1-6::B-A07::B-2-25::N-2-15::B-B05::	27
chr6	83199500	83457500	chr6_83199500	42	258000	0.00274052188557304	52	4.39082604700775e-08	45	0.000124969654473924	::N-1-6::B-B03::B-B08::N-B08::B-1-2::N-2-9::B-B05::N-B05::B-A01::B-1-6::B3-1::B3-1-3::B3-19::N3-1-2::N-B07::N-A08::N-3-4::B-2-14::B3-6::B3-21::B-1-7::B3-11::N-B02::N-A05::N3-6::N-2-17::B3-13::N3-13::N3-21::B-2-12::B-B11::N-1-2::B-2-15::N-A01::B-2-23::B-A02::B3-2-36::B3-7::B-B07::N-A10::B-2-26::B-B02::	29
chr6	103532000	103790000	chr6_103532000	41	258000	0.00732342522573985	52	4.39082604700775e-08	23	2767.06337897931	::N-B08::B-2-27::N-A01::B-A01::B-B05::B-1-7::B3-19::N3-8::B3-2-36::N-2-14::N-B11::N-3-1::B-B11::N3-13::N-B10::N-2-12::N3-10::N3-1-11::N-A05::N-B04::N3-1-13::N-2-21::N3-1-15::N-B05::N-1-7::N-2-15::N3-3::N-A12::N3-11::N-A02::B3-1-2::B3-1::N-A11::N3-1-2::B3-2-21::N-2-23::N3-19::B-A10::B-A07::B3-11::B-3-4::	27
chr6	112970900	113228900	chr6_112970900	50	258000	4.71392995240552e-07	62	1.03509779694498e-13	55	1.08297605209082e-09	::B-B09::B3-2-22::N3-1::N-2-23::B-B10::N3-1-15::B-1-6::B3-1-13::B-B02::B-B05::B3-8::B-1-2::N-B11::N-1-6::B-2-12::B3-1::B-B04::B-A11::N-2-15::B-2-21::B-2-15::N3-10::B-A12::B-A07::B-2-23::N-1-4::N-1-2::B-A05::B-2-27::N-2-27::N-2-25::N3-13::N-1-7::B3-2::B-B11::N-A03::N-2-17::B-A08::B-B07::N3-11::N-B08::B-B08::B-A03::B-2-25::N-1-10::B3-1-11::B-B03::N-A05::N3-8::N3-1-3::	33
chr6	119792200	120050200	chr6_119792200	47	258000	1.42785960150418e-05	68	1.97983835588926e-17	59	6.04991424722795e-12	::N3-10::B-A05::B-A04::B-2-15::B-1-6::B3-6::N3-2-22::B3-11::B3-3::B3-19::N-B09::B3-1-2::N-B03::N3-1-5::B-B04::N-1-2::B3-1-11::B-A08::N-2-9::B3-2-36::B-B10::B-B05::N3-19::B-A07::N3-1-2::B-A12::B3-7::B-A11::N-2-21::B-2-21::B3-13::N-2-23::N-B11::N-2-15::B-2-12::N-2-12::B-2-14::N-2-14::B3-8::N3-11::N-B05::N-A01::B3-2-21::N3-1-13::B3-1-13::B-2-25::N-A08::	32
chr6	134040500	134298500	chr6_134040500	41	258000	0.00732342522573985	58	2.27108253311014e-11	48	4.67533335969976e-06	::N-A03::N-2-25::B-B09::B3-2-22::N3-2-22::B-A04::N-A02::B-A02::N-A08::N-2-21::B-2-15::B3-1-3::B-2-25::N3-8::B-2-9::B-B11::B-1-10::N-A05::B-A05::N3-1-5::B3-1-5::B-B04::B-A08::N-B03::B-B05::N-3-1::B-3-1::B-B02::B-B03::B3-3::N-A01::B3-6::N-B04::N-1-2::B-1-4::B-A01::N-2-17::N-B02::B-1-6::N-2-15::N3-11::	26
chr7	16504200	16762200	chr7_16504200	39	258000	0.0486207297475521	53	1.30208302056704e-08	44	0.000357806947873268	::B-A11::N-B05::N-2-15::B-2-15::N3-10::B-B04::B3-1-5::B3-1-3::B-B10::N3-1-5::B-2-14::B-A07::N-B04::N-2-14::N-2-17::B-2-17::B-A01::B3-8::N3-1-13::N-B09::B-1-2::N-1-6::N3-19::B-1-10::N-A01::N-B08::B-A10::B3-11::B-B02::B3-2-21::N-B10::N-2-23::N-2-9::B3-1-15::B-2-27::N-A11::N3-11::N-1-4::N-A02::	32
chr7	49290200	49548200	chr7_49290200	41	258000	0.00732342522573985	49	1.49963240263663e-06	35	1.57289831688512	::B3-2::B3-1-15::B-A03::B-A10::B-A08::N-A03::N3-1-15::N-A08::B-1-4::B3-2-36::N-2-26::B3-19::B-2-26::B-A11::B-B11::B3-11::B3-6::B-2-17::N-B09::N-2-25::N-1-6::N-A05::N3-1-3::B-B02::B3-1-3::N-B04::N-A01::N-A11::N3-8::B-B07::N-A07::N-2-15::B-A05::N3-13::N-3-1::B-3-1::N3-10::N-1-10::N-B08::N3-11::N-B02::	31
chr7	89953600	90211600	chr7_89953600	50	258000	4.71392995240552e-07	79	7.93416724254926e-25	59	6.04991424722795e-12	::B-B05::N-A03::B-A03::N3-10::B-A02::B-B04::N-B04::B-B11::B-1-6::N-1-2::B-B09::B-A04::N3-1-15::B-1-2::B3-1::N-A02::B-B02::B-2-21::B3-1-13::N-B09::N3-11::B3-8::B3-11::N-1-4::B-A08::N-B02::B-2-23::B-B07::N-2-25::N3-8::N-A11::B3-6::B3-7::N-3-1::B-B10::B-3-1::N-2-21::N-A01::B-A01::B3-13::B3-10::N3-13::N3-1::B-A11::B3-2-21::N-1-6::B3-2-36::N3-6::B3-1-11::B-1-10::	37
chr7	97586100	97844100	chr7_97586100	40	258000	0.0191042413012211	53	1.30208302056704e-08	49	1.49963240263663e-06	::B-3-1::N3-1-13::B-B05::B-A04::N-B09::B-B09::N3-1-5::B-2-26::N-2-17::B-2-12::N-2-27::B3-8::N3-8::N3-11::N3-7::B3-7::B-A05::N-1-10::N3-1-15::B-A10::B3-19::B-2-15::B-B02::B3-1-13::B3-2::B-2-23::N-A11::B-B07::N-2-21::B3-1-15::B-A12::N-B08::B-B08::B-A02::N-2-25::B-3-4::N3-2-36::N-2-23::N-A01::N-B04::	25
chr7	101954500	102212500	chr7_101954500	43	258000	0.00100168952558999	61	4.08323861983015e-13	51	1.45271781383101e-07	::B-1-6::B-A10::B-A05::B3-6::B3-19::N-B02::B3-3::B-B02::B-B07::N-B07::N-2-27::B-A08::B3-1-11::B-1-10::B3-2-21::B-1-7::N3-13::N-2-17::B3-7::N-2-25::B3-2-36::B3-1-2::B3-1-13::N3-1-2::N-2-15::N3-10::N-B10::B-2-21::N3-1-5::N-A02::B-3-1::B-B04::B-A07::B-B05::N-B05::B-2-15::N-1-6::B-1-2::N-B09::N-1-2::N3-21::B-2-27::B-2-26::	32
chr7	112021000	112279000	chr7_112021000	43	258000	0.00100168952558999	66	3.65154638912638e-16	56	3.03947894682696e-10	::N-A02::B-A02::B-B05::N-A01::N3-21::B-1-7::B3-1-2::B3-13::B-1-2::N-B07::N-B03::B-B03::B3-1-13::N-2-25::B-A04::B3-8::N-1-2::B-2-14::B3-1::B-1-6::B-1-10::B-2-27::B-B09::N3-7::B-B07::N-2-17::B-2-17::N-B04::B-B02::N3-1-2::N-2-21::N-2-27::B-A08::B-2-23::N-1-7::B3-2::N-B02::B-2-9::B3-10::B3-2-21::B-A07::B3-7::B3-6::	37
chr7	118038200	118296200	chr7_118038200	45	258000	0.000124969654473924	51	1.45271781383101e-07	49	1.49963240263663e-06	::B-B07::N-2-25::B-2-14::B-2-23::B-B05::B3-1-11::B-1-2::B-B04::B-B08::B3-6::N3-19::N3-1::B3-3::B-A01::B-3-1::N-A05::B-A05::B-3-4::N-1-6::B3-11::N-B08::B-A08::B3-1::B3-1-2::N-2-23::B-B03::N-2-14::B3-7::B3-1-5::N3-11::B-1-10::N3-5::N3-13::N-A08::N-3-1::N-3-4::B-2-27::N-2-27::B3-1-13::B-2-26::B3-2-36::N3-2-36::B-A11::N-A12::B-B10::	24
chr7	121581600	121839600	chr7_121581600	60	258000	1.5847701481905e-12	79	7.93416724254926e-25	32	15.9095028496006	::B3-2-36::N3-6::B-1-10::B-B07::N-3-4::N3-5::N-A02::N3-13::B-B10::B-A04::B3-2-22::N-2-17::B-B05::N-B09::B-2-27::N-2-27::N-1-2::N3-2-36::B3-1-13::N3-1-11::N-B04::B-2-9::N-2-15::B-B04::B-2-25::B-3-1::N-3-1::N3-1-15::N-2-12::N-2-21::N-A10::N-2-25::N3-2-22::N-1-6::N3-1-2::N-A11::N-2-14::N-B05::N-B07::N-1-9::N-B08::N-2-9::N-2-26::N3-11::N3-21::N-B11::N-A12::N-B02::N-1-7::N-A07::N3-2-21::N-A05::N3-2::N-A04::N-B10::N3-19::N3-3::N3-1-3::N-2-23::N3-1-5::	65
chr7	136154600	136412600	chr7_136154600	65	258000	1.5333893564398e-15	74	2.23741764323468e-21	17	13342.4363445021	::N3-1-3::B3-19::N-2-17::N3-1-15::N3-6::B-B04::N-B07::B-2-17::B-2-15::N-A05::B3-6::B-B09::N3-1::N-A02::N-2-12::N-B11::N3-2-36::N-A08::N-2-9::N-2-14::N3-13::N-2-26::N-B04::N-2-27::N-2-25::N-B09::N-B05::N-A11::N3-5::N-B02::N3-1-11::N-2-23::N3-8::N3-1-5::N-B03::N-A10::N3-1-13::N-3-4::N3-19::N-A07::N-3-1::N-A01::N3-11::N-1-2::N3-2-21::N3-10::N-2-15::N-1-6::N3-2-37::N-2-21::N-A12::N-A03::N-A04::N-1-10::N-1-4::N3-21::N3-2::N-1-7::N-B10::N3-3::N-B08::N3-7::N3-1-2::N3-2-22::B-A10::	66
chr8	25589700	25847700	chr8_25589700	47	258000	1.42785960150418e-05	58	2.27108253311014e-11	49	1.49963240263663e-06	::N3-2-22::B3-1-11::B-B02::N3-1-11::B-2-14::N-1-2::B-A08::N3-21::N-3-4::B-3-4::B3-21::B3-19::B-A03::N-A07::B-A07::N-2-15::N3-2-21::N-2-25::B-2-12::N3-8::N3-1-5::N3-13::N3-10::B-B10::B-1-7::B3-1-2::B-2-21::B-2-15::B-B08::B-2-27::N-B03::B-1-2::N-B09::B3-1-3::B-2-9::B3-5::N-2-12::B-A02::B-A12::B-B03::N3-1::N-A08::B3-1-15::N3-1-15::B-2-25::B-A05::N-A05::	27
chr8	80658400	80916400	chr8_80658400	42	258000	0.00274052188557304	57	8.38093741001014e-11	47	1.42785960150418e-05	::N-A11::N-B10::N3-19::B3-19::B-1-6::B3-3::B3-11::B3-2-21::N3-10::N-A01::B-A01::N-2-15::N-B03::B3-1-3::N3-13::B-3-1::B3-7::N-B09::N3-1-2::B-2-23::B-A05::B-B07::B3-2-36::B-1-7::B-2-15::B-B05::N-B07::N-2-12::N-B04::B-B04::N-B05::N3-1-5::B-B10::B3-2-37::N3-1::B3-13::B3-10::B3-1::B3-1-2::N-2-23::B-A11::N3-1-3::	22
chr8	90866200	91124200	chr8_90866200	40	258000	0.0191042413012211	51	1.45271781383101e-07	46	4.2698739134095e-05	::N-A01::N-2-15::N-A11::B3-7::N-1-6::N-3-4::B-A11::N-A12::B-2-27::N-2-27::B3-11::N-3-1::B3-8::B-2-9::B-3-1::N-B02::B-2-15::B-3-4::B-A12::B3-5::B-B10::B-2-23::B-2-14::B-2-25::B-B02::N-2-17::N3-1::N-B09::B3-19::B3-2-22::N3-11::B-B07::B-A04::N3-10::B-B11::B3-2::B-A01::B3-2-21::N-B10::B3-6::	25
chr8	95717600	95975600	chr8_95717600	40	258000	0.0191042413012211	62	1.03509779694498e-13	55	1.08297605209082e-09	::B3-1-3::B-A07::N-1-2::N-B10::B-B04::B3-2::N-2-23::N3-6::B3-1-2::B-B05::N-A05::B-2-23::N-A02::B-2-14::B3-2-21::N3-7::B-1-6::N-B05::B3-19::N-2-17::B3-1-11::N-A07::B3-2-22::N3-2-22::N-2-15::N-2-25::B3-1-13::B3-6::B-B10::B-A01::B-1-2::B-B02::N-A12::B-2-25::N3-13::N3-1-5::B-A11::N-A11::N-B08::N-A01::	35
chr8	106824400	107082400	chr8_106824400	41	258000	0.00732342522573985	51	1.45271781383101e-07	42	0.00274052188557304	::B-2-25::N-A10::N-3-1::B-A12::N3-10::N-B09::N-A12::B3-1-2::B-A04::N-B08::B-1-6::B-1-7::B-B07::B-B10::N3-2-21::B-1-2::B-2-14::N-1-2::B3-1::N3-1::N-1-4::N3-5::B3-1-11::N-2-23::B-2-15::N-2-25::B-B11::N-B10::B-2-12::N-2-12::N3-1-5::B3-2-21::N-2-21::N-2-26::N-A11::N3-1-3::B3-1-13::N-2-15::B-3-1::N3-21::N-B05::	28
chr8	109605100	109863100	chr8_109605100	52	258000	4.39082604700775e-08	89	3.95484019700994e-32	62	1.03509779694498e-13	::N3-10::N-A01::B-2-9::B-1-6::N-A02::B-A10::B-1-7::B-2-25::N-B08::B-B10::N-B10::B-1-4::B3-1-13::N3-1-13::N-2-15::B3-8::N3-8::B3-1-3::B3-1-2::N-B07::B3-2-37::N3-19::N3-1-11::B-2-21::B-2-14::N-2-14::N-B11::N-1-6::B3-19::B-A02::N3-11::B3-11::B-2-15::N-2-25::N3-1-5::B3-2-36::N-1-7::B-A12::B-B07::N3-1-2::N-3-1::B-3-1::N-2-17::B-2-17::B-B02::N3-2-36::B-B05::N-2-21::N-1-4::N-1-9::N-A04::B-A07::	42
chr8	117283200	117541200	chr8_117283200	42	258000	0.00274052188557304	54	3.78977327820225e-09	46	4.2698739134095e-05	::N-A10::B-B04::B-1-2::B-B07::N-B10::N-2-15::N-A01::B3-1-11::N3-1-13::B-2-17::N-2-17::N-B09::B-A10::N-A11::N-1-2::B3-1::B3-1-3::N3-1-5::N-B04::B3-1-5::B-B02::B-A12::N-2-26::B-1-10::N-A05::B3-2-22::B-A02::B3-2-21::B3-5::N-B05::B-A08::N-A02::N-B08::N3-13::N-3-1::B-3-1::B-B03::B-A07::N-2-27::B-2-27::N3-1-15::B-A04::	24
chr8	122820400	123078400	chr8_122820400	42	258000	0.00274052188557304	52	4.39082604700775e-08	46	4.2698739134095e-05	::N-B03::B3-2::B3-1-2::N-A11::N-B02::N3-1-5::N-3-1::B-3-1::B3-6::B3-2-21::N3-19::B3-19::B-B07::B-B10::B-A08::B-B02::B-2-15::N-B04::B3-7::B-B05::B-1-2::N-2-14::B3-1-3::N-A05::B3-3::B-B03::N-A02::B-A02::B3-1::N-B10::B3-5::B-A07::N-A01::B-2-17::N3-1::B-2-25::N3-13::B3-13::B-A10::N-B09::B-2-14::B-2-23::	28
chr8	127037700	127295700	chr8_127037700	42	258000	0.00274052188557304	53	1.30208302056704e-08	52	4.39082604700775e-08	::N-A11::N-B11::N-2-23::B-1-6::B-B07::N3-1::B-B09::N-A08::B-B03::B-3-4::B3-5::N-2-15::N-2-9::B3-6::N-A02::N3-1-5::B-1-2::N-2-25::B3-1-2::B-B04::N-2-26::N-A01::N-B09::N-3-1::B-2-26::B-2-25::B3-1-13::B-B02::B3-1::B3-2-21::B-B05::N3-6::B-A08::B-A12::B-2-21::B3-19::B-2-14::N-B08::N3-2-21::B-B11::B-B10::N-3-4::	30
chr9	3000100	3258100	chr9_3000100	71	258000	2.24145071711236e-19	135	2.61779748611726e-71	40	0.0191042413012211	::N-A08::N-B08::B-B02::N3-2-21::N-3-4::N-B07::N-A05::N-A04::N-2-17::N-A02::N-2-23::N-2-15::N3-6::N-B05::N3-11::B-B11::B-A02::B-A10::B3-2-21::N-B11::N-A11::N3-2-22::B3-7::N-2-21::N-A01::N3-19::N-2-12::N-B04::N-2-26::N3-1-3::N3-8::N-B10::N-2-14::N3-1::N3-1-15::N3-5::N-A07::N3-13::N3-1-5::N3-2::N-1-10::N-2-27::B3-5::B3-11::B-2-15::B-1-10::B3-10::B-B10::N-B02::B-2-23::B3-2-22::B-A08::B3-1::N-A12::N3-21::N-2-25::N-1-6::N-1-4::N3-2-36::N3-1-2::N-B03::N3-1-13::B-B09::N-A03::B-B05::B-2-17::N3-10::B-2-25::N-B09::N3-1-11::N-1-7::	65
chr9	21432600	21690600	chr9_21432600	43	258000	0.00100168952558999	70	1.01255641570637e-18	62	1.03509779694498e-13	::B-B07::B-A07::B-B08::N-B08::N-2-17::B-2-21::N-2-15::B3-11::N3-10::B-B10::B-1-2::N-2-25::N-1-2::B-B04::N3-5::N3-1-5::N3-2-36::B-3-4::N-B07::N-2-9::B-2-9::N-B04::B-2-14::B-B05::B-1-6::B3-3::B-A08::B3-1-15::N3-19::B3-1-2::N-A05::B3-13::B-A02::B-B02::B3-19::B-1-10::B3-2-21::N-A04::N-A08::N-2-12::N-1-6::B-2-15::N-B02::	34
chr9	35051000	35309000	chr9_35051000	39	258000	0.0486207297475521	47	1.42785960150418e-05	30	63.8898184557397	::B-2-23::N-A02::B-3-1::N-1-6::B-1-7::B-B10::B-3-4::B3-1-11::N-B09::B-1-2::N-1-2::B3-2-36::B-A03::B-A08::B3-2-22::B3-7::B3-3::N3-1-2::N3-19::B-2-9::B3-1-15::B-B11::N3-11::N3-1-11::N3-1-3::B3-1::N3-1-15::N-2-21::N3-10::N3-8::N3-1::N-B04::N-B11::N-2-14::N-B07::N3-1-5::B-1-6::N3-2-21::N-A11::	26
chr9	59333600	59591600	chr9_59333600	46	258000	4.2698739134095e-05	64	6.34158017702901e-15	61	4.08323861983015e-13	::N3-19::N3-11::N-2-23::B3-1-2::N-1-7::B-2-23::N-B08::B-2-12::N-2-12::N-A08::N-B10::N-A02::B-B09::B-B02::B-A08::N-A01::B-3-1::B3-6::B3-3::N3-1-5::N3-13::B-2-14::N3-1-2::N-A07::N-2-14::N-1-4::B3-1-5::N-2-15::B3-10::N-B07::B-2-27::B-B10::N-2-17::B-2-17::B-2-15::B3-2::B-B03::N3-2-36::B3-5::B-A10::B-B05::B-2-21::B3-19::N3-2-21::N-3-1::B3-2-36::	27
chr9	65569200	65827200	chr9_65569200	45	258000	0.000124969654473924	52	4.39082604700775e-08	47	1.42785960150418e-05	::B-A10::B-B03::B3-13::N-B09::B3-2-36::B3-1::N-2-14::B-B04::B3-21::N3-13::B-1-2::B-B10::B-2-23::B3-10::N3-10::N-B03::N-1-10::N-B04::B-A04::B-3-4::B-B05::B-B09::N-2-25::N-A10::B-B11::N-B11::B-B02::B-2-14::B3-7::B-A01::B-2-27::N-2-27::N-1-2::N-A08::B-A03::B-2-15::N3-1-11::N-B02::N3-2-21::N3-1-2::B-A07::B3-1-13::N3-1-13::N-A07::B-1-7::	28
chr9	66340300	66598300	chr9_66340300	49	258000	1.49963240263663e-06	67	8.56584739572678e-17	61	4.08323861983015e-13	::N-B04::B-1-2::N3-1-13::B3-21::N-2-21::B3-2-36::N3-2-22::B3-6::B-3-4::N3-2-36::B3-3::N-B08::B-B07::N-B07::B3-11::B3-1::N-B05::B-B10::B-B05::B3-1-13::N3-8::N-1-6::B-2-15::B3-2-22::B3-19::B-2-17::N-2-27::B-A01::B-A08::B3-7::B-B09::B-1-7::B-2-14::N3-13::B-1-6::B3-1-2::N-2-23::N-1-2::B3-8::N-2-17::N-B10::N-A11::B-A07::N3-19::N-2-15::B-A02::B-2-21::N3-1::N-B11::	33
chr9	70438200	70696200	chr9_70438200	59	258000	6.04991424722795e-12	85	3.79792224084928e-29	73	1.05344160058717e-20	::B-A07::B3-2-36::N-2-15::B-1-2::N3-1-3::N3-1-11::N-A11::B-A05::B-B09::B3-6::B3-1-3::B3-1-13::N3-1-13::N-A07::B-B05::N-A05::B-B02::N-1-2::B-A01::B3-3::B3-1-5::B3-7::N3-2-21::N-3-4::B-B10::B-1-7::B-A08::N-B05::B-A11::B-3-1::N-3-1::N-A03::B3-1-11::N3-1-5::B-B07::B-2-23::N-2-21::B-B04::N-B07::N-B11::B-2-15::B3-2-22::N-B09::B-A10::N-1-6::B-2-21::B3-5::N3-10::B-A02::N3-1-2::N-B08::N-2-27::B-2-27::B-2-25::N-2-25::B-1-10::N3-19::B-A03::N3-13::	39
chr9	71857500	72115500	chr9_71857500	60	258000	1.5847701481905e-12	109	3.82528263305914e-48	89	3.95484019700994e-32	::B-2-14::B-2-25::B3-2-36::N-A03::N-B11::B3-1-2::N3-1-2::B-B10::B-A11::N-B08::N-2-12::B-2-12::B-A01::B-A10::N-B09::B-B08::B3-11::B-2-21::N-A11::B-2-17::N3-2-36::B-3-1::N-A05::N-A07::B-A05::B-A12::N-A12::N-1-7::B3-2::N3-13::B3-5::N-2-15::B-1-6::B-B02::B3-6::N-1-4::N-B03::N-2-14::N3-1-11::N-B10::N-B04::B3-2-21::N-2-17::N-2-25::B3-1-13::N3-1-13::N-1-6::B-2-15::B3-1::B-B11::N-B05::N3-1-3::B3-1-3::B-1-2::B-3-4::B-B04::B3-1-5::N3-1-5::B3-3::B-2-9::	66
chr9	72510100	72768100	chr9_72510100	45	258000	0.000124969654473924	59	6.04991424722795e-12	51	1.45271781383101e-07	::N-1-2::N3-1-13::N3-1-3::N-B03::B-A05::N-A05::B-B10::B-B02::N-B08::N-2-23::B3-21::B3-6::B-2-9::N3-11::B3-11::N3-8::B-2-25::N-A01::N-B10::B3-8::B-2-23::B-A10::N3-19::N-2-26::N3-1-11::B-A08::B3-2-22::B-1-6::B3-1-2::N-2-15::B3-2-36::N3-2-36::N3-6::B-A04::B3-7::B-3-1::N-3-1::N-B02::B3-5::B-A02::B3-3::N3-3::N-A08::B-3-4::B-A07::	30
chr9	100626600	100884600	chr9_100626600	44	258000	0.000357806947873268	58	2.27108253311014e-11	51	1.45271781383101e-07	::N3-13::B-A10::N-2-12::B-2-12::N-B10::N-A07::N-2-25::B-2-25::B-2-9::N-A01::N3-1-3::B-A07::B-A04::B-B11::B3-1-15::N-1-7::B3-1-3::B-1-7::B-3-1::B-B03::B-A02::B3-5::N-A08::N-B09::B3-3::N3-10::B-2-14::B-B09::B-1-6::N-1-2::B-A11::B-1-2::B3-1-13::N-3-4::B3-1-2::N3-8::N-2-15::B3-2-36::N-A04::N3-2-22::B3-11::N3-1-2::N-2-17::N3-11::	21
chr9	107737500	107995500	chr9_107737500	55	258000	1.08297605209082e-09	77	1.97918512285225e-23	63	2.58231458531717e-14	::N-2-17::B3-13::B-A04::N-2-25::B-2-25::N-A01::B-2-23::B-1-2::N-2-21::N3-11::B3-11::N-B02::B-B02::B-A05::B-B03::B-B10::N-A07::B-1-7::B3-5::B3-3::B3-1-5::B-1-4::N-1-7::N-B04::B-A12::N3-3::B-2-15::B-A01::N3-2-36::N3-7::B3-6::N-A12::N-2-15::B-2-21::B-A08::N3-1::B3-1::B-1-6::B-3-4::B3-1-15::N-1-6::N-B11::N-A02::B-A02::N3-13::B-A07::B-2-9::N-A11::B3-1-2::N3-10::N3-1-2::B3-1-13::N3-1-15::B-B08::N-B08::	37
chr9	108383300	108641300	chr9_108383300	42	258000	0.00274052188557304	55	1.08297605209082e-09	43	0.00100168952558999	::N-1-2::B3-1-3::N3-1-3::B-2-21::N-2-21::B3-10::N-A05::B-A07::N-B03::B-B03::B3-21::B-B05::B-1-10::N-A07::B3-13::N-A08::N-2-25::B-A08::N-1-6::B3-1::N3-1::N-2-23::B-B04::N3-6::N3-1-5::B3-1-11::B3-6::B-B10::B-B11::B-3-1::B-A10::B-A01::N-A01::B-2-23::N-2-15::N-B04::B3-1-5::N3-10::N-B10::N-A11::B-A03::N-A03::	29
chr9	110374800	110632800	chr9_110374800	45	258000	0.000124969654473924	64	6.34158017702901e-15	55	1.08297605209082e-09	::B-B07::B3-1-2::N-3-1::B-2-25::B-2-23::B-B02::B-A03::B-A08::B3-1-15::N3-2-36::N-A02::N-A01::N-A12::B-3-4::B-1-7::B-2-12::N-2-12::N-B05::B-1-2::B-2-17::B-B05::N-2-17::N3-1::N-2-14::B-2-14::B-1-6::B-2-15::N-2-23::B3-19::B3-7::B-1-4::N-B11::B-B10::N3-1-11::N-1-2::N-B08::B-B11::B-A10::B-2-21::B-A11::N-A11::B3-1-13::B3-5::N-2-21::N-1-10::	26
chrUn_GL456393	200	258200	chrUn_GL456393_200	62	258000	1.03509779694498e-13	97	2.52712278305694e-38	73	1.05344160058717e-20	::B3-11::N-2-23::N-B03::N3-2-36::N3-1::N3-8::N-A05::N-2-17::N3-1-3::N-2-25::N3-10::N-A04::N-B11::N-B02::N3-21::N3-1-2::N3-1-13::N3-19::N-3-4::B-A08::N3-1-15::N3-2-21::N-2-15::N3-1-5::B-1-2::B-1-10::N3-6::B-1-7::B3-7::N-B10::N-2-21::N-B05::N-B08::B-B02::B3-3::N-A03::N3-13::B-1-6::B-B05::B-2-21::N-A11::B3-6::B-3-1::N-1-7::B-A07::N-A01::B-A12::B-A03::B3-2-22::B3-21::B3-1::B-A04::B-B11::N-2-26::N-B09::B3-1-2::N-1-6::B-2-15::B-B04::N3-11::N-A08::B3-19::	49
chrUn_JH584304	1500	259500	chrUn_JH584304_1500	42	258000	0.00274052188557304	59	6.04991424722795e-12	52	4.39082604700775e-08	::B-B02::B3-3::N-A03::N3-13::N-2-23::B-1-6::B-B05::B-2-21::N3-1::N-A11::N-2-15::B3-6::B-3-1::N-1-7::B-A07::N-A01::B-A12::N3-2-21::B-A03::B3-2-22::B3-21::B3-1::B-A04::B-B11::N-B08::N-B11::N-2-26::N-B09::B3-1-2::N-1-6::B-A08::B-2-15::B-B04::B-1-2::N3-8::N3-11::N3-1-3::N-A08::B3-19::N-3-4::N-2-17::N3-1-2::	25
chrX	18123700	18381700	chrX_18123700	56	258000	3.03947894682696e-10	108	2.65290509177291e-47	81	3.02456534368568e-26	::N-B04::N3-3::N-2-21::N-A04::N-1-6::N3-8::B3-8::B-1-6::B3-1-11::B-B07::N-B03::N-A01::B3-2-36::B-A08::B3-1::N-B09::B-B09::B-1-2::N-A02::B-B10::N-B10::B-2-14::B3-19::B-B04::N-1-2::B-A05::B-A10::B3-7::N3-7::B3-5::B3-1-13::B3-2::B-2-26::B-A02::N-2-15::N3-1-2::B-2-23::B-A11::N-A11::N-2-17::B-2-17::N-B08::B3-3::N3-1-5::B-2-15::N-3-1::B3-1-2::B-A07::B-3-1::N-A05::B-1-7::N-2-23::N3-1::N-1-7::B3-11::N-2-9::	46
