chr10	7784300	7821300	chr10_7784300	12	37000	0.00496896672065754	15	5.8831282019664e-06	10	0.300033746523887	::N-A04::N3-10::N-2-21::B3-7::B3-2-21::B-2-15::B3-16::B3-4::N3-9::B3-9::B-2-14::N-B05::	10
chr10	20319200	20356200	chr10_20319200	13	37000	0.000565142141425621	14	5.96849197603018e-05	13	0.000565142141425621	::N3-19::B-1-7::N-2-21::N-A02::N-1-6::B3-7::B-2-25::N-2-25::N3-14::B3-2-21::B3-c-28::N3-13::B-A10::	9
chr10	39766700	39803700	chr10_39766700	16	37000	5.43654875151666e-07	16	5.43654875151666e-07	14	5.96849197603018e-05	::B3-12::N-2-23::B3-15::B3-c-9::B-3-4::B-2-27::B3-11::N3-8::N3-11::B3-8::B3-13::N-3-4::B3-2-21::N3-10::N-A02::B-A07::	3
chr10	42764100	42801100	chr10_42764100	15	37000	5.8831282019664e-06	17	4.72834680309959e-08	16	5.43654875151666e-07	::N-2-25::N3-4::B3-13::B-2-25::B-2-23::N-2-21::B-1-7::N-1-6::N3-13::B3-12::B-2-21::B-1-6::B3-15::B-A02::N-3-4::	8
chr10	57494300	57531300	chr10_57494300	12	37000	0.00496896672065754	13	0.000565142141425621	12	0.00496896672065754	::B-A07::B3-12::N3-13::B-B03::N3-8::B3-2-21::N-A02::B-2-23::B3-5::N3-1::B-1-6::B3-1::	5
chr10	67114300	67151300	chr10_67114300	11	37000	0.0403285286103305	11	0.0403285286103305	9	2.02924809975249	::N3-11::B-1-6::N-2-15::N3-15::B3-15::B-3-1::N-3-1::B-B03::B3-19::N-1-10::N3-13::	5
chr10	67208800	67245800	chr10_67208800	12	37000	0.00496896672065754	13	0.000565142141425621	10	0.300033746523887	::B3-7::B3-14::B3-8::B-2-25::N-A07::B-2-15::B3-12::N-2-15::N3-8::B3-11::N-A02::B-A02::	4
chr10	95516800	95553800	chr10_95516800	13	37000	0.000565142141425621	14	5.96849197603018e-05	13	0.000565142141425621	::N3-7::N-2-15::B-2-12::B-B03::N3-16::B-1-6::B3-1-13::B-1-7::B-3-4::B3-12::B3-5::B3-2-21::N-3-4::	6
chr10	98920900	98957900	chr10_98920900	13	37000	0.000565142141425621	13	0.000565142141425621	9	2.02924809975249	::B3-c-28::B3-14::B-2-14::N-A02::B3-12::N-A07::B3-c-9::B3-1::B-2-15::B3-13::B-A07::B3-1-13::N3-1-13::	7
chr10	108171100	108208100	chr10_108171100	11	37000	0.0403285286103305	12	0.00496896672065754	11	0.0403285286103305	::N-2-15::N-2-14::B3-1::N-B03::N-A04::N3-9::N3-1::B3-7::B-2-25::B-3-4::B-A07::	9
chr10	115399400	115436400	chr10_115399400	12	37000	0.00496896672065754	12	0.00496896672065754	10	0.300033746523887	::B3-15::B-3-1::B3-1::N3-19::N-2-14::B-2-14::N-1-6::B-A10::N-A10::B-B03::N-2-23::B-B05::	6
chr10	116480400	116517400	chr10_116480400	13	37000	0.000565142141425621	13	0.000565142141425621	11	0.0403285286103305	::N-A12::B-3-4::N-B03::B-A10::B-1-6::N-B05::B-B05::B3-1::N-A02::B-A02::B-A05::B3-7::N3-7::	9
chr10	116546700	116583700	chr10_116546700	17	37000	4.72834680309959e-08	21	1.57316311279678e-12	16	5.43654875151666e-07	::B-1-6::N-1-6::N3-2-21::B-A12::N-2-21::N-2-15::N3-7::N-A12::N-3-1::B3-1::B3-16::B3-4::N3-4::N3-16::B3-11::B-2-21::B-3-4::	16
chr10	117339600	117376600	chr10_117339600	17	37000	4.72834680309959e-08	19	3.02240828299681e-10	15	5.8831282019664e-06	::N3-8::N3-11::B3-8::N-A05::B-A10::B3-1::B3-7::B3-12::B3-c-28::N-A02::N-3-1::N-A10::B-3-1::N3-4::B-2-25::B-1-10::B3-13::	10
chr10	117816500	117853500	chr10_117816500	16	37000	5.43654875151666e-07	19	3.02240828299681e-10	14	5.96849197603018e-05	::B-2-21::B-A10::B3-c-9::N3-c-9::B3-c-28::N-2-21::B3-12::B-2-15::B-3-1::N3-1::N-A04::B-A04::B-2-12::B-2-14::B-1-6::B3-7::	7
chr10	119203900	119240900	chr10_119203900	11	37000	0.0403285286103305	11	0.0403285286103305	11	0.0403285286103305	::N3-1-13::N-2-15::N3-4::B-A10::B-2-15::B3-2-21::B3-16::N3-16::B3-15::B3-2-37::N-2-27::	7
chr10	121839400	121876400	chr10_121839400	11	37000	0.0403285286103305	11	0.0403285286103305	7	66.8340424466997	::B-3-4::N-2-14::N-2-12::N3-16::N-2-25::N-2-15::N-1-6::B3-2::B3-16::B3-19::N3-10::	3
chr10	128818100	128855100	chr10_128818100	13	37000	0.000565142141425621	15	5.8831282019664e-06	12	0.00496896672065754	::B3-c-28::B-3-4::B-2-25::B3-15::B-2-23::N3-19::B-1-6::N-2-25::N-1-6::N-B03::B-A04::B3-1::N3-10::	10
chr11	3100400	3137400	chr11_3100400	11	37000	0.0403285286103305	11	0.0403285286103305	5	1284.0357228943	::N3-9::N-2-23::N3-8::N3-10::N-B05::N-A10::N-2-25::B-A02::N3-13::B3-10::B3-21::	2
chr11	3171800	3208800	chr11_3171800	21	37000	1.57316311279678e-12	23	6.79662254884926e-15	17	4.72834680309959e-08	::N3-19::B3-19::N-A02::B3-c-9::B3-5::B3-8::B3-12::N-3-1::B-2-15::N-A12::N-A05::B3-14::B-2-14::N3-9::N3-10::B3-2::B-2-27::B-A10::N-2-15::B-2-23::B3-1-13::	6
chr11	4556600	4593600	chr11_4556600	16	37000	5.43654875151666e-07	20	2.2343854375987e-11	17	4.72834680309959e-08	::B3-1-13::N-A02::B-1-7::N-1-7::B-B05::N-1-6::B-2-23::N-2-23::B3-2-21::B-A10::B-2-15::N3-19::N-B05::B3-19::N-A04::N-1-10::	11
chr11	17162900	17199900	chr11_17162900	16	37000	5.43654875151666e-07	21	1.57316311279678e-12	19	3.02240828299681e-10	::B-2-14::B3-1-13::B-A10::N-2-15::N-1-6::B-2-25::N-3-4::B-3-4::B-2-15::N3-2-21::N-2-21::B-1-6::B3-12::B-A05::B3-1::N-2-14::	8
chr11	20056700	20093700	chr11_20056700	12	37000	0.00496896672065754	12	0.00496896672065754	12	0.00496896672065754	::B-A05::B3-12::B3-19::B3-7::N3-13::B3-2::B-3-4::B-2-14::B-B05::B-1-6::B3-5::B-1-7::	8
chr11	20205300	20242300	chr11_20205300	15	37000	5.8831282019664e-06	16	5.43654875151666e-07	14	5.96849197603018e-05	::N-B05::B-A05::B3-c-9::N-1-4::B3-2::N3-2::N3-16::B3-c-28::N-2-14::B-1-4::B3-8::N-1-7::N-1-6::N3-c-9::N-A02::	10
chr11	21093500	21130500	chr11_21093500	16	37000	5.43654875151666e-07	20	2.2343854375987e-11	15	5.8831282019664e-06	::B3-c-9::N-A02::B-A02::N3-2-21::B3-2-21::B-1-10::B3-11::B3-5::N3-9::B3-9::B3-12::N-2-23::B3-2-37::N3-11::N-3-4::N-A05::	7
chr11	23413000	23450000	chr11_23413000	13	37000	0.000565142141425621	15	5.8831282019664e-06	11	0.0403285286103305	::B-2-15::B3-8::B3-12::B-1-6::B3-1::N-1-6::N-B05::B-2-23::B3-1-13::B-A07::B3-c-9::B-1-7::N3-2-21::	10
chr11	29170400	29207400	chr11_29170400	13	37000	0.000565142141425621	17	4.72834680309959e-08	14	5.96849197603018e-05	::N3-10::B3-19::N3-19::N-2-12::B-2-12::B-2-21::B-1-4::B3-7::N3-9::B3-2::N3-2::B-2-23::B3-c-28::	10
chr11	29697500	29734500	chr11_29697500	16	37000	5.43654875151666e-07	20	2.2343854375987e-11	18	3.88393340362879e-09	::B3-19::B-2-21::B3-15::N-1-6::B-2-12::N-A10::N-2-27::B3-2::B3-2-21::B-A07::B-2-14::N-2-14::B-2-23::B-2-27::N-3-1::B-A02::	12
chr11	30776600	30813600	chr11_30776600	13	37000	0.000565142141425621	15	5.8831282019664e-06	12	0.00496896672065754	::B-2-23::N-1-10::B-A05::N-2-14::B-2-14::N-1-7::B-1-7::B-3-4::N3-19::N-B05::N3-1::B3-14::B-2-25::	7
chr11	32667300	32704300	chr11_32667300	12	37000	0.00496896672065754	12	0.00496896672065754	11	0.0403285286103305	::B-2-15::N-A05::B-A05::N-1-6::B3-2-21::B-A02::N-2-15::B3-8::B-B05::N-2-14::N3-4::N-3-1::	4
chr11	50289600	50326600	chr11_50289600	11	37000	0.0403285286103305	12	0.00496896672065754	11	0.0403285286103305	::N3-13::N-B03::B-2-15::B-1-6::N-2-15::B-2-14::N-2-14::B3-1-13::N-2-21::B3-7::B3-2::	9
chr11	53361300	53398300	chr11_53361300	14	37000	5.96849197603018e-05	14	5.96849197603018e-05	13	0.000565142141425621	::B3-7::N-2-23::N-2-14::B-B03::B3-5::B-A04::B-2-14::B3-11::B3-19::N3-4::B3-13::B-2-15::B-A10::B-1-10::	8
chr11	54441300	54478300	chr11_54441300	11	37000	0.0403285286103305	11	0.0403285286103305	11	0.0403285286103305	::N-B05::B-B05::N3-19::B-2-23::B3-10::B-A10::B3-19::B3-1::B3-14::N3-16::N-2-15::	4
chr11	59664800	59701800	chr11_59664800	11	37000	0.0403285286103305	11	0.0403285286103305	10	0.300033746523887	::B-2-15::B-2-14::N3-4::B3-c-14::N3-c-14::N3-16::B3-2-21::N3-12::N-B05::B-2-21::B-A12::	7
chr11	59745100	59782100	chr11_59745100	11	37000	0.0403285286103305	11	0.0403285286103305	9	2.02924809975249	::B-2-23::B-2-27::B3-1-13::B-B03::B-2-14::B-2-21::N-2-21::B-1-10::N-2-15::B-2-25::N-2-25::	8
chr11	60098300	60135300	chr11_60098300	12	37000	0.00496896672065754	12	0.00496896672065754	10	0.300033746523887	::B-2-23::N3-1::N-2-15::B-2-15::N-A12::B-2-25::B3-5::B3-12::B-2-27::N-A02::B-A02::N3-21::	8
chr11	62350900	62387900	chr11_62350900	12	37000	0.00496896672065754	14	5.96849197603018e-05	12	0.00496896672065754	::B-2-14::B3-1::N3-19::B3-7::B3-c-9::B-A05::N-2-23::B-A10::B-2-15::N3-9::B3-9::B-B05::	6
chr11	62417200	62454200	chr11_62417200	13	37000	0.000565142141425621	13	0.000565142141425621	12	0.00496896672065754	::B3-14::N-2-27::B-2-15::N-2-23::N-3-1::N-1-6::B-2-23::N-A02::B3-12::B3-19::B-3-4::B-A05::N-A05::	8
chr11	65685700	65722700	chr11_65685700	11	37000	0.0403285286103305	13	0.000565142141425621	10	0.300033746523887	::B-A10::N3-7::N-2-23::B-1-6::B3-5::N-A07::B-A07::N-2-15::B3-2::N3-2::B-2-15::	8
chr11	70888600	70925600	chr11_70888600	12	37000	0.00496896672065754	12	0.00496896672065754	11	0.0403285286103305	::N-3-4::B-A02::B3-12::N3-19::B-B03::N3-4::B-2-25::B3-5::N3-14::B-2-23::B3-21::B3-11::	8
chr11	72628800	72665800	chr11_72628800	16	37000	5.43654875151666e-07	19	3.02240828299681e-10	16	5.43654875151666e-07	::B3-c-28::N-2-15::B3-13::N3-16::N3-19::N-A04::B-A04::B-2-15::N3-21::B-A05::B-1-6::B-A10::B-1-7::B-A02::N3-11::B3-11::	6
chr11	72682200	72719200	chr11_72682200	13	37000	0.000565142141425621	17	4.72834680309959e-08	14	5.96849197603018e-05	::B3-1::B3-21::N3-9::B3-9::B-2-12::N-2-12::B3-10::N-B05::N3-10::B-2-23::B3-14::N-2-15::B3-5::	6
chr11	74675700	74712700	chr11_74675700	16	37000	5.43654875151666e-07	17	4.72834680309959e-08	14	5.96849197603018e-05	::B-1-10::B-A04::N-2-23::N-2-15::B3-13::B-B05::N-B05::B3-8::B-3-4::N-3-1::B-3-1::N3-4::N3-13::B-2-25::N-1-4::N-2-14::	8
chr11	75734400	75771400	chr11_75734400	13	37000	0.000565142141425621	14	5.96849197603018e-05	12	0.00496896672065754	::B3-12::N3-13::B3-13::B-2-15::B-2-27::B3-2-21::B3-11::B-2-23::B-A02::B3-c-28::B3-2::N-A10::B-3-4::	4
chr11	76753900	76790900	chr11_76753900	19	37000	3.02240828299681e-10	19	3.02240828299681e-10	5	1284.0357228943	::B-2-21::N3-4::B-A04::N-2-27::B-2-27::B3-2-37::B-1-10::B3-7::B-1-9::B3-c-14::B3-2::B-3-4::B3-5::B3-14::B-1-6::B3-21::B-1-4::B-1-7::B3-c-28::	16
chr11	76811500	76848500	chr11_76811500	11	37000	0.0403285286103305	13	0.000565142141425621	7	66.8340424466997	::B3-c-9::B3-21::B-3-4::N3-21::N-3-4::B-3-1::N-2-27::B-2-27::B-A12::B-B05::B3-11::	7
chr11	77551300	77588300	chr11_77551300	13	37000	0.000565142141425621	14	5.96849197603018e-05	12	0.00496896672065754	::N3-c-28::N-2-25::N-2-15::B3-c-28::N-B03::B-2-23::N-A05::N-2-12::B-2-12::B3-2-21::N-A02::B-2-14::N3-10::	7
chr11	77683600	77720600	chr11_77683600	15	37000	5.8831282019664e-06	15	5.8831282019664e-06	12	0.00496896672065754	::B3-2-21::B3-11::B-3-4::N-3-4::N-A04::N-1-6::N-2-15::B-2-14::N-2-14::B3-5::N-A02::B-B03::N-B03::B-A02::N3-19::	12
chr11	77990900	78027900	chr11_77990900	11	37000	0.0403285286103305	12	0.00496896672065754	11	0.0403285286103305	::B3-19::N-B05::B-3-4::B3-c-28::B-1-7::B-1-6::N-1-6::B-A05::B-2-25::N3-10::B3-2::	5
chr11	79408500	79445500	chr11_79408500	19	37000	3.02240828299681e-10	36	7.62266570168087e-32	30	1.02322750406393e-23	::B-1-7::N3-13::B3-2-21::B3-19::N-2-15::N3-19::B-3-4::B-2-23::B-A02::N-2-23::N3-c-9::B-1-6::B-A10::B3-13::N-A05::B-A05::N3-1-13::B-2-27::B3-21::	16
chr11	79483300	79520300	chr11_79483300	13	37000	0.000565142141425621	14	5.96849197603018e-05	10	0.300033746523887	::B-1-7::N3-15::B3-15::N3-19::B3-21::N3-21::B3-1-13::N-B05::N3-2-21::B3-2-21::B3-14::B-2-25::B3-19::	5
chr11	79548500	79585500	chr11_79548500	12	37000	0.00496896672065754	18	3.88393340362879e-09	15	5.8831282019664e-06	::B-A04::B3-19::N3-19::B3-21::N3-1-13::N-A07::B-1-7::B3-1-13::N-2-23::N-1-6::N-2-12::B-2-14::	7
chr11	80384900	80421900	chr11_80384900	13	37000	0.000565142141425621	15	5.8831282019664e-06	14	5.96849197603018e-05	::B3-14::B3-1::B3-2-21::B-2-21::N-A02::B-A02::B-2-14::N-2-15::N-B03::B3-19::B-2-25::N-3-4::B3-2-37::	4
chr11	83489900	83526900	chr11_83489900	12	37000	0.00496896672065754	12	0.00496896672065754	12	0.00496896672065754	::B3-19::N-1-6::B3-5::N3-1::B3-15::B-2-15::B-2-12::B-A02::B3-1-13::N3-4::B3-c-28::B-1-7::	6
chr11	85196300	85233300	chr11_85196300	13	37000	0.000565142141425621	14	5.96849197603018e-05	14	5.96849197603018e-05	::B-1-6::B-3-4::B3-10::N-A07::N-2-21::B-2-15::N3-4::B-2-25::B-2-14::B3-2-21::N3-1::B3-1::B3-12::	8
chr11	86322800	86359800	chr11_86322800	12	37000	0.00496896672065754	16	5.43654875151666e-07	12	0.00496896672065754	::B3-10::N3-4::B3-4::B3-15::B3-9::N3-9::N-2-21::B-A10::N3-10::B3-c-28::B3-13::N3-13::	7
chr11	86708100	86745100	chr11_86708100	16	37000	5.43654875151666e-07	20	2.2343854375987e-11	14	5.96849197603018e-05	::B-2-15::N-B03::N-1-7::N-3-4::B-3-4::N-1-6::B-1-7::B3-7::N-A02::B-1-6::B-A04::N-A04::N-2-23::B-B05::N3-4::B3-4::	8
chr11	94017100	94054100	chr11_94017100	17	37000	4.72834680309959e-08	23	6.79662254884926e-15	19	3.02240828299681e-10	::B3-8::B-A12::N3-11::B3-19::N3-19::B-A02::B3-2-21::N3-16::N-1-10::B-2-21::B-A07::N-2-21::N3-c-28::N3-1-13::B3-1-13::N-A12::N-2-15::	13
chr11	94285200	94322200	chr11_94285200	14	37000	5.96849197603018e-05	17	4.72834680309959e-08	12	0.00496896672065754	::B-A02::B3-2-21::N-2-14::B-1-6::N-1-6::N3-14::B-2-27::N-2-27::B-2-15::B3-7::N3-13::N-A02::B-2-12::N-2-12::	12
chr11	96790200	96827200	chr11_96790200	11	37000	0.0403285286103305	11	0.0403285286103305	8	12.3521540768386	::B-2-15::B3-2-21::N3-2-21::B3-12::B-1-6::N-1-6::N3-9::B3-19::N-2-15::B-B03::N-B03::	8
chr11	97244600	97281600	chr11_97244600	12	37000	0.00496896672065754	14	5.96849197603018e-05	13	0.000565142141425621	::B-A07::N3-13::B-B03::N-2-21::B3-11::B-2-15::B-A05::B3-13::N3-14::B-1-6::N-A12::B-A12::	7
chr11	98137500	98174500	chr11_98137500	13	37000	0.000565142141425621	14	5.96849197603018e-05	11	0.0403285286103305	::N-2-27::N3-13::B-B05::B3-21::N-3-1::B-3-1::B-A05::B-3-4::B-2-25::B-2-21::B3-c-9::N-1-10::B-1-10::	6
chr11	100900900	100937900	chr11_100900900	13	37000	0.000565142141425621	15	5.8831282019664e-06	13	0.000565142141425621	::B-A10::N3-c-9::N-A12::N-1-6::N-2-23::B3-11::B3-8::N3-11::B3-14::B3-19::B-2-15::N-A02::B-A07::	9
chr11	104394300	104431300	chr11_104394300	25	37000	2.47634879838127e-17	40	1.66087436997051e-37	26	1.40822945846653e-18	::B-1-6::B-2-12::N-2-12::N-1-6::B3-7::N3-c-14::N-B05::N3-7::B-2-25::B3-12::B-A12::N-2-25::B-2-15::N-1-7::B3-10::N3-13::B3-13::N-2-14::B-B03::B3-c-14::B-3-4::N3-21::B3-21::B-B05::N-3-4::	18
chr11	105202000	105239000	chr11_105202000	13	37000	0.000565142141425621	17	4.72834680309959e-08	15	5.8831282019664e-06	::N-A12::N3-16::N-3-1::B-A10::B-B05::N-2-27::B-2-27::N-B03::B-1-6::N-1-6::B3-19::N3-1::B3-2-21::	5
chr11	107053200	107090200	chr11_107053200	12	37000	0.00496896672065754	12	0.00496896672065754	9	2.02924809975249	::N3-4::N3-14::B-B03::B3-13::N3-13::N-B05::B-B05::B3-16::N-1-6::N3-2::B3-2::B3-11::	5
chr11	108268900	108305900	chr11_108268900	19	37000	3.02240828299681e-10	19	3.02240828299681e-10	7	66.8340424466997	::N3-5::N-A12::B-2-21::B3-5::N-2-12::N3-12::N-B05::N3-10::N3-9::N3-21::N3-13::N-2-23::N3-1::N-2-15::N-3-4::N3-4::N-3-1::N3-19::B-1-4::	3
chr11	109367300	109404300	chr11_109367300	11	37000	0.0403285286103305	12	0.00496896672065754	10	0.300033746523887	::B-1-6::B-3-1::N-2-15::B3-12::B-2-12::N-2-12::B-A02::N3-1::B-B05::B-A12::N-2-23::	7
chr11	115500600	115537600	chr11_115500600	11	37000	0.0403285286103305	11	0.0403285286103305	7	66.8340424466997	::N3-8::B3-1::B3-13::N-2-23::N-A05::B3-21::B-3-4::N3-21::N-3-4::N-B03::B-B03::	4
chr12	6297800	6334800	chr12_6297800	13	37000	0.000565142141425621	13	0.000565142141425621	1	32241.7438924865	::B-2-15::B-A04::B-2-23::B-A05::B3-11::B3-10::B3-1::B3-15::B3-13::B3-9::B3-5::N3-11::N3-13::	2
chr12	8710100	8747100	chr12_8710100	12	37000	0.00496896672065754	12	0.00496896672065754	10	0.300033746523887	::B-A12::B3-19::B-B03::N-A02::N3-19::B-A05::N3-14::B-2-23::B-2-25::N-3-1::B-3-1::B-3-4::	4
chr12	17517100	17554100	chr12_17517100	14	37000	5.96849197603018e-05	14	5.96849197603018e-05	2	23835.4571225329	::N3-14::N3-2-37::N-1-6::N-1-4::N3-5::N-1-7::N3-2::N-2-21::N3-c-14::N3-7::N-2-15::N-1-10::N-1-9::B3-1::	14
chr12	35052800	35089800	chr12_35052800	11	37000	0.0403285286103305	11	0.0403285286103305	9	2.02924809975249	::N-2-15::B-2-15::B-1-10::N-A05::B3-8::N3-8::B-A02::N-2-27::B3-15::B-A07::B-1-6::	9
chr12	51627100	51664100	chr12_51627100	13	37000	0.000565142141425621	17	4.72834680309959e-08	14	5.96849197603018e-05	::B-A12::B-2-14::B-1-6::B3-12::N-2-15::N3-12::B3-19::B3-15::B-A07::B3-1-13::B-2-21::B3-16::B-A02::	7
chr12	70976300	71013300	chr12_70976300	13	37000	0.000565142141425621	13	0.000565142141425621	13	0.000565142141425621	::B3-7::B-1-10::B3-2-21::B-A04::B-B05::N3-19::B3-1::N-1-6::B-2-23::N-2-15::B-2-21::B-A10::B3-19::	10
chr12	75524900	75561900	chr12_75524900	14	37000	5.96849197603018e-05	16	5.43654875151666e-07	14	5.96849197603018e-05	::N-A04::B-2-23::B3-1-13::B3-11::B3-7::B3-13::N-2-21::N-3-1::N-2-23::N-1-7::N-A07::N3-11::B3-2::N-2-12::	9
chr12	80795700	80832700	chr12_80795700	11	37000	0.0403285286103305	12	0.00496896672065754	11	0.0403285286103305	::B3-5::B3-7::N-2-14::B-2-14::B-3-1::N-A10::B-A10::N3-19::B-2-27::N3-21::B3-11::	6
chr12	83638000	83675000	chr12_83638000	15	37000	5.8831282019664e-06	17	4.72834680309959e-08	13	0.000565142141425621	::N-B05::B3-1-13::B-B05::B-1-7::N-A05::N-1-6::B3-12::B-A12::N-A12::B3-2::B3-19::N-2-21::N-A07::B-A07::N3-10::	6
chr12	111173600	111210600	chr12_111173600	12	37000	0.00496896672065754	12	0.00496896672065754	6	316.417731816917	::B-1-7::N-3-4::B-3-4::N3-19::B3-19::B3-15::N3-15::N3-2-21::N3-13::N3-1::B3-13::B3-1::	3
chr13	3564500	3601500	chr13_3564500	15	37000	5.8831282019664e-06	15	5.8831282019664e-06	12	0.00496896672065754	::B-3-1::N-2-21::B-A10::N3-2-21::B-1-6::N3-10::N3-2::B-A07::B-2-12::N3-8::B-2-25::N3-11::B3-8::B3-11::N3-14::	5
chr13	9096900	9133900	chr13_9096900	18	37000	3.88393340362879e-09	21	1.57316311279678e-12	18	3.88393340362879e-09	::B-1-6::B-2-23::N3-19::B3-19::N-2-15::N3-16::B3-16::B-A10::N-2-21::B-2-21::N-2-25::B3-2-21::N-2-27::N-1-6::N-1-10::N-2-12::N3-8::B3-8::	9
chr13	14067000	14104000	chr13_14067000	13	37000	0.000565142141425621	16	5.43654875151666e-07	14	5.96849197603018e-05	::B3-7::B3-c-9::B3-2::B-2-25::B-2-15::N3-12::B3-12::N-2-15::B3-1-13::B-A12::N-A12::B-2-23::N3-8::	4
chr13	17669200	17706200	chr13_17669200	13	37000	0.000565142141425621	14	5.96849197603018e-05	10	0.300033746523887	::N-A02::N-2-21::B-2-21::B-1-6::B3-12::B3-14::N3-14::B-A10::B-2-12::B3-8::B3-13::N3-8::B3-1::	8
chr13	17769300	17806300	chr13_17769300	18	37000	3.88393340362879e-09	23	6.79662254884926e-15	18	3.88393340362879e-09	::B3-2::B-3-4::N-3-4::B-2-15::B-A07::B3-7::N-1-7::N3-10::N3-19::B-A10::B3-19::B-2-21::B-A02::B-1-7::N-A05::B-A05::B-3-1::N-3-1::	13
chr13	37871300	37908300	chr13_37871300	12	37000	0.00496896672065754	12	0.00496896672065754	9	2.02924809975249	::B3-c-28::B-2-27::B3-21::N3-12::B-2-14::N-2-15::N-1-7::B-2-25::B3-4::B3-16::N3-16::N3-4::	6
chr13	43439000	43476000	chr13_43439000	15	37000	5.8831282019664e-06	17	4.72834680309959e-08	11	0.0403285286103305	::B-B03::N-A12::B-A12::B-2-14::N3-13::B3-7::B3-11::B3-8::N3-8::N3-11::B-A04::B-3-1::N3-16::B3-4::N3-4::	12
chr13	46691200	46728200	chr13_46691200	12	37000	0.00496896672065754	16	5.43654875151666e-07	13	0.000565142141425621	::B3-c-28::B-1-6::N3-8::B-3-4::B3-21::N-3-4::B-2-21::B3-16::B3-5::B-1-7::B-A10::B-2-25::	12
chr13	48532500	48569500	chr13_48532500	13	37000	0.000565142141425621	13	0.000565142141425621	11	0.0403285286103305	::B-3-1::B-1-6::B-A07::B-2-23::N3-8::B3-12::N-3-1::N-2-15::N3-c-14::B3-c-14::B3-c-28::B-A12::N-A12::	8
chr13	51106500	51143500	chr13_51106500	12	37000	0.00496896672065754	12	0.00496896672065754	11	0.0403285286103305	::B3-c-28::B3-19::B-3-1::N-3-1::B-2-15::B-B05::N3-14::B-1-10::B-A10::N3-16::B3-7::B-2-12::	4
chr13	58173500	58210500	chr13_58173500	11	37000	0.0403285286103305	15	5.8831282019664e-06	15	5.8831282019664e-06	::N3-7::N3-19::N-A02::B-2-15::B3-5::B3-c-28::N-2-27::B-2-25::N3-13::N-A05::B-B05::	8
chr13	85243500	85280500	chr13_85243500	14	37000	5.96849197603018e-05	17	4.72834680309959e-08	15	5.8831282019664e-06	::B3-19::B-B03::B-2-27::B3-15::N3-15::N-A05::B-A05::B-2-15::N3-14::N3-4::B-A10::B3-21::B3-c-28::B-2-14::	9
chr13	94573300	94610300	chr13_94573300	25	37000	2.47634879838127e-17	26	1.40822945846653e-18	5	1284.0357228943	::N3-11::B3-2::N-B05::N-2-14::N3-8::N-A02::N-2-15::N-2-12::N-2-27::N-B03::N-1-6::N-2-25::N-A12::N-A04::N3-19::N-3-4::N3-21::N-2-23::N3-4::N-2-21::N3-16::N3-1::N3-13::N3-2::B3-c-28::	23
chr13	98874400	98911400	chr13_98874400	13	37000	0.000565142141425621	14	5.96849197603018e-05	12	0.00496896672065754	::B-2-15::B-2-23::B-A10::N-2-14::B-3-4::N3-15::B3-12::N3-16::B3-19::N-2-23::N-2-25::N3-2::B-2-25::	4
chr13	111435600	111472600	chr13_111435600	13	37000	0.000565142141425621	15	5.8831282019664e-06	13	0.000565142141425621	::N3-19::N3-7::B-3-4::B-A10::B-1-6::N3-4::N-A04::B-3-1::B3-7::B-2-12::B3-21::B-2-15::B-A07::	10
chr13	111839400	111876400	chr13_111839400	20	37000	2.2343854375987e-11	23	6.79662254884926e-15	8	12.3521540768386	::B-1-6::B-A12::B-B05::B-A10::B-1-7::B-A02::B-1-10::B-3-1::B3-4::B3-19::B-3-4::B3-7::B-2-15::B3-2::B-2-23::B-2-21::N-3-4::N-A05::N-A12::B3-11::	3
chr14	19388400	19425400	chr14_19388400	30	37000	1.02322750406393e-23	52	1.8338041220663e-55	20	2.2343854375987e-11	::B-2-14::N-B05::N-2-27::N-A02::N-2-21::B-1-6::N-1-10::N-A05::N3-11::B-3-4::N-1-7::N3-16::N3-8::B3-11::N3-10::B-2-23::N3-12::N3-1::N-3-4::N-2-23::N-2-25::N3-19::B-2-15::B3-2::N3-15::N3-1-13::N-A10::N3-2-21::N-1-6::N3-9::	23
chr14	20932300	20969300	chr14_20932300	13	37000	0.000565142141425621	15	5.8831282019664e-06	13	0.000565142141425621	::B3-7::B3-12::B-3-4::N3-7::B3-c-28::B-A10::N-1-6::B-1-6::B-2-23::B-A04::N-2-25::N-A07::B-B05::	6
chr14	26615100	26652100	chr14_26615100	12	37000	0.00496896672065754	13	0.000565142141425621	12	0.00496896672065754	::B-1-10::B-2-23::B-2-25::B-A07::B-A12::B-2-15::N3-11::B3-1-13::N3-1-13::N3-19::N-A12::N-2-23::	5
chr14	34463200	34500200	chr14_34463200	17	37000	4.72834680309959e-08	21	1.57316311279678e-12	19	3.02240828299681e-10	::B3-12::N-A05::B3-7::B-2-14::N-2-14::B-2-12::N3-21::B-1-6::B3-19::B3-11::N-A02::B-A02::B-1-4::B-2-15::B-3-4::B3-14::N-B05::	11
chr14	34714100	34751100	chr14_34714100	12	37000	0.00496896672065754	15	5.8831282019664e-06	15	5.8831282019664e-06	::N-2-15::N-2-14::B-3-4::B-2-21::B-A12::B3-21::B-2-15::N3-16::B-2-23::N-1-6::B3-5::B-2-25::	12
chr14	45315900	45352900	chr14_45315900	11	37000	0.0403285286103305	12	0.00496896672065754	9	2.02924809975249	::B3-14::B3-1-13::B-A07::B-3-4::B-A04::N-3-1::B-1-6::B-3-1::B-2-14::N3-21::B-2-23::	5
chr14	52056300	52093300	chr14_52056300	12	37000	0.00496896672065754	14	5.96849197603018e-05	13	0.000565142141425621	::B-A10::B3-1-13::N-3-4::B-2-15::B-1-7::B-2-14::B-2-25::B3-16::B3-4::N-1-7::N3-1-13::B-2-21::	4
chr14	52210000	52247000	chr14_52210000	13	37000	0.000565142141425621	14	5.96849197603018e-05	12	0.00496896672065754	::N3-19::B3-12::N-2-15::B-1-10::N-A07::N-1-10::B-1-7::N-1-7::N3-c-28::B3-c-28::N3-2-21::B3-11::B-A07::	6
chr14	67033000	67070000	chr14_67033000	16	37000	5.43654875151666e-07	19	3.02240828299681e-10	12	0.00496896672065754	::N3-7::B3-12::N-2-21::B-2-14::N3-8::N3-11::B3-8::B3-11::B3-2-21::B-2-12::N3-21::B-3-4::B-2-25::B-1-10::B-A12::N-A12::	10
chr14	73238900	73275900	chr14_73238900	12	37000	0.00496896672065754	12	0.00496896672065754	8	12.3521540768386	::B3-15::B3-19::N3-19::B-A05::B3-12::B3-8::B3-11::N3-8::B3-c-14::N3-9::B3-9::N-2-27::	7
chr14	79513000	79550000	chr14_79513000	15	37000	5.8831282019664e-06	17	4.72834680309959e-08	12	0.00496896672065754	::B-1-6::B-3-4::N-A02::N3-19::N-3-4::N-3-1::N-2-23::B3-2::B-2-12::N-2-12::B-2-25::B3-5::B-1-7::B-2-15::N-2-15::	10
chr14	115317100	115354100	chr14_115317100	13	37000	0.000565142141425621	13	0.000565142141425621	3	11747.2764114867	::N-2-14::N-2-12::N-A02::N-2-23::N3-4::N-A10::N3-2-37::N-2-27::N-2-15::N-A05::N-1-6::B3-c-28::N-B05::	2
chr14	122115800	122152800	chr14_122115800	12	37000	0.00496896672065754	14	5.96849197603018e-05	14	5.96849197603018e-05	::B-2-21::B-2-14::N-A02::N-B05::N-2-27::B-1-6::B3-2-21::N3-19::N-2-15::N-B03::B-3-1::N3-14::	7
chr15	8311500	8348500	chr15_8311500	15	37000	5.8831282019664e-06	17	4.72834680309959e-08	17	4.72834680309959e-08	::B-3-1::B3-1::B3-12::B-1-4::B-B03::B3-c-28::B-3-4::N-A12::B-2-14::B-2-15::N-B05::B-2-12::B-1-10::N-1-6::B3-2-21::	12
chr15	8362700	8399700	chr15_8362700	12	37000	0.00496896672065754	17	4.72834680309959e-08	14	5.96849197603018e-05	::B-2-15::B3-1::N3-1::B3-c-28::B3-11::B-2-14::N-2-14::B-2-12::N-2-15::B-A07::B-1-7::B-B03::	8
chr15	8412500	8449500	chr15_8412500	13	37000	0.000565142141425621	14	5.96849197603018e-05	13	0.000565142141425621	::N-2-15::N3-13::N-A07::N-B05::B3-2-21::B-2-23::N3-10::B-B05::B3-7::B-2-25::N-2-25::N3-7::N-2-12::	10
chr15	12119700	12156700	chr15_12119700	13	37000	0.000565142141425621	14	5.96849197603018e-05	14	5.96849197603018e-05	::N3-14::B-A10::B3-12::B3-1::B3-1-13::N-2-27::N-2-21::B-2-21::B3-19::N3-19::N-A10::B3-7::B-A12::	9
chr15	12328700	12365700	chr15_12328700	14	37000	5.96849197603018e-05	15	5.8831282019664e-06	12	0.00496896672065754	::N-2-15::B-2-25::N-2-25::N-A02::B3-14::B-3-4::B3-c-28::N3-c-28::B-A05::N3-13::B-2-14::B-A12::N-A12::B-A04::	11
chr15	37999400	38036400	chr15_37999400	13	37000	0.000565142141425621	13	0.000565142141425621	10	0.300033746523887	::B-B03::N-3-4::B3-14::N3-4::B-3-4::B-2-15::B-3-1::N-3-1::B3-19::B3-10::B3-13::B-2-14::N3-19::	6
chr15	43240500	43277500	chr15_43240500	16	37000	5.43654875151666e-07	16	5.43654875151666e-07	12	0.00496896672065754	::N3-2-21::B-3-4::N3-10::B3-2-37::B3-21::N3-21::B3-19::B-1-6::B3-1::N3-9::B3-9::B-2-15::B3-5::B3-8::B-A10::B3-2-21::	6
chr15	51826900	51863900	chr15_51826900	12	37000	0.00496896672065754	13	0.000565142141425621	10	0.300033746523887	::N-3-1::N-2-21::B-2-21::B-3-1::B-1-6::B3-8::N-B05::B-B05::N-A10::B3-19::B-A02::B-3-4::	3
chr15	51961600	51998600	chr15_51961600	12	37000	0.00496896672065754	13	0.000565142141425621	11	0.0403285286103305	::N-2-25::B-2-15::B-1-10::B3-5::B3-11::B3-2::N-B05::B-1-7::N-B03::B-B03::B3-9::N3-9::	9
chr15	64197300	64234300	chr15_64197300	11	37000	0.0403285286103305	11	0.0403285286103305	10	0.300033746523887	::N-1-6::N-2-15::B-A02::B-3-4::B-2-15::B-A04::B3-7::B3-12::N-2-21::N3-7::B3-19::	5
chr15	73151800	73188800	chr15_73151800	18	37000	3.88393340362879e-09	23	6.79662254884926e-15	14	5.96849197603018e-05	::B-2-14::N3-1::N3-13::N3-10::B3-10::B3-1::B3-13::B3-2-37::B-1-6::N-1-6::B3-19::B-1-7::N-B05::N3-21::N3-19::N3-2-21::N3-c-14::B3-11::	6
chr15	80801100	80838100	chr15_80801100	12	37000	0.00496896672065754	15	5.8831282019664e-06	14	5.96849197603018e-05	::N-2-15::B-3-4::N3-10::B-2-23::N-2-12::B-2-12::B-2-15::B-1-6::B-A04::B3-1::N3-1::B-1-7::	6
chr15	81106900	81143900	chr15_81106900	18	37000	3.88393340362879e-09	21	1.57316311279678e-12	18	3.88393340362879e-09	::B3-2-21::N3-1-13::B-A10::B-2-14::B-2-21::N3-2-21::N3-1::B3-19::N3-13::B-1-7::N3-19::N-1-6::N-2-15::N-2-12::B-2-12::B3-c-28::B3-7::B-1-6::	6
chr15	81587200	81624200	chr15_81587200	12	37000	0.00496896672065754	15	5.8831282019664e-06	13	0.000565142141425621	::N-3-4::N3-2-21::N-2-12::B-2-21::B-A05::B-2-25::N3-c-9::B-A04::N3-9::B-2-14::N-2-25::B-1-10::	11
chr15	82862000	82899000	chr15_82862000	13	37000	0.000565142141425621	13	0.000565142141425621	10	0.300033746523887	::N-A12::B3-c-9::N3-10::B-3-4::B3-21::N3-21::N3-c-28::N-2-25::B-2-25::B3-c-28::B3-19::N3-19::B-2-14::	10
chr15	83113700	83150700	chr15_83113700	11	37000	0.0403285286103305	13	0.000565142141425621	10	0.300033746523887	::B-2-27::N-B05::B-A10::N-1-10::B3-11::B-3-4::B-2-23::B-1-4::B3-21::N3-21::B3-c-9::	6
chr15	88688700	88725700	chr15_88688700	11	37000	0.0403285286103305	12	0.00496896672065754	11	0.0403285286103305	::B3-2-21::N-2-21::B3-1::B3-1-13::N3-1::B3-21::N-A02::N3-19::B3-19::N-2-15::B-2-15::	3
chr15	93949900	93986900	chr15_93949900	11	37000	0.0403285286103305	11	0.0403285286103305	1	32241.7438924865	::N-2-14::N-A05::N-B05::N-2-25::N-2-23::N3-2-21::N-2-12::N-1-6::N-A10::N-A04::N-2-21::	11
chr15	96396900	96433900	chr15_96396900	16	37000	5.43654875151666e-07	21	1.57316311279678e-12	16	5.43654875151666e-07	::B3-7::B-1-6::B-2-15::B3-21::N3-9::B3-9::B3-c-14::N3-c-14::N3-19::B-2-14::N-2-14::B3-1::B-A10::N-3-4::B-B05::B3-2-21::	11
chr15	98526100	98563100	chr15_98526100	11	37000	0.0403285286103305	12	0.00496896672065754	11	0.0403285286103305	::N3-21::B3-2-21::B-2-15::N-2-14::B3-11::B-1-7::B-2-14::B-1-6::N-2-27::B-2-27::B3-1-13::	4
chr15	99784600	99821600	chr15_99784600	11	37000	0.0403285286103305	13	0.000565142141425621	11	0.0403285286103305	::B-3-4::N-A05::B-A05::N-3-1::N-3-4::N3-16::B-A10::N-2-21::B-1-4::N-1-6::B-1-6::	4
chr15	99975800	100012800	chr15_99975800	11	37000	0.0403285286103305	12	0.00496896672065754	11	0.0403285286103305	::B-A07::N-3-1::B-2-15::N3-16::N-B05::B3-11::B-3-4::N-2-21::N-2-15::B-2-14::B3-15::	5
chr15	102050500	102087500	chr15_102050500	11	37000	0.0403285286103305	12	0.00496896672065754	8	12.3521540768386	::N-3-1::B3-10::B3-13::N3-10::N3-13::B-2-15::B-2-14::N-2-14::N-B05::B3-5::B-1-4::	7
chr16	4125400	4162400	chr16_4125400	12	37000	0.00496896672065754	13	0.000565142141425621	11	0.0403285286103305	::N-1-7::B3-13::B-3-1::B3-1::N-2-15::N3-12::B-A10::B-1-7::B-B05::B3-2-37::B-2-15::B3-7::	8
chr16	8700500	8737500	chr16_8700500	12	37000	0.00496896672065754	13	0.000565142141425621	13	0.000565142141425621	::B-A07::B-B03::N-A05::B-1-7::B3-4::N3-16::N-2-25::B3-19::B3-2-37::B-2-15::N3-13::B-A04::	6
chr16	8832100	8869100	chr16_8832100	11	37000	0.0403285286103305	13	0.000565142141425621	10	0.300033746523887	::B-3-4::B3-21::N3-21::N-3-4::B-1-6::B-A07::B3-7::B-1-7::N-B05::N-A05::B-2-15::	13
chr16	11109800	11146800	chr16_11109800	13	37000	0.000565142141425621	15	5.8831282019664e-06	15	5.8831282019664e-06	::B3-11::B-2-15::B-2-14::N3-13::B-1-10::B-2-21::B3-1::B3-7::B3-5::N3-16::N-2-25::B-A07::N-2-27::	6
chr16	11168400	11205400	chr16_11168400	11	37000	0.0403285286103305	11	0.0403285286103305	9	2.02924809975249	::N-A05::N-A02::N-2-15::N-B03::B3-11::N3-11::B-A04::N3-1::N-2-25::B3-1::B3-15::	4
chr16	16984400	17021400	chr16_16984400	16	37000	5.43654875151666e-07	17	4.72834680309959e-08	14	5.96849197603018e-05	::B3-c-28::N-2-12::B-2-12::N-2-21::B3-19::B-2-15::B-A12::N-B03::N-2-23::B-B03::N-2-14::B-2-14::B-3-1::N-3-1::B-2-21::N3-13::	7
chr16	17453400	17490400	chr16_17453400	17	37000	4.72834680309959e-08	24	4.1871340737995e-16	20	2.2343854375987e-11	::B3-12::B3-19::N3-1::B3-1::B-3-4::B-1-7::N-2-12::B-2-12::N3-8::N3-c-28::B3-c-28::N3-2-21::N-3-1::N3-c-14::B3-8::B-A02::B3-10::	13
chr16	22239300	22276300	chr16_22239300	11	37000	0.0403285286103305	12	0.00496896672065754	8	12.3521540768386	::B-2-14::B-2-21::B3-7::B-A10::N-3-1::N3-2::N3-1::B3-13::B3-10::B3-1::B-2-15::	4
chr16	24463400	24500400	chr16_24463400	11	37000	0.0403285286103305	12	0.00496896672065754	12	0.00496896672065754	::N-A02::N-2-15::N-B03::B-1-6::B3-c-28::B-2-14::B3-11::B-3-4::N3-8::B-B05::N3-c-14::	9
chr16	24526700	24563700	chr16_24526700	12	37000	0.00496896672065754	14	5.96849197603018e-05	12	0.00496896672065754	::N3-19::N3-10::B3-1-13::B-A07::B-2-21::B3-2-21::N-1-7::B-A10::B3-12::N-2-21::B-3-1::N-3-1::	6
chr16	31657900	31694900	chr16_31657900	11	37000	0.0403285286103305	15	5.8831282019664e-06	12	0.00496896672065754	::N-A05::B-B03::B-2-15::N3-c-14::B3-19::B-A07::B-B05::B-1-6::B3-21::N-A07::N3-1-13::	3
chr16	31724100	31761100	chr16_31724100	15	37000	5.8831282019664e-06	22	1.05727029606136e-13	18	3.88393340362879e-09	::B3-19::N3-19::B-3-4::N-3-4::N-B05::B3-21::N-B03::B-2-12::B-A02::N-2-15::N-2-21::B3-11::B-2-21::B-A05::B-2-14::	12
chr16	33386800	33423800	chr16_33386800	14	37000	5.96849197603018e-05	22	1.05727029606136e-13	17	4.72834680309959e-08	::B-2-15::B-A07::N-A12::N3-1-13::B3-1-13::B-B05::N3-16::B3-16::B-A12::N-A05::B3-c-28::B3-14::N3-4::N3-2-21::	7
chr16	38090900	38127900	chr16_38090900	13	37000	0.000565142141425621	17	4.72834680309959e-08	14	5.96849197603018e-05	::B3-7::B-2-25::N-1-6::B-1-6::B-B05::N-2-25::B3-11::B3-13::B-2-15::N3-9::N-A07::B-1-7::B-A10::	7
chr16	38182400	38219400	chr16_38182400	13	37000	0.000565142141425621	17	4.72834680309959e-08	14	5.96849197603018e-05	::B-1-6::B3-7::B-A05::B-A12::B-A07::N-2-25::N3-12::N3-16::B-2-15::B-B05::N-B05::N-A05::N-2-21::	4
chr16	44135100	44172100	chr16_44135100	15	37000	5.8831282019664e-06	15	5.8831282019664e-06	14	5.96849197603018e-05	::B-A04::B3-12::B-2-15::N3-9::B3-1::B-2-14::N3-16::B3-19::B3-14::N3-4::B3-4::N-2-21::N3-5::B3-10::B-3-4::	5
chr16	87681300	87718300	chr16_87681300	11	37000	0.0403285286103305	11	0.0403285286103305	4	4342.22330135474	::N-2-25::N3-2::N3-10::N3-19::N-A12::N-2-12::N-3-1::N3-9::B-1-10::B-A02::B-3-4::	10
chr16	94630700	94667700	chr16_94630700	12	37000	0.00496896672065754	12	0.00496896672065754	11	0.0403285286103305	::B-A04::N3-9::B3-9::B3-7::N3-2-21::B-1-10::B3-2-21::N-B05::N-1-6::N-3-4::N-2-25::B3-19::	6
chr17	3145400	3182400	chr17_3145400	14	37000	5.96849197603018e-05	15	5.8831282019664e-06	13	0.000565142141425621	::N-1-6::N-A05::B-1-6::N-2-15::B-2-12::N-3-4::N3-15::B3-15::B3-19::N-B03::B-B03::B-2-21::B3-12::B-2-14::	4
chr17	3194400	3231400	chr17_3194400	15	37000	5.8831282019664e-06	18	3.88393340362879e-09	14	5.96849197603018e-05	::B-A10::N-2-21::B-3-4::N-3-4::N3-5::N3-16::B-B05::N-B05::B-A05::B3-19::N-1-7::N3-19::N3-1::B-A12::N-A12::	10
chr17	5063900	5100900	chr17_5063900	11	37000	0.0403285286103305	11	0.0403285286103305	9	2.02924809975249	::N-3-4::N3-16::N-1-6::N-2-15::B-1-6::N3-4::B-B03::B3-7::B3-1::N3-1::N-2-25::	8
chr17	5197700	5234700	chr17_5197700	14	37000	5.96849197603018e-05	15	5.8831282019664e-06	14	5.96849197603018e-05	::B-A10::N-A04::B3-7::B-A04::N-A05::B-1-4::B-2-21::B-A05::B-A02::B3-c-14::B3-14::B3-5::B-2-25::N3-13::	7
chr17	10213600	10250600	chr17_10213600	13	37000	0.000565142141425621	14	5.96849197603018e-05	13	0.000565142141425621	::B-B05::N3-16::N3-2-21::N-A04::B-A04::N-2-15::N3-13::B3-19::B3-14::N3-c-9::N-3-4::N-A10::B3-2-21::	7
chr17	10282200	10319200	chr17_10282200	14	37000	5.96849197603018e-05	17	4.72834680309959e-08	14	5.96849197603018e-05	::B-1-10::B-2-21::N-2-21::B-2-23::B-1-6::B-1-7::B3-9::B-A10::B3-19::N-A02::B-A02::N-A10::N3-c-28::B-A05::	4
chr17	15479600	15516600	chr17_15479600	12	37000	0.00496896672065754	13	0.000565142141425621	10	0.300033746523887	::B3-11::B-3-1::N-1-6::N-1-10::B-2-21::B-A12::N3-1::B-2-25::B-B03::N-2-21::B-1-6::N-B05::	6
chr17	15708400	15745400	chr17_15708400	11	37000	0.0403285286103305	12	0.00496896672065754	10	0.300033746523887	::B-1-7::N-1-7::B-1-6::B3-21::N3-21::N-2-12::B-2-12::B3-14::B-2-25::B-1-10::B-3-1::	6
chr17	30073200	30110200	chr17_30073200	12	37000	0.00496896672065754	15	5.8831282019664e-06	13	0.000565142141425621	::B-2-27::B-B05::N3-16::N3-19::B-3-4::N-B05::B3-19::N3-1::N3-9::B3-9::B3-12::B3-c-28::	6
chr17	30119900	30156900	chr17_30119900	11	37000	0.0403285286103305	14	5.96849197603018e-05	13	0.000565142141425621	::B-A02::N3-13::B3-1::N-1-6::B-2-14::N-B03::B-A10::B-2-12::N-2-12::N-A05::B-A07::	5
chr17	32243300	32280300	chr17_32243300	15	37000	5.8831282019664e-06	18	3.88393340362879e-09	12	0.00496896672065754	::B-A10::B-A12::B3-1-13::B3-15::N3-16::N3-12::N3-4::B-2-21::B3-13::B3-10::B3-1::B3-2-37::N3-10::N3-13::B-2-15::	12
chr17	42836100	42873100	chr17_42836100	13	37000	0.000565142141425621	15	5.8831282019664e-06	15	5.8831282019664e-06	::N-A12::B-2-21::N-2-15::B-2-15::B-2-23::B3-1-13::N-2-21::N-A10::B3-11::B3-5::B-A07::B-2-12::B3-19::	7
chr17	56550300	56587300	chr17_56550300	11	37000	0.0403285286103305	11	0.0403285286103305	7	66.8340424466997	::N3-16::B3-1::B-A04::N3-13::B3-13::B3-7::N-A07::N3-1-13::B-A07::B3-1-13::B-A05::	3
chr17	65581800	65618800	chr17_65581800	12	37000	0.00496896672065754	13	0.000565142141425621	8	12.3521540768386	::B-B05::B3-2-21::B3-10::B3-1::B3-13::N3-10::N3-13::B3-19::B3-1-13::N3-19::B3-7::B-A07::	9
chr17	71623800	71660800	chr17_71623800	13	37000	0.000565142141425621	17	4.72834680309959e-08	15	5.8831282019664e-06	::B-1-6::N-2-23::B-2-23::N-B05::B-1-10::B3-21::B-3-4::N-2-15::B-A10::B3-7::B-3-1::B-A07::B3-11::	8
chr17	74271600	74308600	chr17_74271600	11	37000	0.0403285286103305	11	0.0403285286103305	10	0.300033746523887	::B-2-23::N3-14::N-2-23::N-2-25::B-2-25::N3-19::B3-7::N-B05::B-2-15::B3-11::N3-11::	3
chr17	74548600	74585600	chr17_74548600	13	37000	0.000565142141425621	14	5.96849197603018e-05	14	5.96849197603018e-05	::B-A10::N3-2-21::B-A02::B-2-14::N-2-23::B-2-23::B3-5::B3-2-21::N-B05::N-2-14::B3-15::N-B03::B-1-7::	9
chr17	74671600	74708600	chr17_74671600	15	37000	5.8831282019664e-06	19	3.02240828299681e-10	16	5.43654875151666e-07	::B3-13::B-3-4::B3-c-28::N3-9::B3-9::B3-7::N-B05::N3-16::B-A10::B3-15::B-2-25::N-2-25::B3-21::N3-21::B-1-6::	13
chr17	80033000	80070000	chr17_80033000	12	37000	0.00496896672065754	16	5.43654875151666e-07	11	0.0403285286103305	::B-A02::B3-14::N-A02::N-2-25::N3-19::B3-2-21::B3-19::B-2-12::N-2-15::N-2-12::B3-16::B-1-6::	10
chr17	84977800	85014800	chr17_84977800	11	37000	0.0403285286103305	11	0.0403285286103305	11	0.0403285286103305	::B3-13::B-1-6::N-1-10::N-3-4::N3-10::B-2-23::N-A02::N-2-23::N3-2-21::B3-2-21::B-2-21::	6
chr18	3005100	3042100	chr18_3005100	13	37000	0.000565142141425621	15	5.8831282019664e-06	5	1284.0357228943	::B3-8::B-3-4::B3-1::B-1-10::N-1-6::B-A12::B-1-6::N3-10::B-A07::N3-1::B-1-7::B3-c-28::N3-11::	8
chr18	5614600	5651600	chr18_5614600	14	37000	5.96849197603018e-05	15	5.8831282019664e-06	14	5.96849197603018e-05	::B-2-23::N-2-23::B3-15::N-2-27::B-2-12::N-1-6::N-1-7::B3-21::B-A07::N-B03::B-B03::N-A10::N-3-4::B-3-4::	5
chr18	6191600	6228600	chr18_6191600	13	37000	0.000565142141425621	13	0.000565142141425621	13	0.000565142141425621	::N-B05::B3-12::N-A07::B3-10::N-2-15::B-A05::N3-12::B-2-14::N3-8::B-1-10::N3-19::N-A02::N-B03::	6
chr18	7879300	7916300	chr18_7879300	21	37000	1.57316311279678e-12	30	1.02322750406393e-23	22	1.05727029606136e-13	::N-2-15::N-2-23::B-2-25::B3-7::N-1-6::N-3-1::B-2-21::N-A10::B-A10::N-2-14::B-3-1::B3-12::B-2-15::B-2-27::B-1-7::B-2-23::N-A02::B3-11::B-A07::N3-15::B3-15::	14
chr18	9408900	9445900	chr18_9408900	13	37000	0.000565142141425621	14	5.96849197603018e-05	12	0.00496896672065754	::N-2-12::B3-12::B3-10::N3-10::B-B05::B-2-15::B-2-23::B3-8::N-2-25::N3-c-9::B-3-1::N-A02::B-A02::	6
chr18	10090100	10127100	chr18_10090100	15	37000	5.8831282019664e-06	20	2.2343854375987e-11	19	3.02240828299681e-10	::B-1-7::N-2-27::B-B05::N3-19::B-2-25::N-B05::N3-16::N-2-15::N3-10::B-2-14::N3-13::N-2-14::B-2-15::B3-16::B-2-23::	12
chr18	10143500	10180500	chr18_10143500	15	37000	5.8831282019664e-06	17	4.72834680309959e-08	15	5.8831282019664e-06	::N3-2-21::B-3-1::N-3-1::B3-10::N3-4::N-A05::N-B03::N-A02::N3-19::B3-1-13::B-A02::B-1-7::N-1-7::B-2-27::B3-1::	9
chr18	12141000	12178000	chr18_12141000	12	37000	0.00496896672065754	13	0.000565142141425621	9	2.02924809975249	::N-2-21::B-2-21::B3-c-28::N-3-1::B-2-14::B-B05::B-3-1::B3-5::N-B03::B3-c-9::N3-c-9::N3-12::	11
chr18	31794000	31831000	chr18_31794000	13	37000	0.000565142141425621	15	5.8831282019664e-06	11	0.0403285286103305	::N-1-10::N-3-4::B-A02::N-1-6::B-B05::N-2-27::N3-8::N3-11::B3-8::B3-11::N3-19::B-2-21::N-2-21::	7
chr18	31847700	31884700	chr18_31847700	11	37000	0.0403285286103305	12	0.00496896672065754	12	0.00496896672065754	::B3-19::B-A05::B3-7::B-3-4::N-1-6::N-B05::B-A10::N-2-15::N3-9::B3-5::N3-2-21::	3
chr18	34265300	34302300	chr18_34265300	16	37000	5.43654875151666e-07	22	1.05727029606136e-13	16	5.43654875151666e-07	::N3-1-13::N3-8::B3-12::B-A07::N-1-7::B3-8::B3-11::N-A07::B3-1-13::N3-21::B3-19::B-A05::N-A05::B-2-14::N3-4::B3-1::	10
chr18	34916800	34953800	chr18_34916800	11	37000	0.0403285286103305	11	0.0403285286103305	10	0.300033746523887	::N-2-25::N3-4::B-1-10::N3-13::B3-10::B-1-6::N3-16::B-A05::B-A04::B3-1-13::N3-1-13::	6
chr18	35125300	35162300	chr18_35125300	12	37000	0.00496896672065754	12	0.00496896672065754	12	0.00496896672065754	::B3-4::B-2-15::B3-7::B3-c-28::N3-19::B-A02::B-2-23::B-A10::B-3-4::N-2-25::B-2-25::B-B05::	6
chr18	35177200	35214200	chr18_35177200	11	37000	0.0403285286103305	15	5.8831282019664e-06	13	0.000565142141425621	::N-2-15::B-A10::B3-1::B-2-25::N-3-1::N-2-25::N-1-6::B3-19::B-B03::B-1-6::N-B05::	13
chr18	35556000	35593000	chr18_35556000	11	37000	0.0403285286103305	13	0.000565142141425621	10	0.300033746523887	::N3-c-28::B-A10::B-2-23::N-2-23::B3-7::B-2-14::B-1-7::N-A10::B-1-6::B-2-15::B-3-4::	7
chr18	35774000	35811000	chr18_35774000	14	37000	5.96849197603018e-05	17	4.72834680309959e-08	16	5.43654875151666e-07	::N3-c-28::B-2-25::B-3-4::B-1-7::B3-8::B-A04::B-B05::B3-12::B3-1::B3-5::B-2-21::N3-16::B3-16::B-A05::	8
chr18	42312500	42349500	chr18_42312500	14	37000	5.96849197603018e-05	15	5.8831282019664e-06	13	0.000565142141425621	::N-2-15::B3-21::B-A05::N-2-23::B3-2::B-2-25::N-B05::B-B05::B-3-4::B-1-6::B-1-7::N3-13::N-A12::B-A12::	7
chr18	42513000	42550000	chr18_42513000	15	37000	5.8831282019664e-06	15	5.8831282019664e-06	11	0.0403285286103305	::N3-1::B3-1::B-2-21::B-2-14::B3-8::B-2-25::B-B05::B3-2-21::N-B05::B-2-23::B-1-6::N3-10::B3-10::B3-19::N3-19::	7
chr18	46501400	46538400	chr18_46501400	11	37000	0.0403285286103305	11	0.0403285286103305	11	0.0403285286103305	::N3-10::B3-19::B-1-6::N3-4::N-2-25::B-2-15::B-1-4::N3-16::N-A02::B-2-23::B-A10::	8
chr18	61561000	61598000	chr18_61561000	13	37000	0.000565142141425621	14	5.96849197603018e-05	13	0.000565142141425621	::N-A05::B3-c-9::B-2-21::B3-19::N-A02::B-A02::B-B05::B-2-14::B-2-25::B-A12::N-2-21::B-2-15::N-3-1::	5
chr18	73653800	73690800	chr18_73653800	13	37000	0.000565142141425621	17	4.72834680309959e-08	13	0.000565142141425621	::B-2-15::B-A02::N-A02::B-3-1::N-3-1::B-A05::N-2-12::B-2-12::N-A07::B-3-4::B-1-7::B-B05::B-2-14::	13
chr18	80759000	80796000	chr18_80759000	12	37000	0.00496896672065754	12	0.00496896672065754	10	0.300033746523887	::N3-21::B3-2-21::B3-5::B-1-7::N-2-27::B-2-27::B3-c-28::N3-c-9::B3-12::B-2-15::N-2-15::N3-12::	9
chr18	82953400	82990400	chr18_82953400	12	37000	0.00496896672065754	12	0.00496896672065754	10	0.300033746523887	::N-2-15::B3-c-28::B-3-1::N-3-1::B3-11::B-2-12::B3-1-13::B-A07::B-B03::B-1-4::N-A02::B-B05::	4
chr19	3460500	3497500	chr19_3460500	12	37000	0.00496896672065754	13	0.000565142141425621	10	0.300033746523887	::N3-c-9::N3-4::B3-5::B3-19::B-B05::N-B05::N3-12::B-1-6::N-A10::N-2-15::B-A05::B-2-15::	8
chr19	3509000	3546000	chr19_3509000	18	37000	3.88393340362879e-09	21	1.57316311279678e-12	20	2.2343854375987e-11	::N-B05::B-A10::N-B03::B-B03::N-2-15::B-B05::N3-8::B3-c-9::N3-16::B-1-10::B3-5::N-2-21::B-1-4::B3-21::B-1-6::B3-19::B-2-14::B-2-21::	14
chr19	4740100	4777100	chr19_4740100	11	37000	0.0403285286103305	11	0.0403285286103305	10	0.300033746523887	::N3-4::N3-11::B3-7::B-2-21::N-B03::B-B03::B-1-6::B3-1::N-B05::N-1-6::B3-5::	5
chr19	11905100	11942100	chr19_11905100	11	37000	0.0403285286103305	11	0.0403285286103305	10	0.300033746523887	::B-2-25::B-2-15::N3-7::N3-c-9::B3-14::N-2-14::B-1-7::N-B03::B-B03::N-2-15::N3-8::	4
chr19	12756900	12793900	chr19_12756900	14	37000	5.96849197603018e-05	18	3.88393340362879e-09	16	5.43654875151666e-07	::N-2-14::N-2-21::N-B05::B-A07::B3-c-9::B3-2-21::B-2-15::B-2-14::B3-7::B-B03::B-B05::B-1-6::N-2-25::B-2-25::	6
chr19	14516100	14553100	chr19_14516100	16	37000	5.43654875151666e-07	16	5.43654875151666e-07	11	0.0403285286103305	::B3-14::N3-10::B-A04::B-2-27::B3-c-28::N-B05::N-A04::B3-21::N-2-15::B3-7::N3-7::N3-2-21::B-A12::N3-8::B3-11::B3-8::	9
chr19	30039300	30076300	chr19_30039300	18	37000	3.88393340362879e-09	19	3.02240828299681e-10	16	5.43654875151666e-07	::B3-2-21::B-2-15::N3-10::B-1-6::N-A10::N-B05::N-2-25::N3-11::B-B05::B3-c-9::B3-19::B3-21::B3-13::B3-11::B-1-7::N-2-12::B-2-12::B-A02::	10
chr19	41500500	41537500	chr19_41500500	13	37000	0.000565142141425621	14	5.96849197603018e-05	12	0.00496896672065754	::B-2-14::B-3-4::B3-13::B3-1::N3-13::B-2-23::N-3-1::N3-1::N-2-15::B3-19::B-2-25::N-2-25::B3-12::	8
chr19	42523900	42560900	chr19_42523900	13	37000	0.000565142141425621	14	5.96849197603018e-05	13	0.000565142141425621	::N-1-10::B3-c-28::B-2-25::B-A10::B3-7::N-3-4::B3-2-21::N-2-25::B-2-15::B-B03::B-B05::N-2-23::B-2-23::	7
chr19	50328000	50365000	chr19_50328000	13	37000	0.000565142141425621	13	0.000565142141425621	6	316.417731816917	::B-2-23::B3-2::N3-5::N-1-10::N3-2-37::N-1-4::N-1-9::N3-15::N-2-21::B-1-6::B3-2-37::B-1-4::B-B03::	10
chr19	55823000	55860000	chr19_55823000	11	37000	0.0403285286103305	11	0.0403285286103305	10	0.300033746523887	::B3-2-37::B-A12::B-A07::B-2-21::B-1-6::N3-9::B3-9::N-2-14::N-2-15::B-2-15::B-A05::	3
chr19	56990100	57027100	chr19_56990100	11	37000	0.0403285286103305	11	0.0403285286103305	8	12.3521540768386	::B-B03::N-2-25::B-2-27::N-2-27::B-3-1::B-1-6::B-A04::N-2-14::B-2-14::N-2-23::B3-7::	8
chr19	60754100	60791100	chr19_60754100	11	37000	0.0403285286103305	11	0.0403285286103305	10	0.300033746523887	::B3-1-13::B-2-23::B3-15::N3-19::B3-19::B3-13::N3-5::B3-5::N3-9::B-A02::B-2-14::	6
chr2	23164700	23201700	chr2_23164700	16	37000	5.43654875151666e-07	16	5.43654875151666e-07	14	5.96849197603018e-05	::N3-13::N3-16::B-B05::B-2-14::N-A07::B3-9::N3-9::B3-19::B-2-23::N3-8::N-2-27::B3-5::B3-1::B3-4::N3-4::N-2-23::	11
chr2	37377800	37414800	chr2_37377800	11	37000	0.0403285286103305	13	0.000565142141425621	13	0.000565142141425621	::B3-14::N-2-15::B3-c-9::B3-1::B3-8::B-3-1::N3-19::N-2-21::N3-10::N3-13::N-A05::	11
chr2	38589600	38626600	chr2_38589600	18	37000	3.88393340362879e-09	19	3.02240828299681e-10	13	0.000565142141425621	::B3-c-9::B3-1::B3-2-21::B-A04::N3-1-13::N-A07::B-A07::B3-1-13::B-2-25::N-2-25::N-A02::B-A02::N-2-15::N3-19::B3-19::N-3-4::B3-13::B3-c-28::	5
chr2	49491100	49528100	chr2_49491100	11	37000	0.0403285286103305	12	0.00496896672065754	12	0.00496896672065754	::B-B05::B-1-7::N-A04::B3-2::N3-c-9::B-1-10::B-2-23::B-2-21::B3-19::N-1-6::N-3-4::	5
chr2	59260600	59297600	chr2_59260600	11	37000	0.0403285286103305	11	0.0403285286103305	9	2.02924809975249	::N3-16::N3-11::B-A02::B3-1::B3-7::N-A05::B-A05::N-2-14::B3-2-21::N3-15::B3-15::	1
chr2	60791100	60828100	chr2_60791100	13	37000	0.000565142141425621	13	0.000565142141425621	10	0.300033746523887	::N-A12::N-2-23::N-3-4::B-A05::N-A05::B-2-27::B-2-15::N-2-27::B-A10::B3-1::N3-c-14::B3-c-14::B-2-14::	11
chr2	61727800	61764800	chr2_61727800	13	37000	0.000565142141425621	15	5.8831282019664e-06	15	5.8831282019664e-06	::B3-7::B-3-1::N-A02::B-3-4::B-A07::B-A04::B3-19::N3-19::N3-10::B3-14::N-2-15::N-B05::N3-8::	8
chr2	75662800	75699800	chr2_75662800	13	37000	0.000565142141425621	15	5.8831282019664e-06	8	12.3521540768386	::N3-1::B3-10::B3-1::B3-13::N3-13::N3-10::B-1-7::B3-c-28::B-2-14::N-2-21::N-2-14::B-A05::N-A05::	12
chr2	80542000	80579000	chr2_80542000	15	37000	5.8831282019664e-06	17	4.72834680309959e-08	13	0.000565142141425621	::N-2-15::N-3-1::B-3-1::B-1-6::N3-9::B3-9::N-1-6::B-A10::B-2-15::N3-c-9::N-2-23::N-B03::B-B03::B-3-4::B-B05::	4
chr2	83631400	83668400	chr2_83631400	11	37000	0.0403285286103305	12	0.00496896672065754	10	0.300033746523887	::B3-14::N3-9::N3-1-13::N-A05::B-A07::B3-13::B-2-15::B3-2-21::B-2-14::N-A07::B-A04::	6
chr2	90749200	90786200	chr2_90749200	13	37000	0.000565142141425621	13	0.000565142141425621	12	0.00496896672065754	::B-A12::N3-11::N-2-23::N-2-27::B-1-6::B3-12::N-2-15::B-2-15::N-A05::B3-10::N-2-21::B-2-12::N-B05::	5
chr2	90971900	91008900	chr2_90971900	12	37000	0.00496896672065754	14	5.96849197603018e-05	13	0.000565142141425621	::B-A02::N-A05::B-B03::N-B03::N3-13::B3-14::N3-2::B-2-21::B3-19::B3-12::B3-c-9::N-3-1::	10
chr2	91777100	91814100	chr2_91777100	12	37000	0.00496896672065754	15	5.8831282019664e-06	12	0.00496896672065754	::B-A07::B3-7::B-2-12::N-A02::N-B05::B-2-21::B-1-7::B-A12::B3-13::B3-10::N3-10::N-1-7::	7
chr2	98644700	98681700	chr2_98644700	64	37000	1.2723421798751e-74	352	0	27	7.71160218920041e-20	::B-A07::N-A05::N3-16::N3-14::N-1-7::N-B05::N-2-14::N3-9::N-A02::N-2-12::N3-10::N3-7::N3-1-13::N-1-6::N3-13::N3-8::N3-19::N-A10::N-A12::N3-1::N3-4::N3-c-14::N3-2-21::N-2-15::N3-15::N3-21::N-3-1::N-2-25::B-2-21::B3-12::N-1-10::N3-11::N3-12::N-2-27::N-2-21::N3-5::N-3-4::N-B03::N-2-23::N3-c-9::B3-1-13::B3-1::B-2-23::B-3-1::N-A07::B3-c-28::N-A04::B3-13::B3-10::B-A02::B3-8::B-1-10::N-1-4::B-2-15::B3-11::B-1-7::B-1-6::B3-9::B-A05::B-2-27::B-B03::B3-19::B-2-12::B3-14::	172
chr2	117136800	117173800	chr2_117136800	17	37000	4.72834680309959e-08	22	1.05727029606136e-13	20	2.2343854375987e-11	::N-A02::B-3-4::N-3-4::N-2-23::B-2-23::N3-8::B-1-6::B3-11::N3-1::B3-1::B-A04::B-2-21::B-A02::B-B05::B-2-25::N-2-27::B-1-7::	8
chr2	119572200	119609200	chr2_119572200	12	37000	0.00496896672065754	13	0.000565142141425621	12	0.00496896672065754	::N-A02::N3-13::B3-7::B-1-6::B-3-1::N-2-15::B-A02::N-A05::B-A05::B3-c-28::B-1-7::N3-11::	7
chr2	121978100	122015100	chr2_121978100	11	37000	0.0403285286103305	13	0.000565142141425621	11	0.0403285286103305	::B3-12::N-3-4::N-1-6::N3-16::B-3-4::B-A12::N-A12::B3-19::B-2-25::N3-19::B-A07::	7
chr2	122678400	122715400	chr2_122678400	11	37000	0.0403285286103305	13	0.000565142141425621	9	2.02924809975249	::B-B03::N-2-23::B-A10::N3-19::B-1-7::B-2-14::N3-10::N3-13::B3-13::B3-1::B3-10::	3
chr2	152228200	152265200	chr2_152228200	17	37000	4.72834680309959e-08	18	3.88393340362879e-09	17	4.72834680309959e-08	::B-2-27::N-2-27::N-A05::B-A10::B-2-14::N-2-21::B-2-25::B-2-23::B-1-6::B3-7::N3-7::N-1-6::B-2-12::N3-16::N3-13::B3-13::N3-c-14::	8
chr2	154663400	154700400	chr2_154663400	14	37000	5.96849197603018e-05	17	4.72834680309959e-08	13	0.000565142141425621	::B3-21::B3-11::B-2-15::B3-19::N3-19::B-B03::N-A07::N-2-21::B3-8::N3-8::N3-11::N-3-1::B-A02::B-B05::	13
chr2	154849400	154886400	chr2_154849400	15	37000	5.8831282019664e-06	19	3.02240828299681e-10	14	5.96849197603018e-05	::N-2-15::B-3-1::N-A05::B-A05::B3-12::N-B05::B-1-6::N-A07::B-A07::B3-2-21::N3-2-21::B3-1::N3-1::B-2-23::B3-c-14::	9
chr2	155391300	155428300	chr2_155391300	12	37000	0.00496896672065754	18	3.88393340362879e-09	14	5.96849197603018e-05	::N-2-15::B-1-10::N-3-1::B-A12::B3-21::N-2-27::B-2-27::N-3-4::N3-21::B-3-4::N-A02::B-A04::	7
chr2	156155700	156192700	chr2_156155700	12	37000	0.00496896672065754	12	0.00496896672065754	10	0.300033746523887	::B-1-7::N3-10::N-3-1::B-2-14::N-2-14::B3-7::B-3-4::N3-c-14::B3-c-14::B3-19::B-B05::N-B03::	5
chr2	160674700	160711700	chr2_160674700	12	37000	0.00496896672065754	14	5.96849197603018e-05	12	0.00496896672065754	::B3-c-28::B3-12::B-2-14::N3-21::B3-2::B3-14::B3-19::N3-14::B-2-15::B3-5::B-A04::N-A04::	11
chr2	163627800	163664800	chr2_163627800	25	37000	2.47634879838127e-17	31	4.8802881896936e-25	8	12.3521540768386	::B-B05::B-A07::N3-12::N3-21::B-A04::N-3-1::B-3-1::B-2-15::B-1-7::B3-16::B3-1::B3-10::B-2-21::B3-13::B-A10::B-2-27::B-A02::B3-7::B-1-6::B-2-25::B3-4::B-A12::B-A05::B-B03::B-3-4::	9
chr2	165821900	165858900	chr2_165821900	15	37000	5.8831282019664e-06	16	5.43654875151666e-07	9	2.02924809975249	::B-2-15::B-B05::B3-9::N3-9::B3-1-13::B-2-25::B-3-1::B-2-23::B-2-27::B-A07::B3-2-37::N-2-27::N3-1-13::N-A07::B-1-10::	12
chr2	168176500	168213500	chr2_168176500	17	37000	4.72834680309959e-08	23	6.79662254884926e-15	18	3.88393340362879e-09	::N-2-23::N-2-25::N-2-27::B3-7::B-2-23::B-B03::B3-12::B3-19::B-2-25::N3-4::B-1-6::N3-1::B3-11::B-1-4::B-2-15::B-A05::N-A05::	12
chr2	180664400	180701400	chr2_180664400	11	37000	0.0403285286103305	14	5.96849197603018e-05	11	0.0403285286103305	::N3-10::B-B03::N-B03::B-3-4::B-A02::B-1-6::B-2-15::N3-19::B-B05::B3-12::B3-14::	7
chr3	16183600	16220600	chr3_16183600	14	37000	5.96849197603018e-05	16	5.43654875151666e-07	15	5.8831282019664e-06	::N3-13::B-2-15::B3-12::B-3-1::N3-19::B3-19::N-2-15::B3-1-13::B-A07::B3-7::B3-11::B3-2::B-2-27::N-2-14::	7
chr3	19183200	19220200	chr3_19183200	14	37000	5.96849197603018e-05	16	5.43654875151666e-07	13	0.000565142141425621	::N-3-1::B-B05::B-2-27::N-B05::B3-c-28::B-2-15::N-1-10::N-2-15::B-3-4::N3-4::N3-13::B3-1-13::N-A12::B-A12::	10
chr3	27568300	27605300	chr3_27568300	12	37000	0.00496896672065754	18	3.88393340362879e-09	16	5.43654875151666e-07	::B3-19::N3-19::N-A05::B-A07::N3-11::N-3-4::B3-1-13::B-2-15::B-2-21::N-2-21::B-1-7::N-2-15::	4
chr3	34027100	34064100	chr3_34027100	18	37000	3.88393340362879e-09	19	3.02240828299681e-10	15	5.8831282019664e-06	::B-1-6::N3-2-21::B-B05::B-3-1::B-A07::N-A07::B3-7::B3-12::B-1-7::N-2-23::B-2-21::N3-10::N3-1::N3-1-13::B3-16::B3-1-13::N3-19::N-B05::	15
chr3	35771400	35808400	chr3_35771400	12	37000	0.00496896672065754	13	0.000565142141425621	10	0.300033746523887	::N3-13::B3-1::B3-13::N3-4::B3-19::B-B05::N3-1::B-A07::B-2-14::B3-2::N3-12::B3-11::	4
chr3	51432800	51469800	chr3_51432800	17	37000	4.72834680309959e-08	21	1.57316311279678e-12	18	3.88393340362879e-09	::B-2-14::B-A12::N3-19::B3-19::B3-21::N3-13::B-2-25::N-2-25::B-1-6::N-1-6::B-B05::B-2-15::N3-11::B-2-21::N-3-1::N3-4::B-3-1::	13
chr3	58568700	58605700	chr3_58568700	12	37000	0.00496896672065754	13	0.000565142141425621	11	0.0403285286103305	::N3-19::B3-13::N3-13::B-1-7::N-1-7::N-A02::B3-2-21::B3-1::B3-21::B-2-15::B-A10::N-2-15::	8
chr3	60556800	60593800	chr3_60556800	19	37000	3.02240828299681e-10	24	4.1871340737995e-16	15	5.8831282019664e-06	::B3-21::N-2-14::N-2-12::B-2-12::B-A02::N-2-15::N3-2-21::B3-2-21::N3-21::N-3-4::B-3-4::N-2-21::N-A02::N-2-23::B-A07::N3-10::N3-19::B3-19::N3-4::	8
chr3	63978700	64015700	chr3_63978700	12	37000	0.00496896672065754	13	0.000565142141425621	10	0.300033746523887	::N-B05::B-2-15::B-B03::N-B03::N-2-15::B3-1::N3-11::B-1-7::B3-7::N3-1-13::B-2-14::B3-1-13::	7
chr3	69065100	69102100	chr3_69065100	14	37000	5.96849197603018e-05	18	3.88393340362879e-09	16	5.43654875151666e-07	::N-2-23::B-2-25::B-2-14::N-2-14::B-A10::N-A10::B-A02::B-B03::N-B03::N-2-21::N3-4::N3-10::B-2-15::B3-1::	11
chr3	84518500	84555500	chr3_84518500	14	37000	5.96849197603018e-05	15	5.8831282019664e-06	14	5.96849197603018e-05	::B-A10::B-2-21::B3-13::N3-10::B-2-12::N-2-15::N3-21::B3-1-13::B-3-4::B3-5::B3-21::B-1-6::N3-9::B3-9::	4
chr3	88687200	88724200	chr3_88687200	11	37000	0.0403285286103305	11	0.0403285286103305	10	0.300033746523887	::N3-13::B-A02::N-3-1::N3-c-9::B3-7::B-2-12::N-2-12::B3-12::N-2-23::N-2-25::N-1-10::	5
chr3	90001200	90038200	chr3_90001200	12	37000	0.00496896672065754	12	0.00496896672065754	10	0.300033746523887	::B3-c-28::B-1-10::N-A04::B-A04::N-1-6::B-2-14::B-1-6::N3-12::B3-12::N3-19::B-A10::N-3-4::	5
chr3	90311200	90348200	chr3_90311200	24	37000	4.1871340737995e-16	25	2.47634879838127e-17	19	3.02240828299681e-10	::B-2-14::N-B05::B-B05::N3-1-13::B3-5::B3-2-21::N3-19::B-A07::B3-7::B-A02::N3-8::B-3-4::N-1-6::B-2-27::N-2-27::N3-16::B3-16::B3-1::B3-2::B3-4::B3-14::B-2-15::B-1-7::N-1-7::	14
chr3	94841500	94878500	chr3_94841500	14	37000	5.96849197603018e-05	16	5.43654875151666e-07	14	5.96849197603018e-05	::N-2-23::N3-8::N-B05::B3-1::B-2-12::N-2-15::B3-11::N-1-6::B3-16::N3-19::B-3-1::B3-13::B-2-27::B-A07::	6
chr3	96101600	96138600	chr3_96101600	13	37000	0.000565142141425621	14	5.96849197603018e-05	13	0.000565142141425621	::B-2-25::B3-4::N-B05::N-A05::N-A02::N-2-15::B3-1::B-3-4::B3-2-21::N3-4::B-A10::B3-14::N-1-6::	6
chr3	103035900	103072900	chr3_103035900	13	37000	0.000565142141425621	18	3.88393340362879e-09	18	3.88393340362879e-09	::B3-7::B3-1::B3-c-28::B-B05::B-2-15::B-3-4::N-B05::B3-2-21::B-A07::N-1-7::N-2-23::B-1-6::B-2-23::	12
chr3	103315900	103352900	chr3_103315900	17	37000	4.72834680309959e-08	19	3.02240828299681e-10	17	4.72834680309959e-08	::B3-1::N-2-25::B3-12::B-2-23::B-2-15::B-1-6::B-B03::N-B03::N-B05::N-2-15::B-2-21::B3-7::B3-13::B-2-25::B-2-14::B3-10::N-A12::	9
chr3	104456200	104493200	chr3_104456200	11	37000	0.0403285286103305	11	0.0403285286103305	11	0.0403285286103305	::B-A02::N-2-21::B3-2-21::N3-11::N-A07::B-2-21::B-3-4::B3-14::N-2-15::B-1-6::B-2-12::	5
chr3	104826200	104863200	chr3_104826200	13	37000	0.000565142141425621	14	5.96849197603018e-05	12	0.00496896672065754	::B-3-1::B-A07::B-B05::N-B03::B-B03::B-A12::N-1-6::B-2-21::N-A12::B-2-15::B-2-25::N-2-25::B-A10::	5
chr3	107299500	107336500	chr3_107299500	17	37000	4.72834680309959e-08	18	3.88393340362879e-09	15	5.8831282019664e-06	::N3-4::B-2-25::N3-9::B3-9::B3-12::N3-11::N3-13::N3-2::B3-11::N3-2-21::B-1-6::B-2-15::B3-2-21::B-A07::B-3-4::N-2-21::B-2-14::	6
chr3	116645700	116682700	chr3_116645700	11	37000	0.0403285286103305	12	0.00496896672065754	11	0.0403285286103305	::N3-16::B3-2-21::N-B05::N-2-14::B-B05::B-A10::N-A07::B-A07::B3-12::B3-c-28::N-3-1::	4
chr3	122546100	122583100	chr3_122546100	11	37000	0.0403285286103305	16	5.43654875151666e-07	14	5.96849197603018e-05	::B3-19::N-B05::N3-19::B3-4::N3-10::N-2-15::N3-9::B-B05::B-3-4::B-2-25::N-2-25::	8
chr3	129979900	130016900	chr3_129979900	11	37000	0.0403285286103305	11	0.0403285286103305	8	12.3521540768386	::N3-1-13::B3-1-13::B3-2::B-A10::B-B05::N3-10::N-2-23::N-2-25::B3-11::B3-13::B-1-6::	5
chr3	135429800	135466800	chr3_135429800	20	37000	2.2343854375987e-11	22	1.05727029606136e-13	15	5.8831282019664e-06	::B-A10::B-B05::N3-13::N3-4::B-A05::B-1-10::N3-10::B3-10::N-2-23::B3-16::B3-4::N3-8::N3-11::B3-7::B3-8::B3-11::B-2-21::B-2-14::N3-16::B3-19::	8
chr3	138467000	138504000	chr3_138467000	11	37000	0.0403285286103305	12	0.00496896672065754	10	0.300033746523887	::N-3-1::N-1-7::B3-11::B-3-1::B3-7::B-A05::B3-8::N3-8::N-A12::N3-16::B3-2::	5
chr3	139044100	139081100	chr3_139044100	13	37000	0.000565142141425621	14	5.96849197603018e-05	10	0.300033746523887	::B-2-12::N3-15::B3-1-13::N3-1-13::B3-2-21::N3-2-21::B3-5::N-1-7::N-3-1::N-2-15::B-3-1::B3-10::B3-c-28::	10
chr3	152209300	152246300	chr3_152209300	17	37000	4.72834680309959e-08	17	4.72834680309959e-08	12	0.00496896672065754	::N3-1::N3-c-14::B-B05::N3-16::B3-16::B-2-12::N-2-12::N-1-10::B3-19::N-2-23::N3-12::N-2-25::N-B03::N-1-6::N-A05::B-B03::B3-13::	5
chr3	152382400	152419400	chr3_152382400	11	37000	0.0403285286103305	11	0.0403285286103305	9	2.02924809975249	::B3-19::B3-5::B3-14::B-2-21::B-1-10::B3-13::N3-13::B-A10::B-A04::N-A04::N-2-27::	7
chr3	157988800	158025800	chr3_157988800	12	37000	0.00496896672065754	14	5.96849197603018e-05	11	0.0403285286103305	::B3-10::N-3-1::N-2-21::B3-c-28::B-A07::N3-13::B-1-6::B-2-15::N3-1-13::B3-1-13::N3-19::B3-7::	5
chr3	159880300	159917300	chr3_159880300	13	37000	0.000565142141425621	17	4.72834680309959e-08	12	0.00496896672065754	::N-A10::B3-c-28::B-A07::B3-1-13::N-A07::B3-2-21::N-A02::B-2-21::B-1-7::B-3-1::N-3-1::N3-19::B-3-4::	13
chr4	4762500	4799500	chr4_4762500	11	37000	0.0403285286103305	12	0.00496896672065754	11	0.0403285286103305	::N-2-15::B-2-21::B-A07::N3-13::B-2-25::N-2-25::B-2-15::N-3-4::N3-8::N3-16::B-1-7::	8
chr4	8556800	8593800	chr4_8556800	12	37000	0.00496896672065754	12	0.00496896672065754	11	0.0403285286103305	::N3-19::B3-1-13::B3-10::B-3-4::N-2-23::N3-16::B3-5::N-2-21::B-2-27::N-2-14::B-B05::N-A10::	4
chr4	34839900	34876900	chr4_34839900	11	37000	0.0403285286103305	13	0.000565142141425621	12	0.00496896672065754	::B3-7::N3-10::N3-c-28::B-A04::N3-1::B3-1::B3-1-13::N-A05::B-B05::N3-8::B3-2-21::	3
chr4	41217900	41254900	chr4_41217900	11	37000	0.0403285286103305	12	0.00496896672065754	11	0.0403285286103305	::N-3-1::B3-1-13::B-2-14::N3-13::B-B05::N-2-21::N-2-15::B-2-27::B3-11::N3-16::N3-14::	4
chr4	44815200	44852200	chr4_44815200	15	37000	5.8831282019664e-06	16	5.43654875151666e-07	13	0.000565142141425621	::B-A05::B-1-4::N3-13::B3-13::B-B05::B-2-27::B-1-7::B3-11::N3-14::B-3-1::N-3-1::B-1-6::B3-19::B-2-14::B3-2-21::	4
chr4	45459900	45496900	chr4_45459900	11	37000	0.0403285286103305	13	0.000565142141425621	11	0.0403285286103305	::B3-21::B3-7::B-A02::N-B05::B-1-6::N-2-15::N-3-1::B3-13::N3-13::N-2-25::B-3-1::	10
chr4	59510500	59547500	chr4_59510500	11	37000	0.0403285286103305	13	0.000565142141425621	12	0.00496896672065754	::B3-1::B3-12::N-A07::B-2-15::B-A07::N-1-6::N3-2::N-1-4::N3-c-14::B-A10::N-A02::	9
chr4	82417300	82454300	chr4_82417300	15	37000	5.8831282019664e-06	15	5.8831282019664e-06	10	0.300033746523887	::B-2-15::B-B03::N-1-7::B-1-7::N3-c-9::N-A12::N-2-21::B3-1-13::B-A07::N3-1-13::N-2-27::B-2-27::N3-16::B3-16::N-2-14::	5
chr4	83427600	83464600	chr4_83427600	12	37000	0.00496896672065754	19	3.02240828299681e-10	12	0.00496896672065754	::N3-16::N-A02::B-2-12::N-2-12::B-A07::N-2-27::B-2-27::N3-4::B3-4::B3-16::B-3-1::N-A05::	9
chr4	106905500	106942500	chr4_106905500	13	37000	0.000565142141425621	14	5.96849197603018e-05	8	12.3521540768386	::B3-16::N3-9::N-1-6::B3-7::B3-10::B3-1::B3-13::N3-1::N3-19::N3-10::N3-13::N-2-21::N-2-15::	11
chr4	119569400	119606400	chr4_119569400	12	37000	0.00496896672065754	15	5.8831282019664e-06	12	0.00496896672065754	::N3-19::B-B05::N3-11::N3-2-21::B3-11::N-1-6::B3-5::N3-21::N-3-1::B3-19::N-2-14::B-2-23::	6
chr4	120475300	120512300	chr4_120475300	13	37000	0.000565142141425621	13	0.000565142141425621	7	66.8340424466997	::N-A02::B-B05::N3-1::B-3-1::B-A10::B-2-12::N3-13::N3-10::B3-13::B3-1::B3-14::B3-10::B3-2-37::	3
chr4	126172300	126209300	chr4_126172300	11	37000	0.0403285286103305	12	0.00496896672065754	12	0.00496896672065754	::N3-2-21::N3-16::B-2-21::N3-4::B-3-4::B3-10::B-1-7::B-2-14::B-2-15::N-2-15::B-1-6::	6
chr4	126398800	126435800	chr4_126398800	11	37000	0.0403285286103305	11	0.0403285286103305	10	0.300033746523887	::B-A07::N-2-15::N-A02::N3-13::B3-c-28::B3-9::B3-7::N-B05::B-3-1::B3-15::B-3-4::	3
chr4	129805500	129842500	chr4_129805500	12	37000	0.00496896672065754	13	0.000565142141425621	11	0.0403285286103305	::N3-21::N3-19::B3-13::N3-13::B-A02::B-A07::N-2-15::B-2-15::B-1-6::N-A05::N-2-12::B-3-1::	8
chr4	130732400	130769400	chr4_130732400	15	37000	5.8831282019664e-06	17	4.72834680309959e-08	14	5.96849197603018e-05	::B-A05::B-3-1::N-3-1::N3-13::B3-13::B-1-6::N-2-15::B3-5::B-A07::B3-7::N3-7::N-1-10::N3-16::B-B05::N-1-6::	11
chr4	133137700	133174700	chr4_133137700	11	37000	0.0403285286103305	12	0.00496896672065754	11	0.0403285286103305	::B3-2-21::N-2-15::B3-12::N-A02::B-A02::B-2-15::N3-13::N3-1-13::N-B05::B-A10::N-A10::	9
chr4	133700100	133737100	chr4_133700100	13	37000	0.000565142141425621	18	3.88393340362879e-09	16	5.43654875151666e-07	::B-3-4::B-2-15::N3-2-21::B-A10::N-A10::B-A02::B3-7::N3-7::N-2-23::N-2-15::N3-5::B3-12::N-1-10::	13
chr4	135223600	135260600	chr4_135223600	12	37000	0.00496896672065754	17	4.72834680309959e-08	12	0.00496896672065754	::B3-4::B3-c-28::N3-13::B3-13::B3-1::N3-1::N-3-1::B-A04::N-A04::B-2-12::N-2-12::B3-7::	13
chr4	136314000	136351000	chr4_136314000	11	37000	0.0403285286103305	12	0.00496896672065754	11	0.0403285286103305	::N3-9::N3-1-13::N-1-7::B-1-7::N-2-21::B-2-23::N3-13::B-A04::B3-19::B-2-15::B-3-4::	4
chr4	136494800	136531800	chr4_136494800	18	37000	3.88393340362879e-09	22	1.05727029606136e-13	17	4.72834680309959e-08	::N-1-7::B-1-7::B3-1::N3-16::B-3-4::B-2-15::N-2-15::B-2-27::B3-12::N3-8::N3-13::B3-7::B-A10::N3-c-9::N-3-1::N3-4::B3-c-9::B-A12::	11
chr4	136552900	136589900	chr4_136552900	13	37000	0.000565142141425621	15	5.8831282019664e-06	13	0.000565142141425621	::B-A10::N3-c-14::N3-16::B3-13::N3-13::N-1-7::B-2-23::N-A07::N3-2::B3-2::N-2-12::B-1-7::B-2-25::	7
chr4	137322500	137359500	chr4_137322500	20	37000	2.2343854375987e-11	24	4.1871340737995e-16	20	2.2343854375987e-11	::B3-5::N3-2-21::N3-7::N-1-6::N-2-25::B3-7::B-1-6::B3-c-28::B3-1::B-3-4::B3-21::N-2-15::N3-c-9::B-A12::B3-4::N-A10::B-A10::N3-13::B3-13::N3-4::	7
chr4	150574500	150611500	chr4_150574500	11	37000	0.0403285286103305	13	0.000565142141425621	13	0.000565142141425621	::N-1-6::N3-10::B3-2::N3-16::B3-c-9::B-A07::B3-7::B-2-21::B3-1::B-A04::N3-12::	8
chr4	152293900	152330900	chr4_152293900	14	37000	5.96849197603018e-05	14	5.96849197603018e-05	6	316.417731816917	::B3-16::B3-4::N3-16::N3-4::N3-21::B3-13::B3-1::B3-10::N3-1::N3-10::N3-13::N-2-25::B-A12::B-A05::	12
chr4	155494000	155531000	chr4_155494000	22	37000	1.05727029606136e-13	26	1.40822945846653e-18	18	3.88393340362879e-09	::B-A10::B-2-27::B-A07::N3-13::B-2-15::N-2-14::B-2-23::B3-19::N3-19::N3-8::B3-10::N-2-15::B-2-25::N-2-25::N3-10::N3-1::B3-13::B3-1::B-2-14::B3-2-21::B-1-6::B3-11::	11
chr5	13074100	13111100	chr5_13074100	14	37000	5.96849197603018e-05	14	5.96849197603018e-05	1	32241.7438924865	::N-1-7::N-1-4::N3-19::N3-14::N-1-9::N3-5::N3-7::N3-2-37::N-1-10::N-2-15::N-2-23::N-2-21::N3-2::N3-c-28::	0
chr5	21016600	21053600	chr5_21016600	13	37000	0.000565142141425621	13	0.000565142141425621	11	0.0403285286103305	::N-A12::N-A05::B-3-1::B-3-4::N-3-4::N3-11::N-2-14::B-A02::B-2-25::B-1-6::N-1-6::B3-12::B-2-23::	9
chr5	24816300	24853300	chr5_24816300	12	37000	0.00496896672065754	12	0.00496896672065754	9	2.02924809975249	::N-3-4::N-2-27::N-2-14::B-2-25::N3-1-13::B3-c-14::N3-c-14::B-A10::B3-1::N3-8::B3-8::N-3-1::	5
chr5	25329200	25366200	chr5_25329200	17	37000	4.72834680309959e-08	28	4.07212915254145e-21	20	2.2343854375987e-11	::B3-12::N3-12::B3-14::B-1-6::N3-10::N3-13::B3-13::B3-10::B3-1::B3-7::B-2-15::N3-1::N-2-25::N-2-15::B-2-27::N-3-1::B-A02::	14
chr5	25433700	25470700	chr5_25433700	12	37000	0.00496896672065754	19	3.02240828299681e-10	13	0.000565142141425621	::B3-13::B-2-15::N-3-1::N-A07::B-A10::B-3-1::B3-5::N3-1::N3-10::N3-13::B3-10::N-2-23::	8
chr5	28143100	28180100	chr5_28143100	68	37000	3.11101958918511e-81	153	1.04936512971867e-239	8	12.3521540768386	::N-2-23::N3-14::B3-7::N-2-15::N3-4::N-2-25::N3-16::N3-11::N-3-4::N-2-21::B3-c-28::B-2-21::B-2-12::B-2-15::B3-12::B3-c-9::B3-5::N3-15::B3-14::B3-16::B-2-25::B-A10::N-2-14::N-1-7::N-B03::N-B05::N-1-6::N-1-4::N3-c-14::B-A04::B-2-14::B3-15::B-B03::B3-11::B-B05::B-1-7::B-1-10::B-1-6::B-1-4::B-2-23::B-A02::B3-4::B3-13::B-3-4::B3-2-21::B-3-1::B3-2::B3-19::B-A05::B-2-27::B-A07::N-3-1::N3-5::B3-10::B3-1-13::B3-2-37::N-2-12::N3-12::N3-10::N3-7::N-2-27::N-1-10::N-A02::N-A10::B-A12::N3-13::N-A12::N3-21::	96
chr5	29576900	29613900	chr5_29576900	11	37000	0.0403285286103305	11	0.0403285286103305	9	2.02924809975249	::B-1-6::N3-8::B3-8::N3-13::N-A05::N-2-15::N-3-1::B3-c-9::N3-2-21::B-3-4::B3-7::	6
chr5	32465600	32502600	chr5_32465600	19	37000	3.02240828299681e-10	21	1.57316311279678e-12	17	4.72834680309959e-08	::B-3-1::N-A05::B-A05::N-2-25::B-2-25::B-A07::B3-1-13::B-3-4::N-2-23::N-3-1::B-2-15::N-A12::N3-16::B3-16::B-A10::N3-9::B3-9::B3-14::N3-19::	7
chr5	33340800	33377800	chr5_33340800	13	37000	0.000565142141425621	14	5.96849197603018e-05	13	0.000565142141425621	::N3-13::B-A05::N-A02::B3-7::B-1-7::N-1-10::N3-2-21::N-1-6::B-2-15::B-B05::B-1-6::N3-16::B3-16::	5
chr5	34420200	34457200	chr5_34420200	12	37000	0.00496896672065754	18	3.88393340362879e-09	16	5.43654875151666e-07	::N-B03::B-1-7::B-2-14::B-2-21::B-B05::N-B05::N-A12::N-A02::B-3-1::B3-c-9::B-1-6::N-2-12::	8
chr5	53588000	53625000	chr5_53588000	11	37000	0.0403285286103305	14	5.96849197603018e-05	13	0.000565142141425621	::N-A02::B3-13::N3-13::B3-19::B3-c-9::B-3-1::B-3-4::B-2-12::N-A10::N-2-21::B-B05::	9
chr5	65538900	65575900	chr5_65538900	15	37000	5.8831282019664e-06	18	3.88393340362879e-09	17	4.72834680309959e-08	::N-3-1::N-2-21::B3-7::B-A10::B3-2-21::B-2-15::N-2-15::B-A02::B-3-1::B-B05::N3-c-14::B3-13::B-A07::B-2-21::N3-2-21::	9
chr5	65652700	65689700	chr5_65652700	13	37000	0.000565142141425621	19	3.02240828299681e-10	16	5.43654875151666e-07	::B3-2-21::N3-2-21::N-1-6::B-B05::N-1-10::B-2-15::B3-14::N3-14::B-2-23::B-1-6::N-B05::B-A05::N3-13::	10
chr5	74563800	74600800	chr5_74563800	11	37000	0.0403285286103305	12	0.00496896672065754	10	0.300033746523887	::B-A10::B3-1::N3-16::B3-12::B-A02::B-B03::N-B03::B-1-6::N3-19::N-2-23::B-B05::	8
chr5	90326800	90363800	chr5_90326800	14	37000	5.96849197603018e-05	19	3.02240828299681e-10	18	3.88393340362879e-09	::B-2-15::N-1-7::B3-7::B-A02::B-1-6::B3-19::N3-19::B-1-7::B3-12::N3-c-14::N-1-6::N-A02::N-2-25::B-A10::	8
chr5	92050200	92087200	chr5_92050200	12	37000	0.00496896672065754	12	0.00496896672065754	12	0.00496896672065754	::N3-11::B-2-21::B3-19::B3-9::B-2-15::N-2-15::B-1-6::B-A10::N3-16::N-2-21::N3-1::B-3-1::	5
chr5	99950600	99987600	chr5_99950600	20	37000	2.2343854375987e-11	22	1.05727029606136e-13	16	5.43654875151666e-07	::B-2-25::B-2-15::N-A04::N-A02::B-A02::N-2-15::N3-13::B-B05::N-B05::B3-1-13::B3-14::B3-1::B3-13::B3-10::N3-1::N3-10::B3-5::N-A05::N3-4::B-2-21::	12
chr5	103777500	103814500	chr5_103777500	14	37000	5.96849197603018e-05	15	5.8831282019664e-06	12	0.00496896672065754	::B-2-23::B3-c-28::B-2-21::B-2-15::B3-12::B3-5::B-A07::N-A07::B-1-6::N-2-23::N-B05::B-1-7::N-1-7::N-1-6::	9
chr5	106657300	106694300	chr5_106657300	12	37000	0.00496896672065754	14	5.96849197603018e-05	12	0.00496896672065754	::N3-8::B-B05::N3-5::B3-c-9::B-A12::N3-7::B-2-23::B3-11::N-3-1::B-3-1::B-3-4::B-A10::	5
chr5	108450300	108487300	chr5_108450300	14	37000	5.96849197603018e-05	18	3.88393340362879e-09	15	5.8831282019664e-06	::B3-5::B-2-23::B-1-6::B-2-12::N-2-12::B-A10::B-2-14::B3-12::B-A05::B-2-15::N-2-23::B3-1-13::B-A07::N-2-15::	10
chr5	110731900	110768900	chr5_110731900	14	37000	5.96849197603018e-05	14	5.96849197603018e-05	13	0.000565142141425621	::B3-c-28::N3-16::B3-8::N3-8::N3-2::B3-14::B-2-23::B-A10::N-2-23::B3-7::N-B05::B3-2-21::B3-1::B-A07::	10
chr5	115013300	115050300	chr5_115013300	14	37000	5.96849197603018e-05	14	5.96849197603018e-05	13	0.000565142141425621	::B3-10::N3-10::B3-5::B-A05::N-1-6::B3-1::N-A04::N3-13::B3-13::B3-2-21::B3-12::N3-c-9::N3-14::N-A02::	9
chr5	117275100	117312100	chr5_117275100	11	37000	0.0403285286103305	11	0.0403285286103305	4	4342.22330135474	::N-A05::B-A05::B-A12::N-1-9::N-2-15::N-2-21::N3-2::N-1-10::N-2-27::N-1-4::N3-2-37::	10
chr5	135200200	135237200	chr5_135200200	14	37000	5.96849197603018e-05	14	5.96849197603018e-05	13	0.000565142141425621	::N3-5::B-1-7::B3-13::N3-2-21::B-3-1::B-2-23::N3-15::B3-15::N-2-23::B3-2-21::B-2-21::N-B03::B-2-14::B3-7::	4
chr5	135683700	135720700	chr5_135683700	12	37000	0.00496896672065754	12	0.00496896672065754	10	0.300033746523887	::N3-13::B-2-14::N-A02::N-1-7::B-1-7::B-A10::B3-19::B3-13::B-2-15::N-1-4::N-A05::B-A05::	5
chr5	146233200	146270200	chr5_146233200	12	37000	0.00496896672065754	13	0.000565142141425621	11	0.0403285286103305	::B-2-23::N-B05::B3-5::N3-7::B3-7::B3-14::B3-2::B-3-4::N-2-15::B3-c-28::B-B03::N-B03::	4
chr5	147433600	147470600	chr5_147433600	15	37000	5.8831282019664e-06	18	3.88393340362879e-09	15	5.8831282019664e-06	::B-A02::B3-c-9::N-2-15::B3-19::N3-19::N3-2::B-A05::N3-4::N3-c-14::B3-5::B-B03::B-1-7::N-2-23::B-2-23::N-1-7::	7
chr6	17641000	17678000	chr6_17641000	19	37000	3.02240828299681e-10	28	4.07212915254145e-21	25	2.47634879838127e-17	::B3-2-21::B-2-27::B3-c-14::N3-c-14::B3-13::B-A02::B3-12::B3-8::N3-2-21::B-1-6::B-2-25::N-B03::B-1-10::B-3-4::B-2-21::N-A10::B-A10::N-2-15::B-A04::	12
chr6	28683800	28720800	chr6_28683800	11	37000	0.0403285286103305	11	0.0403285286103305	11	0.0403285286103305	::B-2-21::B-A07::B-A10::B-3-4::B3-2-21::N-B05::N-2-21::B-1-7::B3-5::B3-1::N-2-15::	4
chr6	31396100	31433100	chr6_31396100	14	37000	5.96849197603018e-05	17	4.72834680309959e-08	16	5.43654875151666e-07	::N3-10::N-B03::B-B03::B-B05::B3-14::B3-1-13::B-A10::N-2-15::B3-11::B3-19::B3-1::B-A02::B3-2::B3-2-21::	5
chr6	35074100	35111100	chr6_35074100	11	37000	0.0403285286103305	13	0.000565142141425621	13	0.000565142141425621	::B3-12::B-1-6::B-B05::B3-19::B3-11::N-A07::N-2-25::B-2-25::B3-c-9::N3-19::B-B03::	7
chr6	38558500	38595500	chr6_38558500	12	37000	0.00496896672065754	13	0.000565142141425621	11	0.0403285286103305	::B3-7::B-2-25::B3-19::B3-2-21::N3-16::N-3-4::N3-2-21::B-2-14::N-A12::N-B03::N3-1::B3-1::	5
chr6	38842600	38879600	chr6_38842600	13	37000	0.000565142141425621	15	5.8831282019664e-06	14	5.96849197603018e-05	::N-A05::B-2-15::N-2-25::N-2-23::B-2-23::B-2-14::N3-19::B-2-25::N-2-15::B-B03::N-2-21::N3-1::B-1-6::	8
chr6	47480600	47517600	chr6_47480600	15	37000	5.8831282019664e-06	15	5.8831282019664e-06	14	5.96849197603018e-05	::B-2-15::B3-15::B3-1::B3-12::B3-14::B3-7::N-3-4::B-2-12::N3-2-21::B-2-21::N-1-7::B-B03::N-B03::N3-13::B-A02::	5
chr6	47557000	47594000	chr6_47557000	11	37000	0.0403285286103305	14	5.96849197603018e-05	10	0.300033746523887	::N-1-6::B-A07::B-2-25::N-2-15::N3-c-9::B3-c-14::B3-c-9::B-B05::B-2-15::N3-16::N3-13::	6
chr6	49243400	49280400	chr6_49243400	15	37000	5.8831282019664e-06	16	5.43654875151666e-07	12	0.00496896672065754	::B-2-14::B3-7::B-2-25::N-3-4::N-1-6::N3-8::B-1-7::N3-1::B-A12::N-A12::B-2-15::N3-11::B3-11::B-2-23::B-1-6::	6
chr6	51456400	51493400	chr6_51456400	13	37000	0.000565142141425621	14	5.96849197603018e-05	8	12.3521540768386	::B-2-23::N3-9::B3-9::B-1-10::N-2-15::B3-16::B3-4::B-A02::N3-16::N3-4::N3-1-13::B3-1-13::B-A07::	6
chr6	52715300	52752300	chr6_52715300	12	37000	0.00496896672065754	15	5.8831282019664e-06	15	5.8831282019664e-06	::N-A05::B-2-15::B-2-21::N-2-14::N-3-1::N3-1-13::B3-c-28::B-B03::N-1-6::B-2-27::N-1-7::B-A02::	9
chr6	65056000	65093000	chr6_65056000	11	37000	0.0403285286103305	14	5.96849197603018e-05	9	2.02924809975249	::B3-11::B-3-4::N3-1::B-1-10::B3-1::N-1-6::B3-19::B-2-23::B3-21::N3-21::N-3-4::	9
chr6	67261300	67298300	chr6_67261300	16	37000	5.43654875151666e-07	16	5.43654875151666e-07	15	5.8831282019664e-06	::B3-19::B-2-21::N-2-21::N-2-15::B-2-15::B-2-12::B3-2::B-B05::N3-10::B3-10::B3-12::N-1-6::N-1-10::N3-13::B-1-7::B3-13::	6
chr6	71878200	71915200	chr6_71878200	15	37000	5.8831282019664e-06	16	5.43654875151666e-07	14	5.96849197603018e-05	::B-2-15::B3-13::B-A12::N-1-6::B-1-7::N3-10::N3-1-13::B-1-4::N-1-4::N3-16::B3-7::B3-2::B3-1::N3-9::B3-11::	7
chr6	72857600	72894600	chr6_72857600	16	37000	5.43654875151666e-07	16	5.43654875151666e-07	15	5.8831282019664e-06	::B-2-23::N3-12::B-A10::B-B05::N3-7::B3-14::N3-13::N-A02::B-1-10::B3-19::N-2-23::B-2-21::B3-10::B3-7::B3-13::B-2-14::	4
chr6	83923800	83960800	chr6_83923800	15	37000	5.8831282019664e-06	16	5.43654875151666e-07	13	0.000565142141425621	::B-A07::B-1-6::B-2-15::B3-4::N3-4::B-3-4::N3-2-21::B-1-7::B-A12::B-A02::B3-11::B-2-25::N-2-27::N-2-21::N3-16::	7
chr6	86860600	86897600	chr6_86860600	12	37000	0.00496896672065754	12	0.00496896672065754	11	0.0403285286103305	::B-B03::B-A10::B-1-10::B3-9::N3-9::B-A05::N-2-15::N3-13::B3-c-9::B-1-7::B3-5::B3-4::	9
chr6	88006400	88043400	chr6_88006400	15	37000	5.8831282019664e-06	16	5.43654875151666e-07	15	5.8831282019664e-06	::N-A04::N3-11::N-1-6::N3-1::B-2-15::B3-c-28::B3-7::N-2-14::B-1-6::B3-13::N-2-15::B-B05::B-B03::N3-13::B3-19::	8
chr6	103628500	103665500	chr6_103628500	18	37000	3.88393340362879e-09	23	6.79662254884926e-15	5	1284.0357228943	::N3-8::B3-c-28::N-2-14::N-3-1::N3-13::N-2-12::N3-10::N3-16::N-A05::N3-1-13::N-2-21::N-B05::N-1-7::N-2-15::N-A12::N3-11::N-A02::B3-1::	15
chr6	108796300	108833300	chr6_108796300	11	37000	0.0403285286103305	11	0.0403285286103305	9	2.02924809975249	::B-A12::N-1-6::B3-2::B-2-15::B3-1-13::N-2-15::N-B03::B-B03::N3-1::B-2-27::N3-16::	7
chr6	113079700	113116700	chr6_113079700	18	37000	3.88393340362879e-09	21	1.57316311279678e-12	19	3.02240828299681e-10	::N-1-6::B3-c-9::N3-c-9::B-2-12::B-1-6::N3-16::B3-1::B3-c-14::N3-c-14::N-2-15::B-2-21::B-2-15::N3-10::B-A12::B-A07::B3-c-28::B-2-23::N-1-4::	15
chr6	115640600	115677600	chr6_115640600	15	37000	5.8831282019664e-06	15	5.8831282019664e-06	14	5.96849197603018e-05	::B-A07::B-A02::B3-21::N3-11::N-A12::B-3-1::B3-19::N3-13::B3-2-21::N-B05::B-B05::B-1-6::B3-1::N-A10::N-2-14::	5
chr6	119979600	120016600	chr6_119979600	21	37000	1.57316311279678e-12	26	1.40822945846653e-18	18	3.88393340362879e-09	::B-A12::B-B05::B3-7::N-2-21::B-2-21::B3-13::N-2-23::N-2-15::N3-4::B-2-12::N-2-12::B-2-14::N-2-14::B3-8::N3-11::N-B05::B-A07::N3-12::B3-2-21::N3-1-13::B3-1-13::	12
chr6	134527000	134564000	chr6_134527000	13	37000	0.000565142141425621	17	4.72834680309959e-08	15	5.8831282019664e-06	::B-2-12::N-2-12::N-2-23::B3-5::N-A02::B3-12::B-1-7::B3-19::N3-16::B3-1::B-1-6::N3-c-9::B-2-23::	6
chr6	134731600	134768600	chr6_134731600	12	37000	0.00496896672065754	12	0.00496896672065754	9	2.02924809975249	::B-3-4::N-A10::B-2-14::N3-11::B3-4::N3-4::N-B03::B-B03::N3-9::B3-9::B-1-7::B-2-15::	4
chr6	146912800	146949800	chr6_146912800	12	37000	0.00496896672065754	14	5.96849197603018e-05	11	0.0403285286103305	::B-A07::B-3-4::N-3-4::B3-11::B-B03::N-B03::N-2-14::B-A10::N-A07::B-1-7::N-2-15::B-A12::	7
chr7	65326700	65363700	chr7_65326700	12	37000	0.00496896672065754	12	0.00496896672065754	10	0.300033746523887	::B3-2::B-2-23::B3-11::B-A05::N-2-12::B-2-12::B-1-6::N3-16::B3-2-37::N-A12::B-1-7::N-1-7::	9
chr7	90142400	90179400	chr7_90142400	19	37000	3.02240828299681e-10	26	1.40822945846653e-18	12	0.00496896672065754	::B-2-23::B3-c-9::N-2-25::N3-8::B3-8::N3-11::N3-16::N3-10::B-2-21::B3-7::N-3-1::B-A02::B-3-1::N-A02::N-2-21::B3-13::B3-10::N3-13::N3-1::	15
chr7	97617100	97654100	chr7_97617100	13	37000	0.000565142141425621	14	5.96849197603018e-05	13	0.000565142141425621	::B-2-12::N-2-27::B3-8::N3-8::N3-11::N3-7::B3-7::B-A05::N-1-10::B-A04::B-A10::B3-19::B-2-15::	9
chr7	112033900	112070900	chr7_112033900	13	37000	0.000565142141425621	14	5.96849197603018e-05	12	0.00496896672065754	::B-B05::N3-21::B-1-7::B3-13::N-B03::B-B03::B3-1-13::N-2-25::B-A04::B3-8::B-2-14::B3-1::B-1-6::	7
chr7	113529700	113566700	chr7_113529700	11	37000	0.0403285286103305	11	0.0403285286103305	8	12.3521540768386	::B3-c-9::B-2-25::B-2-12::B3-13::B3-c-28::B-2-23::B3-5::N-3-4::N3-21::B-3-4::B3-21::	2
chr7	118193500	118230500	chr7_118193500	17	37000	4.72834680309959e-08	17	4.72834680309959e-08	16	5.43654875151666e-07	::N-2-23::B-B03::B-2-14::N-2-14::B-3-4::B3-7::B-A05::B3-16::N3-11::B-1-10::N3-16::N3-5::N3-13::N-3-1::N-3-4::B-2-27::N-2-27::	7
chr7	121811000	121848000	chr7_121811000	32	37000	2.25491641129392e-26	34	4.3934683761401e-29	5	1284.0357228943	::B-2-25::B-3-1::N-3-1::N3-9::B3-9::N-2-12::N-2-21::N3-4::N-A10::N-2-25::N-1-6::N-2-15::N3-16::N-2-14::N-B05::N-2-27::N-A02::N-1-9::N3-11::N3-21::N-A12::N-1-7::N-A07::N3-2-21::N-A05::N3-2::N-A04::N-3-4::N3-19::N3-5::N-2-23::N3-14::	30
chr7	136358100	136395100	chr7_136358100	43	37000	7.25003414460261e-42	44	2.43625269502144e-43	2	23835.4571225329	::N-A05::N3-1::N-A02::N-2-12::N3-4::N-2-14::N3-13::N-2-27::N-2-25::N3-9::N-B05::N3-5::N-2-23::N3-8::N-B03::N-A10::N3-1-13::N-3-4::N3-19::N-A07::N-3-1::N3-11::N3-2-21::N3-10::N-2-15::N3-16::N-1-6::N3-2-37::N-2-21::N-A12::N-A04::N-1-10::N3-c-28::N-1-4::N3-21::N3-2::N-1-7::N3-7::N3-c-9::N3-12::N3-c-14::N3-15::N3-14::	44
chr8	4279000	4316000	chr8_4279000	16	37000	5.43654875151666e-07	21	1.57316311279678e-12	19	3.02240828299681e-10	::B-3-1::N3-13::B-1-7::N-1-6::B-1-6::B-3-4::N3-19::N-A05::N-2-15::B-B03::N3-1::B3-1::B-2-12::N3-4::N3-2-21::B3-12::	10
chr8	8665500	8702500	chr8_8665500	14	37000	5.96849197603018e-05	15	5.8831282019664e-06	12	0.00496896672065754	::N3-21::B-A12::B-1-6::B-2-14::B3-7::B3-8::B3-11::N3-16::B3-1::B3-2-21::B-2-23::N-3-1::B3-c-9::N-2-23::	7
chr8	22866000	22903000	chr8_22866000	11	37000	0.0403285286103305	12	0.00496896672065754	9	2.02924809975249	::B-2-25::N-2-25::B3-1::N3-1::B3-12::B-2-23::B3-21::B3-c-9::N3-c-9::B-A10::N-1-9::	8
chr8	25608400	25645400	chr8_25608400	12	37000	0.00496896672065754	12	0.00496896672065754	8	12.3521540768386	::B-2-14::N3-21::N-3-4::B-3-4::B3-21::B3-19::N-A07::B-A07::N-2-15::N3-2-21::N-2-25::B-2-12::	2
chr8	26045800	26082800	chr8_26045800	11	37000	0.0403285286103305	12	0.00496896672065754	11	0.0403285286103305	::B-1-7::B3-c-28::N3-4::B3-15::N3-15::B-3-1::B-2-14::N-2-15::B3-13::B3-2-21::B3-7::	7
chr8	36112100	36149100	chr8_36112100	11	37000	0.0403285286103305	11	0.0403285286103305	9	2.02924809975249	::N3-16::B-A12::B-2-14::B-2-15::N3-21::B-3-4::B3-21::B-3-1::B-A05::N-2-15::N3-10::	2
chr8	45656900	45693900	chr8_45656900	12	37000	0.00496896672065754	12	0.00496896672065754	8	12.3521540768386	::N3-16::B-2-15::N-1-10::N3-1-13::N-A07::B-A07::B3-1-13::B-2-27::B-3-1::N-1-6::N3-9::B3-9::	3
chr8	79644900	79681900	chr8_79644900	11	37000	0.0403285286103305	15	5.8831282019664e-06	14	5.96849197603018e-05	::B-2-12::B-2-23::N3-7::B3-10::B-3-4::N-2-15::N-3-4::B3-5::B-B05::B-A10::B3-2-21::	9
chr8	80696900	80733900	chr8_80696900	16	37000	5.43654875151666e-07	19	3.02240828299681e-10	17	4.72834680309959e-08	::N3-19::B3-19::B-1-6::N3-4::B3-11::B3-2-21::N3-10::N3-12::N-2-15::N-B03::N3-13::B-3-1::B3-7::B3-15::B-2-23::B-A05::	7
chr8	80816600	80853600	chr8_80816600	12	37000	0.00496896672065754	13	0.000565142141425621	6	316.417731816917	::N3-9::N-B05::N3-10::N3-15::B3-2-37::B3-15::B-1-6::N3-1::N3-13::B3-13::B3-10::B3-1::	4
chr8	85259700	85296700	chr8_85259700	11	37000	0.0403285286103305	24	4.1871340737995e-16	21	1.57316311279678e-12	::B3-2-21::N3-2-21::B-2-25::B-B05::B-A04::B-2-23::N3-11::B3-1::N-1-6::B-1-10::N-2-23::	9
chr8	95743300	95780300	chr8_95743300	17	37000	4.72834680309959e-08	26	1.40822945846653e-18	19	3.02240828299681e-10	::B-B05::N-A05::B-2-23::N-2-23::N-A02::B-2-14::B3-2-21::N3-7::B-1-6::N-B05::B3-19::B3-4::N3-4::B-A07::N-A07::B3-16::N3-16::	17
chr8	105185500	105222500	chr8_105185500	12	37000	0.00496896672065754	15	5.8831282019664e-06	12	0.00496896672065754	::B3-2-21::B-2-15::N-A05::B-A05::N3-c-9::B3-c-9::N3-10::B-2-14::B-A02::N-A02::B3-1::N3-4::	3
chr8	105631000	105668000	chr8_105631000	11	37000	0.0403285286103305	11	0.0403285286103305	9	2.02924809975249	::B-2-25::B3-c-9::N3-19::B3-19::B3-2::N-2-25::N3-7::B3-1::N3-13::B3-13::B-A12::	4
chr8	106065100	106102100	chr8_106065100	11	37000	0.0403285286103305	11	0.0403285286103305	10	0.300033746523887	::N-2-15::N3-7::N3-19::B3-7::N-A12::B-A07::B3-2-21::B-3-1::B-2-15::B3-19::N3-16::	6
chr8	107309600	107346600	chr8_107309600	19	37000	3.02240828299681e-10	21	1.57316311279678e-12	13	0.000565142141425621	::B-2-21::N-2-15::N3-13::N3-15::B-A05::N-A05::N-A12::N-B05::B-B05::B-A10::B-2-14::B3-4::B3-16::N3-16::N3-4::B3-2-21::B3-7::B-B03::N-B03::	13
chr8	109775100	109812100	chr8_109775100	20	37000	2.2343854375987e-11	28	4.07212915254145e-21	19	3.02240828299681e-10	::B3-2-37::B-2-25::B-1-6::N3-19::B-2-21::B-2-14::N-2-14::N-1-6::B3-19::B-A02::N3-8::N3-11::B3-8::B3-11::B-2-15::N-2-25::B3-12::B-1-4::B-1-7::N-1-7::	13
chr8	111218100	111255100	chr8_111218100	11	37000	0.0403285286103305	13	0.000565142141425621	11	0.0403285286103305	::N-2-25::B3-2-21::N3-13::N-2-21::N3-8::B-B05::B-2-21::B-A12::B-2-23::N-A05::B-A05::	6
chr8	111540800	111577800	chr8_111540800	13	37000	0.000565142141425621	13	0.000565142141425621	9	2.02924809975249	::N-1-10::B3-13::N-2-15::N3-16::N3-4::B3-16::B3-4::B-2-25::B3-7::N-2-21::B3-11::B-B03::B-A07::	7
chr8	122940400	122977400	chr8_122940400	11	37000	0.0403285286103305	11	0.0403285286103305	10	0.300033746523887	::B3-7::B-B05::N-2-14::B3-15::N-A05::B-B03::N-A02::B-A02::B3-1::B-3-1::B3-5::	3
chr9	3001100	3038100	chr9_3001100	48	37000	2.49317475221065e-49	88	1.03694690350393e-115	27	7.71160218920041e-20	::N3-2-21::N-3-4::N-A05::N-A04::N-A02::N-2-23::N-2-15::N3-16::N-B05::N3-11::B-A02::B-A10::B3-2-21::N3-9::B3-7::N-2-21::N3-19::N-2-12::N3-8::N-2-14::N3-1::N3-5::N-A07::N3-13::N3-2::N-1-10::N-2-27::B3-5::B3-11::B-2-15::B-1-10::B3-10::B3-c-28::B-2-23::B3-1::N-A12::N3-21::N-2-25::N-1-6::N-1-4::N-B03::N3-1-13::N3-15::B-B05::N3-10::B-2-25::N3-c-28::N-1-7::	43
chr9	7183800	7220800	chr9_7183800	11	37000	0.0403285286103305	16	5.43654875151666e-07	10	0.300033746523887	::B-3-4::N-1-6::B-2-12::B-B03::N-A02::N-B03::N-2-12::N-3-4::B-2-23::B-2-14::B-1-7::	10
chr9	13791700	13828700	chr9_13791700	13	37000	0.000565142141425621	14	5.96849197603018e-05	11	0.0403285286103305	::B3-c-9::N-B05::N3-1::N-2-27::B-1-7::N-2-25::B3-10::N3-10::N-1-6::B-1-6::B3-4::N3-4::B3-7::	9
chr9	21625200	21662200	chr9_21625200	13	37000	0.000565142141425621	13	0.000565142141425621	13	0.000565142141425621	::N3-19::B3-14::B-1-6::N3-16::N-A05::B3-13::B-A02::B-2-14::B3-19::B-1-10::B3-2-21::N-A04::N-2-12::	5
chr9	25276700	25313700	chr9_25276700	11	37000	0.0403285286103305	14	5.96849197603018e-05	12	0.00496896672065754	::B-2-25::B-2-12::B3-c-14::N3-c-14::N3-8::B-1-6::N-2-23::B-2-23::N3-9::B-2-14::N-1-7::	7
chr9	35269400	35306400	chr9_35269400	15	37000	5.8831282019664e-06	15	5.8831282019664e-06	7	66.8340424466997	::N3-11::B3-c-9::B-1-7::B3-1::N-2-21::N3-10::N3-8::N3-1::N-2-14::N3-19::N3-4::B-1-6::B3-12::N3-2-21::N3-15::	9
chr9	58585400	58622400	chr9_58585400	11	37000	0.0403285286103305	11	0.0403285286103305	10	0.300033746523887	::B3-2-21::N3-4::B3-4::B3-19::B-2-12::B3-21::N-1-6::B3-1::B-2-14::N-2-14::B-2-25::	2
chr9	59389300	59426300	chr9_59389300	13	37000	0.000565142141425621	13	0.000565142141425621	11	0.0403285286103305	::N-1-7::B-2-23::B-2-12::N-2-12::B3-12::N-A02::B3-14::N3-14::B-3-1::N3-13::B-2-14::N-A07::N-2-14::	11
chr9	62936200	62973200	chr9_62936200	12	37000	0.00496896672065754	13	0.000565142141425621	9	2.02924809975249	::B-A05::B-A02::N-A02::N-A05::N-A10::B-3-1::B3-7::B-1-6::N-1-6::B-B03::N-B03::B3-19::	10
chr9	65051200	65088200	chr9_65051200	11	37000	0.0403285286103305	15	5.8831282019664e-06	11	0.0403285286103305	::N-1-10::B-B05::N3-16::B-1-10::B3-21::N-B05::B-2-15::N3-21::B-3-4::B3-9::N3-9::	12
chr9	66551700	66588700	chr9_66551700	12	37000	0.00496896672065754	15	5.8831282019664e-06	11	0.0403285286103305	::B-1-6::B3-9::N3-9::N-2-23::B3-15::B3-8::N3-8::B-2-15::B-A07::N3-19::N-2-15::B3-14::	11
chr9	70430700	70467700	chr9_70430700	12	37000	0.00496896672065754	16	5.43654875151666e-07	11	0.0403285286103305	::N-1-6::N3-1::N3-4::B3-13::B-A07::N-2-15::B-A05::B3-1-13::N3-1-13::N-A07::B-B05::N-A05::	8
chr9	70682100	70719100	chr9_70682100	12	37000	0.00496896672065754	13	0.000565142141425621	13	0.000565142141425621	::N-2-15::N-2-25::B-1-10::N3-19::B3-c-28::N3-13::N3-9::B-A02::B3-2-21::B3-7::N-2-21::N-1-4::	11
chr9	72046900	72083900	chr9_72046900	16	37000	5.43654875151666e-07	20	2.2343854375987e-11	16	5.43654875151666e-07	::B3-2-21::N3-13::N-2-25::B-2-25::N-A05::B3-11::B-A05::B3-1-13::N3-1-13::B-1-6::N-1-6::B-2-15::B3-1::B-2-21::B-3-1::N-B05::	12
chr9	75039500	75076500	chr9_75039500	14	37000	5.96849197603018e-05	15	5.8831282019664e-06	13	0.000565142141425621	::N-2-15::B3-c-28::B-A07::B-B05::N-B05::B3-5::B-2-25::B-A02::B-A04::N-3-1::N3-11::B3-12::B-1-6::N3-8::	7
chr9	80071100	80108100	chr9_80071100	11	37000	0.0403285286103305	11	0.0403285286103305	10	0.300033746523887	::B-1-6::N3-c-28::N3-16::B-3-1::B-2-21::B-A05::N-A07::B-A07::B-2-15::B3-7::N3-10::	6
chr9	82898700	82935700	chr9_82898700	13	37000	0.000565142141425621	15	5.8831282019664e-06	15	5.8831282019664e-06	::N-2-15::N-B03::B-2-15::B-1-6::B3-14::N-1-10::N3-19::N3-13::N-B05::B-1-7::N3-16::B-A05::B-2-21::	10
chr9	100498900	100535900	chr9_100498900	14	37000	5.96849197603018e-05	16	5.43654875151666e-07	12	0.00496896672065754	::N-A10::B3-19::N3-13::N-A02::B-A02::N3-8::B3-9::N-2-14::N3-9::N-1-7::B-1-6::B-A10::N-A07::B-A07::	8
chr9	103340100	103377100	chr9_103340100	12	37000	0.00496896672065754	12	0.00496896672065754	11	0.0403285286103305	::N3-1-13::B-1-6::B-3-1::B-2-23::B-A05::N3-4::N3-1::B-B05::N-2-23::B3-c-28::B-A04::N-2-21::	6
chr9	107738000	107775000	chr9_107738000	15	37000	5.8831282019664e-06	17	4.72834680309959e-08	15	5.8831282019664e-06	::B3-13::B-A04::N-2-25::B-2-25::B-2-23::N-2-21::N3-11::B3-11::N3-4::B-A05::B-B03::N-A07::B-1-7::B3-5::B-1-4::	10
chr9	107837200	107874200	chr9_107837200	14	37000	5.96849197603018e-05	15	5.8831282019664e-06	13	0.000565142141425621	::B-3-4::B3-11::N-1-6::N-2-21::N-A02::B-A02::N3-13::B-A07::N3-16::N3-11::B-2-15::B-2-25::B-1-7::N-1-7::	9
chr9	108522000	108559000	chr9_108522000	11	37000	0.0403285286103305	11	0.0403285286103305	9	2.02924809975249	::B3-13::N-2-25::N-1-6::B3-1::N3-1::N-2-23::B3-10::B-3-1::B-A10::N-2-21::B-2-21::	4
chr9	108615700	108652700	chr9_108615700	14	37000	5.96849197603018e-05	15	5.8831282019664e-06	12	0.00496896672065754	::N-2-15::B3-c-9::N3-4::B3-4::N3-10::B3-21::B-2-23::N-2-23::B-A07::B-3-1::N-B03::B-1-7::N-1-7::N3-c-9::	8
chr9	110536700	110573700	chr9_110536700	23	37000	6.79662254884926e-15	27	7.71160218920041e-20	23	6.79662254884926e-15	::N-A12::N3-12::B3-14::B-3-4::B-1-7::B3-4::B-2-12::N-2-12::N-B05::B3-12::B-B05::N3-1::N-2-14::B-2-14::B-1-6::B-2-15::N-2-23::B-2-23::B3-19::B3-7::B-1-4::B-2-25::N-3-1::	10
chr9	111131500	111168500	chr9_111131500	12	37000	0.00496896672065754	12	0.00496896672065754	12	0.00496896672065754	::N3-13::B-2-14::N-A12::B3-21::N-2-27::B-A07::B-A05::N-B05::B-A04::N3-8::N3-16::B3-1::	7
chr9	116138600	116175600	chr9_116138600	11	37000	0.0403285286103305	13	0.000565142141425621	8	12.3521540768386	::B-A04::N-A04::B-3-1::N-3-1::N-B05::N-A07::B-A07::B3-5::B3-7::B-1-7::N-1-7::	10
chr9	121731800	121768800	chr9_121731800	11	37000	0.0403285286103305	11	0.0403285286103305	10	0.300033746523887	::B3-c-14::B-A04::B3-19::B-B05::N-B05::B-2-27::B-B03::N-2-15::B-3-4::N-3-4::B3-10::	7
chr9	122121000	122158000	chr9_122121000	12	37000	0.00496896672065754	15	5.8831282019664e-06	13	0.000565142141425621	::B3-7::B-2-25::B-B03::B-1-6::B3-10::N-2-27::B-2-21::B-A04::N3-1-13::B-B05::N-A04::B3-13::	7
chrUn_GL456366	5100	42100	chrUn_GL456366_5100	16	37000	5.43654875151666e-07	18	3.88393340362879e-09	14	5.96849197603018e-05	::B3-12::B3-19::B-2-25::N3-8::B3-11::B-A10::B-1-6::N3-2-21::B-2-15::B-3-4::N3-13::B3-c-14::N3-9::N-1-10::N3-1::N-A12::	9
chrUn_GL456383	5100	42100	chrUn_GL456383_5100	11	37000	0.0403285286103305	11	0.0403285286103305	8	12.3521540768386	::B-1-6::B3-11::N3-2-21::B-2-15::B-3-4::N3-13::B3-c-14::N3-9::N-1-10::N3-1::N-A12::	6
chrUn_GL456389	800	37800	chrUn_GL456389_800	20	37000	2.2343854375987e-11	24	4.1871340737995e-16	12	0.00496896672065754	::N-3-1::N-2-21::B-2-14::N3-16::N-1-10::N3-13::N3-10::N3-19::N-2-15::N3-1::N3-4::N3-5::N-2-25::B-1-4::N3-11::B-A10::B-1-7::N-A12::N3-9::B-A04::	9
chrUn_GL456392	400	37400	chrUn_GL456392_400	14	37000	5.96849197603018e-05	18	3.88393340362879e-09	11	0.0403285286103305	::N-2-15::N3-1::B-A10::N3-4::N3-16::N-A02::N-1-7::N3-10::N-2-23::N3-13::N-3-1::N-A05::B3-12::B-2-14::	12
chrUn_GL456393	200	37200	chrUn_GL456393_200	34	37000	4.3934683761401e-29	47	8.09392173282866e-48	37	3.04607159567238e-33	::B3-11::N-2-23::N-B03::N3-1::N3-8::N-A05::N-2-25::N3-10::N-A04::N3-21::N3-1-13::N3-19::N-3-4::N3-14::N3-2-21::N-2-15::B3-14::B-1-10::B-1-7::B3-7::N3-4::N-2-21::N-B05::N3-16::B3-15::N3-13::B-1-6::B-B05::B-2-21::B-3-1::N-1-7::B-A07::N3-c-28::B-A12::	26
chrUn_GL456394	1000	38000	chrUn_GL456394_1000	24	37000	4.1871340737995e-16	31	4.8802881896936e-25	30	1.02322750406393e-23	::B3-14::B-1-10::B-1-7::B3-7::N3-4::N-2-21::N3-19::N-B05::N3-16::B3-15::N3-13::N-2-23::B-1-6::B-B05::B-2-21::N3-1::N-2-15::B-3-1::N-1-7::B-A07::N3-c-28::B-A12::N3-2-21::B3-21::	13
chrUn_GL456396	5600	42600	chrUn_GL456396_5600	25	37000	2.47634879838127e-17	30	1.02322750406393e-23	29	2.07614892553853e-22	::B3-14::B-1-10::B-1-7::B3-7::N3-4::N-2-21::N3-19::N-B05::N3-16::B3-15::N3-13::N-2-23::B-1-6::B-B05::B-2-21::N3-1::N-2-15::B-3-1::N-1-7::B-A07::N3-c-28::B-A12::N3-2-21::B3-21::B3-1::	11
chrUn_GL456396	5600	42600	chrUn_GL456396_5600	25	37000	2.47634879838127e-17	30	1.02322750406393e-23	29	2.07614892553853e-22	::B3-14::B-1-10::B-1-7::B3-7::N3-4::N-2-21::N3-19::N-B05::N3-16::B3-15::N3-13::N-2-23::B-1-6::B-B05::B-2-21::N3-1::N-2-15::B-3-1::N-1-7::B-A07::N3-c-28::B-A12::N3-2-21::B3-21::B3-1::	11
chrUn_JH584304	6500	43500	chrUn_JH584304_6500	17	37000	4.72834680309959e-08	21	1.57316311279678e-12	20	2.2343854375987e-11	::B3-15::N3-13::N-2-23::B-1-6::B-B05::B-2-21::N3-1::N3-16::N-2-15::B-3-1::N-1-7::B-A07::N3-c-28::B-A12::N3-2-21::B3-21::B3-1::	9
chrX	7843600	7880600	chrX_7843600	11	37000	0.0403285286103305	11	0.0403285286103305	10	0.300033746523887	::B-3-4::B-A07::B-2-27::N-2-27::B-B05::N-2-25::B3-13::B3-21::B-A10::B-3-1::N3-4::	5
