chr10	7784300	7814300	chr10_7784300	11	30000	0.00531141399783988	14	4.19006715043201e-06	9	0.406531182647055	::N-A04::N3-10::N-2-21::B3-7::B3-2-21::B-2-15::B3-16::B3-4::N3-9::B3-9::B-2-14::	9
chr10	20319200	20349200	chr10_20319200	13	30000	4.89321762068898e-05	14	4.19006715043201e-06	13	4.89321762068898e-05	::N3-19::B-1-7::N-2-21::N-A02::N-1-6::B3-7::B-2-25::N-2-25::N3-14::B3-2-21::B3-c-28::N3-13::B-A10::	9
chr10	39769600	39799600	chr10_39769600	12	30000	0.000530619731497248	12	0.000530619731497248	10	0.048735828252703	::B3-15::B3-c-9::B-3-4::B-2-27::B3-11::N3-8::N3-11::B3-8::B3-13::N-3-4::B3-2-21::N3-10::	0
chr10	42764100	42794100	chr10_42764100	15	30000	3.34876145180458e-07	17	1.76939291233884e-09	16	2.50910431260989e-08	::N-2-25::N3-4::B3-13::B-2-25::B-2-23::N-2-21::B-1-7::N-1-6::N3-13::B3-12::B-2-21::B-1-6::B3-15::B-A02::N-3-4::	8
chr10	57502300	57532300	chr10_57502300	11	30000	0.00531141399783988	12	0.000530619731497248	11	0.00531141399783988	::B3-12::N3-13::B-B03::N3-8::B3-2-21::N-A02::B-2-23::B3-5::N3-1::B-1-6::B3-1::	5
chr10	67119000	67149000	chr10_67119000	10	30000	0.048735828252703	10	0.048735828252703	8	3.05198141799759	::B-1-6::N-2-15::N3-15::B3-15::B-3-1::N-3-1::B-B03::B3-19::N-1-10::N3-13::	5
chr10	67209400	67239400	chr10_67209400	11	30000	0.00531141399783988	12	0.000530619731497248	9	0.406531182647055	::B3-14::B3-8::B-2-25::N-A07::B-2-15::B3-12::N-2-15::N3-8::B3-11::N-A02::B-A02::	4
chr10	68189600	68219600	chr10_68189600	10	30000	0.048735828252703	12	0.000530619731497248	10	0.048735828252703	::N-2-23::B-2-25::N-2-25::B-A12::N-A05::B-A04::B3-1-13::N-A04::B-2-23::N3-8::	7
chr10	95516800	95546800	chr10_95516800	13	30000	4.89321762068898e-05	14	4.19006715043201e-06	13	4.89321762068898e-05	::N3-7::N-2-15::B-2-12::B-B03::N3-16::B-1-6::B3-1-13::B-1-7::B-3-4::B3-12::B3-5::B3-2-21::N-3-4::	6
chr10	98920900	98950900	chr10_98920900	13	30000	4.89321762068898e-05	13	4.89321762068898e-05	9	0.406531182647055	::B3-c-28::B3-14::B-2-14::N-A02::B3-12::N-A07::B3-c-9::B3-1::B-2-15::B3-13::B-A07::B3-1-13::N3-1-13::	7
chr10	108171100	108201100	chr10_108171100	10	30000	0.048735828252703	11	0.00531141399783988	10	0.048735828252703	::N-2-15::N-2-14::B3-1::N-B03::N-A04::N3-9::N3-1::B3-7::B-2-25::B-3-4::	8
chr10	115399400	115429400	chr10_115399400	12	30000	0.000530619731497248	12	0.000530619731497248	10	0.048735828252703	::B3-15::B-3-1::B3-1::N3-19::N-2-14::B-2-14::N-1-6::B-A10::N-A10::B-B03::N-2-23::B-B05::	6
chr10	116480400	116510400	chr10_116480400	11	30000	0.00531141399783988	11	0.00531141399783988	9	0.406531182647055	::N-A12::B-3-4::N-B03::B-A10::B-1-6::N-B05::B-B05::B3-1::N-A02::B-A02::B-A05::	7
chr10	116546700	116576700	chr10_116546700	16	30000	2.50910431260989e-08	20	4.45688722326103e-13	15	3.34876145180458e-07	::B-1-6::N-1-6::N3-2-21::B-A12::N-2-21::N-2-15::N3-7::N-A12::N-3-1::B3-1::B3-16::B3-4::N3-4::N3-16::B3-11::B-2-21::	15
chr10	117339600	117369600	chr10_117339600	14	30000	4.19006715043201e-06	16	2.50910431260989e-08	12	0.000530619731497248	::N3-8::N3-11::B3-8::N-A05::B-A10::B3-1::B3-7::B3-12::B3-c-28::N-A02::N-3-1::N-A10::B-3-1::N3-4::	9
chr10	117816500	117846500	chr10_117816500	16	30000	2.50910431260989e-08	19	7.43544820620285e-12	14	4.19006715043201e-06	::B-2-21::B-A10::B3-c-9::N3-c-9::B3-c-28::N-2-21::B3-12::B-2-15::B-3-1::N3-1::N-A04::B-A04::B-2-12::B-2-14::B-1-6::B3-7::	7
chr10	119212800	119242800	chr10_119212800	10	30000	0.048735828252703	10	0.048735828252703	10	0.048735828252703	::N-2-15::N3-4::B-A10::B-2-15::B3-2-21::B3-16::N3-16::B3-15::B3-2-37::N-2-27::	6
chr10	121839400	121869400	chr10_121839400	10	30000	0.048735828252703	10	0.048735828252703	6	118.921652815957	::B-3-4::N-2-14::N-2-12::N3-16::N-2-25::N-2-15::N-1-6::B3-2::B3-16::B3-19::	2
chr10	123166900	123196900	chr10_123166900	10	30000	0.048735828252703	10	0.048735828252703	9	0.406531182647055	::N3-16::B-A04::B3-5::B3-13::B3-11::N3-11::N-B03::B3-15::B3-4::N-A05::	6
chr10	128818100	128848100	chr10_128818100	10	30000	0.048735828252703	12	0.000530619731497248	9	0.406531182647055	::B3-c-28::B-3-4::B-2-25::B3-15::B-2-23::N3-19::B-1-6::N-2-25::N-1-6::N-B03::	7
chr11	3100400	3130400	chr11_3100400	11	30000	0.00531141399783988	11	0.00531141399783988	5	595.192841425841	::N3-9::N-2-23::N3-8::N3-10::N-B05::N-A10::N-2-25::B-A02::N3-13::B3-10::B3-21::	2
chr11	3171800	3201800	chr11_3171800	19	30000	7.43544820620285e-12	21	2.5442913293437e-14	15	3.34876145180458e-07	::N3-19::B3-19::N-A02::B3-c-9::B3-5::B3-8::B3-12::N-3-1::B-2-15::N-A12::N-A05::B3-14::B-2-14::N3-9::N3-10::B3-2::B-2-27::B-A10::N-2-15::	6
chr11	3229400	3259400	chr11_3229400	11	30000	0.00531141399783988	15	3.34876145180458e-07	10	0.048735828252703	::B3-12::N-2-23::B-A10::B-2-23::B3-10::B-1-7::N3-13::N3-10::N3-1::B3-13::B-A04::	8
chr11	4556600	4586600	chr11_4556600	14	30000	4.19006715043201e-06	16	2.50910431260989e-08	14	4.19006715043201e-06	::B3-1-13::N-A02::B-1-7::N-1-7::B-B05::N-1-6::B-2-23::N-2-23::B3-2-21::B-A10::B-2-15::N3-19::N-B05::B3-19::	9
chr11	8511300	8541300	chr11_8511300	10	30000	0.048735828252703	10	0.048735828252703	9	0.406531182647055	::B-2-15::N-B05::B3-2-21::N3-4::N-3-1::B-3-1::B3-c-9::B3-1::N3-13::N-1-6::	2
chr11	17169100	17199100	chr11_17169100	13	30000	4.89321762068898e-05	17	1.76939291233884e-09	15	3.34876145180458e-07	::N-1-6::B-2-25::N-3-4::B-3-4::B-2-15::N3-2-21::N-2-21::B-1-6::B3-12::B-A05::B3-1::N-2-14::B-2-14::	6
chr11	20066100	20096100	chr11_20066100	10	30000	0.048735828252703	10	0.048735828252703	10	0.048735828252703	::B3-19::B3-7::N3-13::B3-2::B-3-4::B-2-14::B-B05::B-1-6::B3-5::B-1-7::	7
chr11	20205300	20235300	chr11_20205300	13	30000	4.89321762068898e-05	13	4.89321762068898e-05	12	0.000530619731497248	::N-B05::B-A05::B3-c-9::N-1-4::B3-2::N3-2::N3-16::B3-c-28::N-2-14::B-1-4::B3-8::N-1-7::N-1-6::	9
chr11	21093500	21123500	chr11_21093500	16	30000	2.50910431260989e-08	19	7.43544820620285e-12	14	4.19006715043201e-06	::B3-c-9::N-A02::B-A02::N3-2-21::B3-2-21::B-1-10::B3-11::B3-5::N3-9::B3-9::B3-12::N-2-23::B3-2-37::N3-11::N-3-4::N-A05::	7
chr11	23430900	23460900	chr11_23430900	12	30000	0.000530619731497248	15	3.34876145180458e-07	11	0.00531141399783988	::B3-12::B-1-6::B-2-15::B3-1::N-1-6::N-B05::B-2-23::B3-1-13::B-A07::B3-c-9::B-1-7::N3-2-21::	9
chr11	29174400	29204400	chr11_29174400	11	30000	0.00531141399783988	15	3.34876145180458e-07	12	0.000530619731497248	::B3-19::N3-19::N-2-12::B-2-12::B-2-21::B-1-4::B3-7::N3-9::B3-2::N3-2::B-2-23::	8
chr11	29697500	29727500	chr11_29697500	12	30000	0.000530619731497248	15	3.34876145180458e-07	13	4.89321762068898e-05	::B3-19::B-2-21::B3-15::N-1-6::B-2-12::N-A10::N-2-27::B3-2::B3-2-21::B-A07::B-2-14::N-2-14::	10
chr11	30782800	30812800	chr11_30782800	13	30000	4.89321762068898e-05	14	4.19006715043201e-06	11	0.00531141399783988	::N-1-10::B-A05::N-2-14::B-2-14::N-1-7::B-1-7::B-3-4::N3-19::B-2-23::N-B05::N3-1::B3-14::B-2-25::	6
chr11	31874600	31904600	chr11_31874600	10	30000	0.048735828252703	10	0.048735828252703	8	3.05198141799759	::N3-4::B3-4::B3-16::B-A02::N-B05::B-2-15::B-B05::B3-21::B-2-27::B3-19::	2
chr11	32660800	32690800	chr11_32660800	10	30000	0.048735828252703	10	0.048735828252703	9	0.406531182647055	::N-B05::B-2-15::N-A05::B-A05::N-1-6::B3-2-21::B-A02::N-2-15::B3-8::B-B05::	2
chr11	50294500	50324500	chr11_50294500	10	30000	0.048735828252703	11	0.00531141399783988	10	0.048735828252703	::N-B03::B-2-15::B-1-6::N-2-15::B-2-14::N-2-14::B3-1-13::N-2-21::B3-7::B3-2::	8
chr11	53373900	53403900	chr11_53373900	12	30000	0.000530619731497248	12	0.000530619731497248	11	0.00531141399783988	::N-2-14::B-B03::B3-5::B-A04::B-2-14::B3-11::B3-19::N3-4::B3-13::B-2-15::B-A10::B-1-10::	7
chr11	54444500	54474500	chr11_54444500	10	30000	0.048735828252703	10	0.048735828252703	10	0.048735828252703	::B-B05::N3-19::B-2-23::B3-10::B-A10::B3-19::B3-1::B3-14::N3-16::N-2-15::	3
chr11	55473300	55503300	chr11_55473300	10	30000	0.048735828252703	12	0.000530619731497248	10	0.048735828252703	::B-A07::N-1-10::B3-7::B3-19::N3-19::B-A10::B-2-23::B-2-27::N-2-27::B3-1::	9
chr11	59670800	59700800	chr11_59670800	10	30000	0.048735828252703	10	0.048735828252703	9	0.406531182647055	::B-2-14::N3-4::B3-c-14::N3-c-14::N3-16::B3-2-21::N3-12::N-B05::B-2-21::B-A12::	7
chr11	59765200	59795200	chr11_59765200	10	30000	0.048735828252703	10	0.048735828252703	8	3.05198141799759	::B3-1-13::B-B03::B-2-14::B-2-21::N-2-21::B-1-10::N-2-15::B-2-25::N-2-25::N3-c-9::	9
chr11	60116500	60146500	chr11_60116500	11	30000	0.00531141399783988	11	0.00531141399783988	9	0.406531182647055	::N3-1::N-2-15::B-2-15::N-A12::B-2-25::B3-5::B3-12::B-2-27::N-A02::B-A02::N3-21::	7
chr11	62357200	62387200	chr11_62357200	10	30000	0.048735828252703	12	0.000530619731497248	10	0.048735828252703	::N3-19::B3-7::B3-c-9::B-A05::N-2-23::B-A10::B-2-15::N3-9::B3-9::B-B05::	4
chr11	62426100	62456100	chr11_62426100	12	30000	0.000530619731497248	12	0.000530619731497248	11	0.00531141399783988	::N-2-27::B-2-15::N-2-23::N-3-1::N-1-6::B-2-23::N-A02::B3-12::B3-19::B-3-4::B-A05::N-A05::	7
chr11	65685700	65715700	chr11_65685700	10	30000	0.048735828252703	12	0.000530619731497248	9	0.406531182647055	::B-A10::N3-7::N-2-23::B-1-6::B3-5::N-A07::B-A07::N-2-15::B3-2::N3-2::	8
chr11	70899200	70929200	chr11_70899200	10	30000	0.048735828252703	10	0.048735828252703	9	0.406531182647055	::B3-12::N3-19::B-B03::N3-4::B-2-25::B3-5::N3-14::B-2-23::B3-21::B3-11::	7
chr11	72643600	72673600	chr11_72643600	16	30000	2.50910431260989e-08	17	1.76939291233884e-09	14	4.19006715043201e-06	::N-2-15::B3-13::N3-16::N3-19::N-A04::B-A04::B-2-15::N3-21::B-A05::B-1-6::B-A10::B-1-7::B-A02::N3-11::B3-11::N-A02::	5
chr11	74675700	74705700	chr11_74675700	16	30000	2.50910431260989e-08	17	1.76939291233884e-09	14	4.19006715043201e-06	::B-1-10::B-A04::N-2-23::N-2-15::B3-13::B-B05::N-B05::B3-8::B-3-4::N-3-1::B-3-1::N3-4::N3-13::B-2-25::N-1-4::N-2-14::	8
chr11	75734400	75764400	chr11_75734400	13	30000	4.89321762068898e-05	14	4.19006715043201e-06	12	0.000530619731497248	::B3-12::N3-13::B3-13::B-2-15::B-2-27::B3-2-21::B3-11::B-2-23::B-A02::B3-c-28::B3-2::N-A10::B-3-4::	4
chr11	76775600	76805600	chr11_76775600	18	30000	1.17843671815729e-10	18	1.17843671815729e-10	4	2482.4083061981	::N3-4::B-A04::N-2-27::B-2-27::B3-2-37::B-1-10::B3-7::B-1-9::B3-c-14::B3-2::B-3-4::B3-5::B3-14::B-1-6::B3-21::B-1-4::B-1-7::B3-c-28::	15
chr11	77551300	77581300	chr11_77551300	12	30000	0.000530619731497248	13	4.89321762068898e-05	11	0.00531141399783988	::N3-c-28::N-2-25::N-2-15::B3-c-28::N-B03::B-2-23::N-A05::N-2-12::B-2-12::B3-2-21::N-A02::B-2-14::	6
chr11	77693300	77723300	chr11_77693300	13	30000	4.89321762068898e-05	16	2.50910431260989e-08	12	0.000530619731497248	::N-A04::N-1-6::N-2-15::B-2-14::N-2-14::B3-5::N-A02::B-B03::N-B03::B-A02::N3-19::B-3-1::N-3-1::	12
chr11	77990900	78020900	chr11_77990900	10	30000	0.048735828252703	11	0.00531141399783988	10	0.048735828252703	::B3-19::N-B05::B-3-4::B3-c-28::B-1-7::B-1-6::N-1-6::B-A05::B-2-25::N3-10::	5
chr11	79349900	79379900	chr11_79349900	11	30000	0.00531141399783988	15	3.34876145180458e-07	12	0.000530619731497248	::B3-19::B3-1-13::N-2-23::N-A02::B-A02::N3-19::B3-21::N3-2-21::B-2-23::N-1-7::B-1-7::	2
chr11	79401300	79431300	chr11_79401300	17	30000	1.76939291233884e-09	27	3.54368316322464e-22	23	7.22645489988386e-17	::B3-21::B-1-7::N-A05::N3-13::B3-2-21::B3-19::N-2-15::N3-19::B-3-4::B-2-23::B-A02::N-2-23::N3-c-9::B-1-6::B-A10::B3-13::B-A05::	10
chr11	79507100	79537100	chr11_79507100	10	30000	0.048735828252703	12	0.000530619731497248	10	0.048735828252703	::B3-1-13::N-B05::N3-2-21::B3-2-21::N3-19::B3-14::B-2-25::B3-19::N-2-25::B-A05::	3
chr11	79548500	79578500	chr11_79548500	12	30000	0.000530619731497248	18	1.17843671815729e-10	15	3.34876145180458e-07	::B-A04::B3-19::N3-19::B3-21::N3-1-13::N-A07::B-1-7::B3-1-13::N-2-23::N-1-6::N-2-12::B-2-14::	7
chr11	80384900	80414900	chr11_80384900	13	30000	4.89321762068898e-05	15	3.34876145180458e-07	14	4.19006715043201e-06	::B3-14::B3-1::B3-2-21::B-2-21::N-A02::B-A02::B-2-14::N-2-15::N-B03::B3-19::B-2-25::N-3-4::B3-2-37::	4
chr11	83489900	83519900	chr11_83489900	11	30000	0.00531141399783988	11	0.00531141399783988	11	0.00531141399783988	::B3-19::N-1-6::B3-5::N3-1::B3-15::B-2-15::B-2-12::B-A02::B3-1-13::N3-4::B3-c-28::	5
chr11	85196300	85226300	chr11_85196300	11	30000	0.00531141399783988	11	0.00531141399783988	11	0.00531141399783988	::B-1-6::B-3-4::B3-10::N-A07::N-2-21::B-2-15::N3-4::B-2-25::B-2-14::B3-2-21::N3-1::	5
chr11	86708100	86738100	chr11_86708100	13	30000	4.89321762068898e-05	16	2.50910431260989e-08	12	0.000530619731497248	::B-2-15::N-B03::N-1-7::N-3-4::B-3-4::N-1-6::B-1-7::B3-7::N-A02::B-1-6::B-A04::N-A04::N-2-23::	7
chr11	88050600	88080600	chr11_88050600	10	30000	0.048735828252703	10	0.048735828252703	9	0.406531182647055	::B3-c-9::B-B05::N-2-23::B3-7::B-A10::N-1-6::N-B03::N-2-25::B3-15::N3-15::	9
chr11	94017100	94047100	chr11_94017100	15	30000	3.34876145180458e-07	19	7.43544820620285e-12	16	2.50910431260989e-08	::B3-8::B-A12::N3-11::B3-19::N3-19::B-A02::B3-2-21::N3-16::N-1-10::B-2-21::B-A07::N-2-21::N3-c-28::N3-1-13::B3-1-13::	9
chr11	94285200	94315200	chr11_94285200	14	30000	4.19006715043201e-06	17	1.76939291233884e-09	12	0.000530619731497248	::B-A02::B3-2-21::N-2-14::B-1-6::N-1-6::N3-14::B-2-27::N-2-27::B-2-15::B3-7::N3-13::N-A02::B-2-12::N-2-12::	12
chr11	95439000	95469000	chr11_95439000	10	30000	0.048735828252703	10	0.048735828252703	8	3.05198141799759	::N-A04::B-A04::B-B05::N-1-6::N-2-25::B3-12::B-2-23::B-2-12::B-3-4::B-A07::	3
chr11	97249100	97279100	chr11_97249100	11	30000	0.00531141399783988	12	0.000530619731497248	11	0.00531141399783988	::B-B03::N3-13::N-2-21::B3-11::B-2-15::B-A05::B3-13::N3-14::B-1-6::N-A12::B-A12::	6
chr11	98155500	98185500	chr11_98155500	12	30000	0.000530619731497248	12	0.000530619731497248	9	0.406531182647055	::B3-21::N-3-1::B-3-1::B-A05::B-3-4::N3-13::B-2-25::B-2-21::B3-c-9::N-1-10::B-1-10::B-A07::	6
chr11	100906500	100936500	chr11_100906500	12	30000	0.000530619731497248	14	4.19006715043201e-06	12	0.000530619731497248	::N3-c-9::N-A12::N-1-6::N-2-23::B3-11::B3-8::N3-11::B3-14::B3-19::B-2-15::N-A02::B-A07::	8
chr11	104394300	104424300	chr11_104394300	23	30000	7.22645489988386e-17	29	6.27202573223461e-25	20	4.45688722326103e-13	::B-1-6::B-2-12::N-2-12::N-1-6::B3-7::N3-c-14::N-B05::N3-7::B-2-25::B3-12::B-A12::N-2-25::B-2-15::N-1-7::B3-10::N3-13::B3-13::N-2-14::B-B03::B3-c-14::B-3-4::N3-21::B3-21::	12
chr11	105186400	105216400	chr11_105186400	11	30000	0.00531141399783988	11	0.00531141399783988	10	0.048735828252703	::B3-19::B-1-6::B3-c-14::B-B03::N-B03::N-A12::N3-16::N-3-1::B-A10::B-B05::N-2-27::	5
chr11	106459900	106489900	chr11_106459900	10	30000	0.048735828252703	11	0.00531141399783988	10	0.048735828252703	::B-B05::N3-11::B3-2::N3-2::N-3-1::N3-4::B-2-25::B-2-15::B3-14::B-2-21::	8
chr11	107042900	107072900	chr11_107042900	10	30000	0.048735828252703	10	0.048735828252703	7	20.3665460874827	::B-3-4::B3-2-21::N-2-27::N3-4::N3-14::B-B03::B3-13::N3-13::N-B05::B-B05::	6
chr11	108268900	108298900	chr11_108268900	19	30000	7.43544820620285e-12	19	7.43544820620285e-12	7	20.3665460874827	::N3-5::N-A12::B-2-21::B3-5::N-2-12::N3-12::N-B05::N3-10::N3-9::N3-21::N3-13::N-2-23::N3-1::N-2-15::N-3-4::N3-4::N-3-1::N3-19::B-1-4::	3
chr11	109367300	109397300	chr11_109367300	11	30000	0.00531141399783988	11	0.00531141399783988	9	0.406531182647055	::B-1-6::B-3-1::N-2-15::B3-12::B-2-12::N-2-12::B-A02::N3-1::B-B05::B-A12::N-2-23::	6
chr12	3252000	3282000	chr12_3252000	10	30000	0.048735828252703	10	0.048735828252703	9	0.406531182647055	::N3-2-21::B3-c-9::B3-9::B-A02::B-2-14::B-2-15::B-3-1::N-3-1::B3-19::B-1-4::	8
chr12	6297800	6327800	chr12_6297800	13	30000	4.89321762068898e-05	13	4.89321762068898e-05	1	34579.681922426	::B-2-15::B-A04::B-2-23::B-A05::B3-11::B3-10::B3-1::B3-15::B3-13::B3-9::B3-5::N3-11::N3-13::	2
chr12	8720000	8750000	chr12_8720000	10	30000	0.048735828252703	10	0.048735828252703	8	3.05198141799759	::B-B03::N-A02::N3-19::B-A05::N3-14::B-2-23::B-2-25::N-3-1::B-3-1::B-3-4::	4
chr12	16926700	16956700	chr12_16926700	10	30000	0.048735828252703	10	0.048735828252703	8	3.05198141799759	::B-B05::B-A07::N-A07::B3-19::B3-2::B-1-7::N-1-6::N-2-15::B-2-23::N-2-23::	5
chr12	17517100	17547100	chr12_17517100	14	30000	4.19006715043201e-06	14	4.19006715043201e-06	2	20727.4313895323	::N3-14::N3-2-37::N-1-6::N-1-4::N3-5::N-1-7::N3-2::N-2-21::N3-c-14::N3-7::N-2-15::N-1-10::N-1-9::B3-1::	14
chr12	51627100	51657100	chr12_51627100	10	30000	0.048735828252703	14	4.19006715043201e-06	12	0.000530619731497248	::B-A12::B-2-14::B-1-6::B3-12::N-2-15::N3-12::B3-19::B3-15::B-A07::B3-1-13::	5
chr12	51741200	51771200	chr12_51741200	10	30000	0.048735828252703	10	0.048735828252703	9	0.406531182647055	::N3-14::B3-10::B3-14::B-1-10::B-2-21::N-1-10::N-2-15::B-2-25::N3-16::B3-11::	5
chr12	70986300	71016300	chr12_70986300	11	30000	0.00531141399783988	11	0.00531141399783988	11	0.00531141399783988	::B3-2-21::B-A04::B-B05::N3-19::B3-1::N-1-6::B-2-23::N-2-15::B-2-21::B-A10::B3-19::	9
chr12	75536000	75566000	chr12_75536000	13	30000	4.89321762068898e-05	15	3.34876145180458e-07	13	4.89321762068898e-05	::B-2-23::B3-1-13::B3-11::B3-7::B3-13::N-2-21::N-3-1::N-2-23::N-1-7::N-A07::N3-11::B3-2::N-2-12::	9
chr12	80821900	80851900	chr12_80821900	10	30000	0.048735828252703	11	0.00531141399783988	11	0.00531141399783988	::B3-7::N3-21::B3-11::B-2-12::B-B05::N-1-10::B3-5::B-2-21::B-1-6::N-A05::	5
chr12	83638000	83668000	chr12_83638000	14	30000	4.19006715043201e-06	16	2.50910431260989e-08	12	0.000530619731497248	::N-B05::B3-1-13::B-B05::B-1-7::N-A05::N-1-6::B3-12::B-A12::N-A12::B3-2::B3-19::N-2-21::N-A07::B-A07::	5
chr12	111582500	111612500	chr12_111582500	10	30000	0.048735828252703	11	0.00531141399783988	10	0.048735828252703	::N-2-23::B-A02::B3-12::B3-7::B3-13::N-B05::B-2-14::N-A02::N3-16::N-3-4::	8
chr13	3556500	3586500	chr13_3556500	11	30000	0.00531141399783988	12	0.000530619731497248	10	0.048735828252703	::B3-10::N-2-21::B-2-21::B-3-1::B-A10::N3-2-21::B-1-6::N3-10::N3-2::B-A07::B-2-12::	4
chr13	9096900	9126900	chr13_9096900	15	30000	3.34876145180458e-07	17	1.76939291233884e-09	15	3.34876145180458e-07	::B-1-6::B-2-23::N3-19::B3-19::N-2-15::N3-16::B3-16::B-A10::N-2-21::B-2-21::N-2-25::B3-2-21::N-2-27::N-1-6::N-1-10::	7
chr13	14084800	14114800	chr13_14084800	11	30000	0.00531141399783988	14	4.19006715043201e-06	12	0.000530619731497248	::B-2-15::N3-12::B3-12::N-2-15::B3-1-13::B-A12::N-A12::B-2-23::N3-8::B-2-25::B-A10::	3
chr13	17692400	17722400	chr13_17692400	11	30000	0.00531141399783988	13	4.89321762068898e-05	9	0.406531182647055	::B-2-21::B-1-6::B3-12::B3-14::N3-14::B-A10::B-2-12::B3-8::B3-13::N3-8::B3-1::	8
chr13	37891900	37921900	chr13_37891900	10	30000	0.048735828252703	10	0.048735828252703	6	118.921652815957	::B-2-14::N-2-15::N-1-7::B-2-25::B3-4::B3-16::N3-16::N3-4::B-A07::N-B05::	7
chr13	43439000	43469000	chr13_43439000	13	30000	4.89321762068898e-05	15	3.34876145180458e-07	10	0.048735828252703	::B-B03::N-A12::B-A12::B-2-14::N3-13::B3-7::B3-11::B3-8::N3-8::N3-11::B-A04::B-3-1::N3-16::	10
chr13	46706800	46736800	chr13_46706800	11	30000	0.00531141399783988	13	4.89321762068898e-05	10	0.048735828252703	::B-1-6::B-3-4::B3-21::N-3-4::B-2-21::B3-16::B3-5::N3-8::B-1-7::B-A10::B-2-25::	10
chr13	48530100	48560100	chr13_48530100	12	30000	0.000530619731497248	12	0.000530619731497248	11	0.00531141399783988	::B3-11::B-3-1::B-1-6::B-A07::B-2-23::N3-8::B3-12::N-3-1::N-2-15::N3-c-14::B3-c-14::B3-c-28::	7
chr13	51099500	51129500	chr13_51099500	10	30000	0.048735828252703	11	0.00531141399783988	10	0.048735828252703	::B-2-15::B3-7::B3-c-28::B3-19::B-3-1::N-3-1::B-B05::N3-14::B-1-10::B-A10::	4
chr13	85209800	85239800	chr13_85209800	11	30000	0.00531141399783988	17	1.76939291233884e-09	13	4.89321762068898e-05	::B3-10::B-A12::N-1-6::N3-2::B3-2::N-B03::B-B03::B-2-27::N-1-10::B-B05::B-2-15::	8
chr13	94573300	94603300	chr13_94573300	24	30000	3.60967866580615e-18	25	1.73094401623707e-19	4	2482.4083061981	::N3-11::B3-2::N-B05::N-2-14::N3-8::N-A02::N-2-15::N-2-12::N-2-27::N-B03::N-1-6::N-2-25::N-A12::N-A04::N3-19::N-3-4::N3-21::N-2-23::N3-4::N-2-21::N3-16::N3-1::N3-13::N3-2::	23
chr13	98888700	98918700	chr13_98888700	13	30000	4.89321762068898e-05	14	4.19006715043201e-06	12	0.000530619731497248	::B-2-23::B-2-15::B-A10::N-2-14::B-3-4::N3-15::B3-12::N3-16::B3-19::N-2-23::N-2-25::N3-2::B-2-25::	4
chr13	103826200	103856200	chr13_103826200	10	30000	0.048735828252703	12	0.000530619731497248	10	0.048735828252703	::B-A10::B-2-21::N3-c-9::B3-19::B-A05::N-A02::B-A02::N-2-21::B3-c-9::B-2-14::	7
chr13	111444000	111474000	chr13_111444000	12	30000	0.000530619731497248	14	4.19006715043201e-06	12	0.000530619731497248	::N3-7::B-3-4::B-A10::B-1-6::N3-4::N-A04::B-3-1::B3-7::B-2-12::B3-21::B-2-15::B-A07::	10
chr13	111839400	111869400	chr13_111839400	19	30000	7.43544820620285e-12	22	1.38643222714793e-15	7	20.3665460874827	::B-1-6::B-A12::B-B05::B-A10::B-1-7::B-A02::B-1-10::B-3-1::B3-4::B3-19::B-3-4::B3-7::B-2-15::B3-2::B-2-23::B-2-21::N-3-4::N-A05::N-A12::	2
chr14	20932300	20962300	chr14_20932300	12	30000	0.000530619731497248	14	4.19006715043201e-06	12	0.000530619731497248	::B3-7::B3-12::B-3-4::N3-7::B3-c-28::B-A10::N-1-6::B-1-6::B-2-23::B-A04::N-2-25::N-A07::	6
chr14	26618500	26648500	chr14_26618500	10	30000	0.048735828252703	11	0.00531141399783988	10	0.048735828252703	::B-2-23::B-2-25::B-A07::B-A12::B-2-15::N3-11::B3-1-13::N3-1-13::N3-19::N-A12::	5
chr14	31024200	31054200	chr14_31024200	10	30000	0.048735828252703	11	0.00531141399783988	11	0.00531141399783988	::N3-7::B3-11::B-3-1::N-2-15::B-A02::B3-2-21::N-A02::N3-13::N-2-12::B3-13::	6
chr14	34469200	34499200	chr14_34469200	15	30000	3.34876145180458e-07	18	1.17843671815729e-10	16	2.50910431260989e-08	::B3-7::B-2-14::N-2-14::B-2-12::N3-21::B-1-6::B3-19::B3-11::N-A02::B-A02::B-1-4::B-2-15::B3-12::B-3-4::B3-14::	11
chr14	34723300	34753300	chr14_34723300	12	30000	0.000530619731497248	14	4.19006715043201e-06	14	4.19006715043201e-06	::B-3-4::B-2-21::B-A12::B3-21::B-2-15::N3-16::B-2-23::N-1-6::B3-5::N-2-15::B-2-25::B-1-6::	10
chr14	45315900	45345900	chr14_45315900	11	30000	0.00531141399783988	11	0.00531141399783988	8	3.05198141799759	::B3-14::B3-1-13::B-A07::B-3-4::B-A04::N-3-1::B-1-6::B-3-1::B-2-14::N3-21::B-2-23::	5
chr14	52060000	52090000	chr14_52060000	10	30000	0.048735828252703	12	0.000530619731497248	11	0.00531141399783988	::B3-1-13::N-3-4::B-2-15::B-1-7::B-2-14::B-2-25::B3-16::B3-4::N-1-7::N3-1-13::	4
chr14	52210000	52240000	chr14_52210000	12	30000	0.000530619731497248	12	0.000530619731497248	10	0.048735828252703	::N3-19::B3-12::N-2-15::B-1-10::N-A07::N-1-10::B-1-7::N-1-7::N3-c-28::B3-c-28::N3-2-21::B3-11::	6
chr14	56907100	56937100	chr14_56907100	10	30000	0.048735828252703	10	0.048735828252703	9	0.406531182647055	::B-2-21::N3-12::B3-14::N3-2-21::B-A12::N-A12::B-A02::N3-19::B-2-15::B-3-4::	7
chr14	67038600	67068600	chr14_67038600	13	30000	4.89321762068898e-05	16	2.50910431260989e-08	10	0.048735828252703	::B-2-14::N3-8::N3-11::B3-8::B3-11::B3-2-21::B-2-12::N3-21::B-3-4::B-2-25::B-1-10::B-A12::N-A12::	8
chr14	73232000	73262000	chr14_73232000	11	30000	0.00531141399783988	11	0.00531141399783988	8	3.05198141799759	::N-3-1::N-A10::B3-15::B3-19::N3-19::B-A05::B3-12::B3-8::B3-11::N3-8::B3-c-14::	8
chr14	79517800	79547800	chr14_79517800	15	30000	3.34876145180458e-07	16	2.50910431260989e-08	11	0.00531141399783988	::B-3-4::N-A02::N3-19::N-3-4::N-3-1::N-2-23::B3-2::B-2-12::N-2-12::B-2-25::B3-5::B-1-7::B-1-6::B-2-15::N-2-15::	9
chr14	115317100	115347100	chr14_115317100	12	30000	0.000530619731497248	12	0.000530619731497248	2	20727.4313895323	::N-2-14::N-2-12::N-A02::N-2-23::N3-4::N-A10::N3-2-37::N-2-27::N-2-15::N-A05::N-1-6::B3-c-28::	1
chr15	8311500	8341500	chr15_8311500	12	30000	0.000530619731497248	14	4.19006715043201e-06	14	4.19006715043201e-06	::B-3-1::B3-1::B3-12::B-1-4::B-B03::B3-c-28::B-3-4::N-A12::B-2-14::B-2-15::N-B05::B-2-12::	9
chr15	8417500	8447500	chr15_8417500	12	30000	0.000530619731497248	13	4.89321762068898e-05	12	0.000530619731497248	::N3-13::N-A07::N-B05::B3-2-21::B-2-23::N3-10::B-B05::B3-7::B-2-25::N-2-25::N3-7::N-2-12::	10
chr15	12119700	12149700	chr15_12119700	12	30000	0.000530619731497248	13	4.89321762068898e-05	13	4.89321762068898e-05	::N3-14::B-A10::B3-12::B3-1::B3-1-13::N-2-27::N-2-21::B-2-21::B3-19::N3-19::N-A10::B3-7::	8
chr15	12324200	12354200	chr15_12324200	11	30000	0.00531141399783988	11	0.00531141399783988	9	0.406531182647055	::N3-21::N-2-15::B-2-25::N-2-25::N-A02::B3-14::B-3-4::B3-c-28::N3-c-28::B-A05::N3-13::	8
chr15	12817600	12847600	chr15_12817600	10	30000	0.048735828252703	12	0.000530619731497248	9	0.406531182647055	::B3-10::N3-11::N-A12::B3-13::N3-10::N3-13::N-3-4::N3-16::B-1-6::B-A10::	9
chr15	37974100	38004100	chr15_37974100	12	30000	0.000530619731497248	13	4.89321762068898e-05	12	0.000530619731497248	::B-3-4::B3-c-9::N3-10::B3-21::B-2-15::N3-5::N3-16::B3-13::B-B03::N-3-4::B3-14::N3-4::	7
chr15	43249200	43279200	chr15_43249200	15	30000	3.34876145180458e-07	15	3.34876145180458e-07	11	0.00531141399783988	::B-3-4::N3-10::B3-2-37::B3-21::N3-21::B3-19::B-1-6::B3-1::N3-9::B3-9::B-2-15::B3-5::B3-8::B-A10::B3-2-21::	5
chr15	51961600	51991600	chr15_51961600	12	30000	0.000530619731497248	13	4.89321762068898e-05	11	0.00531141399783988	::N-2-25::B-2-15::B-1-10::B3-5::B3-11::B3-2::N-B05::B-1-7::N-B03::B-B03::B3-9::N3-9::	9
chr15	53190200	53220200	chr15_53190200	10	30000	0.048735828252703	11	0.00531141399783988	11	0.00531141399783988	::B3-14::B-2-15::N-2-15::N3-19::B-B05::N3-16::B-1-6::B-2-21::B3-1::B-3-4::	7
chr15	73151800	73181800	chr15_73151800	18	30000	1.17843671815729e-10	23	7.22645489988386e-17	14	4.19006715043201e-06	::B-2-14::N3-1::N3-13::N3-10::B3-10::B3-1::B3-13::B3-2-37::B-1-6::N-1-6::B3-19::B-1-7::N-B05::N3-21::N3-19::N3-2-21::N3-c-14::B3-11::	6
chr15	77160300	77190300	chr15_77160300	10	30000	0.048735828252703	10	0.048735828252703	10	0.048735828252703	::B-A04::B-2-25::N3-8::B-B05::B-2-23::B-A10::B-A07::N-B05::B3-14::N3-7::	4
chr15	80805800	80835800	chr15_80805800	11	30000	0.00531141399783988	14	4.19006715043201e-06	13	4.89321762068898e-05	::B-3-4::N3-10::B-2-23::N-2-12::B-2-12::B-2-15::B-1-6::B-A04::B3-1::N3-1::B-1-7::	5
chr15	81106900	81136900	chr15_81106900	15	30000	3.34876145180458e-07	18	1.17843671815729e-10	15	3.34876145180458e-07	::B3-2-21::N3-1-13::B-A10::B-2-14::B-2-21::N3-2-21::N3-1::B3-19::N3-13::B-1-7::N3-19::N-1-6::N-2-15::N-2-12::B-2-12::	5
chr15	81580000	81610000	chr15_81580000	10	30000	0.048735828252703	11	0.00531141399783988	8	3.05198141799759	::N3-9::B3-15::B3-9::N-3-4::N3-2-21::N-2-12::B-2-21::B-A05::B-2-25::N3-c-9::	5
chr15	81612600	81642600	chr15_81612600	12	30000	0.000530619731497248	13	4.89321762068898e-05	12	0.000530619731497248	::B-A04::N3-9::B-2-14::N-3-4::B-2-25::N-2-25::B-1-10::B-3-4::B-B03::B3-2-21::N3-13::B3-c-9::	10
chr15	82877500	82907500	chr15_82877500	10	30000	0.048735828252703	10	0.048735828252703	7	20.3665460874827	::B-3-4::B3-21::N3-21::N3-c-28::N-2-25::B-2-25::B3-c-28::B3-19::N3-19::B-2-14::	8
chr15	83134600	83164600	chr15_83134600	10	30000	0.048735828252703	12	0.000530619731497248	9	0.406531182647055	::N-B05::B-A10::N-1-10::B3-11::B-3-4::B-2-23::B-1-4::B3-21::N3-21::B3-c-9::	6
chr15	88693500	88723500	chr15_88693500	10	30000	0.048735828252703	10	0.048735828252703	9	0.406531182647055	::N-2-21::B3-1::B3-1-13::B3-2-21::N3-1::B3-21::N-A02::N3-19::B3-19::N-2-15::	2
chr15	93949900	93979900	chr15_93949900	11	30000	0.00531141399783988	11	0.00531141399783988	1	34579.681922426	::N-2-14::N-A05::N-B05::N-2-25::N-2-23::N3-2-21::N-2-12::N-1-6::N-A10::N-A04::N-2-21::	11
chr15	96391600	96421600	chr15_96391600	15	30000	3.34876145180458e-07	17	1.76939291233884e-09	13	4.89321762068898e-05	::N3-7::B3-7::B-1-6::B-2-15::B3-21::N3-9::B3-9::B3-c-14::N3-c-14::N3-19::B-2-14::N-2-14::B3-1::B-A10::N-3-4::	9
chr15	98538000	98568000	chr15_98538000	10	30000	0.048735828252703	11	0.00531141399783988	10	0.048735828252703	::N-2-14::B3-11::B-1-7::B-2-14::B-1-6::N-2-27::B-2-27::B3-1-13::B3-2-21::B-2-15::	4
chr15	99784600	99814600	chr15_99784600	10	30000	0.048735828252703	12	0.000530619731497248	10	0.048735828252703	::B-3-4::N-A05::B-A05::N-3-1::N-3-4::N3-16::B-A10::N-2-21::B-1-4::N-1-6::	4
chr15	102050500	102080500	chr15_102050500	10	30000	0.048735828252703	11	0.00531141399783988	7	20.3665460874827	::N-3-1::B3-10::B3-13::N3-10::N3-13::B-2-15::B-2-14::N-2-14::N-B05::B3-5::	7
chr15	102474600	102504600	chr15_102474600	15	30000	3.34876145180458e-07	19	7.43544820620285e-12	17	1.76939291233884e-09	::N3-19::B-2-25::N-2-25::B3-19::N-1-7::B3-12::B-2-27::N-A05::B-2-14::B-3-4::N-2-23::B3-c-9::N-1-6::B3-5::N-B05::	9
chr15	103207900	103237900	chr15_103207900	11	30000	0.00531141399783988	11	0.00531141399783988	11	0.00531141399783988	::B3-1::B-2-21::B-A12::B-2-14::N3-1::N3-c-9::N-1-7::B-1-6::B3-c-9::B3-1-13::B-2-15::	7
chr16	4129000	4159000	chr16_4129000	11	30000	0.00531141399783988	12	0.000530619731497248	10	0.048735828252703	::B3-13::B-3-1::B3-1::N-2-15::N3-12::B-A10::B-1-7::B-B05::B3-2-37::B-2-15::B3-7::	7
chr16	8832100	8862100	chr16_8832100	10	30000	0.048735828252703	12	0.000530619731497248	9	0.406531182647055	::B-3-4::B3-21::N3-21::N-3-4::B-1-6::B-A07::B3-7::B-1-7::N-B05::N-A05::	12
chr16	11112500	11142500	chr16_11112500	12	30000	0.000530619731497248	14	4.19006715043201e-06	14	4.19006715043201e-06	::B-2-15::B-2-14::N3-13::B-1-10::B-2-21::B3-1::B3-7::B3-5::N3-16::N-2-25::B-A07::N-2-27::	6
chr16	16984400	17014400	chr16_16984400	14	30000	4.19006715043201e-06	15	3.34876145180458e-07	12	0.000530619731497248	::B3-c-28::N-2-12::B-2-12::N-2-21::B3-19::B-2-15::B-A12::N-B03::N-2-23::B-B03::N-2-14::B-2-14::B-3-1::N-3-1::	7
chr16	17438900	17468900	chr16_17438900	15	30000	3.34876145180458e-07	20	4.45688722326103e-13	16	2.50910431260989e-08	::B-2-25::B-3-4::B3-12::B3-19::N3-1::B3-1::B-1-7::N-2-12::B-2-12::N3-8::N3-c-28::B3-c-28::N3-2-21::N-3-1::N3-c-14::	12
chr16	22239300	22269300	chr16_22239300	11	30000	0.00531141399783988	12	0.000530619731497248	8	3.05198141799759	::B-2-14::B-2-21::B3-7::B-A10::N-3-1::N3-2::N3-1::B3-13::B3-10::B3-1::B-2-15::	4
chr16	24463400	24493400	chr16_24463400	10	30000	0.048735828252703	11	0.00531141399783988	11	0.00531141399783988	::N-A02::N-2-15::N-B03::B-1-6::B3-c-28::B-2-14::B3-11::B-3-4::N3-8::B-B05::	8
chr16	24526700	24556700	chr16_24526700	12	30000	0.000530619731497248	14	4.19006715043201e-06	12	0.000530619731497248	::N3-19::N3-10::B3-1-13::B-A07::B-2-21::B3-2-21::N-1-7::B-A10::B3-12::N-2-21::B-3-1::N-3-1::	6
chr16	31661200	31691200	chr16_31661200	10	30000	0.048735828252703	13	4.89321762068898e-05	10	0.048735828252703	::B-B03::B-2-15::N3-c-14::B3-19::B-A07::B-B05::B-1-6::B3-21::N-A07::N3-1-13::	2
chr16	31731400	31761400	chr16_31731400	14	30000	4.19006715043201e-06	16	2.50910431260989e-08	14	4.19006715043201e-06	::N-B05::B3-21::N-B03::B-2-12::B-A02::N-2-15::N3-19::B3-19::N-2-21::B-3-4::B3-11::B-2-21::B-A05::B-2-14::	10
chr16	32047900	32077900	chr16_32047900	10	30000	0.048735828252703	12	0.000530619731497248	9	0.406531182647055	::B3-c-28::B-B05::B-2-15::N-B05::B-2-23::N-3-4::B-3-4::B3-11::N-A10::B3-7::	7
chr16	33384100	33414100	chr16_33384100	15	30000	3.34876145180458e-07	22	1.38643222714793e-15	16	2.50910431260989e-08	::B3-2-21::N3-2-21::B-2-15::B-A07::N-A12::N3-1-13::B3-1-13::B-B05::N3-16::B3-16::B-A12::N-A05::B3-c-28::B3-14::N3-4::	9
chr16	38090900	38120900	chr16_38090900	10	30000	0.048735828252703	14	4.19006715043201e-06	11	0.00531141399783988	::B3-7::B-2-25::N-1-6::B-1-6::B-B05::N-2-25::B3-11::B3-13::B-2-15::N3-9::	6
chr16	38193400	38223400	chr16_38193400	12	30000	0.000530619731497248	14	4.19006715043201e-06	11	0.00531141399783988	::B-A12::B-A07::N-2-25::N3-12::N3-16::B-2-15::B-B05::N-B05::B3-7::N-A05::B-A05::N-2-21::	4
chr16	44135100	44165100	chr16_44135100	15	30000	3.34876145180458e-07	15	3.34876145180458e-07	14	4.19006715043201e-06	::B-A04::B3-12::B-2-15::N3-9::B3-1::B-2-14::N3-16::B3-19::B3-14::N3-4::B3-4::N-2-21::N3-5::B3-10::B-3-4::	5
chr16	87681300	87711300	chr16_87681300	10	30000	0.048735828252703	10	0.048735828252703	3	8282.82945597105	::N-2-25::N3-2::N3-10::N3-19::N-A12::N-2-12::N-3-1::N3-9::B-1-10::B-A02::	9
chr16	91668100	91698100	chr16_91668100	10	30000	0.048735828252703	11	0.00531141399783988	7	20.3665460874827	::B-A10::N-A10::N-2-15::B-2-15::B-3-4::B3-13::N3-13::N-A05::N-3-4::B-A05::	5
chr16	94630700	94660700	chr16_94630700	11	30000	0.00531141399783988	11	0.00531141399783988	10	0.048735828252703	::B-A04::N3-9::B3-9::B3-7::N3-2-21::B-1-10::B3-2-21::N-B05::N-1-6::N-3-4::N-2-25::	6
chr17	3148300	3178300	chr17_3148300	12	30000	0.000530619731497248	13	4.89321762068898e-05	11	0.00531141399783988	::N-A05::B-1-6::N-2-15::B-2-12::N-3-4::N3-15::B3-15::B3-19::N-B03::B-B03::B-2-21::B3-12::	4
chr17	3194400	3224400	chr17_3194400	13	30000	4.89321762068898e-05	16	2.50910431260989e-08	13	4.89321762068898e-05	::B-A10::N-2-21::B-3-4::N-3-4::N3-5::N3-16::B-B05::N-B05::B-A05::B3-19::N-1-7::N3-19::N3-1::	8
chr17	5075000	5105000	chr17_5075000	10	30000	0.048735828252703	10	0.048735828252703	8	3.05198141799759	::N-2-15::B-1-6::N3-4::B-B03::B3-7::B3-1::N3-1::N-2-25::B-3-1::N3-16::	7
chr17	5202500	5232500	chr17_5202500	13	30000	4.89321762068898e-05	14	4.19006715043201e-06	13	4.89321762068898e-05	::N-A04::B3-7::B-A04::N-A05::B-1-4::B-2-21::B-A05::B-A02::B3-c-14::B3-14::B3-5::B-2-25::N3-13::	7
chr17	10220400	10250400	chr17_10220400	11	30000	0.00531141399783988	12	0.000530619731497248	11	0.00531141399783988	::N3-16::N3-2-21::N-A04::B-A04::N-2-15::N3-13::B3-19::B3-14::N3-c-9::N-3-4::N-A10::	5
chr17	10287300	10317300	chr17_10287300	12	30000	0.000530619731497248	14	4.19006715043201e-06	12	0.000530619731497248	::B-2-21::B-2-23::B-1-6::B-1-7::B3-9::B-A10::B3-19::N-A02::B-A02::N-A10::N3-c-28::B-A05::	3
chr17	12969900	12999900	chr17_12969900	10	30000	0.048735828252703	11	0.00531141399783988	9	0.406531182647055	::B3-19::B3-2-21::N3-2-21::N-2-23::B3-21::B3-c-14::B-B03::B3-7::B-3-1::N-3-1::	9
chr17	15482200	15512200	chr17_15482200	10	30000	0.048735828252703	11	0.00531141399783988	8	3.05198141799759	::B-3-1::N-1-6::N-1-10::B-2-21::B-A12::N3-1::B-2-25::B-B03::N-2-21::B-1-6::	5
chr17	15708400	15738400	chr17_15708400	10	30000	0.048735828252703	11	0.00531141399783988	9	0.406531182647055	::B-1-7::N-1-7::B-1-6::B3-21::N3-21::N-2-12::B-2-12::B3-14::B-2-25::B-1-10::	5
chr17	28974400	29004400	chr17_28974400	10	30000	0.048735828252703	10	0.048735828252703	8	3.05198141799759	::B-A07::B-1-6::B-B03::N-B05::N-2-25::B3-15::B-A12::N-A12::B-A02::N-A02::	6
chr17	30073200	30103200	chr17_30073200	12	30000	0.000530619731497248	14	4.19006715043201e-06	12	0.000530619731497248	::B-2-27::B-B05::N3-16::N3-19::B-3-4::N-B05::B3-19::N3-1::N3-9::B3-9::B3-12::B3-c-28::	5
chr17	32252700	32282700	chr17_32252700	13	30000	4.89321762068898e-05	15	3.34876145180458e-07	9	0.406531182647055	::B-A10::B3-15::N3-16::N3-12::N3-4::B-2-21::B3-13::B3-10::B3-1::B3-2-37::N3-10::N3-13::B-2-15::	11
chr17	42841900	42871900	chr17_42841900	12	30000	0.000530619731497248	14	4.19006715043201e-06	14	4.19006715043201e-06	::B-2-21::N-2-15::B-2-15::B-2-23::B3-1-13::N-2-21::N-A10::B3-11::B3-5::B-A07::B-2-12::B3-19::	6
chr17	50557700	50587700	chr17_50557700	10	30000	0.048735828252703	10	0.048735828252703	9	0.406531182647055	::B-B05::N3-11::N-3-4::N-1-7::B-1-6::B3-c-28::B3-2-21::B3-8::N-A02::N3-5::	5
chr17	56563200	56593200	chr17_56563200	11	30000	0.00531141399783988	11	0.00531141399783988	7	20.3665460874827	::B3-1::B-A04::N3-13::B3-13::B3-7::N-A07::N3-1-13::B-A07::B3-1-13::B-A05::B3-14::	4
chr17	56667700	56697700	chr17_56667700	10	30000	0.048735828252703	10	0.048735828252703	9	0.406531182647055	::B3-2::B3-13::N3-13::B-2-14::B3-c-28::N3-c-28::B3-7::B3-c-14::N-2-27::N-2-12::	7
chr17	65581800	65611800	chr17_65581800	11	30000	0.00531141399783988	12	0.000530619731497248	7	20.3665460874827	::B-B05::B3-2-21::B3-10::B3-1::B3-13::N3-10::N3-13::B3-19::B3-1-13::N3-19::B3-7::	9
chr17	71631000	71661000	chr17_71631000	12	30000	0.000530619731497248	15	3.34876145180458e-07	13	4.89321762068898e-05	::B-2-23::B-1-6::N-B05::B-1-10::B3-21::B-3-4::N-2-15::B-A10::B3-7::B-3-1::B-A07::B3-11::	7
chr17	74353300	74383300	chr17_74353300	10	30000	0.048735828252703	11	0.00531141399783988	11	0.00531141399783988	::N-A05::B-A05::B-B05::N3-4::B3-2-21::B-A04::B-B03::B3-c-28::B-2-15::N-2-15::	8
chr17	74573000	74603000	chr17_74573000	13	30000	4.89321762068898e-05	16	2.50910431260989e-08	13	4.89321762068898e-05	::B-2-23::B3-5::B3-2-21::N-B05::N-2-14::B3-15::N-B03::B-2-14::B-1-7::N3-11::B3-11::B3-1::N3-1::	11
chr17	74671600	74701600	chr17_74671600	15	30000	3.34876145180458e-07	19	7.43544820620285e-12	16	2.50910431260989e-08	::B3-13::B-3-4::B3-c-28::N3-9::B3-9::B3-7::N-B05::N3-16::B-A10::B3-15::B-2-25::N-2-25::B3-21::N3-21::B-1-6::	13
chr17	80033000	80063000	chr17_80033000	12	30000	0.000530619731497248	16	2.50910431260989e-08	11	0.00531141399783988	::B-A02::B3-14::N-A02::N-2-25::N3-19::B3-2-21::B3-19::B-2-12::N-2-15::N-2-12::B3-16::B-1-6::	10
chr17	84523800	84553800	chr17_84523800	10	30000	0.048735828252703	10	0.048735828252703	3	8282.82945597105	::B-A10::B-B05::N-1-4::N3-2-37::N-1-10::N3-1-13::N3-5::N3-14::N3-7::N3-2::	0
chr18	3005100	3035100	chr18_3005100	13	30000	4.89321762068898e-05	15	3.34876145180458e-07	5	595.192841425841	::B3-8::B-3-4::B3-1::B-1-10::N-1-6::B-A12::B-1-6::N3-10::B-A07::N3-1::B-1-7::B3-c-28::N3-11::	8
chr18	5614600	5644600	chr18_5614600	11	30000	0.00531141399783988	12	0.000530619731497248	12	0.000530619731497248	::B-2-23::N-2-23::B3-15::N-2-27::B-2-12::N-1-6::N-1-7::B3-21::B-A07::N-B03::B-B03::	5
chr18	6196500	6226500	chr18_6196500	11	30000	0.00531141399783988	11	0.00531141399783988	11	0.00531141399783988	::B3-12::N-A07::B3-10::N-2-15::B-A05::N3-12::B-2-14::N3-8::B-1-10::N3-19::N-A02::	5
chr18	7879300	7909300	chr18_7879300	18	30000	1.17843671815729e-10	27	3.54368316322464e-22	20	4.45688722326103e-13	::N-2-15::N-2-23::B-2-25::B3-7::N-1-6::N-3-1::B-2-21::N-A10::B-A10::N-2-14::B-3-1::B3-12::B-2-15::B-2-27::B-1-7::B-2-23::N-A02::B3-11::	13
chr18	9435500	9465500	chr18_9435500	11	30000	0.00531141399783988	12	0.000530619731497248	11	0.00531141399783988	::B-2-15::B-2-23::B3-8::N-2-25::N3-c-9::B-3-1::N-A02::B-A02::B3-2::N3-1::B-A12::	3
chr18	10076800	10106800	chr18_10076800	13	30000	4.89321762068898e-05	16	2.50910431260989e-08	15	3.34876145180458e-07	::N3-13::N-2-21::N-2-23::B-1-7::N-2-27::B-B05::N3-19::B-2-25::N-B05::N3-16::N-2-15::N3-10::B-2-14::	10
chr18	12141000	12171000	chr18_12141000	11	30000	0.00531141399783988	12	0.000530619731497248	8	3.05198141799759	::N-2-21::B-2-21::B3-c-28::N-3-1::B-2-14::B-B05::B-3-1::B3-5::N-B03::B3-c-9::N3-c-9::	10
chr18	31805200	31835200	chr18_31805200	12	30000	0.000530619731497248	14	4.19006715043201e-06	10	0.048735828252703	::B-A02::N-1-6::B-B05::N-2-27::N3-8::N3-11::B3-8::B3-11::N3-19::B-2-21::N-2-21::N-2-23::	6
chr18	31860100	31890100	chr18_31860100	10	30000	0.048735828252703	10	0.048735828252703	10	0.048735828252703	::B3-7::B-3-4::B3-19::N-1-6::N-B05::B-A10::N-2-15::N3-9::B3-5::N3-2-21::	2
chr18	34250000	34280000	chr18_34250000	15	30000	3.34876145180458e-07	21	2.5442913293437e-14	15	3.34876145180458e-07	::B-A10::B-B03::N-B03::N-2-15::B3-2::B-B05::N3-1-13::N3-8::B3-12::B-A07::N-1-7::B3-8::B3-11::N-A07::B3-1-13::	9
chr18	34474500	34504500	chr18_34474500	10	30000	0.048735828252703	10	0.048735828252703	10	0.048735828252703	::B-A05::B-A07::B-2-23::B3-7::B-1-6::N3-2-21::N3-10::B-2-27::B-A10::N-B05::	5
chr18	35177200	35207200	chr18_35177200	10	30000	0.048735828252703	14	4.19006715043201e-06	12	0.000530619731497248	::N-2-15::B-A10::B3-1::B-2-25::N-3-1::N-2-25::N-1-6::B3-19::B-B03::B-1-6::	12
chr18	35556000	35586000	chr18_35556000	11	30000	0.00531141399783988	13	4.89321762068898e-05	10	0.048735828252703	::N3-c-28::B-A10::B-2-23::N-2-23::B3-7::B-2-14::B-1-7::N-A10::B-1-6::B-2-15::B-3-4::	7
chr18	35782900	35812900	chr18_35782900	13	30000	4.89321762068898e-05	14	4.19006715043201e-06	13	4.89321762068898e-05	::B3-8::B-A04::B-B05::B-1-7::B3-12::N3-c-28::B3-1::B3-5::B-2-21::N3-16::B3-16::B-A05::N-A02::	8
chr18	42317600	42347600	chr18_42317600	13	30000	4.89321762068898e-05	14	4.19006715043201e-06	12	0.000530619731497248	::B3-21::B-A05::N-2-23::B3-2::B-2-25::N-B05::B-B05::B-3-4::B-1-6::B-1-7::N3-13::N-A12::B-A12::	6
chr18	42513000	42543000	chr18_42513000	11	30000	0.00531141399783988	11	0.00531141399783988	9	0.406531182647055	::N3-1::B3-1::B-2-21::B-2-14::B3-8::B-2-25::B-B05::B3-2-21::N-B05::B-2-23::B-1-6::	5
chr18	46501400	46531400	chr18_46501400	11	30000	0.00531141399783988	11	0.00531141399783988	11	0.00531141399783988	::N3-10::B3-19::B-1-6::N3-4::N-2-25::B-2-15::B-1-4::N3-16::N-A02::B-2-23::B-A10::	8
chr18	49906500	49936500	chr18_49906500	10	30000	0.048735828252703	10	0.048735828252703	10	0.048735828252703	::B-1-6::N3-16::B3-c-28::B-2-21::N-1-6::N-2-12::N3-19::N-A05::B-B03::N3-c-28::	4
chr18	53868900	53898900	chr18_53868900	10	30000	0.048735828252703	11	0.00531141399783988	10	0.048735828252703	::N-1-6::N-2-27::B-A07::N-A07::B3-7::N3-13::N3-4::B-B05::B-3-4::B-1-6::	9
chr18	61561000	61591000	chr18_61561000	13	30000	4.89321762068898e-05	14	4.19006715043201e-06	13	4.89321762068898e-05	::N-A05::B3-c-9::B-2-21::B3-19::N-A02::B-A02::B-B05::B-2-14::B-2-25::B-A12::N-2-21::B-2-15::N-3-1::	5
chr18	63661900	63691900	chr18_63661900	10	30000	0.048735828252703	12	0.000530619731497248	12	0.000530619731497248	::B-2-25::N-2-23::B3-19::B-2-14::B-A10::N-1-7::N3-13::B-2-15::N-2-12::N3-19::	8
chr18	76240900	76270900	chr18_76240900	10	30000	0.048735828252703	12	0.000530619731497248	11	0.00531141399783988	::B-A10::N3-1::B3-1::B3-5::B-2-14::B3-7::B3-2-21::N-3-1::N-2-21::B3-c-28::	2
chr18	80768600	80798600	chr18_80768600	12	30000	0.000530619731497248	12	0.000530619731497248	10	0.048735828252703	::B3-2-21::B3-5::B-1-7::N-2-27::B-2-27::B3-c-28::N3-c-9::B3-12::B-2-15::N-2-15::N3-12::N-2-23::	8
chr19	3460500	3490500	chr19_3460500	11	30000	0.00531141399783988	12	0.000530619731497248	9	0.406531182647055	::N3-c-9::N3-4::B3-5::B3-19::B-B05::N-B05::N3-12::B-1-6::N-A10::N-2-15::B-A05::	7
chr19	3509000	3539000	chr19_3509000	16	30000	2.50910431260989e-08	18	1.17843671815729e-10	17	1.76939291233884e-09	::N-B05::B-A10::N-B03::B-B03::N-2-15::B-B05::N3-8::B3-c-9::N3-16::B-1-10::B3-5::N-2-21::B-1-4::B3-21::B-1-6::B3-19::	12
chr19	4762000	4792000	chr19_4762000	12	30000	0.000530619731497248	14	4.19006715043201e-06	13	4.89321762068898e-05	::B3-7::B-2-21::N-B03::B-B03::B-1-6::B3-1::N-B05::N-1-6::B3-5::B3-11::N-2-27::N-A10::	5
chr19	11905100	11935100	chr19_11905100	10	30000	0.048735828252703	10	0.048735828252703	9	0.406531182647055	::B-2-25::B-2-15::N3-7::N3-c-9::B3-14::N-2-14::B-1-7::N-B03::B-B03::N-2-15::	4
chr19	12763100	12793100	chr19_12763100	13	30000	4.89321762068898e-05	16	2.50910431260989e-08	14	4.19006715043201e-06	::N-B05::B-A07::B3-c-9::B3-2-21::B-2-15::N-2-14::B-2-14::B3-7::B-B03::B-B05::B-1-6::N-2-25::B-2-25::	5
chr19	14516100	14546100	chr19_14516100	12	30000	0.000530619731497248	12	0.000530619731497248	9	0.406531182647055	::B3-14::N3-10::B-A04::B-2-27::B3-c-28::N-B05::N-A04::B3-21::N-2-15::B3-7::N3-7::N3-2-21::	8
chr19	30040400	30070400	chr19_30040400	16	30000	2.50910431260989e-08	17	1.76939291233884e-09	14	4.19006715043201e-06	::B-2-15::N3-10::B-1-6::N-A10::N-B05::N-2-25::N3-11::B-B05::B3-c-9::B3-19::B3-21::B3-13::B3-11::B-1-7::N-2-12::B-2-12::	10
chr19	41500500	41530500	chr19_41500500	10	30000	0.048735828252703	11	0.00531141399783988	10	0.048735828252703	::B-2-14::B-3-4::B3-13::B3-1::N3-13::B-2-23::N-3-1::N3-1::N-2-15::B3-19::	5
chr19	42523900	42553900	chr19_42523900	11	30000	0.00531141399783988	12	0.000530619731497248	12	0.000530619731497248	::N-1-10::B3-c-28::B-2-25::B-A10::B3-7::N-3-4::B3-2-21::N-2-25::B-2-15::B-B03::B-B05::	7
chr19	50328000	50358000	chr19_50328000	12	30000	0.000530619731497248	12	0.000530619731497248	5	595.192841425841	::B-2-23::B3-2::N3-5::N-1-10::N3-2-37::N-1-4::N-1-9::N3-15::N-2-21::B-1-6::B3-2-37::B-1-4::	10
chr19	56990100	57020100	chr19_56990100	11	30000	0.00531141399783988	11	0.00531141399783988	8	3.05198141799759	::B-B03::N-2-25::B-2-27::N-2-27::B-3-1::B-1-6::B-A04::N-2-14::B-2-14::N-2-23::B3-7::	8
chr2	23164700	23194700	chr2_23164700	15	30000	3.34876145180458e-07	15	3.34876145180458e-07	13	4.89321762068898e-05	::N3-13::N3-16::B-B05::B-2-14::N-A07::B3-9::N3-9::B3-19::B-2-23::N3-8::N-2-27::B3-5::B3-1::B3-4::N3-4::	10
chr2	33012100	33042100	chr2_33012100	10	30000	0.048735828252703	10	0.048735828252703	2	20727.4313895323	::N3-14::N-A02::N-2-14::N-2-12::N3-c-9::N-A10::N3-8::N-1-9::N-2-15::N3-9::	9
chr2	37377800	37407800	chr2_37377800	10	30000	0.048735828252703	11	0.00531141399783988	11	0.00531141399783988	::B3-14::N-2-15::B3-c-9::B3-1::B3-8::B-3-1::N3-19::N-2-21::N3-10::N3-13::	9
chr2	38593900	38623900	chr2_38593900	15	30000	3.34876145180458e-07	16	2.50910431260989e-08	10	0.048735828252703	::B3-1::B3-2-21::B-A04::N3-1-13::N-A07::B-A07::B3-1-13::B-2-25::N-2-25::N-A02::B-A02::N-2-15::N3-19::B3-19::N-3-4::	4
chr2	49491100	49521100	chr2_49491100	11	30000	0.00531141399783988	12	0.000530619731497248	12	0.000530619731497248	::B-B05::B-1-7::N-A04::B3-2::N3-c-9::B-1-10::B-2-23::B-2-21::B3-19::N-1-6::N-3-4::	5
chr2	53155600	53185600	chr2_53155600	10	30000	0.048735828252703	11	0.00531141399783988	10	0.048735828252703	::N-1-6::B-A05::B-A07::N-A02::N3-19::N3-1::B-2-21::N-B05::B-1-6::B-A10::	6
chr2	59260600	59290600	chr2_59260600	11	30000	0.00531141399783988	11	0.00531141399783988	9	0.406531182647055	::N3-16::N3-11::B-A02::B3-1::B3-7::N-A05::B-A05::N-2-14::B3-2-21::N3-15::B3-15::	1
chr2	60791100	60821100	chr2_60791100	11	30000	0.00531141399783988	11	0.00531141399783988	8	3.05198141799759	::N-A12::N-2-23::N-3-4::B-A05::N-A05::B-2-27::B-2-15::N-2-27::B-A10::B3-1::N3-c-14::	10
chr2	61731700	61761700	chr2_61731700	13	30000	4.89321762068898e-05	14	4.19006715043201e-06	14	4.19006715043201e-06	::B-3-1::N-A02::B-3-4::B3-7::B-A07::B-A04::B3-19::N3-19::N3-10::B3-14::N-2-15::N-B05::N3-8::	7
chr2	72936900	72966900	chr2_72936900	11	30000	0.00531141399783988	12	0.000530619731497248	9	0.406531182647055	::B-A07::B-2-21::B3-21::B3-7::N-2-15::B-2-15::B3-1::B3-9::N3-9::N3-19::B3-19::	8
chr2	75662800	75692800	chr2_75662800	13	30000	4.89321762068898e-05	15	3.34876145180458e-07	8	3.05198141799759	::N3-1::B3-10::B3-1::B3-13::N3-13::N3-10::B-1-7::B3-c-28::B-2-14::N-2-21::N-2-14::B-A05::N-A05::	12
chr2	80542000	80572000	chr2_80542000	13	30000	4.89321762068898e-05	14	4.19006715043201e-06	10	0.048735828252703	::N-2-15::N-3-1::B-3-1::B-1-6::N3-9::B3-9::N-1-6::B-A10::B-2-15::N3-c-9::N-2-23::N-B03::B-B03::	3
chr2	83646700	83676700	chr2_83646700	10	30000	0.048735828252703	12	0.000530619731497248	10	0.048735828252703	::N3-9::N3-1-13::N-A05::B-A07::B3-13::B-2-15::B3-2-21::B-2-14::N-A07::B-A04::	5
chr2	90749200	90779200	chr2_90749200	12	30000	0.000530619731497248	12	0.000530619731497248	11	0.00531141399783988	::B-A12::N3-11::N-2-23::N-2-27::B-1-6::B3-12::N-2-15::B-2-15::N-A05::B3-10::N-2-21::B-2-12::	4
chr2	90987800	91017800	chr2_90987800	11	30000	0.00531141399783988	12	0.000530619731497248	12	0.000530619731497248	::N3-13::B-B03::B3-14::N3-2::B-2-21::B3-19::B3-12::B3-c-9::N-3-1::B-3-4::B-2-14::	8
chr2	91785100	91815100	chr2_91785100	10	30000	0.048735828252703	12	0.000530619731497248	9	0.406531182647055	::N-A02::N-B05::B-2-21::B-1-7::B-A12::B-A07::B3-13::B3-10::N3-10::N-1-7::	5
chr2	98644700	98674700	chr2_98644700	64	30000	2.49423188215424e-80	352	0	27	3.54368316322464e-22	::B-A07::N-A05::N3-16::N3-14::N-1-7::N-B05::N-2-14::N3-9::N-A02::N-2-12::N3-10::N3-7::N3-1-13::N-1-6::N3-13::N3-8::N3-19::N-A10::N-A12::N3-1::N3-4::N3-c-14::N3-2-21::N-2-15::N3-15::N3-21::N-3-1::N-2-25::B-2-21::B3-12::N-1-10::N3-11::N3-12::N-2-27::N-2-21::N3-5::N-3-4::N-B03::N-2-23::N3-c-9::B3-1-13::B3-1::B-2-23::B-3-1::N-A07::B3-c-28::N-A04::B3-13::B3-10::B-A02::B3-8::B-1-10::N-1-4::B-2-15::B3-11::B-1-7::B-1-6::B3-9::B-A05::B-2-27::B-B03::B3-19::B-2-12::B3-14::	172
chr2	103766000	103796000	chr2_103766000	10	30000	0.048735828252703	10	0.048735828252703	10	0.048735828252703	::N3-12::N-2-14::N-3-4::N-A07::N-1-7::N-2-15::B-A02::B-A10::B-2-14::N3-14::	5
chr2	104448100	104478100	chr2_104448100	10	30000	0.048735828252703	18	1.17843671815729e-10	13	4.89321762068898e-05	::N-2-25::B3-19::B-3-4::N-2-15::N-2-14::N-3-4::N3-21::B3-21::B-2-14::N-1-6::	5
chr2	117121800	117151800	chr2_117121800	12	30000	0.000530619731497248	13	4.89321762068898e-05	11	0.00531141399783988	::N3-12::B-A05::B-1-7::B3-19::N3-15::N-A02::B-3-4::N-3-4::N-2-23::B-2-23::N3-8::B-1-6::	4
chr2	117157600	117187600	chr2_117157600	15	30000	3.34876145180458e-07	17	1.76939291233884e-09	16	2.50910431260989e-08	::N3-1::B3-1::B-3-4::B-1-6::N-2-23::B-A04::B-2-21::B-A02::B-B05::B-2-25::N-2-27::B-1-7::B3-19::N-3-1::B-3-1::	5
chr2	119582900	119612900	chr2_119582900	11	30000	0.00531141399783988	12	0.000530619731497248	11	0.00531141399783988	::N3-13::B3-7::B-1-6::B-3-1::N-2-15::B-A02::N-A05::B-A05::B3-c-28::B-1-7::N3-11::	6
chr2	121978100	122008100	chr2_121978100	10	30000	0.048735828252703	11	0.00531141399783988	9	0.406531182647055	::B3-12::N-3-4::N-1-6::N3-16::B-3-4::B-A12::N-A12::B3-19::B-2-25::N3-19::	7
chr2	122678400	122708400	chr2_122678400	11	30000	0.00531141399783988	13	4.89321762068898e-05	9	0.406531182647055	::B-B03::N-2-23::B-A10::N3-19::B-1-7::B-2-14::N3-10::N3-13::B3-13::B3-1::B3-10::	3
chr2	126844800	126874800	chr2_126844800	10	30000	0.048735828252703	12	0.000530619731497248	10	0.048735828252703	::B-2-15::B3-c-9::B-1-6::N-2-15::B-B05::N-B05::N-1-7::B3-2-21::N-1-10::B-A05::	7
chr2	152232300	152262300	chr2_152232300	14	30000	4.19006715043201e-06	15	3.34876145180458e-07	14	4.19006715043201e-06	::N-A05::B-A10::B-2-14::N-2-21::B-2-25::B-2-23::B-1-6::B3-7::N3-7::N-1-6::B-2-12::N3-16::N3-13::B3-13::	6
chr2	153372800	153402800	chr2_153372800	12	30000	0.000530619731497248	13	4.89321762068898e-05	11	0.00531141399783988	::N3-14::B-A04::B-A12::N-A12::N3-1::B-3-4::N-2-15::N3-11::N-3-4::N3-12::N-A04::B3-2-21::	8
chr2	154663400	154693400	chr2_154663400	13	30000	4.89321762068898e-05	15	3.34876145180458e-07	11	0.00531141399783988	::B3-21::B3-11::B-2-15::B3-19::N3-19::B-B03::N-A07::N-2-21::B3-8::N3-8::N3-11::N-3-1::B-A02::	11
chr2	154849400	154879400	chr2_154849400	13	30000	4.89321762068898e-05	16	2.50910431260989e-08	11	0.00531141399783988	::N-2-15::B-3-1::N-A05::B-A05::B3-12::N-B05::B-1-6::N-A07::B-A07::B3-2-21::N3-2-21::B3-1::N3-1::	8
chr2	155394300	155424300	chr2_155394300	11	30000	0.00531141399783988	17	1.76939291233884e-09	13	4.89321762068898e-05	::B-1-10::N-3-1::B-A12::B3-21::N-2-27::B-2-27::N-3-4::N3-21::B-3-4::N-A02::B-A04::	6
chr2	156155700	156185700	chr2_156155700	12	30000	0.000530619731497248	12	0.000530619731497248	10	0.048735828252703	::B-1-7::N3-10::N-3-1::B-2-14::N-2-14::B3-7::B-3-4::N3-c-14::B3-c-14::B3-19::B-B05::N-B03::	5
chr2	160688400	160718400	chr2_160688400	11	30000	0.00531141399783988	13	4.89321762068898e-05	11	0.00531141399783988	::B-2-14::N3-21::B3-2::B3-14::B3-19::N3-14::B-2-15::B3-5::B-A04::N-A04::N3-11::	10
chr2	163627800	163657800	chr2_163627800	25	30000	1.73094401623707e-19	31	9.69245645278487e-28	8	3.05198141799759	::B-B05::B-A07::N3-12::N3-21::B-A04::N-3-1::B-3-1::B-2-15::B-1-7::B3-16::B3-1::B3-10::B-2-21::B3-13::B-A10::B-2-27::B-A02::B3-7::B-1-6::B-2-25::B3-4::B-A12::B-A05::B-B03::B-3-4::	9
chr2	165829500	165859500	chr2_165829500	14	30000	4.19006715043201e-06	15	3.34876145180458e-07	8	3.05198141799759	::B-B05::B3-9::N3-9::B3-1-13::B-2-25::B-3-1::B-2-23::B-2-27::B-A07::B3-2-37::N-2-27::N3-1-13::N-A07::B-1-10::	12
chr2	168176500	168206500	chr2_168176500	17	30000	1.76939291233884e-09	23	7.22645489988386e-17	18	1.17843671815729e-10	::N-2-23::N-2-25::N-2-27::B3-7::B-2-23::B-B03::B3-12::B3-19::B-2-25::N3-4::B-1-6::N3-1::B3-11::B-1-4::B-2-15::B-A05::N-A05::	12
chr3	16191300	16221300	chr3_16191300	13	30000	4.89321762068898e-05	14	4.19006715043201e-06	13	4.89321762068898e-05	::B-3-1::N3-19::B3-19::N-2-15::B3-1-13::B-A07::B3-7::B-2-15::B3-11::B3-2::B-2-27::N-2-14::B3-4::	7
chr3	19190800	19220800	chr3_19190800	13	30000	4.89321762068898e-05	14	4.19006715043201e-06	11	0.00531141399783988	::B-2-27::B-B05::N-B05::B3-c-28::B-2-15::N-1-10::N-2-15::B-3-4::N3-4::N3-13::B3-1-13::N-A12::B-A12::	8
chr3	30281100	30311100	chr3_30281100	10	30000	0.048735828252703	11	0.00531141399783988	7	20.3665460874827	::N-A12::N-2-12::N3-16::N3-2-21::N3-9::N3-8::B3-2-21::N-1-6::B-2-25::B-1-6::	3
chr3	32400600	32430600	chr3_32400600	10	30000	0.048735828252703	11	0.00531141399783988	10	0.048735828252703	::N-A05::N-2-23::B-3-1::N-3-1::N3-9::B3-9::B-2-15::B3-c-28::N3-16::N-2-15::	6
chr3	34027100	34057100	chr3_34027100	16	30000	2.50910431260989e-08	16	2.50910431260989e-08	13	4.89321762068898e-05	::B-1-6::N3-2-21::B-B05::B-3-1::B-A07::N-A07::B3-7::B3-12::B-1-7::N-2-23::B-2-21::N3-10::N3-1::N3-1-13::B3-16::B3-1-13::	13
chr3	35771400	35801400	chr3_35771400	11	30000	0.00531141399783988	12	0.000530619731497248	9	0.406531182647055	::N3-13::B3-1::B3-13::N3-4::B3-19::B-B05::N3-1::B-A07::B-2-14::B3-2::N3-12::	3
chr3	51448000	51478000	chr3_51448000	16	30000	2.50910431260989e-08	19	7.43544820620285e-12	16	2.50910431260989e-08	::B3-21::N3-13::B3-19::B-2-25::N-2-25::B-1-6::N-1-6::B-B05::B-2-15::N3-11::N3-19::B-2-21::N-3-1::N3-4::B-3-1::B-2-14::	10
chr3	52068200	52098200	chr3_52068200	10	30000	0.048735828252703	10	0.048735828252703	4	2482.4083061981	::N-1-4::B-2-14::B-1-6::B-B05::N3-10::N3-12::N3-13::B3-10::B3-1::B3-13::	2
chr3	58426400	58456400	chr3_58426400	11	30000	0.00531141399783988	13	4.89321762068898e-05	10	0.048735828252703	::B3-19::B-A12::B3-2-21::B3-1-13::N3-1-13::B-2-14::N-2-15::N3-c-14::B3-c-14::B-1-7::N-B05::	6
chr3	60533900	60563900	chr3_60533900	12	30000	0.000530619731497248	12	0.000530619731497248	10	0.048735828252703	::B-2-27::B-2-23::B-1-7::N-B03::B-B03::B-1-6::B3-11::B-2-14::B3-19::N-1-7::B3-21::N-2-14::	5
chr3	63989200	64019200	chr3_63989200	11	30000	0.00531141399783988	12	0.000530619731497248	9	0.406531182647055	::B-2-15::B-B03::N-B03::N-2-15::B3-1::N3-11::B-1-7::B3-7::N3-1-13::B-2-14::B3-1-13::	6
chr3	69059600	69089600	chr3_69059600	11	30000	0.00531141399783988	13	4.89321762068898e-05	11	0.00531141399783988	::N3-7::N-2-23::B-2-25::B-2-14::N-2-14::B-A10::N-A10::B-A02::B-B03::N-B03::N-2-21::	8
chr3	69095200	69125200	chr3_69095200	13	30000	4.89321762068898e-05	15	3.34876145180458e-07	12	0.000530619731497248	::B-A10::N3-10::B-2-14::B-2-15::B3-1::B3-c-28::N3-15::B3-15::B3-21::N3-21::B3-19::N-2-25::B-2-25::	8
chr3	84527800	84557800	chr3_84527800	13	30000	4.89321762068898e-05	14	4.19006715043201e-06	13	4.89321762068898e-05	::B-2-21::B3-13::N3-10::B-2-12::N-2-15::N3-21::B3-1-13::B-3-4::B3-5::B3-21::B-1-6::N3-9::B3-9::	3
chr3	88692700	88722700	chr3_88692700	10	30000	0.048735828252703	10	0.048735828252703	9	0.406531182647055	::B-A02::N-3-1::N3-c-9::B3-7::B-2-12::N-2-12::B3-12::N-2-23::N-2-25::N-1-10::	4
chr3	90001200	90031200	chr3_90001200	11	30000	0.00531141399783988	11	0.00531141399783988	9	0.406531182647055	::B3-c-28::B-1-10::N-A04::B-A04::N-1-6::B-2-14::B-1-6::N3-12::B3-12::N3-19::B-A10::	5
chr3	90307700	90337700	chr3_90307700	20	30000	4.45688722326103e-13	22	1.38643222714793e-15	17	1.76939291233884e-09	::N3-19::B-2-25::B-2-27::B-2-14::N-B05::B-B05::N3-1-13::B3-5::B3-2-21::B-A07::B3-7::B-A02::N3-8::B-3-4::N-1-6::N-2-27::N3-16::B3-16::B3-1::B3-2::	12
chr3	94841500	94871500	chr3_94841500	14	30000	4.19006715043201e-06	16	2.50910431260989e-08	14	4.19006715043201e-06	::N-2-23::N3-8::N-B05::B3-1::B-2-12::N-2-15::B3-11::N-1-6::B3-16::N3-19::B-3-1::B3-13::B-2-27::B-A07::	6
chr3	96101600	96131600	chr3_96101600	12	30000	0.000530619731497248	13	4.89321762068898e-05	12	0.000530619731497248	::B-2-25::B3-4::N-B05::N-A05::N-A02::N-2-15::B3-1::B-3-4::B3-2-21::N3-4::B-A10::B3-14::	6
chr3	103035900	103065900	chr3_103035900	12	30000	0.000530619731497248	17	1.76939291233884e-09	17	1.76939291233884e-09	::B3-7::B3-1::B3-c-28::B-B05::B-2-15::B-3-4::N-B05::B3-2-21::B-A07::N-1-7::N-2-23::B-1-6::	11
chr3	103315900	103345900	chr3_103315900	17	30000	1.76939291233884e-09	17	1.76939291233884e-09	16	2.50910431260989e-08	::B3-1::N-2-25::B3-12::B-2-23::B-2-15::B-1-6::B-B03::N-B03::N-B05::N-2-15::B-2-21::B3-7::B3-13::B-2-25::B-2-14::B3-10::N-A12::	7
chr3	104456200	104486200	chr3_104456200	11	30000	0.00531141399783988	11	0.00531141399783988	11	0.00531141399783988	::B-A02::N-2-21::B3-2-21::N3-11::N-A07::B-2-21::B-3-4::B3-14::N-2-15::B-1-6::B-2-12::	5
chr3	104826200	104856200	chr3_104826200	10	30000	0.048735828252703	11	0.00531141399783988	9	0.406531182647055	::B-3-1::B-A07::B-B05::N-B03::B-B03::B-A12::N-1-6::B-2-21::N-A12::B-2-15::	4
chr3	107299500	107329500	chr3_107299500	16	30000	2.50910431260989e-08	17	1.76939291233884e-09	14	4.19006715043201e-06	::N3-4::B-2-25::N3-9::B3-9::B3-12::N3-11::N3-13::N3-2::B3-11::N3-2-21::B-1-6::B-2-15::B3-2-21::B-A07::B-3-4::N-2-21::	6
chr3	108110700	108140700	chr3_108110700	10	30000	0.048735828252703	10	0.048735828252703	9	0.406531182647055	::B-B03::B-B05::B-2-14::B-2-25::B3-21::B-2-23::N-1-7::B3-19::N-2-12::B-2-12::	3
chr3	116645700	116675700	chr3_116645700	10	30000	0.048735828252703	11	0.00531141399783988	10	0.048735828252703	::N3-16::B3-2-21::N-B05::N-2-14::B-B05::B-A10::N-A07::B-A07::B3-12::B3-c-28::	3
chr3	121779300	121809300	chr3_121779300	10	30000	0.048735828252703	11	0.00531141399783988	11	0.00531141399783988	::N-A05::N-2-27::B-2-14::B-3-4::B3-10::B3-1-13::B3-13::B3-5::B-2-15::N-2-15::	6
chr3	122547400	122577400	chr3_122547400	11	30000	0.00531141399783988	14	4.19006715043201e-06	12	0.000530619731497248	::N-B05::B3-19::N3-19::B3-4::N3-10::N-2-15::N3-9::B-B05::B-3-4::B-2-25::N-2-25::	6
chr3	129979900	130009900	chr3_129979900	11	30000	0.00531141399783988	11	0.00531141399783988	8	3.05198141799759	::N3-1-13::B3-1-13::B3-2::B-A10::B-B05::N3-10::N-2-23::N-2-25::B3-11::B3-13::B-1-6::	5
chr3	138467000	138497000	chr3_138467000	10	30000	0.048735828252703	11	0.00531141399783988	9	0.406531182647055	::N-3-1::N-1-7::B3-11::B-3-1::B3-7::B-A05::B3-8::N3-8::N-A12::N3-16::	5
chr3	139044100	139074100	chr3_139044100	13	30000	4.89321762068898e-05	14	4.19006715043201e-06	10	0.048735828252703	::B-2-12::N3-15::B3-1-13::N3-1-13::B3-2-21::N3-2-21::B3-5::N-1-7::N-3-1::N-2-15::B-3-1::B3-10::B3-c-28::	10
chr3	152212500	152242500	chr3_152212500	16	30000	2.50910431260989e-08	16	2.50910431260989e-08	11	0.00531141399783988	::N3-c-14::B-B05::N3-16::B3-16::B-2-12::N-2-12::N-1-10::B3-19::N-2-23::N3-12::N-2-25::N-B03::N-1-6::N-A05::B-B03::B3-13::	5
chr3	159883400	159913400	chr3_159883400	11	30000	0.00531141399783988	14	4.19006715043201e-06	9	0.406531182647055	::B3-c-28::B-A07::B3-1-13::N-A07::B3-2-21::N-A02::B-2-21::B-1-7::B-3-1::N-3-1::N3-19::	11
chr4	4762500	4792500	chr4_4762500	11	30000	0.00531141399783988	12	0.000530619731497248	11	0.00531141399783988	::N-2-15::B-2-21::B-A07::N3-13::B-2-25::N-2-25::B-2-15::N-3-4::N3-8::N3-16::B-1-7::	8
chr4	8550000	8580000	chr4_8550000	10	30000	0.048735828252703	12	0.000530619731497248	11	0.00531141399783988	::B3-1-13::B-A02::B-2-23::N-2-23::N3-19::B3-10::B-3-4::N3-16::B3-5::N-2-21::	6
chr4	34839900	34869900	chr4_34839900	10	30000	0.048735828252703	12	0.000530619731497248	11	0.00531141399783988	::B3-7::N3-10::N3-c-28::B-A04::N3-1::B3-1::B3-1-13::N-A05::B-B05::N3-8::	2
chr4	41217900	41247900	chr4_41217900	10	30000	0.048735828252703	11	0.00531141399783988	10	0.048735828252703	::N-3-1::B3-1-13::B-2-14::N3-13::B-B05::N-2-21::N-2-15::B-2-27::B3-11::N3-16::	3
chr4	44834700	44864700	chr4_44834700	11	30000	0.00531141399783988	14	4.19006715043201e-06	12	0.000530619731497248	::B-B05::B-2-27::B-1-7::B3-11::N3-14::B-3-1::N-3-1::B-1-6::B3-19::B-2-14::B3-2-21::	5
chr4	58882500	58912500	chr4_58882500	10	30000	0.048735828252703	12	0.000530619731497248	11	0.00531141399783988	::N-A04::N-A02::B-1-4::N-2-14::B-B05::B-2-15::N-2-15::B3-11::N-1-7::B-3-4::	6
chr4	59510500	59540500	chr4_59510500	11	30000	0.00531141399783988	13	4.89321762068898e-05	12	0.000530619731497248	::B3-1::B3-12::N-A07::B-2-15::B-A07::N-1-6::N3-2::N-1-4::N3-c-14::B-A10::N-A02::	9
chr4	82421400	82451400	chr4_82421400	13	30000	4.89321762068898e-05	13	4.89321762068898e-05	8	3.05198141799759	::B-B03::N-1-7::B-1-7::N3-c-9::N-A12::N-2-21::B3-1-13::B-A07::N3-1-13::N-2-27::B-2-27::N3-16::B3-16::	4
chr4	83428900	83458900	chr4_83428900	10	30000	0.048735828252703	14	4.19006715043201e-06	8	3.05198141799759	::N-A02::B-2-12::N-2-12::B-A07::N3-16::N-2-27::B-2-27::N3-4::B3-4::B3-16::	6
chr4	106905500	106935500	chr4_106905500	13	30000	4.89321762068898e-05	14	4.19006715043201e-06	8	3.05198141799759	::B3-16::N3-9::N-1-6::B3-7::B3-10::B3-1::B3-13::N3-1::N3-19::N3-10::N3-13::N-2-21::N-2-15::	11
chr4	119577200	119607200	chr4_119577200	12	30000	0.000530619731497248	14	4.19006715043201e-06	11	0.00531141399783988	::B-B05::N3-11::N3-2-21::B3-11::N-1-6::B3-5::N3-21::N-3-1::N3-19::B3-19::N-2-14::B-2-23::	5
chr4	120487500	120517500	chr4_120487500	12	30000	0.000530619731497248	12	0.000530619731497248	6	118.921652815957	::B-B05::N3-1::B-3-1::B-A10::B-2-12::N3-13::N3-10::B3-13::B3-1::B3-14::B3-10::B3-2-37::	3
chr4	126172300	126202300	chr4_126172300	11	30000	0.00531141399783988	12	0.000530619731497248	12	0.000530619731497248	::N3-2-21::N3-16::B-2-21::N3-4::B-3-4::B3-10::B-1-7::B-2-14::B-2-15::N-2-15::B-1-6::	6
chr4	126398800	126428800	chr4_126398800	10	30000	0.048735828252703	10	0.048735828252703	9	0.406531182647055	::B-A07::N-2-15::N-A02::N3-13::B3-c-28::B3-9::B3-7::N-B05::B-3-1::B3-15::	3
chr4	129812200	129842200	chr4_129812200	11	30000	0.00531141399783988	12	0.000530619731497248	10	0.048735828252703	::N3-19::B3-13::N3-13::B-A02::B-A07::N-2-15::B-2-15::B-1-6::N-A05::N-2-12::B-3-1::	7
chr4	130731200	130761200	chr4_130731200	12	30000	0.000530619731497248	14	4.19006715043201e-06	11	0.00531141399783988	::N3-16::B-A05::B-3-1::N-3-1::N3-13::B3-13::B-1-6::N-2-15::B3-5::B-A07::B3-7::N3-7::	9
chr4	133144300	133174300	chr4_133144300	11	30000	0.00531141399783988	11	0.00531141399783988	10	0.048735828252703	::B3-2-21::N-2-15::B3-12::N-A02::B-A02::B-2-15::N3-13::N3-1-13::N-B05::B-A10::N-A10::	9
chr4	133375500	133405500	chr4_133375500	11	30000	0.00531141399783988	12	0.000530619731497248	8	3.05198141799759	::N-3-1::B-3-1::B3-8::N-A05::B3-4::B3-16::N3-16::N3-4::N3-2-21::B-3-4::B-2-21::	7
chr4	133706000	133736000	chr4_133706000	12	30000	0.000530619731497248	17	1.76939291233884e-09	15	3.34876145180458e-07	::B-2-15::N3-2-21::B-A10::N-A10::B-A02::B3-7::N3-7::N-2-23::N-2-15::N3-5::B3-12::N-1-10::	12
chr4	135229900	135259900	chr4_135229900	11	30000	0.00531141399783988	14	4.19006715043201e-06	9	0.406531182647055	::B3-13::B3-1::N3-1::N3-13::N-3-1::B-A04::N-A04::B-2-12::N-2-12::B3-7::B3-c-28::	12
chr4	136494800	136524800	chr4_136494800	17	30000	1.76939291233884e-09	19	7.43544820620285e-12	14	4.19006715043201e-06	::N-1-7::B-1-7::B3-1::N3-16::B-3-4::B-2-15::N-2-15::B-2-27::B3-12::N3-8::N3-13::B3-7::B-A10::N3-c-9::N-3-1::N3-4::B3-c-9::	9
chr4	136552900	136582900	chr4_136552900	12	30000	0.000530619731497248	14	4.19006715043201e-06	12	0.000530619731497248	::B-A10::N3-c-14::N3-16::B3-13::N3-13::N-1-7::B-2-23::N-A07::N3-2::B3-2::N-2-12::B-1-7::	6
chr4	137322500	137352500	chr4_137322500	20	30000	4.45688722326103e-13	24	3.60967866580615e-18	20	4.45688722326103e-13	::B3-5::N3-2-21::N3-7::N-1-6::N-2-25::B3-7::B-1-6::B3-c-28::B3-1::B-3-4::B3-21::N-2-15::N3-c-9::B-A12::B3-4::N-A10::B-A10::N3-13::B3-13::N3-4::	7
chr4	152293900	152323900	chr4_152293900	13	30000	4.89321762068898e-05	13	4.89321762068898e-05	5	595.192841425841	::B3-16::B3-4::N3-16::N3-4::N3-21::B3-13::B3-1::B3-10::N3-1::N3-10::N3-13::N-2-25::B-A12::	12
chr4	155494000	155524000	chr4_155494000	20	30000	4.45688722326103e-13	23	7.22645489988386e-17	16	2.50910431260989e-08	::B-A10::B-2-27::B-A07::N3-13::B-2-15::N-2-14::B-2-23::B3-19::N3-19::N3-8::B3-10::N-2-15::B-2-25::N-2-25::N3-10::N3-1::B3-13::B3-1::B-2-14::B3-2-21::	10
chr5	13074100	13104100	chr5_13074100	14	30000	4.19006715043201e-06	14	4.19006715043201e-06	1	34579.681922426	::N-1-7::N-1-4::N3-19::N3-14::N-1-9::N3-5::N3-7::N3-2-37::N-1-10::N-2-15::N-2-23::N-2-21::N3-2::N3-c-28::	0
chr5	21016600	21046600	chr5_21016600	13	30000	4.89321762068898e-05	13	4.89321762068898e-05	11	0.00531141399783988	::N-A12::N-A05::B-3-1::B-3-4::N-3-4::N3-11::N-2-14::B-A02::B-2-25::B-1-6::N-1-6::B3-12::B-2-23::	9
chr5	24801900	24831900	chr5_24801900	10	30000	0.048735828252703	11	0.00531141399783988	10	0.048735828252703	::N3-13::B3-7::N-B05::N-3-4::N-2-27::N-2-14::B-2-25::N3-1-13::B3-c-14::N3-c-14::	6
chr5	25329200	25359200	chr5_25329200	16	30000	2.50910431260989e-08	25	1.73094401623707e-19	17	1.76939291233884e-09	::B3-12::N3-12::B3-14::B-1-6::N3-10::N3-13::B3-13::B3-10::B3-1::B3-7::B-2-15::N3-1::N-2-25::N-2-15::B-2-27::N-3-1::	13
chr5	25371400	25401400	chr5_25371400	12	30000	0.000530619731497248	15	3.34876145180458e-07	12	0.000530619731497248	::B3-1::B3-14::N-2-15::B-1-10::B3-c-9::B-A02::N3-9::N-2-25::B-2-25::B3-9::N3-13::B3-13::	5
chr5	25440500	25470500	chr5_25440500	12	30000	0.000530619731497248	18	1.17843671815729e-10	12	0.000530619731497248	::B-2-15::N-3-1::N-A07::B-A10::B-3-1::B3-5::N3-1::N3-10::N3-13::B3-10::B3-13::N-2-23::	7
chr5	28143100	28173100	chr5_28143100	68	30000	2.63580798741178e-87	152	2.05605487253243e-251	7	20.3665460874827	::N-2-23::N3-14::B3-7::N-2-15::N3-4::N-2-25::N3-16::N3-11::N-3-4::N-2-21::B3-c-28::B-2-21::B-2-12::B-2-15::B3-12::B3-c-9::B3-5::N3-15::B3-14::B3-16::B-2-25::B-A10::N-2-14::N-1-7::N-B03::N-B05::N-1-6::N-1-4::N3-c-14::B-A04::B-2-14::B3-15::B-B03::B3-11::B-B05::B-1-7::B-1-10::B-1-6::B-1-4::B-2-23::B-A02::B3-4::B3-13::B-3-4::B3-2-21::B-3-1::B3-2::B3-19::B-A05::B-2-27::B-A07::N-3-1::N3-5::B3-10::B3-1-13::B3-2-37::N-2-12::N3-12::N3-10::N3-7::N-2-27::N-1-10::N-A02::N-A10::B-A12::N3-13::N-A12::N3-21::	95
chr5	28337600	28367600	chr5_28337600	10	30000	0.048735828252703	10	0.048735828252703	10	0.048735828252703	::B-2-21::N3-9::B3-c-28::N3-4::N3-14::N-2-15::N-3-1::B3-21::B-2-15::N3-12::	5
chr5	32465600	32495600	chr5_32465600	17	30000	1.76939291233884e-09	19	7.43544820620285e-12	15	3.34876145180458e-07	::B-3-1::N-A05::B-A05::N-2-25::B-2-25::B-A07::B3-1-13::B-3-4::N-2-23::N-3-1::B-2-15::N-A12::N3-16::B3-16::B-A10::N3-9::B3-9::	7
chr5	33340800	33370800	chr5_33340800	11	30000	0.00531141399783988	12	0.000530619731497248	12	0.000530619731497248	::N3-13::B-A05::N-A02::B3-7::B-1-7::N-1-10::N3-2-21::N-1-6::B-2-15::B-B05::B-1-6::	5
chr5	34420200	34450200	chr5_34420200	12	30000	0.000530619731497248	16	2.50910431260989e-08	14	4.19006715043201e-06	::N-B03::B-1-7::B-2-14::B-2-21::B-B05::N-B05::N-A12::N-A02::B-3-1::B3-c-9::B-1-6::N-2-12::	7
chr5	53588000	53618000	chr5_53588000	10	30000	0.048735828252703	13	4.89321762068898e-05	12	0.000530619731497248	::N-A02::B3-13::N3-13::B3-19::B3-c-9::B-3-1::B-3-4::B-2-12::N-A10::N-2-21::	8
chr5	65538900	65568900	chr5_65538900	14	30000	4.19006715043201e-06	16	2.50910431260989e-08	15	3.34876145180458e-07	::N-3-1::N-2-21::B3-7::B-A10::B3-2-21::B-2-15::N-2-15::B-A02::B-3-1::B-B05::N3-c-14::B3-13::B-A07::B-2-21::	7
chr5	65592200	65622200	chr5_65592200	11	30000	0.00531141399783988	14	4.19006715043201e-06	13	4.89321762068898e-05	::N-2-15::B3-2-21::N-1-6::B-1-10::B3-c-14::N3-c-14::B-1-6::N3-2-21::B3-c-28::B3-12::B-2-21::	11
chr5	65645900	65675900	chr5_65645900	13	30000	4.89321762068898e-05	17	1.76939291233884e-09	14	4.19006715043201e-06	::N3-13::B3-2-21::N3-2-21::N-1-6::B-B05::N-1-10::B-2-15::B3-14::N3-14::B-2-23::B-1-6::N-B05::B-A05::	8
chr5	74563800	74593800	chr5_74563800	10	30000	0.048735828252703	10	0.048735828252703	8	3.05198141799759	::B-A10::B3-1::N3-16::B3-12::B-A02::B-B03::N-B03::B-1-6::N3-19::N-2-23::	8
chr5	90334200	90364200	chr5_90334200	12	30000	0.000530619731497248	17	1.76939291233884e-09	16	2.50910431260989e-08	::B3-7::B-A02::B-1-6::B3-19::N3-19::B-1-7::B3-12::N3-c-14::N-1-6::N-A02::N-2-25::B-A10::	8
chr5	92050200	92080200	chr5_92050200	12	30000	0.000530619731497248	12	0.000530619731497248	12	0.000530619731497248	::N3-11::B-2-21::B3-19::B3-9::B-2-15::N-2-15::B-1-6::B-A10::N3-16::N-2-21::N3-1::B-3-1::	5
chr5	99950600	99980600	chr5_99950600	20	30000	4.45688722326103e-13	21	2.5442913293437e-14	15	3.34876145180458e-07	::B-2-25::B-2-15::N-A04::N-A02::B-A02::N-2-15::N3-13::B-B05::N-B05::B3-1-13::B3-14::B3-1::B3-13::B3-10::N3-1::N3-10::B3-5::N-A05::N3-4::B-2-21::	12
chr5	103480800	103510800	chr5_103480800	10	30000	0.048735828252703	10	0.048735828252703	9	0.406531182647055	::N-A12::B-3-1::N-B05::B-B05::B-A02::N-2-15::N-B03::B-1-7::B-3-4::N3-1-13::	2
chr5	103782300	103812300	chr5_103782300	13	30000	4.89321762068898e-05	14	4.19006715043201e-06	11	0.00531141399783988	::B3-c-28::B-2-21::B-2-15::B3-12::B3-5::B-A07::N-A07::B-1-6::N-2-23::N-B05::B-1-7::N-1-7::N-1-6::	9
chr5	106660100	106690100	chr5_106660100	10	30000	0.048735828252703	12	0.000530619731497248	10	0.048735828252703	::B-B05::N3-5::B3-c-9::B-A12::N3-7::B-2-23::B3-11::N-3-1::B-3-1::B-3-4::	5
chr5	108463000	108493000	chr5_108463000	13	30000	4.89321762068898e-05	17	1.76939291233884e-09	14	4.19006715043201e-06	::B-2-23::B-1-6::B-2-12::N-2-12::B-A10::B-2-14::B3-12::B-A05::B-2-15::N-2-23::B3-1-13::B-A07::N-2-15::	9
chr5	110684900	110714900	chr5_110684900	10	30000	0.048735828252703	12	0.000530619731497248	10	0.048735828252703	::B-2-15::B3-12::N-2-21::N-1-6::N-2-15::B-2-27::B-A10::B3-c-28::B-1-6::B-3-1::	8
chr5	110731900	110761900	chr5_110731900	13	30000	4.89321762068898e-05	13	4.89321762068898e-05	12	0.000530619731497248	::B3-c-28::N3-16::B3-8::N3-8::N3-2::B3-14::B-2-23::B-A10::N-2-23::B3-7::N-B05::B3-2-21::B3-1::	10
chr5	113085400	113115400	chr5_113085400	10	30000	0.048735828252703	10	0.048735828252703	5	595.192841425841	::B-A07::B-3-1::N-3-1::N3-16::N3-4::B3-4::B3-16::B3-7::B-A04::N-2-25::	4
chr5	115013300	115043300	chr5_115013300	12	30000	0.000530619731497248	12	0.000530619731497248	11	0.00531141399783988	::B3-10::N3-10::B3-5::B-A05::N-1-6::B3-1::N-A04::N3-13::B3-13::B3-2-21::B3-12::N3-c-9::	8
chr5	117285100	117315100	chr5_117285100	10	30000	0.048735828252703	10	0.048735828252703	3	8282.82945597105	::B-A05::B-A12::N-1-9::N-2-15::N-2-21::N3-2::N-1-10::N-2-27::N-1-4::N3-2-37::	9
chr5	135211600	135241600	chr5_135211600	11	30000	0.00531141399783988	11	0.00531141399783988	10	0.048735828252703	::N3-2-21::B-3-1::B-2-23::N3-15::B3-15::N-2-23::B3-2-21::B-2-21::N-B03::B-2-14::B3-7::	2
chr5	135691800	135721800	chr5_135691800	11	30000	0.00531141399783988	11	0.00531141399783988	9	0.406531182647055	::B-2-14::N-A02::N-1-7::B-1-7::B-A10::B3-19::B3-13::B-2-15::N-1-4::N-A05::B-A05::	4
chr5	135902000	135932000	chr5_135902000	10	30000	0.048735828252703	10	0.048735828252703	8	3.05198141799759	::N-2-15::N-2-21::B3-11::N-2-27::B-2-12::N-2-12::B3-15::N3-15::B3-7::B3-14::	7
chr5	146241600	146271600	chr5_146241600	11	30000	0.00531141399783988	11	0.00531141399783988	9	0.406531182647055	::B3-5::N3-7::B3-7::B3-14::B-2-23::B3-2::B-3-4::N-2-15::B3-c-28::B-B03::N-B03::	4
chr5	147437100	147467100	chr5_147437100	12	30000	0.000530619731497248	15	3.34876145180458e-07	12	0.000530619731497248	::B3-19::N3-19::N3-2::B-A05::N3-4::N3-c-14::B3-5::B-B03::B-1-7::N-2-23::B-2-23::N-1-7::	5
chr6	17641000	17671000	chr6_17641000	18	30000	1.17843671815729e-10	27	3.54368316322464e-22	24	3.60967866580615e-18	::B3-2-21::B-2-27::B3-c-14::N3-c-14::B3-13::B-A02::B3-12::B3-8::N3-2-21::B-1-6::B-2-25::N-B03::B-1-10::B-3-4::B-2-21::N-A10::B-A10::N-2-15::	11
chr6	28683800	28713800	chr6_28683800	10	30000	0.048735828252703	10	0.048735828252703	10	0.048735828252703	::B-2-21::B-A07::B-A10::B-3-4::B3-2-21::N-B05::N-2-21::B-1-7::B3-5::B3-1::	4
chr6	31407200	31437200	chr6_31407200	11	30000	0.00531141399783988	13	4.89321762068898e-05	13	4.89321762068898e-05	::N-B03::B3-1-13::B-A10::N-2-15::B3-11::B3-19::B3-1::B-A02::B3-2::B3-2-21::B3-7::	5
chr6	35074100	35104100	chr6_35074100	10	30000	0.048735828252703	12	0.000530619731497248	12	0.000530619731497248	::B3-12::B-1-6::B-B05::B3-19::B3-11::N-A07::N-2-25::B-2-25::B3-c-9::N3-19::	7
chr6	38577800	38607800	chr6_38577800	11	30000	0.00531141399783988	12	0.000530619731497248	10	0.048735828252703	::N3-2-21::B-2-14::N-A12::N-B03::N3-1::B3-1::N3-11::B3-13::B3-7::N3-13::N-A04::	6
chr6	38842600	38872600	chr6_38842600	13	30000	4.89321762068898e-05	15	3.34876145180458e-07	14	4.19006715043201e-06	::N-A05::B-2-15::N-2-25::N-2-23::B-2-23::B-2-14::N3-19::B-2-25::N-2-15::B-B03::N-2-21::N3-1::B-1-6::	8
chr6	47487100	47517100	chr6_47487100	14	30000	4.19006715043201e-06	14	4.19006715043201e-06	13	4.89321762068898e-05	::B3-15::B3-1::B3-12::B3-14::B3-7::N-3-4::B-2-12::N3-2-21::B-2-21::N-1-7::B-B03::N-B03::N3-13::B-A02::	5
chr6	47557000	47587000	chr6_47557000	10	30000	0.048735828252703	13	4.89321762068898e-05	9	0.406531182647055	::N-1-6::B-A07::B-2-25::N-2-15::N3-c-9::B3-c-14::B3-c-9::B-B05::B-2-15::N3-16::	6
chr6	49243400	49273400	chr6_49243400	15	30000	3.34876145180458e-07	16	2.50910431260989e-08	12	0.000530619731497248	::B-2-14::B3-7::B-2-25::N-3-4::N-1-6::N3-8::B-1-7::N3-1::B-A12::N-A12::B-2-15::N3-11::B3-11::B-2-23::B-1-6::	6
chr6	51456400	51486400	chr6_51456400	13	30000	4.89321762068898e-05	14	4.19006715043201e-06	8	3.05198141799759	::B-2-23::N3-9::B3-9::B-1-10::N-2-15::B3-16::B3-4::B-A02::N3-16::N3-4::N3-1-13::B3-1-13::B-A07::	6
chr6	52715300	52745300	chr6_52715300	10	30000	0.048735828252703	13	4.89321762068898e-05	13	4.89321762068898e-05	::N-A05::B-2-15::B-2-21::N-2-14::N-3-1::N3-1-13::B3-c-28::B-B03::N-1-6::B-2-27::	8
chr6	65062200	65092200	chr6_65062200	10	30000	0.048735828252703	13	4.89321762068898e-05	8	3.05198141799759	::B-3-4::N3-1::B-1-10::B3-1::N-1-6::B3-19::B-2-23::B3-21::N3-21::N-3-4::	9
chr6	67268800	67298800	chr6_67268800	15	30000	3.34876145180458e-07	15	3.34876145180458e-07	14	4.19006715043201e-06	::B-2-21::N-2-21::N-2-15::B-2-15::B-2-12::B3-2::B-B05::N3-10::B3-10::B3-12::N-1-6::N-1-10::N3-13::B-1-7::B3-13::	6
chr6	71878200	71908200	chr6_71878200	13	30000	4.89321762068898e-05	14	4.19006715043201e-06	12	0.000530619731497248	::B-2-15::B3-13::B-A12::N-1-6::B-1-7::N3-10::N3-1-13::B-1-4::N-1-4::N3-16::B3-7::B3-2::B3-1::	5
chr6	72862300	72892300	chr6_72862300	14	30000	4.19006715043201e-06	14	4.19006715043201e-06	13	4.89321762068898e-05	::N3-12::B-A10::B-B05::N3-7::B3-14::N3-13::N-A02::B-1-10::B3-19::N-2-23::B-2-21::B3-10::B3-7::B3-13::	3
chr6	83928400	83958400	chr6_83928400	14	30000	4.19006715043201e-06	15	3.34876145180458e-07	12	0.000530619731497248	::B-1-6::B-2-15::B3-4::N3-4::B-3-4::N3-2-21::B-1-7::B-A12::B-A02::B3-11::B-2-25::N-2-27::N-2-21::N3-16::	7
chr6	86865800	86895800	chr6_86865800	10	30000	0.048735828252703	10	0.048735828252703	9	0.406531182647055	::B-1-10::B3-9::N3-9::B-A05::N-2-15::N3-13::B3-c-9::B-1-7::B3-5::B3-4::	7
chr6	88006400	88036400	chr6_88006400	13	30000	4.89321762068898e-05	14	4.19006715043201e-06	13	4.89321762068898e-05	::N-A04::N3-11::N-1-6::N3-1::B-2-15::B3-c-28::B3-7::N-2-14::B-1-6::B3-13::N-2-15::B-B05::B-B03::	7
chr6	100835000	100865000	chr6_100835000	10	30000	0.048735828252703	11	0.00531141399783988	9	0.406531182647055	::B-1-6::B-2-15::N-3-1::N-B05::N3-19::N-2-21::B3-11::N-1-6::N-2-15::B-3-4::	5
chr6	103628500	103658500	chr6_103628500	18	30000	1.17843671815729e-10	23	7.22645489988386e-17	5	595.192841425841	::N3-8::B3-c-28::N-2-14::N-3-1::N3-13::N-2-12::N3-10::N3-16::N-A05::N3-1-13::N-2-21::N-B05::N-1-7::N-2-15::N-A12::N3-11::N-A02::B3-1::	15
chr6	108796300	108826300	chr6_108796300	10	30000	0.048735828252703	10	0.048735828252703	8	3.05198141799759	::B-A12::N-1-6::B3-2::B-2-15::B3-1-13::N-2-15::N-B03::B-B03::N3-1::B-2-27::	6
chr6	113079700	113109700	chr6_113079700	16	30000	2.50910431260989e-08	17	1.76939291233884e-09	15	3.34876145180458e-07	::N-1-6::B3-c-9::N3-c-9::B-2-12::B-1-6::N3-16::B3-1::B3-c-14::N3-c-14::N-2-15::B-2-21::B-2-15::N3-10::B-A12::B-A07::B3-c-28::	13
chr6	113113500	113143500	chr6_113113500	16	30000	2.50910431260989e-08	19	7.43544820620285e-12	16	2.50910431260989e-08	::B-2-23::B-1-6::N-1-4::B-A05::B-A12::B3-c-28::B-2-27::N-2-27::N-2-25::N3-13::N-1-7::B-B05::B3-2::B-2-21::N3-11::N3-16::	10
chr6	115647100	115677100	chr6_115647100	13	30000	4.89321762068898e-05	13	4.89321762068898e-05	12	0.000530619731497248	::B3-21::N3-11::N-A12::B-3-1::B3-19::N3-13::B3-2-21::N-B05::B-B05::B-1-6::B3-1::N-A10::N-2-14::	5
chr6	119979600	120009600	chr6_119979600	17	30000	1.76939291233884e-09	19	7.43544820620285e-12	14	4.19006715043201e-06	::B-A12::B-B05::B3-7::N-2-21::B-2-21::B3-13::N-2-23::N-2-15::N3-4::B-2-12::N-2-12::B-2-14::N-2-14::B3-8::N3-11::N-B05::B-A07::	10
chr6	120409700	120439700	chr6_120409700	10	30000	0.048735828252703	11	0.00531141399783988	8	3.05198141799759	::B3-7::N-A02::B3-1-13::B-A02::N-2-12::B-2-12::N3-10::N-B05::N-2-14::B-2-14::	2
chr6	134145200	134175200	chr6_134145200	10	30000	0.048735828252703	12	0.000530619731497248	9	0.406531182647055	::N-B03::B-B05::N-3-1::B-3-1::B-A05::B-2-15::N3-9::N-2-25::B-2-25::B-B03::	4
chr6	134534500	134564500	chr6_134534500	13	30000	4.89321762068898e-05	14	4.19006715043201e-06	12	0.000530619731497248	::B3-5::N-A02::B3-12::B-1-7::N-2-12::B-2-12::B3-19::N3-16::B3-1::B-1-6::N3-c-9::N-2-23::B-2-23::	5
chr6	134743500	134773500	chr6_134743500	11	30000	0.00531141399783988	11	0.00531141399783988	8	3.05198141799759	::B-2-14::N3-11::B3-4::N3-4::N-B03::B-B03::N3-9::B3-9::B-1-7::B-2-15::B3-2::	4
chr6	136585100	136615100	chr6_136585100	11	30000	0.00531141399783988	11	0.00531141399783988	6	118.921652815957	::B-2-15::B3-19::B-2-12::N-2-12::B3-21::B-3-4::N3-21::N-3-4::B3-1::N3-1::N3-13::	8
chr7	65331900	65361900	chr7_65331900	11	30000	0.00531141399783988	11	0.00531141399783988	9	0.406531182647055	::B-2-23::B3-11::B-A05::N-2-12::B-2-12::B-1-6::N3-16::B3-2-37::N-A12::B-1-7::N-1-7::	8
chr7	80724100	80754100	chr7_80724100	10	30000	0.048735828252703	13	4.89321762068898e-05	8	3.05198141799759	::B3-19::B3-13::N3-16::B-3-4::N3-13::B-A02::N3-1-13::N-A07::B3-1-13::B-A07::	4
chr7	90126200	90156200	chr7_90126200	11	30000	0.00531141399783988	14	4.19006715043201e-06	10	0.048735828252703	::B3-1-13::N3-11::B3-8::B3-11::N-1-4::B-A02::B-2-23::B3-c-9::N-2-25::N3-8::N3-16::	7
chr7	90164600	90194600	chr7_90164600	14	30000	4.19006715043201e-06	21	2.5442913293437e-14	10	0.048735828252703	::B3-7::N-3-1::B-A02::B-3-1::N-A02::N-2-21::B-2-21::B3-13::B3-10::N3-13::N3-10::N3-1::B3-2-21::N-1-6::	9
chr7	97600500	97630500	chr7_97600500	11	30000	0.00531141399783988	11	0.00531141399783988	10	0.048735828252703	::N3-9::B-A04::B-2-12::N-2-27::B3-8::N3-8::N3-11::N3-7::B3-7::B-A05::N-1-10::	7
chr7	112033900	112063900	chr7_112033900	12	30000	0.000530619731497248	13	4.89321762068898e-05	11	0.00531141399783988	::B-B05::N3-21::B-1-7::B3-13::N-B03::B-B03::B3-1-13::N-2-25::B-A04::B3-8::B-2-14::B3-1::	6
chr7	112075400	112105400	chr7_112075400	10	30000	0.048735828252703	10	0.048735828252703	10	0.048735828252703	::B-1-10::B-2-27::N-A02::B3-13::B3-1-13::N3-7::N3-4::B3-12::N-2-21::N-2-27::	6
chr7	113553700	113583700	chr7_113553700	11	30000	0.00531141399783988	11	0.00531141399783988	8	3.05198141799759	::B3-c-28::B-2-23::B3-5::N-3-4::N3-21::B-3-4::B3-21::N-2-21::B-A02::B3-1-13::B-A05::	4
chr7	118199100	118229100	chr7_118199100	14	30000	4.19006715043201e-06	14	4.19006715043201e-06	13	4.89321762068898e-05	::B-2-14::N-2-14::B-3-4::B3-7::B-A05::B3-16::N3-11::B-1-10::N3-16::N3-5::N3-13::N-3-1::N-3-4::B-2-27::	5
chr7	121641700	121671700	chr7_121641700	10	30000	0.048735828252703	10	0.048735828252703	8	3.05198141799759	::N-3-4::N3-5::N3-4::N-A02::N3-13::B-A04::B-B05::B-2-27::N-2-27::B3-1-13::	7
chr7	121811000	121841000	chr7_121811000	32	30000	3.63110132439576e-29	34	4.65108724964592e-32	5	595.192841425841	::B-2-25::B-3-1::N-3-1::N3-9::B3-9::N-2-12::N-2-21::N3-4::N-A10::N-2-25::N-1-6::N-2-15::N3-16::N-2-14::N-B05::N-2-27::N-A02::N-1-9::N3-11::N3-21::N-A12::N-1-7::N-A07::N3-2-21::N-A05::N3-2::N-A04::N-3-4::N3-19::N3-5::N-2-23::N3-14::	30
chr7	130867500	130897500	chr7_130867500	10	30000	0.048735828252703	10	0.048735828252703	8	3.05198141799759	::N3-13::B-1-6::N-2-23::B-B05::B-A07::B3-5::N-2-25::B3-8::N3-8::N3-11::	6
chr7	136389300	136419300	chr7_136389300	44	30000	3.16712074422638e-47	44	3.16712074422638e-47	2	20727.4313895323	::N3-1::N-A02::N-2-12::N-A05::N3-4::N-2-14::N3-13::N-2-27::N-2-25::N3-9::N-B05::N3-5::N-2-23::N3-8::N-B03::N-A10::N3-1-13::N-3-4::N3-19::N-A07::N-3-1::N3-11::N3-2-21::N3-10::N-2-15::N3-16::N-1-6::N3-2-37::N-2-21::N-A12::N-A04::N-1-10::N3-c-28::N-1-4::N3-21::N3-2::N-1-7::N3-7::N3-c-9::N3-12::N3-c-14::N3-15::N3-14::B-A10::	44
chr8	4288100	4318100	chr8_4288100	14	30000	4.19006715043201e-06	19	7.43544820620285e-12	17	1.76939291233884e-09	::N-1-6::B-1-6::B-3-4::N3-19::N-A05::N-2-15::B-B03::N3-1::B3-1::N3-13::B-2-12::N3-4::N3-2-21::B3-12::	9
chr8	8665500	8695500	chr8_8665500	14	30000	4.19006715043201e-06	15	3.34876145180458e-07	12	0.000530619731497248	::N3-21::B-A12::B-1-6::B-2-14::B3-7::B3-8::B3-11::N3-16::B3-1::B3-2-21::B-2-23::N-3-1::B3-c-9::N-2-23::	7
chr8	22866000	22896000	chr8_22866000	10	30000	0.048735828252703	11	0.00531141399783988	8	3.05198141799759	::B-2-25::N-2-25::B3-1::N3-1::B3-12::B-2-23::B3-21::B3-c-9::N3-c-9::B-A10::	7
chr8	26045800	26075800	chr8_26045800	10	30000	0.048735828252703	11	0.00531141399783988	10	0.048735828252703	::B-1-7::B3-c-28::N3-4::B3-15::N3-15::B-3-1::B-2-14::N-2-15::B3-13::B3-2-21::	7
chr8	36112100	36142100	chr8_36112100	11	30000	0.00531141399783988	11	0.00531141399783988	9	0.406531182647055	::N3-16::B-A12::B-2-14::B-2-15::N3-21::B-3-4::B3-21::B-3-1::B-A05::N-2-15::N3-10::	2
chr8	45667000	45697000	chr8_45667000	12	30000	0.000530619731497248	12	0.000530619731497248	8	3.05198141799759	::B-2-15::N-1-10::N3-1-13::N-A07::B-A07::B3-1-13::B-2-27::B-3-1::N-1-6::N3-9::B3-9::N3-12::	3
chr8	61229300	61259300	chr8_61229300	10	30000	0.048735828252703	10	0.048735828252703	7	20.3665460874827	::N3-1-13::B3-1-13::B3-19::N-A02::B3-11::N3-16::B-A12::N-A12::N3-15::B3-15::	4
chr8	79644900	79674900	chr8_79644900	10	30000	0.048735828252703	14	4.19006715043201e-06	13	4.89321762068898e-05	::B-2-12::B-2-23::N3-7::B3-10::B-3-4::N-2-15::N-3-4::B3-5::B-B05::B-A10::	9
chr8	80696900	80726900	chr8_80696900	15	30000	3.34876145180458e-07	18	1.17843671815729e-10	16	2.50910431260989e-08	::N3-19::B3-19::B-1-6::N3-4::B3-11::B3-2-21::N3-10::N3-12::N-2-15::N-B03::N3-13::B-3-1::B3-7::B3-15::B-2-23::	7
chr8	80816600	80846600	chr8_80816600	12	30000	0.000530619731497248	13	4.89321762068898e-05	6	118.921652815957	::N3-9::N-B05::N3-10::N3-15::B3-2-37::B3-15::B-1-6::N3-1::N3-13::B3-13::B3-10::B3-1::	4
chr8	83173500	83203500	chr8_83173500	10	30000	0.048735828252703	10	0.048735828252703	6	118.921652815957	::B-1-7::N-2-21::N3-7::N3-11::N-1-10::N3-2-37::N3-16::N3-4::B3-16::B3-4::	2
chr8	85263500	85293500	chr8_85263500	10	30000	0.048735828252703	17	1.76939291233884e-09	15	3.34876145180458e-07	::N3-2-21::B3-2-21::B-2-25::B-B05::B-A04::B-2-23::N3-11::B3-1::N-1-6::B-1-10::	7
chr8	95756300	95786300	chr8_95756300	14	30000	4.19006715043201e-06	20	4.45688722326103e-13	16	2.50910431260989e-08	::N-A05::B3-19::B3-4::N-B05::B-B05::N3-4::B-A07::N-A07::B3-16::B-1-6::N3-16::N-2-15::N-2-25::B3-1-13::	13
chr8	105185500	105215500	chr8_105185500	12	30000	0.000530619731497248	15	3.34876145180458e-07	12	0.000530619731497248	::B3-2-21::B-2-15::N-A05::B-A05::N3-c-9::B3-c-9::N3-10::B-2-14::B-A02::N-A02::B3-1::N3-4::	3
chr8	105631000	105661000	chr8_105631000	10	30000	0.048735828252703	10	0.048735828252703	8	3.05198141799759	::B-2-25::B3-c-9::N3-19::B3-19::B3-2::N-2-25::N3-7::B3-1::N3-13::B3-13::	3
chr8	105856700	105886700	chr8_105856700	10	30000	0.048735828252703	11	0.00531141399783988	10	0.048735828252703	::B-3-4::B-1-6::B-2-15::B-A12::B3-c-9::B-A07::B-A10::B3-1-13::N3-1-13::B-1-7::	6
chr8	106936900	106966900	chr8_106936900	14	30000	4.19006715043201e-06	14	4.19006715043201e-06	10	0.048735828252703	::B3-1::N3-1::N-1-4::N3-5::B-1-7::N-2-23::N3-9::B3-9::B-A12::B-2-15::N-2-25::B-2-12::N-2-12::N3-10::	9
chr8	107321100	107351100	chr8_107321100	11	30000	0.00531141399783988	11	0.00531141399783988	7	20.3665460874827	::B-A10::B-2-14::B3-4::B3-16::N3-16::N3-4::N3-13::B3-2-21::B3-7::B-B03::N-B03::	8
chr8	109782700	109812700	chr8_109782700	18	30000	1.17843671815729e-10	26	7.98112589667361e-21	17	1.76939291233884e-09	::B-1-6::N3-19::B-2-21::B-2-14::N-2-14::N-1-6::B3-19::B-A02::N3-8::N3-11::B3-8::B3-11::B-2-15::N-2-25::B3-12::B-1-4::B-1-7::N-1-7::	12
chr8	109833400	109863400	chr8_109833400	14	30000	4.19006715043201e-06	16	2.50910431260989e-08	11	0.00531141399783988	::N3-14::B-B05::B-3-1::N-2-15::N-2-21::N-1-4::N-1-9::B3-11::B3-c-14::N3-c-14::N-A04::B-A07::N-2-14::B-2-25::	6
chr8	111540800	111570800	chr8_111540800	13	30000	4.89321762068898e-05	13	4.89321762068898e-05	9	0.406531182647055	::N-1-10::B3-13::N-2-15::N3-16::N3-4::B3-16::B3-4::B-2-25::B3-7::N-2-21::B3-11::B-B03::B-A07::	7
chr8	122940400	122970400	chr8_122940400	10	30000	0.048735828252703	10	0.048735828252703	9	0.406531182647055	::B3-7::B-B05::N-2-14::B3-15::N-A05::B-B03::N-A02::B-A02::B3-1::B-3-1::	3
chr9	7183800	7213800	chr9_7183800	11	30000	0.00531141399783988	16	2.50910431260989e-08	10	0.048735828252703	::B-3-4::N-1-6::B-2-12::B-B03::N-A02::N-B03::N-2-12::N-3-4::B-2-23::B-2-14::B-1-7::	10
chr9	13791700	13821700	chr9_13791700	12	30000	0.000530619731497248	12	0.000530619731497248	9	0.406531182647055	::B3-c-9::N-B05::N3-1::N-2-27::B-1-7::N-2-25::B3-10::N3-10::N-1-6::B-1-6::B3-4::N3-4::	8
chr9	21634100	21664100	chr9_21634100	11	30000	0.00531141399783988	11	0.00531141399783988	11	0.00531141399783988	::B-1-6::N3-16::N-A05::B3-13::B-A02::B-2-14::B3-19::B-1-10::B3-2-21::N-A04::N-2-12::	4
chr9	35305300	35335300	chr9_35305300	14	30000	4.19006715043201e-06	14	4.19006715043201e-06	5	595.192841425841	::B3-1::N-2-21::N3-10::N3-8::N3-1::N-2-14::N3-19::N3-4::B-1-6::B3-12::N3-2-21::N3-15::B-2-15::N-A12::	8
chr9	50601200	50631200	chr9_50601200	10	30000	0.048735828252703	10	0.048735828252703	7	20.3665460874827	::N3-13::N-A02::B-A02::N3-1::B3-1::B3-2-21::N3-c-14::N-1-6::N3-16::N3-4::	3
chr9	59398700	59428700	chr9_59398700	10	30000	0.048735828252703	10	0.048735828252703	9	0.406531182647055	::N-A02::B3-14::N3-14::B-3-1::N3-13::B-2-14::N-A07::N-2-14::N-1-4::B3-15::	8
chr9	65051200	65081200	chr9_65051200	11	30000	0.00531141399783988	15	3.34876145180458e-07	11	0.00531141399783988	::N-1-10::B-B05::N3-16::B-1-10::B3-21::N-B05::B-2-15::N3-21::B-3-4::B3-9::N3-9::	12
chr9	70430700	70460700	chr9_70430700	11	30000	0.00531141399783988	15	3.34876145180458e-07	10	0.048735828252703	::N-1-6::N3-1::N3-4::B3-13::B-A07::N-2-15::B-A05::B3-1-13::N3-1-13::N-A07::B-B05::	8
chr9	70682100	70712100	chr9_70682100	11	30000	0.00531141399783988	12	0.000530619731497248	12	0.000530619731497248	::N-2-15::N-2-25::B-1-10::N3-19::B3-c-28::N3-13::N3-9::B-A02::B3-2-21::B3-7::N-2-21::	10
chr9	72039900	72069900	chr9_72039900	13	30000	4.89321762068898e-05	16	2.50910431260989e-08	12	0.000530619731497248	::N-A12::B-2-21::B3-2-21::N3-13::N-2-25::B-2-25::N-A05::B3-11::B-A05::B3-1-13::N3-1-13::B-1-6::N-1-6::	9
chr9	75039500	75069500	chr9_75039500	13	30000	4.89321762068898e-05	14	4.19006715043201e-06	12	0.000530619731497248	::N-2-15::B3-c-28::B-A07::B-B05::N-B05::B3-5::B-2-25::B-A02::B-A04::N-3-1::N3-11::B3-12::B-1-6::	7
chr9	82898700	82928700	chr9_82898700	11	30000	0.00531141399783988	12	0.000530619731497248	12	0.000530619731497248	::N-2-15::N-B03::B-2-15::B-1-6::B3-14::N-1-10::N3-19::N3-13::N-B05::B-1-7::N3-16::	9
chr9	88449200	88479200	chr9_88449200	14	30000	4.19006715043201e-06	14	4.19006715043201e-06	12	0.000530619731497248	::B-2-27::B-2-23::N3-2-21::B-2-14::N3-1::N-B05::B-B05::B3-8::B-A10::B-A02::B-1-10::B-2-12::N-1-6::N-2-21::	7
chr9	100498900	100528900	chr9_100498900	14	30000	4.19006715043201e-06	15	3.34876145180458e-07	11	0.00531141399783988	::N-A10::B3-19::N3-13::N-A02::B-A02::N3-8::B3-9::N-2-14::N3-9::N-1-7::B-1-6::B-A10::N-A07::B-A07::	7
chr9	103340100	103370100	chr9_103340100	12	30000	0.000530619731497248	12	0.000530619731497248	11	0.00531141399783988	::N3-1-13::B-1-6::B-3-1::B-2-23::B-A05::N3-4::N3-1::B-B05::N-2-23::B3-c-28::B-A04::N-2-21::	6
chr9	107738000	107768000	chr9_107738000	14	30000	4.19006715043201e-06	15	3.34876145180458e-07	13	4.89321762068898e-05	::B3-13::B-A04::N-2-25::B-2-25::B-2-23::N-2-21::N3-11::B3-11::N3-4::B-A05::B-B03::N-A07::B-1-7::B3-5::	9
chr9	107791300	107821300	chr9_107791300	11	30000	0.00531141399783988	13	4.89321762068898e-05	10	0.048735828252703	::B3-16::B-2-15::N3-7::N3-4::B3-4::N-A12::B-A12::N-2-15::B-2-21::N3-1::B3-1::	5
chr9	107842600	107872600	chr9_107842600	13	30000	4.89321762068898e-05	14	4.19006715043201e-06	12	0.000530619731497248	::B3-11::N-1-6::N-2-21::N-A02::B-A02::N3-13::B-A07::N3-16::N3-11::B-2-15::B-2-25::B-1-7::N-1-7::	8
chr9	108621200	108651200	chr9_108621200	13	30000	4.89321762068898e-05	14	4.19006715043201e-06	11	0.00531141399783988	::B3-c-9::N3-4::B3-4::N3-10::B3-21::B-2-23::N-2-23::B-A07::B-3-1::N-B03::B-1-7::N-1-7::N3-c-9::	8
chr9	110536700	110566700	chr9_110536700	23	30000	7.22645489988386e-17	27	3.54368316322464e-22	23	7.22645489988386e-17	::N-A12::N3-12::B3-14::B-3-4::B-1-7::B3-4::B-2-12::N-2-12::N-B05::B3-12::B-B05::N3-1::N-2-14::B-2-14::B-1-6::B-2-15::N-2-23::B-2-23::B3-19::B3-7::B-1-4::B-2-25::N-3-1::	10
chr9	113939000	113969000	chr9_113939000	10	30000	0.048735828252703	13	4.89321762068898e-05	13	4.89321762068898e-05	::N-1-6::B-A10::N3-4::B-1-6::N-B05::B3-4::B-A07::B-B05::B3-11::B-2-14::	5
chr9	115283500	115313500	chr9_115283500	10	30000	0.048735828252703	11	0.00531141399783988	10	0.048735828252703	::B3-7::B-2-25::N-B03::B3-19::N-3-1::N-A12::B3-4::N3-4::N-A07::N3-13::	5
chr9	120932500	120962500	chr9_120932500	10	30000	0.048735828252703	15	3.34876145180458e-07	9	0.406531182647055	::B-B05::N3-1-13::N-A07::B3-1-13::B-A07::N3-4::B-3-4::B3-13::B-2-12::B-2-23::	8
chr9	122121000	122151000	chr9_122121000	10	30000	0.048735828252703	10	0.048735828252703	10	0.048735828252703	::B3-7::B-2-25::B-B03::B-1-6::B3-10::N-2-27::B-2-21::B-A04::N3-1-13::B-B05::	7
chrUn_GL456366	5100	35100	chrUn_GL456366_5100	12	30000	0.000530619731497248	14	4.19006715043201e-06	13	4.89321762068898e-05	::B3-12::B3-19::B-2-25::N3-8::B3-11::B-A10::B-1-6::N3-2-21::B-2-15::B-3-4::N3-13::B3-c-14::	6
chrUn_GL456383	15000	45000	chrUn_GL456383_15000	10	30000	0.048735828252703	10	0.048735828252703	7	20.3665460874827	::B3-11::N3-2-21::B-2-15::B-3-4::N3-13::B3-c-14::N3-9::N-1-10::N3-1::N-A12::	6
chrUn_GL456389	800	30800	chrUn_GL456389_800	20	30000	4.45688722326103e-13	24	3.60967866580615e-18	12	0.000530619731497248	::N-3-1::N-2-21::B-2-14::N3-16::N-1-10::N3-13::N3-10::N3-19::N-2-15::N3-1::N3-4::N3-5::N-2-25::B-1-4::N3-11::B-A10::B-1-7::N-A12::N3-9::B-A04::	9
chrUn_GL456392	400	30400	chrUn_GL456392_400	14	30000	4.19006715043201e-06	18	1.17843671815729e-10	11	0.00531141399783988	::N-2-15::N3-1::B-A10::N3-4::N3-16::N-A02::N-1-7::N3-10::N-2-23::N3-13::N-3-1::N-A05::B3-12::B-2-14::	12
chrUn_GL456393	200	30200	chrUn_GL456393_200	34	30000	4.65108724964592e-32	45	8.43736029416012e-49	35	1.5930922684604e-33	::B3-11::N-2-23::N-B03::N3-1::N3-8::N-A05::N-2-25::N3-10::N-A04::N3-21::N3-1-13::N3-19::N-3-4::N3-14::N3-2-21::N-2-15::B3-14::B-1-10::B-1-7::B3-7::N3-4::N-2-21::N-B05::N3-16::B3-15::N3-13::B-1-6::B-B05::B-2-21::B-3-1::N-1-7::B-A07::N3-c-28::B-A12::	25
chrUn_GL456394	1000	31000	chrUn_GL456394_1000	23	30000	7.22645489988386e-17	29	6.27202573223461e-25	28	1.51722972129695e-23	::B3-14::B-1-10::B-1-7::B3-7::N3-4::N-2-21::N3-19::N-B05::N3-16::B3-15::N3-13::N-2-23::B-1-6::B-B05::B-2-21::N3-1::N-2-15::B-3-1::N-1-7::B-A07::N3-c-28::B-A12::N3-2-21::	13
chrUn_GL456396	5600	35600	chrUn_GL456396_5600	23	30000	7.22645489988386e-17	28	1.51722972129695e-23	27	3.54368316322464e-22	::B3-14::B-1-10::B-1-7::B3-7::N3-4::N-2-21::N3-19::N-B05::N3-16::B3-15::N3-13::N-2-23::B-1-6::B-B05::B-2-21::N3-1::N-2-15::B-3-1::N-1-7::B-A07::N3-c-28::B-A12::N3-2-21::	11
chrUn_JH584304	6500	36500	chrUn_JH584304_6500	15	30000	3.34876145180458e-07	19	7.43544820620285e-12	18	1.17843671815729e-10	::B3-15::N3-13::N-2-23::B-1-6::B-B05::B-2-21::N3-1::N3-16::N-2-15::B-3-1::N-1-7::B-A07::N3-c-28::B-A12::N3-2-21::	9
chrX	7843600	7873600	chrX_7843600	11	30000	0.00531141399783988	11	0.00531141399783988	10	0.048735828252703	::B-3-4::B-A07::B-2-27::N-2-27::B-B05::N-2-25::B3-13::B3-21::B-A10::B-3-1::N3-4::	5
chrX	18205200	18235200	chrX_18205200	19	30000	7.43544820620285e-12	25	1.73094401623707e-19	17	1.76939291233884e-09	::B-2-14::B3-19::B3-12::B-A05::B-A10::B-1-6::B3-7::N3-7::B3-5::N3-c-9::B3-c-9::B3-1-13::B3-2::N-A02::B-A02::N-2-15::B-2-23::B3-1::N3-c-14::	11
chrX	18244200	18274200	chrX_18244200	13	30000	4.89321762068898e-05	16	2.50910431260989e-08	12	0.000530619731497248	::B-2-15::B3-2::N-3-1::N3-12::B3-7::N-A02::B-A02::B-A07::N-A04::B-3-1::N-A05::B-A05::B-1-7::	5
