chr10	42783200	42822200	chr10_42783200	6	39000	0.0492895160596165	9	4.67967282263126e-06	7	0.00255635014064649	::B3-12::N3-18::B3-18::B3-15::B3-4::N3-4::	4
chr10	123134500	123173500	chr10_123134500	6	39000	0.0492895160596165	9	4.67967282263126e-06	6	0.0492895160596165	::N3-c-28::N3-16::B3-16::B3-4::N3-4::B3-2-2::	8
chr11	3185300	3224300	chr11_3185300	7	39000	0.00255635014064649	8	0.000116009665817561	8	0.000116009665817561	::N3-2-2::B3-c-9::B3-12::N3-18::B3-14::N3-9::N3-17::	4
chr11	3661300	3700300	chr11_3661300	6	39000	0.0492895160596165	6	0.0492895160596165	5	0.814595450452919	::B3-12::B3-c-9::B3-18::N3-18::B3-c-14::B3-c-10::	4
chr11	23324200	23363200	chr11_23324200	7	39000	0.00255635014064649	8	0.000116009665817561	6	0.0492895160596165	::B3-17::N3-16::N3-17::B3-c-14::N3-c-14::B3-c-10::B3-18::	5
chr11	23376300	23415300	chr11_23376300	6	39000	0.0492895160596165	11	5.60725690067478e-09	9	4.67967282263126e-06	::B3-2-2::N3-c-9::B3-17::N3-2-2::N3-15::N3-17::	6
chr11	59672800	59711800	chr11_59672800	6	39000	0.0492895160596165	6	0.0492895160596165	5	0.814595450452919	::N3-4::B3-c-14::N3-c-14::N3-16::B3-2-2::N3-12::	5
chr11	76775600	76814600	chr11_76775600	6	39000	0.0492895160596165	6	0.0492895160596165	4	11.2188453202367	::N3-4::B3-c-14::B3-14::B3-c-28::B3-c-9::N3-18::	6
chr11	86278200	86317200	chr11_86278200	6	39000	0.0492895160596165	6	0.0492895160596165	5	0.814595450452919	::N3-16::B3-2-2::B3-15::N3-15::N3-c-10::B3-4::	4
chr11	107608800	107647800	chr11_107608800	6	39000	0.0492895160596165	7	0.00255635014064649	5	0.814595450452919	::N3-4::B3-17::B3-4::B3-18::N3-18::N3-17::	6
chr12	56830700	56869700	chr12_56830700	6	39000	0.0492895160596165	6	0.0492895160596165	4	11.2188453202367	::B3-12::B3-2-7::N3-2-7::N3-c-9::N3-18::B3-18::	3
chr13	17697500	17736500	chr13_17697500	6	39000	0.0492895160596165	8	0.000116009665817561	6	0.0492895160596165	::B3-12::B3-14::N3-14::B3-2-2::N3-c-32::N3-18::	6
chr13	37871300	37910300	chr13_37871300	6	39000	0.0492895160596165	6	0.0492895160596165	3	123.607358965157	::B3-c-28::N3-12::B3-4::B3-16::N3-16::N3-4::	4
chr13	44884900	44923900	chr13_44884900	7	39000	0.00255635014064649	7	0.00255635014064649	6	0.0492895160596165	::B3-2-2::N3-18::B3-14::B3-9::N3-9::B3-17::N3-16::	4
chr13	85214900	85253900	chr13_85214900	6	39000	0.0492895160596165	7	0.00255635014064649	5	0.814595450452919	::B3-2-7::N3-2-7::B3-17::B3-c-10::B3-15::N3-15::	5
chr14	19416100	19455100	chr14_19416100	9	39000	4.67967282263126e-06	13	4.73754670356158e-12	11	5.60725690067478e-09	::N3-18::B3-2-2::N3-17::N3-16::N3-12::B3-17::N3-15::N3-9::N3-2-7::	8
chr14	73253900	73292900	chr14_73253900	8	39000	0.000116009665817561	9	4.67967282263126e-06	7	0.00255635014064649	::B3-12::B3-c-14::N3-2-7::N3-9::B3-9::B3-c-10::N3-c-10::B3-c-9::	6
chr14	121286900	121325900	chr14_121286900	6	39000	0.0492895160596165	6	0.0492895160596165	5	0.814595450452919	::B3-12::N3-17::N3-2-2::B3-9::N3-9::B3-c-28::	4
chr15	81580000	81619000	chr15_81580000	7	39000	0.00255635014064649	8	0.000116009665817561	5	0.814595450452919	::N3-9::B3-15::B3-9::B3-2-7::N3-2-7::N3-c-9::B3-2-2::	3
chr16	33398700	33437700	chr16_33398700	7	39000	0.00255635014064649	9	4.67967282263126e-06	6	0.0492895160596165	::N3-16::B3-16::B3-c-28::B3-14::B3-17::N3-4::B3-4::	3
chr16	44138100	44177100	chr16_44138100	6	39000	0.0492895160596165	6	0.0492895160596165	5	0.814595450452919	::B3-12::N3-9::N3-16::B3-14::N3-4::B3-4::	1
chr16	90069200	90108200	chr16_90069200	6	39000	0.0492895160596165	7	0.00255635014064649	4	11.2188453202367	::N3-16::N3-2-7::N3-4::B3-16::B3-4::N3-18::	1
chr17	3203500	3242500	chr17_3203500	6	39000	0.0492895160596165	6	0.0492895160596165	5	0.814595450452919	::B3-18::N3-16::B3-2-2::N3-17::B3-17::N3-9::	2
chr17	30072100	30111100	chr17_30072100	7	39000	0.00255635014064649	7	0.00255635014064649	6	0.0492895160596165	::N3-18::N3-16::N3-9::B3-9::B3-12::B3-c-28::B3-2-2::	3
chr17	32224500	32263500	chr17_32224500	6	39000	0.0492895160596165	6	0.0492895160596165	6	0.0492895160596165	::B3-c-28::B3-17::B3-15::N3-16::N3-12::N3-4::	2
chr17	47174500	47213500	chr17_47174500	6	39000	0.0492895160596165	6	0.0492895160596165	6	0.0492895160596165	::B3-14::B3-2-2::B3-17::B3-12::N3-14::N3-17::	2
chr18	5052700	5091700	chr18_5052700	8	39000	0.000116009665817561	8	0.000116009665817561	6	0.0492895160596165	::N3-2-7::B3-17::N3-14::B3-14::B3-15::N3-c-28::B3-c-28::B3-9::	3
chr18	7895700	7934700	chr18_7895700	6	39000	0.0492895160596165	6	0.0492895160596165	4	11.2188453202367	::B3-12::N3-15::B3-15::B3-17::B3-4::N3-4::	4
chr18	35120600	35159600	chr18_35120600	6	39000	0.0492895160596165	6	0.0492895160596165	4	11.2188453202367	::N3-17::B3-17::B3-4::B3-c-28::N3-18::B3-18::	1
chr18	35774000	35813000	chr18_35774000	6	39000	0.0492895160596165	7	0.00255635014064649	5	0.814595450452919	::N3-c-28::N3-2-7::B3-2-7::B3-12::N3-16::B3-16::	2
chr18	49906800	49945800	chr18_49906800	6	39000	0.0492895160596165	6	0.0492895160596165	5	0.814595450452919	::N3-16::B3-c-28::N3-18::N3-2-7::B3-2-7::N3-c-28::	0
chr19	24391800	24430800	chr19_24391800	6	39000	0.0492895160596165	6	0.0492895160596165	3	123.607358965157	::B3-2-2::N3-4::N3-16::B3-16::B3-4::N3-9::	1
chr2	38810100	38849100	chr2_38810100	6	39000	0.0492895160596165	7	0.00255635014064649	6	0.0492895160596165	::N3-2-2::N3-4::N3-17::B3-17::N3-9::B3-9::	1
chr2	58440100	58479100	chr2_58440100	6	39000	0.0492895160596165	6	0.0492895160596165	6	0.0492895160596165	::B3-2-7::B3-16::N3-17::N3-18::N3-c-14::B3-15::	4
chr2	98662200	98701200	chr2_98662200	20	39000	1.00798942073528e-23	100	1.64695935352431e-198	22	2.87568721832091e-27	::N3-2-2::N3-16::N3-14::N3-9::N3-2-7::N3-18::N3-17::N3-4::N3-c-14::N3-15::B3-12::N3-12::N3-c-9::B3-2-7::B3-17::B3-2-2::B3-c-28::N3-c-10::B3-9::B3-14::	48
chr2	121959600	121998600	chr2_121959600	6	39000	0.0492895160596165	9	4.67967282263126e-06	7	0.00255635014064649	::B3-c-10::N3-c-10::B3-18::N3-18::B3-12::N3-16::	6
chr3	69088700	69127700	chr3_69088700	7	39000	0.00255635014064649	7	0.00255635014064649	6	0.0492895160596165	::B3-c-10::N3-4::B3-c-28::N3-2-2::N3-15::B3-15::N3-18::	3
chr3	107299500	107338500	chr3_107299500	8	39000	0.000116009665817561	9	4.67967282263126e-06	7	0.00255635014064649	::N3-4::N3-9::B3-9::B3-12::N3-17::N3-2-7::B3-2-2::N3-2-2::	4
chr3	135441100	135480100	chr3_135441100	7	39000	0.00255635014064649	8	0.000116009665817561	5	0.814595450452919	::N3-4::B3-16::B3-4::N3-17::N3-16::B3-18::N3-18::	5
chr4	131806200	131845200	chr4_131806200	6	39000	0.0492895160596165	6	0.0492895160596165	2	1021.41388580212	::N3-c-9::N3-4::N3-16::B3-16::B3-4::B3-9::	1
chr4	136489400	136528400	chr4_136489400	6	39000	0.0492895160596165	6	0.0492895160596165	4	11.2188453202367	::N3-18::N3-16::B3-12::N3-c-9::N3-4::B3-c-9::	1
chr5	25361100	25400100	chr5_25361100	9	39000	4.67967282263126e-06	18	2.90610915118664e-20	13	4.73754670356158e-12	::B3-2-7::B3-12::N3-2-7::B3-14::N3-2-2::B3-c-9::B3-18::N3-9::B3-9::	11
chr5	28146800	28185800	chr5_28146800	20	39000	1.00798942073528e-23	41	4.211065305651e-64	6	0.0492895160596165	::N3-14::N3-4::N3-2-2::N3-16::B3-c-28::B3-12::B3-c-9::N3-15::B3-14::B3-16::N3-c-14::B3-15::B3-4::B3-2-2::B3-17::B3-18::N3-12::N3-18::B3-c-10::B3-2-7::	28
chr5	28338900	28377900	chr5_28338900	6	39000	0.0492895160596165	6	0.0492895160596165	6	0.0492895160596165	::N3-9::B3-c-28::N3-4::N3-14::N3-12::B3-18::	1
chr5	32490200	32529200	chr5_32490200	7	39000	0.00255635014064649	8	0.000116009665817561	6	0.0492895160596165	::N3-16::B3-16::N3-9::B3-9::B3-18::B3-14::N3-17::	2
chr5	113106400	113145400	chr5_113106400	6	39000	0.0492895160596165	7	0.00255635014064649	2	1021.41388580212	::B3-17::N3-17::N3-16::N3-4::B3-4::B3-16::	2
chr5	135207100	135246100	chr5_135207100	6	39000	0.0492895160596165	6	0.0492895160596165	4	11.2188453202367	::N3-2-7::N3-15::B3-15::N3-17::B3-17::N3-2-2::	0
chr6	51458200	51497200	chr6_51458200	7	39000	0.00255635014064649	8	0.000116009665817561	4	11.2188453202367	::N3-9::B3-9::B3-18::B3-16::B3-4::N3-16::N3-4::	5
chr6	83934400	83973400	chr6_83934400	6	39000	0.0492895160596165	6	0.0492895160596165	5	0.814595450452919	::B3-4::N3-4::N3-2-7::B3-17::N3-16::B3-c-28::	3
chr6	85591600	85630600	chr6_85591600	6	39000	0.0492895160596165	7	0.00255635014064649	6	0.0492895160596165	::N3-2-2::B3-c-9::B3-17::N3-2-7::B3-2-7::N3-4::	2
chr7	121827000	121866000	chr7_121827000	9	39000	4.67967282263126e-06	10	1.6989449814623e-07	2	1021.41388580212	::N3-9::B3-9::N3-4::N3-16::N3-2-7::N3-c-10::N3-17::N3-14::N3-18::	8
chr7	122093500	122132500	chr7_122093500	6	39000	0.0492895160596165	6	0.0492895160596165	4	11.2188453202367	::B3-c-28::N3-9::B3-14::B3-9::N3-16::N3-17::	3
chr7	136389300	136428300	chr7_136389300	15	39000	2.97345834063651e-15	15	2.97345834063651e-15	1	5626.88357092329	::N3-c-10::N3-4::N3-17::N3-9::N3-2-7::N3-2-2::N3-16::N3-c-32::N3-c-28::N3-c-9::N3-18::N3-12::N3-c-14::N3-15::N3-14::	15
chr8	26037500	26076500	chr8_26037500	6	39000	0.0492895160596165	7	0.00255635014064649	6	0.0492895160596165	::B3-17::B3-18::B3-c-28::N3-4::B3-15::N3-15::	5
chr8	95763900	95802900	chr8_95763900	6	39000	0.0492895160596165	9	4.67967282263126e-06	6	0.0492895160596165	::B3-4::N3-4::B3-16::N3-16::B3-18::B3-c-10::	5
chr8	107295500	107334500	chr8_107295500	6	39000	0.0492895160596165	6	0.0492895160596165	3	123.607358965157	::B3-14::N3-15::B3-4::B3-16::N3-16::N3-4::	5
chr8	109828700	109867700	chr8_109828700	8	39000	0.000116009665817561	8	0.000116009665817561	6	0.0492895160596165	::B3-c-10::N3-14::B3-c-32::B3-2-7::B3-c-14::N3-c-14::B3-18::B3-17::	4
chr8	111559600	111598600	chr8_111559600	6	39000	0.0492895160596165	6	0.0492895160596165	3	123.607358965157	::N3-16::N3-4::B3-16::B3-4::N3-17::B3-17::	1
chr9	3002200	3041200	chr9_3002200	10	39000	1.6989449814623e-07	17	1.44085607792108e-18	8	0.000116009665817561	::N3-18::N3-16::N3-9::N3-2-7::N3-17::N3-2-2::B3-c-28::B3-17::N3-15::N3-c-28::	7
chr9	32084400	32123400	chr9_32084400	7	39000	0.00255635014064649	7	0.00255635014064649	6	0.0492895160596165	::B3-c-28::N3-18::B3-18::B3-2-2::B3-16::N3-17::N3-16::	4
chr9	65705100	65744100	chr9_65705100	6	39000	0.0492895160596165	8	0.000116009665817561	5	0.814595450452919	::B3-17::N3-17::B3-12::B3-18::N3-18::B3-15::	5
chr9	72070200	72109200	chr9_72070200	6	39000	0.0492895160596165	6	0.0492895160596165	5	0.814595450452919	::B3-c-10::N3-17::B3-18::N3-9::B3-2-2::B3-c-28::	4
chr9	107833400	107872400	chr9_107833400	6	39000	0.0492895160596165	7	0.00255635014064649	5	0.814595450452919	::B3-2-2::B3-17::N3-17::N3-16::B3-18::N3-18::	6
chrUn_GL456366	5100	44100	chrUn_GL456366_5100	11	39000	5.60725690067478e-09	12	1.69641862658659e-10	8	0.000116009665817561	::B3-12::B3-18::B3-c-14::N3-9::B3-2-2::N3-16::N3-18::N3-2-2::N3-17::N3-4::N3-2-7::	4
chrUn_GL456385	10200	49200	chrUn_GL456385_10200	7	39000	0.00255635014064649	7	0.00255635014064649	3	123.607358965157	::B3-2-2::N3-16::N3-18::N3-2-2::N3-17::N3-4::N3-2-7::	0
chrUn_GL456385	10200	49200	chrUn_GL456385_10200	7	39000	0.00255635014064649	7	0.00255635014064649	3	123.607358965157	::B3-2-2::N3-16::N3-18::N3-2-2::N3-17::N3-4::N3-2-7::	0
chrUn_GL456389	10400	49400	chrUn_GL456389_10400	6	39000	0.0492895160596165	6	0.0492895160596165	2	1021.41388580212	::N3-16::N3-18::N3-2-2::N3-17::N3-4::N3-2-7::	0
chrUn_GL456390	0	39000	chrUn_GL456390_0	15	39000	2.97345834063651e-15	26	1.39233746718728e-34	22	2.87568721832091e-27	::B3-18::N3-9::N3-2-7::N3-4::N3-2-2::N3-16::N3-17::B3-12::N3-18::N3-14::B3-14::B3-2-7::B3-15::B3-17::N3-c-28::	15
chrUn_GL456394	1000	40000	chrUn_GL456394_1000	7	39000	0.00255635014064649	11	5.60725690067478e-09	11	5.60725690067478e-09	::B3-14::B3-2-7::N3-4::N3-16::B3-15::B3-17::N3-c-28::	7
chrUn_GL456396	5600	44600	chrUn_GL456396_5600	7	39000	0.00255635014064649	9	4.67967282263126e-06	9	4.67967282263126e-06	::B3-14::B3-2-7::N3-4::N3-16::B3-15::B3-17::N3-c-28::	5
chrX	18201400	18240400	chrX_18201400	9	39000	4.67967282263126e-06	14	1.22853997666772e-13	10	1.6989449814623e-07	::B3-15::N3-2-7::B3-2-7::B3-12::B3-17::N3-c-9::B3-c-9::N3-c-14::N3-17::	5
