chr10	7764100	7805100	chr10_7764100	8	41000	0.0446868668781778	9	0.00366168086745009	8	0.0446868668781778	::B3-2-21::B3-2-22::B3-1-15::N3-10::N3-1-2::B3-4::N3-9::B3-9::	4
chr10	13829700	13870700	chr10_13829700	8	41000	0.0446868668781778	8	0.0446868668781778	6	4.60131266193854	::B3-10::N3-2-21::B3-2-2::N3-2-2::N3-2-7::N3-1-5::B3-2-36::N3-2-36::	7
chr10	29138700	29179700	chr10_29138700	9	41000	0.00366168086745009	9	0.00366168086745009	7	0.484760024741458	::N3-1-11::N3-18::B3-18::N3-1-2::B3-10::B3-2-21::B3-2-36::N3-2-36::B3-1::	4
chr10	108172200	108213200	chr10_108172200	9	41000	0.00366168086745009	10	0.000270037193040218	9	0.00366168086745009	::B3-1::N3-1-5::B3-1-15::N3-1-15::N3-9::N3-1::B3-1-2::B3-2-22::B3-1-3::	6
chr10	116534700	116575700	chr10_116534700	9	41000	0.00366168086745009	10	0.000270037193040218	7	0.484760024741458	::N3-4::N3-1-11::B3-1-11::B3-1-13::N3-2-21::B3-1-5::B3-1::B3-2-2::B3-4::	6
chr10	123153600	123194600	chr10_123153600	8	41000	0.0446868668781778	9	0.00366168086745009	8	0.0446868668781778	::B3-2-2::B3-4::B3-2-22::N3-2-22::N3-1-3::N3-1-15::B3-1-15::N3-1-5::	5
chr11	3100400	3141400	chr11_3100400	8	41000	0.0446868668781778	8	0.0446868668781778	4	253.814723413918	::N3-9::N3-8::N3-1-2::N3-10::N3-1-3::N3-18::B3-10::B3-21::	2
chr11	3185300	3226300	chr11_3185300	9	41000	0.00366168086745009	12	1.11259176738502e-06	11	1.81039771983237e-05	::N3-2-2::B3-8::N3-18::N3-1-3::B3-14::N3-9::N3-10::B3-2-36::B3-1-13::	3
chr11	52364400	52405400	chr11_52364400	8	41000	0.0446868668781778	8	0.0446868668781778	6	4.60131266193854	::B3-1::B3-10::N3-10::B3-21::N3-2-36::B3-8::N3-8::B3-1-11::	6
chr11	69597100	69638100	chr11_69597100	10	41000	0.000270037193040218	10	0.000270037193040218	9	0.00366168086745009	::N3-1-11::N3-10::B3-2-21::N3-1-2::B3-1-2::B3-1-13::B3-2-2::N3-1::B3-2-36::B3-2-22::	6
chr11	74678500	74719500	chr11_74678500	8	41000	0.0446868668781778	10	0.000270037193040218	8	0.0446868668781778	::B3-1-15::B3-8::B3-1-2::N3-4::B3-2-2::N3-1-5::B3-1-5::N3-1-2::	5
chr11	79486300	79527300	chr11_79486300	11	41000	1.81039771983237e-05	13	6.31154355987016e-08	10	0.000270037193040218	::B3-1-11::B3-1-3::B3-21::N3-21::B3-18::B3-2-36::B3-1-13::N3-2-21::B3-2-21::B3-14::B3-2-2::	5
chr11	86322800	86363800	chr11_86322800	11	41000	1.81039771983237e-05	13	6.31154355987016e-08	9	0.00366168086745009	::B3-10::N3-4::B3-4::B3-1-5::B3-9::N3-9::N3-10::N3-1-11::B3-1-11::N3-1-3::B3-1-3::	4
chr11	104346800	104387800	chr11_104346800	8	41000	0.0446868668781778	8	0.0446868668781778	8	0.0446868668781778	::N3-4::N3-1-2::B3-2-22::B3-2-21::N3-2-21::N3-10::B3-2-2::N3-18::	1
chr11	108241800	108282800	chr11_108241800	9	41000	0.00366168086745009	10	0.000270037193040218	4	253.814723413918	::N3-1-5::B3-1-2::N3-2-36::N3-10::N3-2-7::N3-9::N3-21::N3-1::N3-4::	1
chr12	83638000	83679000	chr12_83638000	9	41000	0.00366168086745009	11	1.81039771983237e-05	9	0.00366168086745009	::B3-1-13::N3-1-5::N3-2-36::B3-1-2::B3-1-11::N3-1-11::N3-1-15::N3-10::B3-2-36::	9
chr13	3543500	3584500	chr13_3543500	8	41000	0.0446868668781778	8	0.0446868668781778	8	0.0446868668781778	::B3-1::B3-18::N3-1-3::B3-1-3::B3-10::B3-1-15::N3-2-21::N3-10::	2
chr13	14096600	14137600	chr13_14096600	8	41000	0.0446868668781778	8	0.0446868668781778	7	0.484760024741458	::N3-18::B3-1-13::N3-8::N3-2-36::B3-2-36::B3-1::B3-2-22::N3-1-2::	2
chr13	43436400	43477400	chr13_43436400	8	41000	0.0446868668781778	8	0.0446868668781778	6	4.60131266193854	::N3-2-21::N3-1-2::N3-1-15::B3-8::N3-8::B3-1-3::B3-4::N3-4::	8
chr13	94600200	94641200	chr13_94600200	8	41000	0.0446868668781778	8	0.0446868668781778	1	15187.9364241938	::N3-8::N3-18::N3-1-5::N3-2-36::N3-21::N3-2-2::N3-4::N3-1::	8
chr13	106979600	107020600	chr13_106979600	8	41000	0.0446868668781778	10	0.000270037193040218	8	0.0446868668781778	::B3-1-3::N3-1-3::B3-1-15::B3-2-21::N3-2-21::B3-2-2::B3-2-36::N3-1-5::	4
chr14	19415800	19456800	chr14_19415800	16	41000	7.53399953292385e-12	33	1.02468905224072e-37	19	5.19732462778464e-16	::N3-1-3::N3-2-36::B3-2-36::N3-1-15::N3-18::N3-1-5::N3-2-22::B3-2-2::N3-1-11::N3-8::N3-10::N3-1::N3-1-13::N3-2-21::N3-9::N3-2-7::	21
chr15	43240500	43281500	chr15_43240500	14	41000	3.32468605920646e-09	15	1.63456606162997e-10	12	1.11259176738502e-06	::N3-2-21::N3-10::B3-2-37::B3-21::N3-21::B3-1::N3-9::B3-9::B3-18::B3-2-22::N3-2-36::B3-8::N3-2-22::B3-2-21::	8
chr16	8694700	8735700	chr16_8694700	8	41000	0.0446868668781778	9	0.00366168086745009	7	0.484760024741458	::B3-2-36::B3-18::B3-4::B3-2-22::B3-2-37::N3-2-22::N3-18::B3-2-2::	8
chr16	17454600	17495600	chr16_17454600	10	41000	0.000270037193040218	13	6.31154355987016e-08	11	1.81039771983237e-05	::N3-1::B3-1::N3-8::B3-1-3::N3-2-21::N3-2-36::B3-8::B3-2-22::N3-2-22::B3-10::	7
chr16	44122300	44163300	chr16_44122300	10	41000	0.000270037193040218	10	0.000270037193040218	8	0.0446868668781778	::B3-21::N3-9::B3-1::B3-1-2::B3-2-22::N3-2-22::B3-14::N3-4::B3-4::B3-10::	7
chr16	94593400	94634400	chr16_94593400	8	41000	0.0446868668781778	9	0.00366168086745009	7	0.484760024741458	::B3-2-36::N3-1::N3-2-22::N3-1-5::B3-2-2::N3-2-2::N3-9::B3-9::	5
chr17	3104200	3145200	chr17_3104200	8	41000	0.0446868668781778	8	0.0446868668781778	7	0.484760024741458	::N3-1-15::B3-2-2::N3-4::B3-8::N3-2-21::B3-1-3::N3-1-3::N3-1-5::	7
chr17	30072100	30113100	chr17_30072100	8	41000	0.0446868668781778	8	0.0446868668781778	7	0.484760024741458	::N3-18::B3-1-11::N3-1::N3-9::B3-9::B3-2-2::B3-1-3::B3-2-7::	3
chr17	32249400	32290400	chr17_32249400	9	41000	0.00366168086745009	11	1.81039771983237e-05	7	0.484760024741458	::B3-1-13::B3-1-2::N3-1-2::N3-4::N3-1-5::B3-10::B3-1::B3-2-37::N3-10::	8
chr18	3005100	3046100	chr18_3005100	10	41000	0.000270037193040218	10	0.000270037193040218	5	37.4360398647756	::B3-8::B3-2-2::B3-1::B3-2-36::B3-1-3::B3-2-22::N3-2-36::N3-10::N3-1::B3-1-15::	7
chr18	34257200	34298200	chr18_34257200	11	41000	1.81039771983237e-05	15	1.63456606162997e-10	13	6.31154355987016e-08	::B3-2-22::N3-1-13::N3-8::B3-8::N3-1-5::B3-2-36::N3-1-11::B3-1-13::N3-21::N3-4::B3-1::	6
chr19	7300700	7341700	chr19_7300700	11	41000	1.81039771983237e-05	13	6.31154355987016e-08	12	1.11259176738502e-06	::N3-1-5::B3-1-3::B3-2-37::N3-2-36::B3-1-5::N3-1-13::N3-2-22::B3-2-22::N3-10::N3-14::B3-1::	8
chr2	23165600	23206600	chr2_23165600	8	41000	0.0446868668781778	8	0.0446868668781778	6	4.60131266193854	::N3-2-36::B3-9::N3-9::N3-8::B3-1-11::B3-1::B3-4::N3-4::	8
chr2	35174000	35215000	chr2_35174000	8	41000	0.0446868668781778	10	0.000270037193040218	10	0.000270037193040218	::B3-18::N3-2-36::N3-1-3::B3-2-36::B3-2-22::N3-4::B3-1-5::N3-1-2::	4
chr2	37377800	37418800	chr2_37377800	9	41000	0.00366168086745009	11	1.81039771983237e-05	9	0.00366168086745009	::B3-14::B3-2-36::N3-2-36::N3-1-3::B3-1::B3-2-22::N3-18::B3-8::N3-10::	9
chr2	49459000	49500000	chr2_49459000	8	41000	0.0446868668781778	10	0.000270037193040218	10	0.000270037193040218	::N3-8::N3-2-22::B3-1::B3-2-21::B3-18::N3-2-7::B3-2-22::N3-1-3::	5
chr2	70771600	70812600	chr2_70771600	8	41000	0.0446868668781778	8	0.0446868668781778	8	0.0446868668781778	::N3-18::B3-4::B3-18::N3-2-21::B3-1::N3-10::B3-1-11::N3-1-5::	5
chr2	78880000	78921000	chr2_78880000	10	41000	0.000270037193040218	15	1.63456606162997e-10	10	0.000270037193040218	::B3-21::N3-9::N3-2-36::B3-1-5::N3-1::N3-1-5::B3-2-21::N3-21::N3-1-15::B3-2-36::	7
chr2	98662200	98703200	chr2_98662200	34	41000	2.22257422384607e-39	201	0	24	2.22271748413509e-23	::N3-2-36::N3-2-2::N3-14::N3-9::N3-10::N3-1-13::N3-8::N3-2-7::N3-1-11::N3-18::N3-1::N3-1-15::N3-4::N3-2-21::N3-1-3::N3-21::N3-1-5::N3-2-22::N3-1-2::B3-1-11::B3-1-13::B3-1::B3-2-7::B3-2-2::B3-1-2::B3-10::B3-8::B3-1-3::B3-2-22::B3-1-5::B3-9::B3-1-15::B3-14::B3-2-36::	96
chr2	154835900	154876900	chr2_154835900	9	41000	0.00366168086745009	9	0.00366168086745009	7	0.484760024741458	::B3-2-7::B3-14::N3-2-22::N3-1-5::N3-1-11::B3-2-21::N3-2-21::B3-1::N3-1::	7
chr2	160694400	160735400	chr2_160694400	9	41000	0.00366168086745009	13	6.31154355987016e-08	11	1.81039771983237e-05	::N3-21::B3-1-11::B3-14::B3-2-36::N3-14::B3-2-2::B3-1-5::N3-2-2::B3-21::	10
chr2	161077800	161118800	chr2_161077800	8	41000	0.0446868668781778	9	0.00366168086745009	7	0.484760024741458	::N3-10::B3-9::N3-9::B3-1-11::N3-1-11::N3-1-5::B3-1-13::B3-8::	7
chr2	163635900	163676900	chr2_163635900	8	41000	0.0446868668781778	8	0.0446868668781778	3	1376.68223571478	::N3-21::B3-2-7::B3-1::B3-10::B3-1-2::B3-4::B3-2-2::B3-1-3::	1
chr3	69090500	69131500	chr3_69090500	8	41000	0.0446868668781778	9	0.00366168086745009	8	0.0446868668781778	::N3-4::N3-10::B3-1-3::B3-1::N3-2-2::B3-21::N3-21::N3-18::	5
chr3	90313500	90354500	chr3_90313500	10	41000	0.000270037193040218	10	0.000270037193040218	9	0.00366168086745009	::N3-1-13::B3-2-21::N3-8::B3-1-2::B3-1::B3-4::N3-2-36::B3-14::B3-21::N3-21::	8
chr3	96102000	96143000	chr3_96102000	8	41000	0.0446868668781778	8	0.0446868668781778	7	0.484760024741458	::B3-4::B3-1-2::N3-1-2::N3-1-15::B3-1::B3-2-21::N3-4::B3-14::	5
chr3	107299500	107340500	chr3_107299500	9	41000	0.00366168086745009	11	1.81039771983237e-05	8	0.0446868668781778	::N3-4::N3-9::B3-9::N3-2-21::N3-2-7::B3-2-2::N3-2-2::B3-2-21::B3-1-11::	4
chr3	135441100	135482100	chr3_135441100	12	41000	1.11259176738502e-06	15	1.63456606162997e-10	9	0.00366168086745009	::N3-4::N3-1-15::B3-1-15::N3-10::B3-10::B3-4::N3-8::B3-8::N3-2-36::B3-18::N3-18::N3-1-2::	6
chr3	139055900	139096900	chr3_139055900	9	41000	0.00366168086745009	10	0.000270037193040218	9	0.00366168086745009	::B3-2-22::B3-1-13::N3-18::B3-10::N3-2-7::B3-2-7::B3-2-21::N3-8::N3-1::	5
chr4	34841600	34882600	chr4_34841600	8	41000	0.0446868668781778	10	0.000270037193040218	9	0.00366168086745009	::N3-10::B3-2-36::N3-2-2::N3-1::B3-1::B3-1-13::N3-8::B3-2-21::	3
chr4	103106700	103147700	chr4_103106700	9	41000	0.00366168086745009	9	0.00366168086745009	8	0.0446868668781778	::N3-18::N3-2-36::B3-2-22::N3-1-5::B3-1-15::N3-1-15::B3-1-3::N3-4::N3-1::	5
chr4	106907100	106948100	chr4_106907100	8	41000	0.0446868668781778	8	0.0446868668781778	5	37.4360398647756	::N3-9::N3-2-2::B3-10::B3-1::N3-1::N3-10::N3-1-5::B3-1-11::	5
chr4	120470000	120511000	chr4_120470000	8	41000	0.0446868668781778	9	0.00366168086745009	6	4.60131266193854	::N3-10::B3-2-36::N3-1-5::N3-1::B3-1::B3-14::B3-10::B3-2-37::	4
chr4	127029000	127070000	chr4_127029000	8	41000	0.0446868668781778	8	0.0446868668781778	8	0.0446868668781778	::B3-2-2::B3-1-5::N3-8::N3-2-21::B3-1-11::N3-1-3::B3-2-21::N3-18::	2
chr4	152293900	152334900	chr4_152293900	8	41000	0.0446868668781778	8	0.0446868668781778	4	253.814723413918	::B3-4::N3-4::N3-21::B3-1-11::B3-1::B3-10::N3-1::N3-10::	7
chr4	155508800	155549800	chr4_155508800	10	41000	0.000270037193040218	13	6.31154355987016e-08	9	0.00366168086745009	::B3-2-36::N3-2-36::N3-8::B3-10::B3-2-22::N3-10::N3-1::B3-1::B3-2-21::N3-1-5::	8
chr5	25387400	25428400	chr5_25387400	17	41000	3.26828380331151e-13	33	1.02468905224072e-37	23	7.2335654155837e-22	::B3-18::N3-9::B3-1-11::N3-1-11::B3-9::B3-1-15::N3-1-2::B3-1-2::B3-2-2::N3-2-2::B3-1-3::N3-1-15::N3-2-21::B3-2-22::N3-2-22::B3-2-7::N3-2-7::	26
chr5	25457000	25498000	chr5_25457000	12	41000	1.11259176738502e-06	14	3.32468605920646e-09	10	0.000270037193040218	::N3-1::N3-1-5::N3-10::B3-10::B3-1-3::N3-1-3::B3-2-7::N3-2-7::B3-2-36::B3-1-2::B3-1::N3-2-36::	7
chr5	28146800	28187800	chr5_28146800	26	41000	1.85976083403851e-26	44	1.17449851351265e-56	8	0.0446868668781778	::N3-14::N3-4::N3-1-5::N3-2-2::B3-14::B3-1-2::B3-1-3::N3-1-11::B3-4::B3-2-21::B3-2-36::B3-2-2::B3-1-11::B3-18::B3-1-5::B3-2-22::B3-10::B3-1-13::B3-2-37::N3-10::N3-18::B3-1-15::N3-21::N3-1-2::B3-2-7::N3-2-21::	27
chr5	36675200	36716200	chr5_36675200	8	41000	0.0446868668781778	9	0.00366168086745009	8	0.0446868668781778	::B3-1-2::B3-1-3::N3-1-3::B3-18::N3-18::B3-2-2::N3-1::N3-1-2::	5
chr5	65592400	65633400	chr5_65592400	9	41000	0.00366168086745009	11	1.81039771983237e-05	11	1.81039771983237e-05	::N3-1-3::B3-2-21::N3-2-36::N3-1-11::N3-1-5::N3-2-21::B3-1-13::B3-1-3::B3-1-11::	8
chr5	99965400	100006400	chr5_99965400	9	41000	0.00366168086745009	10	0.000270037193040218	7	0.484760024741458	::N3-1-11::B3-2-36::B3-1-13::B3-14::B3-1::B3-10::N3-1::N3-10::N3-4::	7
chr5	135202600	135243600	chr5_135202600	8	41000	0.0446868668781778	8	0.0446868668781778	7	0.484760024741458	::N3-2-22::N3-2-7::B3-1-5::N3-2-21::B3-2-21::N3-2-2::N3-1-11::B3-1-11::	2
chr5	137647800	137688800	chr5_137647800	8	41000	0.0446868668781778	8	0.0446868668781778	7	0.484760024741458	::N3-1-5::N3-21::N3-10::B3-1-15::N3-1-15::B3-2-21::B3-2-36::B3-18::	3
chr5	144267500	144308500	chr5_144267500	8	41000	0.0446868668781778	10	0.000270037193040218	8	0.0446868668781778	::N3-2-36::N3-1-5::B3-1-3::N3-1-3::N3-1-2::B3-1-2::N3-2-2::B3-2-2::	2
chr6	31400200	31441200	chr6_31400200	8	41000	0.0446868668781778	9	0.00366168086745009	9	0.00366168086745009	::N3-1-11::B3-14::B3-1-13::B3-1::B3-2-2::N3-2-22::B3-2-21::N3-18::	6
chr6	103628500	103669500	chr6_103628500	9	41000	0.00366168086745009	10	0.000270037193040218	5	37.4360398647756	::N3-8::B3-2-36::N3-18::N3-10::N3-1-11::N3-1-13::N3-1-15::B3-1-2::B3-1::	4
chr6	119995000	120036000	chr6_119995000	8	41000	0.0446868668781778	9	0.00366168086745009	8	0.0446868668781778	::B3-1-11::N3-4::B3-18::B3-8::B3-2-21::N3-1-13::B3-1-13::B3-1-2::	2
chr7	121827000	121868000	chr7_121827000	15	41000	1.63456606162997e-10	16	7.53399953292385e-12	2	5600.30743875098	::N3-9::B3-9::N3-1-15::N3-4::N3-2-22::N3-1-2::N3-1-11::N3-21::N3-2-7::N3-2-21::N3-2-36::N3-1-3::N3-1-5::N3-14::N3-18::	14
chr7	136389300	136430300	chr7_136389300	20	41000	1.91642991922328e-17	22	2.25598992165562e-20	3	1376.68223571478	::N3-1::N3-2-36::N3-4::N3-9::N3-1-11::N3-8::N3-1-5::N3-1-13::N3-1-3::N3-1-15::N3-2-21::N3-10::N3-2-7::N3-2-2::N3-2-37::N3-21::N3-1-2::N3-2-22::N3-18::N3-14::	21
chr8	4291800	4332800	chr8_4291800	8	41000	0.0446868668781778	8	0.0446868668781778	7	0.484760024741458	::B3-1-3::B3-1-2::N3-1-3::N3-1::B3-1::B3-2-2::N3-4::N3-2-21::	4
chr8	80816600	80857600	chr8_80816600	8	41000	0.0446868668781778	9	0.00366168086745009	6	4.60131266193854	::N3-9::N3-10::N3-1-5::B3-2-37::N3-1::B3-10::B3-1::B3-1-2::	3
chr8	95750200	95791200	chr8_95750200	8	41000	0.0446868668781778	13	6.31154355987016e-08	10	0.000270037193040218	::B3-1-2::B3-2-21::B3-4::B3-1-11::N3-4::B3-2-22::N3-2-22::B3-1-13::	9
chr8	105182800	105223800	chr8_105182800	8	41000	0.0446868668781778	9	0.00366168086745009	8	0.0446868668781778	::B3-1-3::B3-2-21::N3-1-2::B3-1-2::B3-2-22::N3-10::B3-1::N3-4::	3
chr9	3001100	3042100	chr9_3001100	21	41000	6.73002599702027e-19	33	1.02468905224072e-37	11	1.81039771983237e-05	::N3-2-21::N3-18::B3-2-21::N3-9::N3-2-22::N3-2-7::N3-1-3::N3-8::N3-1::N3-1-15::N3-2-2::N3-1-5::B3-10::B3-2-22::B3-1::N3-21::N3-2-36::N3-1-2::N3-1-13::N3-10::N3-1-11::	15
chr9	13783000	13824000	chr9_13783000	8	41000	0.0446868668781778	10	0.000270037193040218	8	0.0446868668781778	::N3-10::N3-1::N3-2-7::B3-1-3::B3-2-22::B3-10::B3-4::N3-4::	8
chr9	35276400	35317400	chr9_35276400	12	41000	1.11259176738502e-06	15	1.63456606162997e-10	6	4.60131266193854	::N3-1-2::N3-1-11::N3-1-3::N3-18::B3-1::N3-1-15::N3-10::N3-8::N3-1::N3-4::N3-1-5::N3-2-21::	7
chr9	66548600	66589600	chr9_66548600	8	41000	0.0446868668781778	10	0.000270037193040218	7	0.484760024741458	::B3-1-13::B3-9::N3-9::B3-1-2::B3-8::N3-8::B3-2-36::B3-14::	9
chr9	70431300	70472300	chr9_70431300	11	41000	1.81039771983237e-05	15	1.63456606162997e-10	13	6.31154355987016e-08	::N3-1::N3-4::B3-2-2::N3-2-2::B3-2-36::N3-1-3::N3-1-11::B3-1-3::B3-1-13::N3-1-13::B3-1-5::	9
chrUn_GL456383	4100	45100	chrUn_GL456383_4100	8	41000	0.0446868668781778	8	0.0446868668781778	6	4.60131266193854	::B3-1-2::N3-1-3::N3-2-21::B3-1-3::B3-18::N3-9::N3-1-5::N3-1::	1
chrUn_GL456385	3400	44400	chrUn_GL456385_3400	9	41000	0.00366168086745009	10	0.000270037193040218	4	253.814723413918	::B3-2-22::B3-2-2::N3-1-3::N3-18::N3-10::N3-1::N3-2-2::N3-4::N3-2-7::	0
chrUn_GL456390	0	41000	chrUn_GL456390_0	25	41000	6.55673076998907e-25	41	2.32698514840108e-51	28	1.33789333483959e-29	::B3-18::N3-1-2::N3-9::N3-2-7::N3-1-3::N3-1::N3-4::N3-2-2::N3-10::N3-1-15::N3-1-11::N3-2-22::N3-2-36::N3-18::N3-8::N3-21::N3-1-13::N3-14::N3-2-21::B3-14::N3-1-5::B3-2-7::B3-2-22::B3-21::B3-1::	23
chrUn_GL456392	10100	51100	chrUn_GL456392_10100	8	41000	0.0446868668781778	10	0.000270037193040218	8	0.0446868668781778	::N3-1::N3-4::N3-2-2::N3-10::N3-1-15::N3-1-11::N3-2-22::N3-1-3::	6
chrUn_GL456393	1400	42400	chrUn_GL456393_1400	13	41000	6.31154355987016e-08	15	1.63456606162997e-10	5	37.4360398647756	::N3-2-36::N3-18::N3-1::N3-8::N3-1-3::N3-10::N3-21::N3-1-2::N3-2-2::N3-1-13::N3-14::N3-1-15::N3-2-21::	9
chrUn_GL456394	1000	42000	chrUn_GL456394_1000	9	41000	0.00366168086745009	11	1.81039771983237e-05	11	1.81039771983237e-05	::B3-14::N3-1-5::B3-2-7::N3-4::N3-1::N3-2-21::B3-2-22::B3-21::B3-1::	5
chrUn_GL456396	5600	46600	chrUn_GL456396_5600	10	41000	0.000270037193040218	10	0.000270037193040218	10	0.000270037193040218	::B3-14::N3-1-5::B3-2-7::N3-4::N3-1::N3-2-21::B3-2-22::B3-21::B3-1::N3-18::	4
chrUn_GL456396	5600	46600	chrUn_GL456396_5600	10	41000	0.000270037193040218	10	0.000270037193040218	10	0.000270037193040218	::B3-14::N3-1-5::B3-2-7::N3-4::N3-1::N3-2-21::B3-2-22::B3-21::B3-1::N3-18::	4
chrX	77596400	77637400	chrX_77596400	8	41000	0.0446868668781778	9	0.00366168086745009	7	0.484760024741458	::B3-2-21::B3-1-3::N3-1-3::N3-1-2::N3-1-13::N3-2-7::N3-4::B3-4::	6
