chr10	7646500	7697500	chr10_7646500	11	51000	0.0459602636294469	11	0.0459602636294469	9	2.12181224053459	::B3-1-2::N3-2-7::B3-2-7::B-A08::B-A03::B-B10::B3-6::B-B02::B-2-9::N-B08::B-1-2::	6
chr10	18423900	18474900	chr10_18423900	11	51000	0.0459602636294469	12	0.00591201310413374	10	0.327522449523499	::N-B11::B3-1-3::N-B04::B-B04::B3-1-11::N-B09::N-B08::B-B08::B-B10::N3-1-2::B-A08::	2
chr10	20314700	20365700	chr10_20314700	12	51000	0.00591201310413374	12	0.00591201310413374	12	0.00591201310413374	::B3-1-3::N-B09::B-B09::B-A01::B-B02::N-B02::N-2-26::N-B10::N-A01::B3-1-15::N-2-17::N3-3::	7
chr10	67166800	67217800	chr10_67166800	11	51000	0.0459602636294469	11	0.0459602636294469	9	2.12181224053459	::N-B11::N-A11::B-2-17::B3-6::B-1-2::B-A03::N-1-2::N-B07::B-B07::B3-1-2::N3-2-2::	5
chr10	108167700	108218700	chr10_108167700	19	51000	4.86089893154638e-10	25	5.15668105906347e-17	16	7.68403350669082e-07	::N-A01::N-B04::N-B09::N3-1-5::B3-1-15::B-A03::N-A08::N3-1-15::N-A03::N-1-2::B3-3::B-B11::B3-1-2::B3-2-22::B3-6::B-B10::N-B10::B3-1-3::B-2-17::	13
chr10	108263000	108314000	chr10_108263000	11	51000	0.0459602636294469	12	0.00591201310413374	7	64.1167058149867	::B3-17::N-B09::B-B09::N-B02::B-B04::B3-2-22::B-2-9::N-A03::N-B04::N3-1-5::N3-2-36::	6
chr10	116488700	116539700	chr10_116488700	12	51000	0.00591201310413374	13	0.000701982294804404	12	0.00591201310413374	::B-2-9::N3-1-5::B-A01::B-B02::B-B07::B3-1-3::B3-1-2::N-B02::N3-6::B3-6::N3-1-11::B3-1-11::	5
chr10	117332700	117383700	chr10_117332700	13	51000	0.000701982294804404	16	7.68403350669082e-07	14	7.73984468573694e-05	::B3-6::N3-1-5::N-2-17::N-B04::B-B10::N-B09::B-B09::N3-6::B-A11::N-B02::N-B10::B-B02::N-1-2::	5
chr10	123153600	123204600	chr10_123153600	12	51000	0.00591201310413374	12	0.00591201310413374	9	2.12181224053459	::B3-2-2::B-A11::B3-2-22::N3-2-22::B-B09::N-B09::N3-1-3::N3-1-15::B3-1-15::N3-1-5::N-B04::B-A08::	8
chr10	128064100	128115100	chr10_128064100	13	51000	0.000701982294804404	14	7.73984468573694e-05	10	0.327522449523499	::B3-1-5::N-1-2::B-B09::B-1-2::B-A08::N-A01::N-B04::B-B11::B-B02::B-B07::B3-1-2::N3-1-2::N-B07::	8
chr11	3182100	3233100	chr11_3182100	15	51000	7.96480430572976e-06	20	3.75163620638062e-11	18	5.98323511842555e-09	::B-B07::N3-2-2::N-A03::B-B09::N3-18::N3-1-3::B-A03::B-2-17::B-B10::B3-2-36::N3-17::B-A08::N-A08::N-B04::B3-1-3::	12
chr11	4531600	4582600	chr11_4531600	12	51000	0.00591201310413374	16	7.68403350669082e-07	15	7.96480430572976e-06	::B-2-9::N-2-9::B3-1-3::B3-2-36::N3-2-36::B-A08::B-B09::B-B10::B-2-26::B3-1-15::B-2-17::N-1-2::	11
chr11	20062400	20113400	chr11_20062400	11	51000	0.0459602636294469	15	7.96480430572976e-06	11	0.0459602636294469	::B-A08::B3-1-11::B-B02::N3-1-11::N-B02::B-2-17::N-2-17::N3-2-2::N-A01::B3-6::B-A01::	10
chr11	23375900	23426900	chr11_23375900	11	51000	0.0459602636294469	17	6.97709202997689e-08	14	7.73984468573694e-05	::N3-17::B3-2-2::B-B07::B-B04::N-A08::B3-17::N-1-2::N3-2-2::B-1-2::N3-3::B-2-26::	9
chr11	51697200	51748200	chr11_51697200	12	51000	0.00591201310413374	12	0.00591201310413374	10	0.327522449523499	::B-B10::B-B02::N-1-2::N3-1-2::B3-18::B3-6::N-B08::N3-2-36::B3-c-32::B3-2-36::B-A08::N-B09::	5
chr11	51961400	52012400	chr11_51961400	13	51000	0.000701982294804404	14	7.73984468573694e-05	11	0.0459602636294469	::N-2-17::B-A03::B-B10::B3-6::N-A01::N-A03::N3-1-15::N3-3::B-A08::N3-2-2::B3-2-2::B3-2-36::B-A11::	5
chr11	54515100	54566100	chr11_54515100	11	51000	0.0459602636294469	15	7.96480430572976e-06	6	290.760306639265	::N-B04::B3-2-22::B-1-2::N3-1-15::N-A03::N-A08::B3-1-15::B-A03::B-A08::B-A11::N-A11::	9
chr11	60122000	60173000	chr11_60122000	11	51000	0.0459602636294469	13	0.000701982294804404	13	0.000701982294804404	::B3-1-15::N-B08::N-1-2::N3-1-3::B3-3::B-2-9::B3-17::B-B02::B-1-2::N-B09::B-B11::	7
chr11	65728300	65779300	chr11_65728300	11	51000	0.0459602636294469	12	0.00591201310413374	12	0.00591201310413374	::B3-6::B3-17::B-B11::B-1-2::N3-1-15::B-A08::B3-3::N-B10::N3-c-10::N3-1-3::B-A11::	6
chr11	69593500	69644500	chr11_69593500	13	51000	0.000701982294804404	14	7.73984468573694e-05	10	0.327522449523499	::N-1-2::N3-3::N3-1-11::B-B04::N3-1-2::N-B07::B3-1-2::B-B07::B3-2-2::B3-2-36::B3-2-22::N-A08::B3-6::	5
chr11	74671500	74722500	chr11_74671500	18	51000	5.98323511842555e-09	23	1.29853385127354e-14	16	7.68403350669082e-07	::N3-3::B-B02::B3-1-15::B3-1-2::B-A01::B-B04::N-B04::B-B10::B3-2-2::N3-1-5::B3-1-5::N-B07::N3-1-2::B-B07::N-B11::N-B02::B-1-2::N-A01::	8
chr11	77556000	77607000	chr11_77556000	18	51000	5.98323511842555e-09	25	5.15668105906347e-17	18	5.98323511842555e-09	::B-B10::B3-1-15::N3-1-15::B-B02::N-B07::B3-2-36::B3-17::N3-17::N-1-2::B-A01::N-A11::B-A11::B3-3::N3-3::B-B11::B3-2-2::N-2-17::N-B08::	13
chr11	79453700	79504700	chr11_79453700	14	51000	7.73984468573694e-05	16	7.68403350669082e-07	15	7.96480430572976e-06	::B-B02::N-A11::B-1-2::N-B08::N3-1-11::B3-3::B3-1-11::B-A11::B3-1-3::N-B10::B3-18::B-B09::B3-2-36::B3-c-10::	6
chr11	84827100	84878100	chr11_84827100	15	51000	7.96480430572976e-06	20	3.75163620638062e-11	18	5.98323511842555e-09	::B3-3::B-2-17::N3-1-2::B3-6::B-B10::B3-1-2::B-B02::N-B09::B3-1-5::N-2-17::B3-2-36::N-A08::B-A08::N-B02::N3-3::	6
chr11	86306700	86357700	chr11_86306700	12	51000	0.00591201310413374	14	7.73984468573694e-05	10	0.327522449523499	::N3-2-36::B-1-2::B3-1-5::N-B02::N-B08::N3-1-11::B-B02::B3-1-11::B-A08::N3-1-3::B3-1-3::B-B08::	5
chr11	86706300	86757300	chr11_86706300	15	51000	7.96480430572976e-06	20	3.75163620638062e-11	14	7.73984468573694e-05	::B-B10::B3-6::B3-2-7::N3-2-7::B3-2-2::B3-3::N-2-17::B3-1-3::N-B11::B-B11::N3-3::B-B02::N-2-26::B-2-26::B3-2-36::	11
chr11	88050000	88101000	chr11_88050000	11	51000	0.0459602636294469	15	7.96480430572976e-06	13	0.000701982294804404	::B3-6::N3-17::B3-3::B-B11::N-1-2::B-B02::N-B08::B-B08::N3-3::B-B07::N3-2-2::	3
chr11	94021300	94072300	chr11_94021300	11	51000	0.0459602636294469	11	0.0459602636294469	10	0.327522449523499	::B3-1-5::B-A03::N3-1-5::N-A01::B3-6::N-B04::B-A01::B3-1-2::N-A11::N-B09::B-B09::	3
chr11	97233000	97284000	chr11_97233000	11	51000	0.0459602636294469	11	0.0459602636294469	10	0.327522449523499	::B-2-17::B3-3::B3-2-36::B-B02::B-B07::N-A08::B-B10::B3-17::N3-17::N3-3::B-A03::	6
chr11	104344400	104395400	chr11_104344400	12	51000	0.00591201310413374	14	7.73984468573694e-05	12	0.00591201310413374	::B-A08::N-B09::N3-1-2::B3-2-22::B3-6::N-B10::B3-3::B3-2-2::N3-18::N-B07::B-B09::N3-2-36::	6
chr11	105178500	105229500	chr11_105178500	12	51000	0.00591201310413374	16	7.68403350669082e-07	16	7.68403350669082e-07	::B-A03::N3-2-36::B-B02::N-A08::B-1-2::N-B08::N-A01::B-A08::N3-1-5::B3-2-2::B3-1-11::B3-2-36::	11
chr11	105711200	105762200	chr11_105711200	12	51000	0.00591201310413374	15	7.96480430572976e-06	13	0.000701982294804404	::B3-2-36::B-B10::B-B04::N3-6::B3-2-2::N3-2-2::B3-1-11::B-B09::N3-1-5::N3-1-11::B3-2-7::B3-3::	9
chr11	106823700	106874700	chr11_106823700	13	51000	0.000701982294804404	17	6.97709202997689e-08	12	0.00591201310413374	::N-B04::B3-1-11::N3-6::B3-6::N-2-26::B-2-26::B3-2-36::B-B11::B3-2-2::B-B04::B3-1-5::N3-1-5::B-A01::	8
chr11	107610700	107661700	chr11_107610700	11	51000	0.0459602636294469	17	6.97709202997689e-08	15	7.96480430572976e-06	::B3-17::B-B07::B-A08::N3-1-5::B-B02::B3-18::N3-18::N3-17::N-A01::B3-2-36::N-B09::	8
chr11	121261100	121312100	chr11_121261100	11	51000	0.0459602636294469	12	0.00591201310413374	8	12.371299956901	::B3-1-11::N-2-9::B-B11::B3-1-2::B-B07::N-B07::N3-1-2::N3-1-3::B3-1-3::N3-1-11::B3-17::	6
chr12	3258700	3309700	chr12_3258700	12	51000	0.00591201310413374	12	0.00591201310413374	9	2.12181224053459	::B-B02::N-B08::N-B04::N3-1-3::B3-1-3::B3-1-11::B3-6::B-2-17::N-B10::N-A08::B-A08::B-B10::	6
chr12	8676400	8727400	chr12_8676400	12	51000	0.00591201310413374	13	0.000701982294804404	12	0.00591201310413374	::B-B02::N-B02::N3-1-5::B-2-9::B-B08::N-B08::B3-3::B3-1-5::N-B10::N-B11::B3-6::B3-1-2::	9
chr12	8906200	8957200	chr12_8906200	12	51000	0.00591201310413374	13	0.000701982294804404	10	0.327522449523499	::B3-1-11::N-1-2::B-1-2::N3-1-2::B3-1-2::B3-6::N-B09::B-B10::B-A01::N3-2-7::B3-2-7::N3-17::	4
chr12	51629900	51680900	chr12_51629900	11	51000	0.0459602636294469	11	0.0459602636294469	11	0.0459602636294469	::B-B02::B-B09::N3-1-5::B-1-2::B3-2-22::B3-1-5::B3-6::N3-3::N-A11::B3-1-15::B-2-9::	8
chr12	70979600	71030600	chr12_70979600	11	51000	0.0459602636294469	15	7.96480430572976e-06	11	0.0459602636294469	::N-B02::B-B02::B3-1-15::B-A03::B-A08::B-B09::N-B04::N3-2-2::N-A08::B3-6::B-B07::	2
chr12	72752300	72803300	chr12_72752300	12	51000	0.00591201310413374	15	7.96480430572976e-06	11	0.0459602636294469	::N-B07::N-B09::N3-2-7::B-B07::N3-1-2::N3-2-22::B-B10::B3-3::B3-2-36::B3-1-2::B3-2-22::B-B11::	8
chr12	83639100	83690100	chr12_83639100	13	51000	0.000701982294804404	14	7.73984468573694e-05	12	0.00591201310413374	::B-A08::N3-1-5::N-B10::B-B11::N-1-2::N3-2-36::B3-1-2::B3-1-11::N3-1-11::N3-1-15::N-2-17::B3-2-36::N-2-26::	12
chr12	87344500	87395500	chr12_87344500	11	51000	0.0459602636294469	12	0.00591201310413374	12	0.00591201310413374	::B3-3::N3-1-5::B-B04::B-B02::B3-2-36::N3-1-2::N-A11::N3-2-2::N3-2-36::N-B04::N-A01::	6
chr12	98723500	98774500	chr12_98723500	11	51000	0.0459602636294469	11	0.0459602636294469	9	2.12181224053459	::N-B07::B3-3::N3-3::B-B11::B-B08::N3-2-7::N3-6::B-A08::B3-1-15::N3-1-15::B3-1-5::	9
chr12	101052400	101103400	chr12_101052400	11	51000	0.0459602636294469	13	0.000701982294804404	10	0.327522449523499	::N3-1-11::B-2-26::B-1-2::B-B02::B-B11::B3-6::N3-18::N3-6::B3-3::B3-2-36::N-B08::	6
chr12	105797200	105848200	chr12_105797200	14	51000	7.73984468573694e-05	16	7.68403350669082e-07	14	7.73984468573694e-05	::N-B08::B-B02::N3-1-2::N3-2-36::N3-2-2::B-A01::N3-1-3::N3-2-7::B3-2-7::N3-1-5::B-A08::B3-6::B-B10::N-A03::	4
chr13	3544000	3595000	chr13_3544000	14	51000	7.73984468573694e-05	16	7.68403350669082e-07	13	0.000701982294804404	::N-B02::B3-18::N3-1-3::B3-1-3::B-B10::B-B02::B3-1-15::B-A03::B-A08::B-B09::N-2-17::N-B10::B-B07::N3-1-15::	5
chr13	9080800	9131800	chr13_9080800	12	51000	0.00591201310413374	13	0.000701982294804404	8	12.371299956901	::B3-2-36::B-B02::B-A03::N3-1-15::N-A03::B3-1-15::B-A08::N-2-17::N-A01::B3-17::N-B09::B-B09::	2
chr13	14092100	14143100	chr13_14092100	11	51000	0.0459602636294469	11	0.0459602636294469	9	2.12181224053459	::N-B04::N3-18::N-A01::N3-2-36::B3-2-36::B3-2-22::N-B10::B-2-26::N3-1-2::B-B11::B-B04::	3
chr13	24072200	24123200	chr13_24072200	11	51000	0.0459602636294469	12	0.00591201310413374	11	0.0459602636294469	::B-A03::N3-17::N-B11::N-2-17::B-2-17::B3-2-22::N3-2-22::B-B02::N3-1-3::B3-1-3::B3-17::	6
chr13	43425300	43476300	chr13_43425300	16	51000	7.68403350669082e-07	18	5.98323511842555e-09	14	7.73984468573694e-05	::B-B04::B-2-17::N-A11::B3-1-5::N3-1-5::B3-17::B-B02::B3-6::N3-1-2::N3-1-15::N-B07::N-A03::N-A08::B-A03::B3-1-3::B-B09::	13
chr13	44841700	44892700	chr13_44841700	12	51000	0.00591201310413374	16	7.68403350669082e-07	13	0.000701982294804404	::N-B04::B-1-2::N3-1-3::B3-6::N-A01::N3-6::B3-2-2::B-B04::N-B07::B-B07::B3-1-2::N3-18::	3
chr13	46685100	46736100	chr13_46685100	12	51000	0.00591201310413374	14	7.73984468573694e-05	13	0.000701982294804404	::B3-2-22::B-B10::N-B10::B-B07::N3-6::N3-2-2::N3-2-36::B3-1-2::B-B11::B-A08::B3-6::N-B08::	9
chr13	47061300	47112300	chr13_47061300	11	51000	0.0459602636294469	11	0.0459602636294469	7	64.1167058149867	::N3-1-3::B3-1-2::N-B02::B-B02::N3-1-15::N-A11::B-B09::N-A03::N-A08::B-A03::B-A08::	1
chr13	63269400	63320400	chr13_63269400	14	51000	7.73984468573694e-05	15	7.96480430572976e-06	11	0.0459602636294469	::B-B02::B-A08::B3-6::B-A11::N-A11::B-2-9::N-B02::B-B04::B3-1-5::N3-1-5::B3-1-3::B3-3::N3-3::B-1-2::	8
chr13	85214900	85265900	chr13_85214900	11	51000	0.0459602636294469	13	0.000701982294804404	12	0.00591201310413374	::B3-2-7::B-A01::B-1-2::B-B07::N3-2-7::B-B11::B3-17::B-B10::B3-c-10::B3-1-11::B3-3::	8
chr13	94581100	94632100	chr13_94581100	16	51000	7.68403350669082e-07	16	7.68403350669082e-07	4	3660.90220098208	::B-B02::N-2-26::N-B04::N3-18::N-2-17::N-B07::N-A11::N-B10::N-1-2::N3-1-5::N3-2-36::N3-3::N3-2-2::N3-6::B-A11::N-A01::	14
chr13	98873900	98924900	chr13_98873900	12	51000	0.00591201310413374	18	5.98323511842555e-09	15	7.96480430572976e-06	::B3-1-3::B-B09::N-1-2::B-1-2::N3-6::N3-2-36::B-B10::B-B02::N-B09::B3-2-22::N-B04::B-A01::	9
chr13	103850300	103901300	chr13_103850300	15	51000	7.96480430572976e-06	24	8.35172444482215e-16	15	7.96480430572976e-06	::B-A08::N3-1-15::B3-1-15::N-A03::B-A03::N3-6::B-2-9::B3-17::B-B11::N-B08::B-B08::B3-3::N-B09::B-B09::N-B04::	7
chr13	111795500	111846500	chr13_111795500	12	51000	0.00591201310413374	13	0.000701982294804404	4	3660.90220098208	::B3-3::B-B07::B-B04::B-B08::B-A11::B-B11::B3-18::B-B02::B3-17::B3-2-22::B3-1-15::B3-1-5::	1
chr14	19415800	19466800	chr14_19415800	29	51000	5.13586525921323e-22	44	1.14964813178806e-42	21	2.75762715286754e-12	::N-A03::N-A01::N3-6::N3-1-3::N3-3::N3-2-36::B3-2-36::N3-1-15::N3-18::N3-1-5::N-B11::N3-2-22::B3-2-2::N3-17::N3-1-11::B-B04::N-2-17::N-B02::N-2-9::B-B11::N-B10::B3-3::N-1-2::B3-17::N-B04::N-B08::N-B07::N-A08::N3-2-7::	34
chr14	31025600	31076600	chr14_31025600	17	51000	6.97709202997689e-08	24	8.35172444482215e-16	19	4.86089893154638e-10	::N-B04::B3-c-10::N-A01::N3-1-5::N-2-17::N3-1-3::B3-1-3::N-B11::B-B11::B3-1-2::N-B02::B-B07::N-B07::N-B10::N3-c-10::B-B10::B-B09::	13
chr14	34442200	34493200	chr14_34442200	13	51000	0.000701982294804404	15	7.96480430572976e-06	13	0.000701982294804404	::N-B08::B-B08::B3-1-2::N3-18::B3-2-36::B-A01::B3-1-3::B-A08::B-A11::N-A11::N-B10::B-B02::N3-1-5::	9
chr14	73220300	73271300	chr14_73220300	16	51000	7.68403350669082e-07	21	2.75762715286754e-12	12	0.00591201310413374	::N-B02::B-B11::B-A08::N-B11::B3-1-15::B-A03::N-A03::N3-1-15::N-A08::B-B02::N-2-17::B3-3::N3-2-7::B3-2-22::B-A01::N-A01::	20
chr14	121338200	121389200	chr14_121338200	11	51000	0.0459602636294469	12	0.00591201310413374	11	0.0459602636294469	::B3-2-2::B-B02::B3-1-2::B-B11::B-A08::N-B11::N-B02::B3-1-3::N-B04::B3-17::B-B09::	9
chr15	8396300	8447300	chr15_8396300	15	51000	7.96480430572976e-06	16	7.68403350669082e-07	16	7.68403350669082e-07	::B-B07::N-B04::B3-1-11::B3-c-10::B-1-2::B-B08::N-A11::B-2-26::N3-6::B3-17::N3-2-36::B-B11::B-A11::N-2-17::B3-6::	11
chr15	12122200	12173200	chr15_12122200	17	51000	6.97709202997689e-08	22	1.93484860536896e-13	17	6.97709202997689e-08	::B3-2-36::N3-2-36::B3-c-32::B-B11::B-B08::B3-6::N-B02::N-B04::N-B08::N-B09::N3-1-3::N3-1-11::N-A11::B-B02::B-A08::B-B07::N-B07::	11
chr15	34097600	34148600	chr15_34097600	12	51000	0.00591201310413374	13	0.000701982294804404	11	0.0459602636294469	::N-B02::N3-2-36::N-B07::N3-2-2::N-B08::B-B10::B-B04::N3-1-2::B3-1-2::B-B07::B-1-2::N3-1-11::	7
chr15	38015500	38066500	chr15_38015500	13	51000	0.000701982294804404	21	2.75762715286754e-12	17	6.97709202997689e-08	::N3-1-15::B-B04::B-A08::N-B04::N3-1-5::N-2-26::N-A01::B-A01::B3-1-5::N3-17::N-B02::N3-2-7::N3-3::	10
chr15	77100100	77151100	chr15_77100100	14	51000	7.73984468573694e-05	16	7.68403350669082e-07	12	0.00591201310413374	::B3-1-5::B3-2-2::B-1-2::B3-2-7::N3-2-7::B-B04::B3-3::B-A11::N-B07::N-B08::B-B08::N3-1-2::B-B07::B3-1-2::	7
chr15	80806900	80857900	chr15_80806900	13	51000	0.000701982294804404	15	7.96480430572976e-06	13	0.000701982294804404	::B-B11::B3-1-3::N3-1-3::B3-6::N-B04::N-B08::N3-17::B3-1-11::B-A03::N3-6::B-A11::N-A11::N-1-2::	9
chr15	80884000	80935000	chr15_80884000	15	51000	7.96480430572976e-06	29	5.13586525921323e-22	22	1.93484860536896e-13	::B3-6::B-A08::N3-6::B3-2-22::B-B04::N-B04::N3-1-5::B3-1-5::B-B07::B-1-2::N3-2-22::B-B08::N3-1-2::N-A01::B-B10::	12
chr15	96348200	96399200	chr15_96348200	11	51000	0.0459602636294469	13	0.000701982294804404	11	0.0459602636294469	::B-2-26::B3-2-36::B-B02::N3-2-36::N-1-2::N-B04::N3-1-5::B-1-2::B3-3::N3-18::B-2-17::	9
chr16	4097100	4148100	chr16_4097100	15	51000	7.96480430572976e-06	16	7.68403350669082e-07	16	7.68403350669082e-07	::B3-6::B-1-2::N-B10::N3-1-3::N-B02::B-A08::N-B08::B3-17::B3-c-10::B-B09::N-A01::N-1-2::B3-1-11::B-B10::B3-2-22::	7
chr16	8694700	8745700	chr16_8694700	13	51000	0.000701982294804404	16	7.68403350669082e-07	12	0.00591201310413374	::B3-2-36::N-1-2::B-1-2::B-B11::B-A01::B3-18::B-2-9::B3-2-22::N3-2-22::N3-18::B3-2-2::B-2-17::N-2-17::	12
chr16	10928300	10979300	chr16_10928300	11	51000	0.0459602636294469	11	0.0459602636294469	10	0.327522449523499	::N-B11::B3-2-36::B-B10::B3-1-11::B3-3::B-B09::N3-c-10::B-B02::N-2-26::B-2-26::B3-2-22::	5
chr16	38152800	38203800	chr16_38152800	11	51000	0.0459602636294469	14	7.73984468573694e-05	13	0.000701982294804404	::B-B10::B-A08::B-B09::B-B02::B-1-2::N-1-2::B-B07::N3-2-7::N-A08::N-2-17::N3-1-15::	9
chr16	94593400	94644400	chr16_94593400	17	51000	6.97709202997689e-08	18	5.98323511842555e-09	14	7.73984468573694e-05	::B3-2-36::B-A01::N-A01::N3-2-22::N3-1-5::B-B07::B-1-2::N-1-2::N-B08::B3-2-2::N3-2-2::N-B04::B-B02::B-A11::N-A11::N-B02::N-B10::	14
chr16	96028800	96079800	chr16_96028800	12	51000	0.00591201310413374	20	3.75163620638062e-11	15	7.96480430572976e-06	::N-1-2::B3-1-3::B-B11::N3-1-3::N-B09::B3-2-36::N3-1-15::B3-18::B-B10::N3-18::B-B09::B3-1-2::	12
chr17	5102400	5153400	chr17_5102400	12	51000	0.00591201310413374	13	0.000701982294804404	11	0.0459602636294469	::B-B02::B3-2-36::B-A11::N-A11::N-B09::B-B09::N3-6::N-B08::B3-6::B3-17::N3-1-3::B3-18::	6
chr17	5196300	5247300	chr17_5196300	13	51000	0.000701982294804404	16	7.68403350669082e-07	13	0.000701982294804404	::B-B02::N3-1-3::N-2-17::B-A08::N3-1-15::N-A01::B-B07::N-B07::B3-3::N3-3::B-B09::N-B11::B-B11::	7
chr17	10264700	10315700	chr17_10264700	11	51000	0.0459602636294469	14	7.73984468573694e-05	12	0.00591201310413374	::B3-17::N3-17::B-B08::B-B04::N3-6::B-2-26::B-A03::N-1-2::B3-2-22::B3-6::B-B09::	7
chr17	13767500	13818500	chr17_13767500	11	51000	0.0459602636294469	15	7.96480430572976e-06	12	0.00591201310413374	::B-A08::N-B02::N3-1-3::B3-17::B3-1-3::B3-1-2::B3-2-36::B-2-17::N-2-17::B-2-9::N-2-9::	6
chr17	13851800	13902800	chr17_13851800	12	51000	0.00591201310413374	12	0.00591201310413374	10	0.327522449523499	::B-B07::B3-17::B3-2-2::N3-1-11::B-B09::B-B11::N-B11::B-B08::N-1-2::N-B04::N-B02::B-B02::	7
chr17	30033900	30084900	chr17_30033900	13	51000	0.000701982294804404	15	7.96480430572976e-06	14	7.73984468573694e-05	::N-A11::N-2-17::B-B11::B3-1-3::N3-1-3::B3-17::N-B07::B-B02::N-A01::N-B04::N3-18::B3-3::B3-1-11::	9
chr17	32216200	32267200	chr17_32216200	13	51000	0.000701982294804404	14	7.73984468573694e-05	12	0.00591201310413374	::B-A08::N3-c-10::N-B10::N-A01::B3-17::B-B07::B-A03::B-B02::B3-1-2::N3-1-2::N-B08::B-2-17::N-2-17::	9
chr17	33637600	33688600	chr17_33637600	15	51000	7.96480430572976e-06	17	6.97709202997689e-08	14	7.73984468573694e-05	::N-B07::N-B09::B3-c-10::B3-6::B3-17::B-2-17::N3-2-7::B3-1-2::N3-6::B3-1-3::B-B10::N-B10::B-B02::N-1-2::B-1-2::	9
chr17	64280200	64331200	chr17_64280200	11	51000	0.0459602636294469	11	0.0459602636294469	11	0.0459602636294469	::B3-2-22::N3-6::B-B02::B3-17::B3-2-36::N3-2-7::N3-1-2::N3-1-3::B-A08::B3-1-15::N-B11::	6
chr18	3005100	3056100	chr18_3005100	11	51000	0.0459602636294469	11	0.0459602636294469	6	290.760306639265	::B3-2-2::B3-2-36::N-B10::B3-1-3::B3-2-22::N3-2-36::N-2-17::B3-17::N-B04::B-A08::B3-1-15::	6
chr18	6433400	6484400	chr18_6433400	15	51000	7.96480430572976e-06	19	4.86089893154638e-10	15	7.96480430572976e-06	::N3-1-5::B-B08::B3-6::B-1-2::N-1-2::N-B10::B-B10::N-B07::B-B04::N-B08::B-2-17::N-2-17::B-B07::B3-3::N3-3::	11
chr18	9395100	9446100	chr18_9395100	12	51000	0.00591201310413374	13	0.000701982294804404	10	0.327522449523499	::B-A08::B-1-2::B3-c-10::B3-17::B-B09::B-B04::B-B07::B3-3::N3-3::B-A01::N-A01::N-2-17::	8
chr18	35151700	35202700	chr18_35151700	13	51000	0.000701982294804404	15	7.96480430572976e-06	12	0.00591201310413374	::B3-6::B-A01::N-A01::B-B09::N-A11::N3-1-5::N-A08::B-A08::B-1-2::N-B10::B3-2-2::N3-2-22::B-B10::	8
chr18	35576200	35627200	chr18_35576200	11	51000	0.0459602636294469	13	0.000701982294804404	12	0.00591201310413374	::B-A01::N-A01::B3-c-10::B3-6::B3-2-22::B-B02::N-B11::B-B10::N-2-17::N3-18::N3-3::	7
chr18	35759600	35810600	chr18_35759600	14	51000	7.73984468573694e-05	17	6.97709202997689e-08	14	7.73984468573694e-05	::B-1-2::B3-2-22::B-A08::B3-6::N-A01::N3-2-7::B3-2-7::B-A11::N3-3::N-A08::N-B11::B-B11::N-B09::N-A11::	5
chr18	53895600	53946600	chr18_53895600	12	51000	0.00591201310413374	14	7.73984468573694e-05	12	0.00591201310413374	::B3-6::B3-1-2::N-1-2::N-A11::N3-c-10::B-B02::B-1-2::N-B10::N-B04::N3-1-5::B3-1-3::N3-6::	3
chr18	61557500	61608500	chr18_61557500	12	51000	0.00591201310413374	13	0.000701982294804404	10	0.327522449523499	::B3-2-22::B-B10::B3-6::N-B02::B3-2-36::B-B09::N-A08::N3-1-2::N-B07::B3-1-2::B-B07::N-2-17::	4
chr18	73571800	73622800	chr18_73571800	13	51000	0.000701982294804404	14	7.73984468573694e-05	10	0.327522449523499	::B-A11::B3-6::B3-18::B3-2-22::N3-2-22::B-B07::N-2-9::B-1-2::N-1-2::B-A03::N-A03::N3-1-15::B-2-26::	10
chr19	3525000	3576000	chr19_3525000	11	51000	0.0459602636294469	13	0.000701982294804404	12	0.00591201310413374	::B-A08::B-B10::N3-1-11::B-B02::N-1-2::B3-2-36::N3-1-5::B-1-2::B-B07::N-A01::B3-6::	11
chr19	3860600	3911600	chr19_3860600	17	51000	6.97709202997689e-08	19	4.86089893154638e-10	14	7.73984468573694e-05	::B-B11::B3-2-36::N-A11::N3-2-36::N-B10::N3-18::B-B10::N-2-17::N-B08::N3-2-7::B3-2-7::N3-17::B3-17::N-A08::B-1-2::N-2-26::B-2-26::	11
chr19	4341000	4392000	chr19_4341000	16	51000	7.68403350669082e-07	17	6.97709202997689e-08	12	0.00591201310413374	::N3-1-2::B-B11::B3-1-3::B-B09::N3-1-3::N-B09::B3-6::N3-2-2::B-B02::N-B11::B-B10::B3-17::N-2-9::N-B04::N3-1-5::N-B10::	15
chr19	11928600	11979600	chr19_11928600	13	51000	0.000701982294804404	14	7.73984468573694e-05	11	0.0459602636294469	::N-A11::B-A01::B-B04::B3-1-5::N3-6::N3-1-5::N-B04::B3-6::B-2-9::N-2-9::B-B07::B-B02::N-B02::	7
chr19	12761200	12812200	chr19_12761200	13	51000	0.000701982294804404	14	7.73984468573694e-05	11	0.0459602636294469	::B-B10::B-2-26::B-A08::N-B04::N3-1-5::B3-1-5::B-B04::N-B09::N-B10::B-1-2::B3-6::B-2-17::B-A01::	5
chr19	16170000	16221000	chr19_16170000	14	51000	7.73984468573694e-05	15	7.96480430572976e-06	13	0.000701982294804404	::N-B07::N-B10::B-B07::N3-1-2::N-B04::N3-18::N3-2-7::B-A11::B3-17::N-B09::B-B11::B3-6::B3-3::B3-2-22::	10
chr19	23155900	23206900	chr19_23155900	12	51000	0.00591201310413374	12	0.00591201310413374	8	12.371299956901	::B-B11::B-B04::N-B02::N3-1-3::N3-2-7::N3-1-15::N-A03::B-A03::B-A08::B3-1-15::B3-1-2::B3-3::	3
chr19	24481300	24532300	chr19_24481300	11	51000	0.0459602636294469	11	0.0459602636294469	10	0.327522449523499	::B3-6::B-B10::B3-2-7::B-B11::B3-17::B3-18::N-B04::B3-2-36::N3-2-36::N-B10::B3-1-5::	8
chr19	29999700	30050700	chr19_29999700	11	51000	0.0459602636294469	11	0.0459602636294469	9	2.12181224053459	::N3-6::B-1-2::N-1-2::B-B04::B-A08::B3-6::B-B10::B3-1-3::N-A08::B-A11::N-A11::	6
chr2	18136100	18187100	chr2_18136100	16	51000	7.68403350669082e-07	19	4.86089893154638e-10	13	0.000701982294804404	::N-2-17::B-2-17::N-A03::N-B04::N3-1-5::N3-6::N-B08::B3-17::B-A01::B3-6::N3-18::B3-1-11::B-B07::B3-1-2::N-B07::N3-1-2::	7
chr2	24887400	24938400	chr2_24887400	11	51000	0.0459602636294469	11	0.0459602636294469	10	0.327522449523499	::B3-3::N-B02::N-A11::B-B02::N3-3::N3-1-5::N-B11::B-1-2::N3-1-2::N3-1-15::B3-1-15::	4
chr2	35167500	35218500	chr2_35167500	12	51000	0.00591201310413374	15	7.96480430572976e-06	14	7.73984468573694e-05	::B-A11::B3-18::B-B02::B3-3::N3-2-36::N3-1-3::B3-2-36::B3-2-22::N-A11::B3-1-5::B3-6::N3-1-2::	9
chr2	48816400	48867400	chr2_48816400	13	51000	0.000701982294804404	19	4.86089893154638e-10	16	7.68403350669082e-07	::B3-c-10::B-B11::N3-1-5::N3-2-36::N-2-17::B-2-17::B-A11::N-A11::B3-2-22::N3-6::B-B07::B3-1-11::B-A03::	11
chr2	49484100	49535100	chr2_49484100	14	51000	7.73984468573694e-05	16	7.68403350669082e-07	14	7.73984468573694e-05	::B-2-26::B3-18::N-A11::N3-2-7::B3-2-22::N3-1-3::N-A01::B-A01::B-B08::N-B08::B-B11::B-B10::N3-1-15::N3-1-2::	9
chr2	90968700	91019700	chr2_90968700	11	51000	0.0459602636294469	17	6.97709202997689e-08	13	0.000701982294804404	::N-B02::N3-2-36::N-1-2::N-B07::B-A01::N-B11::B3-2-36::B-B02::B-A03::B3-c-32::B-B09::	8
chr2	98653800	98704800	chr2_98653800	50	51000	1.35923375203026e-51	326	0	27	1.75025531359055e-19	::B-A08::N3-2-36::N3-2-2::N-1-2::N-A01::N-B07::N3-6::N-B10::N-2-26::N-A11::N-B04::N-B09::N-A08::N-B08::N-B11::N3-2-7::N-A03::N3-1-11::N3-18::N3-1-15::N3-17::N3-1-3::N-2-17::N3-1-5::N-2-9::N-B02::B-B02::N3-2-22::N3-1-2::B3-1-11::B3-2-7::B3-17::B3-6::B3-2-2::B3-1-2::B-1-2::N3-3::B-B07::B-B11::B-B10::B3-1-3::B3-2-22::B-A01::B-B08::B3-1-5::B-B04::N3-c-10::B3-1-15::B-A11::B3-2-36::	155
chr2	104447600	104498600	chr2_104447600	12	51000	0.00591201310413374	12	0.00591201310413374	11	0.0459602636294469	::N3-2-22::N3-2-36::B-A01::B-B10::B-B09::B3-2-2::B3-1-11::B-B02::N-B11::B3-17::B3-3::B-B11::	7
chr2	136721600	136772600	chr2_136721600	12	51000	0.00591201310413374	15	7.96480430572976e-06	11	0.0459602636294469	::N3-1-2::B-1-2::B-B04::N-B04::B-B07::N-B07::N-2-17::B3-18::N3-6::N3-1-5::B3-1-5::N3-2-7::	5
chr2	154806500	154857500	chr2_154806500	13	51000	0.000701982294804404	15	7.96480430572976e-06	14	7.73984468573694e-05	::B3-18::B3-1-11::B-A03::B-A01::B-B10::N-B04::B3-2-7::B-B04::N-B02::B-B02::N3-2-22::N-B08::N3-1-5::	8
chr2	155416700	155467700	chr2_155416700	11	51000	0.0459602636294469	12	0.00591201310413374	10	0.327522449523499	::B-A08::N-B09::B-B09::N3-17::B-B07::B3-1-3::B3-2-36::N-B04::B-B10::B-A01::N3-2-36::	5
chr2	160657200	160708200	chr2_160657200	11	51000	0.0459602636294469	13	0.000701982294804404	11	0.0459602636294469	::N-A01::N-2-17::N-B04::N-B08::B-B10::B3-1-11::B3-2-36::B3-2-2::B3-1-5::N-A08::N-1-2::	6
chr2	163609200	163660200	chr2_163609200	18	51000	5.98323511842555e-09	23	1.29853385127354e-14	8	12.371299956901	::B3-6::N-B08::N-B09::B-B02::B3-2-7::B-B04::B-B09::B-B07::B3-1-2::B-B10::B-B08::B-A08::B-1-2::B3-2-2::B-B11::B3-3::B-A11::B3-1-3::	6
chr3	16185000	16236000	chr3_16185000	13	51000	0.000701982294804404	13	0.000701982294804404	12	0.00591201310413374	::N3-3::B-B02::N-A11::N3-6::B3-6::B-B08::N3-1-11::B-1-2::B-B11::N-2-17::B3-1-15::N3-2-7::N-1-2::	6
chr3	32998400	33049400	chr3_32998400	12	51000	0.00591201310413374	15	7.96480430572976e-06	8	12.371299956901	::N3-1-3::N-B04::B-B11::B-B07::N-B07::B3-1-3::B-B10::N-B11::N3-1-5::N-A01::B3-1-5::B-B04::	4
chr3	51246800	51297800	chr3_51246800	13	51000	0.000701982294804404	16	7.68403350669082e-07	13	0.000701982294804404	::N3-2-7::B-B09::B3-17::B-B10::N3-1-2::N3-1-15::N3-18::B-B07::B3-1-2::N-B07::N-B04::B-B04::N3-1-5::	7
chr3	51421000	51472000	chr3_51421000	13	51000	0.000701982294804404	15	7.96480430572976e-06	14	7.73984468573694e-05	::B-B08::N3-3::B3-1-5::B-1-2::B-B02::B3-3::N-1-2::B3-1-2::B-B10::B-2-9::B-2-26::N3-1-3::N-B04::	5
chr3	60501700	60552700	chr3_60501700	12	51000	0.00591201310413374	12	0.00591201310413374	10	0.327522449523499	::B3-2-7::B-B04::N-B04::B3-18::B-1-2::B-B02::B3-1-3::N-A08::B-B10::B-A11::N-A11::B3-2-36::	7
chr3	69074000	69125000	chr3_69074000	18	51000	5.98323511842555e-09	22	1.93484860536896e-13	18	5.98323511842555e-09	::N-B07::B-B02::B-2-17::N-A08::B-B10::B3-c-10::B-A08::B-B04::B3-1-3::B3-3::N3-2-2::B3-6::B-B09::N-B09::N-B08::B-A01::N3-18::B-B08::	11
chr3	88954600	89005600	chr3_88954600	14	51000	7.73984468573694e-05	17	6.97709202997689e-08	12	0.00591201310413374	::B-B10::N3-18::N3-1-2::B3-1-2::N-B08::B-B02::B-B09::B3-2-36::N-B02::N3-1-3::B3-1-3::B3-1-11::N3-1-11::B-A08::	9
chr3	90326400	90377400	chr3_90326400	15	51000	7.96480430572976e-06	16	7.68403350669082e-07	15	7.96480430572976e-06	::N-B07::B3-1-2::N-A01::N-1-2::B-1-2::B-B10::N-2-17::N3-2-36::B3-3::B-A01::N-B09::B-A03::B3-6::B-B02::B-A08::	11
chr3	96587100	96638100	chr3_96587100	12	51000	0.00591201310413374	13	0.000701982294804404	9	2.12181224053459	::B3-17::N-A11::N3-18::N-B11::N-B10::B-A03::N3-1-2::N3-1-15::N-A03::B3-1-15::B-A08::B3-1-2::	5
chr3	103024800	103075800	chr3_103024800	14	51000	7.73984468573694e-05	15	7.96480430572976e-06	13	0.000701982294804404	::B-A11::N-A11::B3-18::B3-2-22::N-A01::B3-1-11::N-B09::B-B10::N3-6::N-2-17::B3-2-36::B-A01::B3-6::B-A08::	6
chr3	103294700	103345700	chr3_103294700	16	51000	7.68403350669082e-07	21	2.75762715286754e-12	19	4.86089893154638e-10	::B-B10::B3-3::B-1-2::B3-6::B3-1-5::N3-1-11::B3-2-2::B-B07::N-B04::B-2-17::N-2-9::B-A11::N-A11::B-A08::B-2-9::N-B07::	15
chr3	104831200	104882200	chr3_104831200	11	51000	0.0459602636294469	11	0.0459602636294469	10	0.327522449523499	::B-A08::B-B09::B-B07::B-B11::N-B04::B-B04::B-A11::N-2-26::B3-18::B-2-9::B3-1-2::	7
chr3	135444900	135495900	chr3_135444900	18	51000	5.98323511842555e-09	24	8.35172444482215e-16	15	7.96480430572976e-06	::B-B02::B-A08::N3-1-15::B3-1-15::B3-6::B-A01::B3-3::N-B09::N-2-17::N-B02::B-A03::N-A08::N-A03::N3-2-36::N3-17::B3-18::N3-18::N3-1-2::	15
chr3	144547000	144598000	chr3_144547000	11	51000	0.0459602636294469	12	0.00591201310413374	9	2.12181224053459	::B3-2-22::N-A08::N-A11::B3-6::B-B07::N-B07::B3-1-11::B-B02::B-A11::N-B10::B-B10::	5
chr4	47355200	47406200	chr4_47355200	12	51000	0.00591201310413374	25	5.15668105906347e-17	18	5.98323511842555e-09	::B3-18::N-A11::B-A11::B3-1-3::N-A08::B-A08::N-B08::B-B08::B3-6::B-B11::B3-1-11::B-B07::	9
chr4	55354100	55405100	chr4_55354100	11	51000	0.0459602636294469	11	0.0459602636294469	8	12.371299956901	::B3-1-11::B3-2-7::B-2-17::N-2-17::B-2-26::B3-2-2::B3-1-5::N-B04::N-A01::B-B02::B-A01::	5
chr4	82356800	82407800	chr4_82356800	11	51000	0.0459602636294469	12	0.00591201310413374	11	0.0459602636294469	::B-2-9::B-A01::B3-1-15::N-B07::B3-17::N-A11::B-B02::B-B11::N-B04::B-B04::N3-2-36::	6
chr4	103106700	103157700	chr4_103106700	14	51000	7.73984468573694e-05	15	7.96480430572976e-06	9	2.12181224053459	::N3-18::N3-2-36::N3-17::B-B02::B3-2-22::N3-1-5::B3-1-15::B-A03::B-A08::N-A03::N3-1-15::N-A08::N-A01::B3-1-3::	11
chr4	120782300	120833300	chr4_120782300	12	51000	0.00591201310413374	12	0.00591201310413374	9	2.12181224053459	::N-B02::N-B09::B-B09::N-B04::B3-1-5::N3-1-5::B3-2-36::B-B10::B-B07::N-A03::B-A03::B-A08::	7
chr4	129698100	129749100	chr4_129698100	13	51000	0.000701982294804404	13	0.000701982294804404	11	0.0459602636294469	::N-B09::B-B09::N-A01::N3-18::B-A08::N-2-9::B-2-9::N-B08::B-B08::B-B04::B-A11::N3-6::N-B02::	6
chr4	130722300	130773300	chr4_130722300	15	51000	7.96480430572976e-06	15	7.96480430572976e-06	13	0.000701982294804404	::N-A01::B3-2-36::N-B02::B-2-9::B3-1-11::B-1-2::N-B07::B-B10::B-B07::N-A11::N-B09::B-B09::B-B02::B3-2-22::N3-2-22::	6
chr4	132172500	132223500	chr4_132172500	12	51000	0.00591201310413374	14	7.73984468573694e-05	11	0.0459602636294469	::B3-17::B-B08::N-B08::B-A01::B-A11::B-A08::N3-1-3::B-B07::B-B02::N-A01::B-B04::N-B04::	12
chr4	133688600	133739600	chr4_133688600	13	51000	0.000701982294804404	18	5.98323511842555e-09	16	7.68403350669082e-07	::N-B02::N-A08::B3-1-11::B-A08::B-B07::B-B02::B-B09::N-B08::B-1-2::N3-2-2::B3-18::N-B09::B3-3::	13
chr4	136304000	136355000	chr4_136304000	11	51000	0.0459602636294469	15	7.96480430572976e-06	13	0.000701982294804404	::B-2-26::B3-17::B3-1-11::B-B11::N-B04::B-B04::B-B08::B-A01::N-B07::B3-c-32::N-A01::	8
chr4	136545400	136596400	chr4_136545400	15	51000	7.96480430572976e-06	20	3.75163620638062e-11	12	0.00591201310413374	::B3-2-36::B3-1-15::B-A08::B-A03::N3-1-15::N-A08::N-A03::B3-17::B3-6::N-B08::B-B08::N3-1-5::B-A01::B3-2-2::N-A01::	14
chr4	141681500	141732500	chr4_141681500	11	51000	0.0459602636294469	13	0.000701982294804404	12	0.00591201310413374	::B-B02::B3-2-7::N3-2-7::B-A11::N-A01::N-A08::N3-1-15::B3-17::N-A11::B3-3::B3-6::	7
chr5	16228400	16279400	chr5_16228400	11	51000	0.0459602636294469	12	0.00591201310413374	11	0.0459602636294469	::N-B04::N3-6::B3-6::B3-1-2::N-A11::N3-1-15::B-B07::N3-1-2::B-1-2::B3-18::B3-1-11::	5
chr5	23439800	23490800	chr5_23439800	12	51000	0.00591201310413374	13	0.000701982294804404	12	0.00591201310413374	::B-A01::N-B09::B3-2-22::N-2-9::B3-2-36::N-A01::B-1-2::B3-18::N3-1-2::N3-3::B3-3::B3-6::	4
chr5	25278800	25329800	chr5_25278800	14	51000	7.73984468573694e-05	25	5.15668105906347e-17	19	4.86089893154638e-10	::B-A11::B3-2-7::B-B09::N3-2-7::N-2-17::N-2-9::B-2-9::B3-1-2::B-1-2::N3-2-2::B3-2-2::N3-1-3::B-2-17::N3-1-15::	13
chr5	25377100	25428100	chr5_25377100	29	51000	5.13586525921323e-22	66	7.88934230530553e-77	41	2.48389361811677e-38	::N3-2-2::B3-1-2::B-A08::B3-1-15::B-A03::N-A08::N3-1-15::N-A03::N3-2-7::B-B08::B3-18::B-2-9::N-2-9::B3-1-11::N3-1-11::B-B09::N-2-17::B-A11::B-B10::N3-1-2::B-B07::B3-2-2::N-B07::N-B10::B3-1-3::B3-2-22::N3-2-22::B3-2-7::B-1-2::	49
chr5	25449700	25500700	chr5_25449700	17	51000	6.97709202997689e-08	26	3.06147731716351e-18	21	2.75762715286754e-12	::N-2-9::N3-1-5::B-1-2::B3-6::B3-1-3::N3-1-3::B-2-9::B3-2-7::N3-2-7::B3-2-36::B3-17::B3-1-2::B-B08::B-2-17::N-2-17::N-B07::N3-2-36::	16
chr5	28130200	28181200	chr5_28130200	43	51000	3.27705319751118e-41	90	9.67827925860792e-118	6	290.760306639265	::N-A01::N-A08::N-B09::N3-1-5::N3-2-2::N-1-2::B-B10::B3-6::B-A08::B-1-2::B-B04::B3-1-2::N-A11::B3-1-3::B-2-9::N-B04::N3-1-11::N3-3::B-B11::B-2-17::B-B08::B-B09::B-B07::B-A01::B3-2-36::B3-2-2::B-A11::B3-3::B3-17::B3-1-11::B3-18::B-B02::B3-1-5::B3-2-22::N-B02::N-B10::N-B08::N3-18::N-A03::B3-1-15::B3-c-10::N3-1-2::B3-2-7::	57
chr5	36668500	36719500	chr5_36668500	11	51000	0.0459602636294469	13	0.000701982294804404	10	0.327522449523499	::B-B10::B-B02::B3-1-2::B3-1-3::N3-1-3::B3-18::N3-18::N-2-17::B-2-17::B3-2-2::N3-1-2::	8
chr5	52133700	52184700	chr5_52133700	12	51000	0.00591201310413374	15	7.96480430572976e-06	13	0.000701982294804404	::N3-17::N-B08::B-B08::B-B11::B-B10::N3-3::B-A11::N-A11::B-A08::B-B02::B3-6::B-A03::	8
chr5	65596700	65647700	chr5_65596700	15	51000	7.96480430572976e-06	15	7.96480430572976e-06	12	0.00591201310413374	::N-A01::N3-2-36::N3-1-11::N3-1-5::B-A11::N-A11::B-B10::B3-1-3::B3-1-11::B3-6::N3-6::B-1-2::B3-18::N3-18::N-B02::	13
chr5	86805300	86856300	chr5_86805300	14	51000	7.73984468573694e-05	17	6.97709202997689e-08	13	0.000701982294804404	::N-2-26::B3-1-3::B-B02::N-B02::N-1-2::B-B09::N-B09::B3-2-2::N3-2-2::B3-2-36::N3-2-36::B-B10::N3-1-3::N3-17::	12
chr5	96095600	96146600	chr5_96095600	13	51000	0.000701982294804404	14	7.73984468573694e-05	13	0.000701982294804404	::B3-18::N-B10::B-B10::N3-1-3::B-A03::N-2-17::B-B02::B3-17::B-B04::B-1-2::N-A11::B3-3::N-B08::	6
chr5	108462200	108513200	chr5_108462200	12	51000	0.00591201310413374	12	0.00591201310413374	12	0.00591201310413374	::B-1-2::B3-17::N3-1-11::B3-1-11::N3-1-5::B3-1-3::B3-1-5::B-A01::B-B04::N-B04::N3-2-7::B3-3::	8
chr5	121717000	121768000	chr5_121717000	14	51000	7.73984468573694e-05	16	7.68403350669082e-07	12	0.00591201310413374	::N-B02::N-2-26::B3-c-10::N-1-2::B-1-2::B3-2-22::B3-6::B-B09::N-B08::N3-c-32::N3-2-36::B3-2-36::B3-3::B-B10::	5
chr5	122292600	122343600	chr5_122292600	15	51000	7.96480430572976e-06	17	6.97709202997689e-08	11	0.0459602636294469	::N3-1-2::N3-1-3::N-B08::N3-2-2::B-B04::B-B10::B-A11::N-A11::N-B02::B-A08::B-A03::B3-1-15::N-A08::N3-1-15::N-A03::	12
chr5	122469000	122520000	chr5_122469000	13	51000	0.000701982294804404	16	7.68403350669082e-07	14	7.73984468573694e-05	::B3-1-3::B-A01::N-A01::B-B02::N-1-2::N-B08::N-B02::B3-3::B-A08::B-A11::B3-6::B-B09::B-B10::	8
chr5	124340800	124391800	chr5_124340800	12	51000	0.00591201310413374	19	4.86089893154638e-10	12	0.00591201310413374	::B-B07::N3-18::N-2-9::N3-3::B-B10::N3-1-11::B-B02::B3-1-11::N-B02::N3-1-3::B3-1-3::B3-2-22::	10
chr5	125124600	125175600	chr5_125124600	11	51000	0.0459602636294469	13	0.000701982294804404	13	0.000701982294804404	::B3-6::N-B10::N-1-2::N-B09::B3-c-32::B3-2-36::B-B10::N3-2-7::N3-1-15::N-A11::N3-2-36::	7
chr5	135193600	135244600	chr5_135193600	14	51000	7.73984468573694e-05	17	6.97709202997689e-08	14	7.73984468573694e-05	::N3-1-3::B3-1-3::B-A08::N-B08::N3-2-22::N3-2-7::B3-1-5::B-B07::B-B02::N3-17::B3-17::N3-2-2::N3-1-11::B3-1-11::	7
chr5	137647800	137698800	chr5_137647800	11	51000	0.0459602636294469	12	0.00591201310413374	7	64.1167058149867	::N3-1-5::B-A03::B3-1-15::B-A08::N3-1-15::N-A03::N-A08::B3-2-36::N-2-17::N-A11::B3-18::	9
chr5	142751900	142802900	chr5_142751900	11	51000	0.0459602636294469	12	0.00591201310413374	11	0.0459602636294469	::B3-18::B-A01::B3-6::B-B09::N3-6::B-2-9::N-B07::B-B02::N-2-17::N3-c-10::B3-2-2::	4
chr5	144267500	144318500	chr5_144267500	11	51000	0.0459602636294469	13	0.000701982294804404	10	0.327522449523499	::N3-2-36::N3-1-5::B3-1-3::N3-1-3::N3-1-2::B3-1-2::B3-3::N3-2-2::B3-2-2::B-A08::B-B11::	4
chr6	17639400	17690400	chr6_17639400	11	51000	0.0459602636294469	17	6.97709202997689e-08	13	0.000701982294804404	::N3-1-2::B3-3::B-B10::N-B10::N-1-2::B-1-2::B-A11::N-A11::B3-18::N3-18::B-A08::	8
chr6	38574100	38625100	chr6_38574100	11	51000	0.0459602636294469	12	0.00591201310413374	11	0.0459602636294469	::B3-3::N3-1-11::B-A08::N-2-17::B-2-17::B-B04::B3-18::N3-2-36::B-B10::N-B08::B-B02::	7
chr6	47480400	47531400	chr6_47480400	14	51000	7.73984468573694e-05	16	7.68403350669082e-07	11	0.0459602636294469	::N-2-17::B-B10::B-A08::N3-1-5::N-B07::N-B04::B-B04::B3-1-5::N-A03::N3-1-3::N-B10::B3-6::N3-6::B-B09::	5
chr6	83399300	83450300	chr6_83399300	11	51000	0.0459602636294469	11	0.0459602636294469	10	0.327522449523499	::B3-18::B-B11::N-1-2::N-A01::B-A01::N-B02::B3-2-36::B-B07::B-2-26::B3-6::B-B02::	8
chr6	83932900	83983900	chr6_83932900	13	51000	0.000701982294804404	13	0.000701982294804404	13	0.000701982294804404	::N-2-17::N-2-26::N3-1-15::B3-1-11::B-A08::N3-2-7::B-A01::B3-17::N-B04::B3-1-2::B-1-2::N-A01::B-B09::	8
chr6	86917800	86968800	chr6_86917800	11	51000	0.0459602636294469	13	0.000701982294804404	9	2.12181224053459	::B3-1-2::N-2-17::B-1-2::N-B09::B-B04::B-B09::N3-2-22::B3-2-22::N3-2-2::N3-17::B3-17::	8
chr6	103604700	103655700	chr6_103604700	13	51000	0.000701982294804404	15	7.96480430572976e-06	4	3660.90220098208	::B-A01::B3-2-36::N3-18::N-B11::N-A01::B-B11::N-B10::N3-1-11::N-B04::N3-1-15::N-B08::N3-3::B3-1-2::	7
chr6	113094800	113145800	chr6_113094800	13	51000	0.000701982294804404	14	7.73984468573694e-05	10	0.327522449523499	::B-B04::B-A11::B-1-2::N-1-2::N3-2-7::B-B11::N-A03::N-2-17::B-A08::B-B07::N3-18::N-B08::B-B08::	6
chr7	16556700	16607700	chr7_16556700	12	51000	0.00591201310413374	13	0.000701982294804404	11	0.0459602636294469	::N-2-17::B-2-17::B-A01::N3-1-5::N-B09::B-1-2::N-A01::N-B08::B-B02::B-B04::B-B10::N-B10::	8
chr7	28928400	28979400	chr7_28928400	12	51000	0.00591201310413374	13	0.000701982294804404	11	0.0459602636294469	::B-2-9::B3-2-22::B-1-2::N3-1-2::B-B07::N-B07::N-B04::B-2-17::N-2-17::B3-17::N-B09::N3-18::	10
chr7	59261800	59312800	chr7_59261800	14	51000	7.73984468573694e-05	20	3.75163620638062e-11	11	0.0459602636294469	::B-B02::B3-1-2::B-B07::N3-1-2::N-B07::B-B04::B3-1-3::B-2-9::N-B02::B3-c-10::N3-2-7::B3-2-7::N-A11::B-B11::	8
chr7	67288200	67339200	chr7_67288200	15	51000	7.96480430572976e-06	17	6.97709202997689e-08	10	0.327522449523499	::N3-3::N3-17::B-A03::N-A01::B-B04::B-A11::N-A11::B-2-26::B3-6::B3-17::B3-1-15::B-A08::N-A03::N3-1-15::N-A08::	13
chr7	90138800	90189800	chr7_90138800	18	51000	5.98323511842555e-09	22	1.93484860536896e-13	20	3.75163620638062e-11	::B-A08::N-1-2::N-B02::B-B07::B-B09::N-B09::N3-c-32::N-A11::B3-6::B-A03::B-B02::N3-2-2::B-B10::B-1-2::N-A01::B-A01::B-A11::B3-2-36::	10
chr7	92639100	92690100	chr7_92639100	11	51000	0.0459602636294469	14	7.73984468573694e-05	12	0.00591201310413374	::N-2-17::B-2-17::B-B09::B-2-9::B3-6::B-B08::N-B08::B-B02::B-1-2::N-A01::B-B11::	6
chr7	112054800	112105800	chr7_112054800	11	51000	0.0459602636294469	20	3.75163620638062e-11	14	7.73984468573694e-05	::B3-1-2::N-1-2::N3-17::N-B07::B-B09::B-B07::N-2-17::B-2-17::N-B04::B-B02::N3-1-2::	9
chr7	121036800	121087800	chr7_121036800	12	51000	0.00591201310413374	13	0.000701982294804404	9	2.12181224053459	::B-2-26::B3-c-10::B3-17::N3-17::B-B11::B3-2-36::N3-6::B3-6::N3-1-3::N-B09::B-B09::B3-1-3::	2
chr7	121651900	121702900	chr7_121651900	11	51000	0.0459602636294469	14	7.73984468573694e-05	12	0.00591201310413374	::B-B10::B3-2-22::N-2-17::N-B09::N-1-2::N3-2-36::N3-1-11::N-B04::B-2-9::B3-2-36::B3-c-32::	10
chr7	121836500	121887500	chr7_121836500	25	51000	5.15668105906347e-17	25	5.15668105906347e-17	1	23888.9466232823	::N3-1-15::N3-2-22::N-B04::N-1-2::N3-1-2::N-A11::N3-6::N-B07::N-B08::N-2-9::N-2-26::N3-1-11::N-B11::N-B09::N3-2-7::N-B02::N3-2-36::N-B10::N3-c-10::N-2-17::N3-3::N3-1-3::N3-1-5::N3-17::N3-18::	25
chr7	126114600	126165600	chr7_126114600	13	51000	0.000701982294804404	16	7.68403350669082e-07	13	0.000701982294804404	::N3-18::B3-18::B-B04::B3-6::B-2-17::B3-2-36::N3-2-36::B-B10::B-A01::N-A01::B-B09::N-1-2::B-1-2::	9
chr7	132922200	132973200	chr7_132922200	12	51000	0.00591201310413374	13	0.000701982294804404	9	2.12181224053459	::N3-2-36::B3-18::N-B09::B3-1-15::N-A03::N3-1-15::B-A08::B-A03::N3-1-3::N3-1-11::B-B11::N3-1-5::	2
chr7	136370100	136421100	chr7_136370100	32	51000	6.3472128627771e-26	35	5.94462591891647e-30	6	290.760306639265	::B3-6::B-B09::N3-c-10::N-B11::N3-2-36::N-A08::N-2-9::N-2-26::N-B07::N-2-17::N-B04::N3-17::N-B09::N3-6::N-A11::N-B02::N3-1-11::N3-1-5::N-A01::N3-1-3::N3-1-15::N-1-2::N3-2-7::N3-2-2::N3-c-32::N-A03::N-B10::N3-3::N-B08::N3-1-2::N3-2-22::N3-18::	32
chr7	141565600	141616600	chr7_141565600	13	51000	0.000701982294804404	13	0.000701982294804404	11	0.0459602636294469	::N-B02::B3-18::B-B02::N-2-26::B-2-26::N3-1-5::B-A08::B3-17::B3-2-2::N3-3::N3-2-22::N-A03::N-2-9::	4
chr8	4267000	4318000	chr8_4267000	14	51000	7.73984468573694e-05	16	7.68403350669082e-07	16	7.68403350669082e-07	::B3-17::B3-2-2::B-1-2::B-B02::B-B10::N-B10::B3-6::B3-1-3::N-B04::B3-1-2::N3-1-3::B3-3::N3-3::N-B07::	8
chr8	22855300	22906300	chr8_22855300	15	51000	7.96480430572976e-06	18	5.98323511842555e-09	11	0.0459602636294469	::N-B08::B-1-2::B-B04::B3-1-5::N-B04::N-A01::B-A01::B-2-17::N-2-17::B-B10::B3-1-2::B-B07::N-B07::N-1-2::N3-1-2::	11
chr8	95750200	95801200	chr8_95750200	12	51000	0.00591201310413374	14	7.73984468573694e-05	13	0.000701982294804404	::B3-1-2::N-B10::N-2-17::B3-1-11::B3-2-22::N3-2-22::B3-6::B-B10::B3-18::B-A01::B-1-2::B3-c-10::	7
chr8	109787600	109838600	chr8_109787600	17	51000	6.97709202997689e-08	23	1.29853385127354e-14	16	7.68403350669082e-07	::N-B08::N-B11::B-B10::N3-1-5::B3-2-36::N-B10::B-B07::B3-1-2::N-B07::N3-1-2::N-2-17::B-2-17::B3-c-10::B-B02::N3-2-36::B3-c-32::B3-2-7::	10
chr8	117324200	117375200	chr8_117324200	13	51000	0.000701982294804404	15	7.96480430572976e-06	11	0.0459602636294469	::N-A01::B3-1-11::B-1-2::B-2-17::N-2-17::N-B09::N-A11::N-1-2::B-B04::B3-1-3::N3-1-5::N-B04::B3-1-5::	4
chr9	3000100	3051100	chr9_3000100	33	51000	2.96895247852338e-27	59	1.48303885637209e-65	18	5.98323511842555e-09	::N-A08::N-B08::B-B02::N-B07::N-2-17::N3-18::N3-6::B-B11::N-B11::N-A11::N3-2-22::N-A01::N-B04::N-2-26::N3-2-7::N3-1-3::N-B10::N3-1-15::N3-17::N3-2-2::N3-1-5::B-B10::N-B02::B3-17::B3-2-22::B-A08::N3-2-36::N3-1-2::B-B09::N-A03::B-2-17::N-B09::N3-1-11::	26
chr9	13792200	13843200	chr9_13792200	12	51000	0.00591201310413374	12	0.00591201310413374	12	0.00591201310413374	::B-B04::N-B04::N-A11::N3-2-7::B3-1-3::B3-2-22::N-B08::B-2-17::N-B10::N-1-2::N-2-17::B3-17::	5
chr9	14278500	14329500	chr9_14278500	11	51000	0.0459602636294469	13	0.000701982294804404	12	0.00591201310413374	::B3-1-2::N3-18::N3-2-7::B-B07::B3-1-15::N-B11::B-B02::B-B10::N-B09::N-A11::B-A11::	7
chr9	21455900	21506900	chr9_21455900	11	51000	0.0459602636294469	12	0.00591201310413374	10	0.327522449523499	::B-1-2::N3-2-7::N-1-2::B-B04::N3-1-5::N3-17::N3-2-36::N-2-17::N-B07::N-2-9::B-2-9::	6
chr9	21620300	21671300	chr9_21620300	11	51000	0.0459602636294469	17	6.97709202997689e-08	15	7.96480430572976e-06	::B3-1-15::N-2-17::B3-1-2::B3-18::N3-18::B-A08::B-B04::N-1-2::B-1-2::B-B02::N-A08::	8
chr9	27050900	27101900	chr9_27050900	11	51000	0.0459602636294469	11	0.0459602636294469	9	2.12181224053459	::N3-1-3::N3-3::B-B09::B3-17::N-B04::B-B04::N3-6::B-1-2::N3-1-2::B-2-26::N-2-26::	7
chr9	35259500	35310500	chr9_35259500	12	51000	0.00591201310413374	15	7.96480430572976e-06	8	12.371299956901	::B3-1-15::B-B11::N3-1-2::N3-1-11::N3-1-3::N3-18::N3-1-15::N-B04::N-B11::N-B07::N3-1-5::N-A11::	6
chr9	47686600	47737600	chr9_47686600	11	51000	0.0459602636294469	13	0.000701982294804404	11	0.0459602636294469	::N-1-2::B-B04::B3-2-22::B3-1-2::N-B04::B3-2-2::B3-2-7::N3-2-7::N3-18::B3-2-36::N3-1-5::	9
chr9	59404200	59455200	chr9_59404200	15	51000	7.96480430572976e-06	17	6.97709202997689e-08	16	7.68403350669082e-07	::N-A01::B3-6::B-A08::N-A08::B3-3::N3-1-5::N3-1-2::N3-2-7::N-B08::B3-1-5::N-B07::B-B02::B-B10::N-2-17::B-2-17::	6
chr9	66549200	66600200	chr9_66549200	12	51000	0.00591201310413374	13	0.000701982294804404	11	0.0459602636294469	::B-B10::B3-1-2::B-1-2::N-1-2::N-2-17::N3-c-10::N-B10::N-A11::B-A01::B3-2-36::B-2-17::N-B11::	9
chr9	70430000	70481000	chr9_70430000	16	51000	7.68403350669082e-07	18	5.98323511842555e-09	16	7.68403350669082e-07	::B-B02::N-B02::B3-2-2::N3-2-2::B3-2-36::B-1-2::N3-1-3::N3-1-11::N-A11::B-B09::B3-6::B3-1-3::N-1-2::B-A01::B3-3::B3-1-5::	11
chr9	70692400	70743400	chr9_70692400	11	51000	0.0459602636294469	15	7.96480430572976e-06	14	7.73984468573694e-05	::B-A03::B-B02::N3-1-2::B3-17::B3-2-2::B3-3::N3-2-36::N3-17::B-1-2::N-2-17::N3-1-15::	4
chr9	71864700	71915700	chr9_71864700	14	51000	7.73984468573694e-05	17	6.97709202997689e-08	14	7.73984468573694e-05	::B3-2-36::N-A03::N3-2-2::N-B11::B3-1-2::N3-1-2::B-B10::B-A11::N-B08::B-A01::N-B09::B-B08::N3-18::B3-17::	10
chr9	72063500	72114500	chr9_72063500	20	51000	3.75163620638062e-11	25	5.15668105906347e-17	20	3.75163620638062e-11	::B-2-17::B3-18::N-B04::B3-17::B3-c-10::N3-17::B-B02::B-B11::N3-1-3::B3-1-3::B-1-2::B3-6::B3-2-36::N3-2-36::B-B04::B3-1-5::N3-1-5::B3-2-2::B3-3::B-2-9::	17
chr9	72288900	72339900	chr9_72288900	13	51000	0.000701982294804404	14	7.73984468573694e-05	13	0.000701982294804404	::N-1-2::B-1-2::N3-1-3::B-B09::B3-18::N3-1-5::B3-6::B3-17::N-B04::B-2-9::B3-1-11::N-2-26::B3-2-36::	6
chr9	72535200	72586200	chr9_72535200	12	51000	0.00591201310413374	15	7.96480430572976e-06	13	0.000701982294804404	::B3-17::B-B10::B-B02::N-B08::N-1-2::B3-6::B-2-9::N3-2-2::B3-2-2::N3-2-7::N-A01::N-B10::	8
chr9	82910600	82961600	chr9_82910600	13	51000	0.000701982294804404	14	7.73984468573694e-05	12	0.00591201310413374	::N-1-2::B-B04::N-B10::N-B04::N-2-17::B-A08::B3-3::B-2-9::N3-2-36::B-B09::N-B09::B-2-26::B3-2-36::	10
chr9	107749200	107800200	chr9_107749200	14	51000	7.73984468573694e-05	15	7.96480430572976e-06	12	0.00591201310413374	::B-1-2::N-B02::B-B02::B3-17::N3-17::B-B10::B3-3::B3-1-5::N3-c-10::N-B04::N3-3::N-A01::B-A01::N3-2-36::	6
chr9	108523700	108574700	chr9_108523700	11	51000	0.0459602636294469	13	0.000701982294804404	13	0.000701982294804404	::N-A08::B-A08::B-B04::N3-6::N3-1-5::B3-1-11::B3-6::B-B10::B-B11::B-A01::N-A01::	6
chr9	113659200	113710200	chr9_113659200	12	51000	0.00591201310413374	13	0.000701982294804404	11	0.0459602636294469	::B-B10::B-1-2::N-B02::B3-2-22::B3-2-36::N3-17::N3-2-22::N-B04::B3-1-5::N3-1-5::B3-6::N-B08::	7
chr9	113924400	113975400	chr9_113924400	13	51000	0.000701982294804404	16	7.68403350669082e-07	14	7.73984468573694e-05	::B3-18::N3-1-5::N-1-2::N-A01::B-A01::N-A11::N-B02::B-A11::N3-2-2::B3-2-36::N-2-17::B-B08::N-B08::	6
chr9	115257300	115308300	chr9_115257300	11	51000	0.0459602636294469	16	7.68403350669082e-07	15	7.96480430572976e-06	::B-B04::B-A08::N-B11::B-B11::N-A08::N3-1-3::B-B02::B-1-2::B3-1-11::N-A01::B-2-17::	5
chrUn_GL456383	1100	52100	chrUn_GL456383_1100	16	51000	7.68403350669082e-07	18	5.98323511842555e-09	11	0.0459602636294469	::B-B07::B3-1-2::N3-1-3::B3-1-3::B3-18::N-A08::N3-1-5::B3-2-22::B3-2-2::N3-18::N-A01::N-2-17::N-A11::N3-2-2::N3-17::N3-2-7::	2
chrUn_GL456390	0	51000	chrUn_GL456390_0	35	51000	5.94462591891647e-30	61	9.65472015947719e-69	42	9.12888685009437e-40	::B3-18::N3-6::N3-1-2::N3-2-7::N3-1-3::B3-3::N-2-17::N3-2-2::N3-17::N-B09::N-A03::N3-1-15::N3-3::N-B08::N-B04::N-A08::N-A01::N-B10::N3-1-11::B-1-2::N3-2-22::N3-2-36::N3-18::N-B11::N-B02::B-A08::N3-1-5::B3-2-7::B-B02::B3-17::N-A11::B3-6::B-A03::B3-2-22::B-B11::	37
chrUn_GL456392	14600	65600	chrUn_GL456392_14600	17	51000	6.97709202997689e-08	22	1.93484860536896e-13	13	0.000701982294804404	::N-2-17::N3-2-2::N3-17::N-B09::N-A03::N3-1-15::N3-3::N-B08::N-B04::N-A08::N-A01::N-B10::N3-6::N3-1-11::B-1-2::N3-2-22::N3-1-3::	16
chrUn_GL456393	1400	52400	chrUn_GL456393_1400	26	51000	3.06147731716351e-18	33	2.96895247852338e-27	25	5.15668105906347e-17	::N3-2-36::N3-18::N-2-17::N3-1-3::N-B11::N-B02::N3-1-2::N3-2-2::B-A08::N3-1-15::N3-1-5::B-1-2::N3-6::B3-2-7::N-B10::N-B08::B-B02::B3-3::N-A03::B3-17::N-A11::B3-6::N-A01::B-A03::B3-2-22::B-B11::	17
chrUn_JH584304	22600	73600	chrUn_JH584304_22600	16	51000	7.68403350669082e-07	17	6.97709202997689e-08	16	7.68403350669082e-07	::N-A01::N-A03::B-A03::B3-2-22::N3-18::B-B11::N-B08::N-B11::N-2-26::N-B09::B3-1-2::B-A08::B-B04::B-1-2::B3-6::N3-1-3::	9
chrX	13118100	13169100	chrX_13118100	11	51000	0.0459602636294469	12	0.00591201310413374	11	0.0459602636294469	::N3-1-11::N-1-2::B-A01::N-A01::B3-c-10::N-2-9::B-2-9::B-A11::N3-2-36::N-B10::N-B04::	8
