chr10	88679300	88729300	chr10_88679300	2	50000	0.0207588269948391	2	0.0207588269948391	1	4.33982048839209	::N3-2-36::B3-2-36::	0
chr10	123958000	124008000	chr10_123958000	2	50000	0.0207588269948391	2	0.0207588269948391	1	4.33982048839209	::B3-2-7::N3-2-7::	2
chr10	128113200	128163200	chr10_128113200	2	50000	0.0207588269948391	2	0.0207588269948391	1	4.33982048839209	::B3-1-2::N3-1-2::	2
chr11	30129000	30179000	chr11_30129000	2	50000	0.0207588269948391	2	0.0207588269948391	1	4.33982048839209	::N3-1-13::B3-1-13::	0
chr11	69612800	69662800	chr11_69612800	2	50000	0.0207588269948391	2	0.0207588269948391	1	4.33982048839209	::N3-1-2::B3-1-2::	0
chr11	74702700	74752700	chr11_74702700	2	50000	0.0207588269948391	2	0.0207588269948391	1	4.33982048839209	::N3-1-2::B3-1-2::	0
chr11	86348100	86398100	chr11_86348100	2	50000	0.0207588269948391	2	0.0207588269948391	1	4.33982048839209	::N3-1-11::B3-1-11::	0
chr11	88571800	88621800	chr11_88571800	2	50000	0.0207588269948391	2	0.0207588269948391	1	4.33982048839209	::B3-1-15::N3-1-15::	2
chr11	94041300	94091300	chr11_94041300	2	50000	0.0207588269948391	2	0.0207588269948391	1	4.33982048839209	::N3-1-13::B3-1-13::	0
chr11	97694400	97744400	chr11_97694400	2	50000	0.0207588269948391	2	0.0207588269948391	1	4.33982048839209	::N3-8::B3-8::	0
chr11	101986700	102036700	chr11_101986700	2	50000	0.0207588269948391	2	0.0207588269948391	1	4.33982048839209	::N3-2-7::B3-2-7::	0
chr11	104420400	104470400	chr11_104420400	2	50000	0.0207588269948391	2	0.0207588269948391	2	0.0207588269948391	::B3-21::N3-21::	0
chr11	116867800	116917800	chr11_116867800	2	50000	0.0207588269948391	2	0.0207588269948391	2	0.0207588269948391	::B3-2-7::B3-4::	1
chr11	120550000	120600000	chr11_120550000	2	50000	0.0207588269948391	2	0.0207588269948391	1	4.33982048839209	::N3-1::N3-10::	2
chr13	34882800	34932800	chr13_34882800	2	50000	0.0207588269948391	2	0.0207588269948391	1	4.33982048839209	::N3-21::B3-21::	0
chr13	56099700	56149700	chr13_56099700	2	50000	0.0207588269948391	2	0.0207588269948391	1	4.33982048839209	::B3-14::N3-14::	2
chr14	31657100	31707100	chr14_31657100	2	50000	0.0207588269948391	2	0.0207588269948391	1	4.33982048839209	::B3-2-7::N3-2-7::	2
chr14	56769600	56819600	chr14_56769600	2	50000	0.0207588269948391	2	0.0207588269948391	1	4.33982048839209	::B3-1-2::N3-1-2::	2
chr14	67039600	67089600	chr14_67039600	2	50000	0.0207588269948391	2	0.0207588269948391	1	4.33982048839209	::N3-8::B3-8::	0
chr14	70931800	70981800	chr14_70931800	2	50000	0.0207588269948391	2	0.0207588269948391	1	4.33982048839209	::B3-4::N3-4::	2
chr14	73216200	73266200	chr14_73216200	2	50000	0.0207588269948391	2	0.0207588269948391	2	0.0207588269948391	::B3-1-15::B3-8::	2
chr14	99612400	99662400	chr14_99612400	2	50000	0.0207588269948391	2	0.0207588269948391	1	4.33982048839209	::N3-1-5::B3-1-5::	0
chr15	73155500	73205500	chr15_73155500	2	50000	0.0207588269948391	2	0.0207588269948391	1	4.33982048839209	::N3-1::N3-10::	0
chr15	76116500	76166500	chr15_76116500	2	50000	0.0207588269948391	2	0.0207588269948391	2	0.0207588269948391	::B3-1-5::N3-1::	2
chr15	99013000	99063000	chr15_99013000	2	50000	0.0207588269948391	2	0.0207588269948391	1	4.33982048839209	::N3-1::B3-1::	0
chr15	101194000	101244000	chr15_101194000	2	50000	0.0207588269948391	2	0.0207588269948391	1	4.33982048839209	::B3-1-15::N3-1-15::	2
chr15	103216400	103266400	chr15_103216400	2	50000	0.0207588269948391	2	0.0207588269948391	1	4.33982048839209	::N3-2-2::B3-2-2::	0
chr16	4489900	4539900	chr16_4489900	4	50000	1.58322865689933e-07	4	1.58322865689933e-07	1	4.33982048839209	::B3-10::B3-1::N3-1::N3-10::	4
chr16	20685100	20735100	chr16_20685100	2	50000	0.0207588269948391	2	0.0207588269948391	1	4.33982048839209	::B3-18::N3-18::	2
chr16	22242400	22292400	chr16_22242400	2	50000	0.0207588269948391	2	0.0207588269948391	2	0.0207588269948391	::B3-2-7::B3-1::	0
chr16	76366900	76416900	chr16_76366900	2	50000	0.0207588269948391	2	0.0207588269948391	1	4.33982048839209	::N3-2-22::B3-2-22::	0
chr16	90091200	90141200	chr16_90091200	2	50000	0.0207588269948391	2	0.0207588269948391	1	4.33982048839209	::N3-4::B3-4::	0
chr16	91041300	91091300	chr16_91041300	2	50000	0.0207588269948391	2	0.0207588269948391	1	4.33982048839209	::B3-21::N3-21::	2
chr16	96028900	96078900	chr16_96028900	3	50000	6.61976533137387e-05	3	6.61976533137387e-05	2	0.0207588269948391	::N3-1-3::B3-18::N3-18::	3
chr17	25913700	25963700	chr17_25913700	3	50000	6.61976533137387e-05	3	6.61976533137387e-05	2	0.0207588269948391	::B3-1-2::N3-1-2::B3-10::	2
chr17	30006600	30056600	chr17_30006600	3	50000	6.61976533137387e-05	3	6.61976533137387e-05	2	0.0207588269948391	::B3-21::N3-21::B3-1-3::	3
chr17	32280000	32330000	chr17_32280000	2	50000	0.0207588269948391	2	0.0207588269948391	1	4.33982048839209	::B3-10::N3-10::	2
chr17	53596200	53646200	chr17_53596200	2	50000	0.0207588269948391	2	0.0207588269948391	1	4.33982048839209	::B3-1-3::N3-1-3::	2
chr18	31820700	31870700	chr18_31820700	2	50000	0.0207588269948391	2	0.0207588269948391	1	4.33982048839209	::N3-18::B3-18::	0
chr18	61585100	61635100	chr18_61585100	2	50000	0.0207588269948391	2	0.0207588269948391	1	4.33982048839209	::N3-1-2::B3-1-2::	0
chr18	71149400	71199400	chr18_71149400	2	50000	0.0207588269948391	2	0.0207588269948391	1	4.33982048839209	::B3-2-2::N3-2-2::	2
chr19	3892600	3942600	chr19_3892600	2	50000	0.0207588269948391	2	0.0207588269948391	1	4.33982048839209	::N3-2-7::B3-2-7::	0
chr19	4353800	4403800	chr19_4353800	2	50000	0.0207588269948391	2	0.0207588269948391	1	4.33982048839209	::B3-1-3::N3-1-3::	2
chr19	28734800	28784800	chr19_28734800	2	50000	0.0207588269948391	2	0.0207588269948391	1	4.33982048839209	::N3-2-7::B3-2-7::	0
chr19	41590400	41640400	chr19_41590400	2	50000	0.0207588269948391	2	0.0207588269948391	1	4.33982048839209	::N3-2-7::B3-2-7::	0
chr19	43034300	43084300	chr19_43034300	2	50000	0.0207588269948391	2	0.0207588269948391	1	4.33982048839209	::N3-10::N3-1::	0
chr19	47456200	47506200	chr19_47456200	2	50000	0.0207588269948391	2	0.0207588269948391	1	4.33982048839209	::B3-1-2::N3-1-2::	2
chr2	30074500	30124500	chr2_30074500	2	50000	0.0207588269948391	2	0.0207588269948391	1	4.33982048839209	::N3-21::B3-21::	0
chr2	75666300	75716300	chr2_75666300	2	50000	0.0207588269948391	2	0.0207588269948391	1	4.33982048839209	::B3-10::B3-1::	2
chr2	98662600	98712600	chr2_98662600	2	50000	0.0207588269948391	2	0.0207588269948391	2	0.0207588269948391	::N3-1::N3-14::	0
chr2	145916800	145966800	chr2_145916800	2	50000	0.0207588269948391	2	0.0207588269948391	1	4.33982048839209	::B3-1-3::N3-1-3::	2
chr2	157094800	157144800	chr2_157094800	2	50000	0.0207588269948391	2	0.0207588269948391	1	4.33982048839209	::B3-8::N3-8::	2
chr3	122294400	122344400	chr3_122294400	2	50000	0.0207588269948391	2	0.0207588269948391	1	4.33982048839209	::B3-1-3::N3-1-3::	2
chr3	135449900	135499900	chr3_135449900	2	50000	0.0207588269948391	2	0.0207588269948391	1	4.33982048839209	::N3-8::B3-8::	0
chr3	142820400	142870400	chr3_142820400	2	50000	0.0207588269948391	2	0.0207588269948391	1	4.33982048839209	::B3-1-2::N3-1-2::	2
chr4	82447800	82497800	chr4_82447800	2	50000	0.0207588269948391	2	0.0207588269948391	1	4.33982048839209	::B3-1-13::N3-1-13::	2
chr4	83455400	83505400	chr4_83455400	2	50000	0.0207588269948391	2	0.0207588269948391	1	4.33982048839209	::N3-4::B3-4::	0
chr4	103134600	103184600	chr4_103134600	2	50000	0.0207588269948391	2	0.0207588269948391	1	4.33982048839209	::B3-1-15::N3-1-15::	2
chr4	152293900	152343900	chr4_152293900	3	50000	6.61976533137387e-05	3	6.61976533137387e-05	2	0.0207588269948391	::N3-4::B3-1::B3-10::	3
chr4	154451300	154501300	chr4_154451300	3	50000	6.61976533137387e-05	3	6.61976533137387e-05	1	4.33982048839209	::N3-1::B3-1::B3-10::	0
chr4	155508800	155558800	chr4_155508800	3	50000	6.61976533137387e-05	3	6.61976533137387e-05	2	0.0207588269948391	::B3-2-36::N3-2-36::N3-1::	2
chr4	155996700	156046700	chr4_155996700	2	50000	0.0207588269948391	2	0.0207588269948391	1	4.33982048839209	::N3-2-36::B3-2-36::	0
chr5	25408600	25458600	chr5_25408600	3	50000	6.61976533137387e-05	3	6.61976533137387e-05	2	0.0207588269948391	::B3-1-2::B3-2-2::N3-2-2::	3
chr5	65657300	65707300	chr5_65657300	3	50000	6.61976533137387e-05	3	6.61976533137387e-05	2	0.0207588269948391	::N3-2-21::B3-2-21::B3-1-3::	1
chr5	66024000	66074000	chr5_66024000	2	50000	0.0207588269948391	2	0.0207588269948391	1	4.33982048839209	::N3-1-3::B3-1-3::	0
chr5	86834500	86884500	chr5_86834500	2	50000	0.0207588269948391	2	0.0207588269948391	1	4.33982048839209	::N3-2-2::B3-2-2::	0
chr5	88746100	88796100	chr5_88746100	2	50000	0.0207588269948391	2	0.0207588269948391	1	4.33982048839209	::B3-1-13::N3-1-13::	2
chr5	99969100	100019100	chr5_99969100	2	50000	0.0207588269948391	2	0.0207588269948391	1	4.33982048839209	::B3-1::B3-10::	2
chr5	103853400	103903400	chr5_103853400	2	50000	0.0207588269948391	2	0.0207588269948391	1	4.33982048839209	::N3-1-11::B3-1-11::	0
chr5	122335200	122385200	chr5_122335200	2	50000	0.0207588269948391	2	0.0207588269948391	1	4.33982048839209	::B3-1-15::N3-1-15::	2
chr5	124379300	124429300	chr5_124379300	2	50000	0.0207588269948391	2	0.0207588269948391	2	0.0207588269948391	::B3-1-11::B3-1-3::	1
chr5	137669800	137719800	chr5_137669800	2	50000	0.0207588269948391	2	0.0207588269948391	1	4.33982048839209	::B3-1-15::N3-1-15::	2
chr6	17661900	17711900	chr6_17661900	2	50000	0.0207588269948391	2	0.0207588269948391	1	4.33982048839209	::B3-18::N3-18::	2
chr6	39647400	39697400	chr6_39647400	2	50000	0.0207588269948391	2	0.0207588269948391	1	4.33982048839209	::N3-1-13::B3-1-13::	0
chr6	51473600	51523600	chr6_51473600	2	50000	0.0207588269948391	2	0.0207588269948391	1	4.33982048839209	::B3-4::N3-4::	2
chr6	99168000	99218000	chr6_99168000	2	50000	0.0207588269948391	2	0.0207588269948391	1	4.33982048839209	::N3-18::B3-18::	0
chr6	115991200	116041200	chr6_115991200	2	50000	0.0207588269948391	2	0.0207588269948391	1	4.33982048839209	::N3-1-13::B3-1-13::	0
chr6	120744000	120794000	chr6_120744000	2	50000	0.0207588269948391	2	0.0207588269948391	1	4.33982048839209	::B3-1-5::N3-1-5::	2
chr7	19656400	19706400	chr7_19656400	2	50000	0.0207588269948391	2	0.0207588269948391	1	4.33982048839209	::B3-1-15::N3-1-15::	2
chr7	28786800	28836800	chr7_28786800	2	50000	0.0207588269948391	2	0.0207588269948391	1	4.33982048839209	::N3-1-2::B3-1-2::	0
chr7	28926100	28976100	chr7_28926100	2	50000	0.0207588269948391	2	0.0207588269948391	1	4.33982048839209	::N3-4::B3-4::	0
chr7	29434900	29484900	chr7_29434900	2	50000	0.0207588269948391	2	0.0207588269948391	1	4.33982048839209	::B3-1-15::N3-1-15::	2
chr7	49291200	49341200	chr7_49291200	2	50000	0.0207588269948391	2	0.0207588269948391	1	4.33982048839209	::B3-1-15::N3-1-15::	2
chr7	49355900	49405900	chr7_49355900	2	50000	0.0207588269948391	2	0.0207588269948391	1	4.33982048839209	::B3-2-7::N3-2-7::	2
chr7	107697300	107747300	chr7_107697300	2	50000	0.0207588269948391	2	0.0207588269948391	1	4.33982048839209	::B3-2-7::N3-2-7::	2
chr7	127603100	127653100	chr7_127603100	2	50000	0.0207588269948391	2	0.0207588269948391	1	4.33982048839209	::B3-1-11::N3-1-11::	2
chr7	132947700	132997700	chr7_132947700	2	50000	0.0207588269948391	2	0.0207588269948391	1	4.33982048839209	::N3-1-15::B3-1-15::	0
chr7	136389300	136439300	chr7_136389300	11	50000	6.98114150740426e-28	11	6.98114150740426e-28	1	4.33982048839209	::N3-9::N3-1-11::N3-8::N3-1-13::N3-1-3::N3-1-15::N3-2-21::N3-2-2::N3-1-2::N3-18::N3-14::	11
chr7	138396400	138446400	chr7_138396400	2	50000	0.0207588269948391	2	0.0207588269948391	1	4.33982048839209	::B3-2-7::N3-2-7::	2
chr8	25620800	25670800	chr8_25620800	2	50000	0.0207588269948391	2	0.0207588269948391	1	4.33982048839209	::N3-21::B3-21::	0
chr8	40614400	40664400	chr8_40614400	2	50000	0.0207588269948391	2	0.0207588269948391	1	4.33982048839209	::N3-18::B3-18::	0
chr8	57540500	57590500	chr8_57540500	2	50000	0.0207588269948391	2	0.0207588269948391	1	4.33982048839209	::N3-1-5::B3-1-5::	0
chr8	80846200	80896200	chr8_80846200	4	50000	1.58322865689933e-07	4	1.58322865689933e-07	1	4.33982048839209	::N3-1::N3-10::B3-10::B3-1::	0
chr8	84703600	84753600	chr8_84703600	3	50000	6.61976533137387e-05	3	6.61976533137387e-05	1	4.33982048839209	::N3-1::N3-10::B3-1::	0
chr8	108747600	108797600	chr8_108747600	2	50000	0.0207588269948391	2	0.0207588269948391	2	0.0207588269948391	::B3-2-22::B3-1::	2
chr8	111848500	111898500	chr8_111848500	2	50000	0.0207588269948391	2	0.0207588269948391	1	4.33982048839209	::N3-21::B3-21::	0
chr8	117285600	117335600	chr8_117285600	2	50000	0.0207588269948391	2	0.0207588269948391	1	4.33982048839209	::N3-4::B3-4::	0
chr9	21629800	21679800	chr9_21629800	2	50000	0.0207588269948391	2	0.0207588269948391	1	4.33982048839209	::B3-18::N3-18::	2
chr9	42198100	42248100	chr9_42198100	2	50000	0.0207588269948391	2	0.0207588269948391	1	4.33982048839209	::B3-2-7::N3-2-7::	2
chr9	57758000	57808000	chr9_57758000	3	50000	6.61976533137387e-05	3	6.61976533137387e-05	2	0.0207588269948391	::B3-1-2::B3-1-13::N3-1-13::	2
chr9	58216500	58266500	chr9_58216500	2	50000	0.0207588269948391	2	0.0207588269948391	1	4.33982048839209	::N3-1-13::B3-1-13::	0
chr9	69470300	69520300	chr9_69470300	2	50000	0.0207588269948391	2	0.0207588269948391	1	4.33982048839209	::B3-2-22::N3-2-22::	2
chr9	70433200	70483200	chr9_70433200	2	50000	0.0207588269948391	2	0.0207588269948391	2	0.0207588269948391	::B3-2-2::B3-1-13::	1
chr9	120935400	120985400	chr9_120935400	2	50000	0.0207588269948391	3	6.61976533137387e-05	2	0.0207588269948391	::B3-1-13::N3-1-13::	2
chrX	151817800	151867800	chrX_151817800	2	50000	0.0207588269948391	2	0.0207588269948391	1	4.33982048839209	::N3-1-11::B3-1-11::	0
