chr10	13829700	13885700	chr10_13829700	9	56000	0.0462533447752802	9	0.0462533447752802	7	3.28232145431522	::B3-10::N3-2-21::B3-2-2::N3-2-2::N3-2-7::N3-1-5::B3-2-36::N3-2-36::N3-1-2::	7
chr10	29138700	29194700	chr10_29138700	9	56000	0.0462533447752802	9	0.0462533447752802	7	3.28232145431522	::N3-1-11::N3-18::B3-18::N3-1-2::B3-10::B3-2-21::B3-2-36::N3-2-36::B3-1::	4
chr10	108172200	108228200	chr10_108172200	9	56000	0.0462533447752802	10	0.00465897530338176	9	0.0462533447752802	::B3-1::N3-1-5::B3-1-15::N3-1-15::N3-9::N3-1::B3-1-2::B3-2-22::B3-1-3::	6
chr10	116514600	116570600	chr10_116514600	11	56000	0.000426623709504471	13	2.77469286947835e-06	10	0.00465897530338176	::B3-1-3::B3-1::B3-1-2::N3-4::N3-1-11::B3-1-11::B3-1-13::N3-2-21::B3-1-5::B3-2-2::B3-4::	8
chr11	3185300	3241300	chr11_3185300	10	56000	0.00465897530338176	13	2.77469286947835e-06	12	3.58105512166246e-05	::N3-2-2::B3-8::N3-18::N3-1-3::B3-14::N3-9::N3-10::B3-2-36::B3-1-13::B3-1-3::	3
chr11	69582300	69638300	chr11_69582300	12	56000	3.58105512166246e-05	12	3.58105512166246e-05	11	0.000426623709504471	::B3-1-15::N3-2-21::N3-1-11::N3-10::B3-2-21::N3-1-2::B3-1-2::B3-1-13::B3-2-2::N3-1::B3-2-36::B3-2-22::	8
chr11	79465600	79521600	chr11_79465600	11	56000	0.000426623709504471	13	2.77469286947835e-06	10	0.00465897530338176	::N3-1-11::B3-1-11::B3-1-3::B3-21::N3-21::B3-18::B3-2-36::B3-1-13::N3-2-21::B3-2-21::B3-14::	5
chr11	86322800	86378800	chr11_86322800	11	56000	0.000426623709504471	15	1.3405720247394e-08	11	0.000426623709504471	::B3-10::N3-4::B3-4::B3-1-5::B3-9::N3-9::N3-10::N3-1-11::B3-1-11::N3-1-3::B3-1-3::	5
chr11	104346800	104402800	chr11_104346800	10	56000	0.00465897530338176	10	0.00465897530338176	10	0.00465897530338176	::N3-4::N3-1-2::B3-2-22::B3-2-21::N3-2-21::N3-10::B3-2-2::N3-18::N3-2-36::B3-1-3::	2
chr11	105711200	105767200	chr11_105711200	9	56000	0.0462533447752802	12	3.58105512166246e-05	9	0.0462533447752802	::B3-2-36::B3-8::N3-8::B3-2-2::N3-2-2::B3-1-11::N3-1-5::N3-1-11::B3-2-7::	12
chr11	108230900	108286900	chr11_108230900	12	56000	3.58105512166246e-05	13	2.77469286947835e-06	7	3.28232145431522	::N3-2-21::B3-2-37::N3-1-5::B3-1-2::N3-2-36::N3-10::N3-2-7::N3-9::N3-21::N3-1::N3-4::N3-1-11::	3
chr12	83638000	83694000	chr12_83638000	9	56000	0.0462533447752802	11	0.000426623709504471	9	0.0462533447752802	::B3-1-13::N3-1-5::N3-2-36::B3-1-2::B3-1-11::N3-1-11::N3-1-15::N3-10::B3-2-36::	9
chr13	3546600	3602600	chr13_3546600	11	56000	0.000426623709504471	13	2.77469286947835e-06	12	3.58105512166246e-05	::B3-18::N3-1-3::B3-1-3::B3-10::B3-1-15::N3-2-21::N3-10::N3-1-15::N3-8::B3-8::N3-14::	4
chr13	17697500	17753500	chr13_17697500	9	56000	0.0462533447752802	11	0.000426623709504471	9	0.0462533447752802	::B3-14::N3-14::B3-2-2::B3-8::N3-8::B3-1::N3-18::B3-21::B3-9::	8
chr14	19415800	19471800	chr14_19415800	16	56000	8.43951392327648e-10	33	2.30014299578143e-33	19	1.4834885541429e-13	::N3-1-3::N3-2-36::B3-2-36::N3-1-15::N3-18::N3-1-5::N3-2-22::B3-2-2::N3-1-11::N3-8::N3-10::N3-1::N3-1-13::N3-2-21::N3-9::N3-2-7::	21
chr15	34092500	34148500	chr15_34092500	9	56000	0.0462533447752802	10	0.00465897530338176	9	0.0462533447752802	::B3-2-21::N3-2-36::N3-2-2::B3-14::N3-4::N3-1-2::B3-1-2::N3-1-11::B3-21::	6
chr15	43240500	43296500	chr15_43240500	15	56000	1.3405720247394e-08	16	8.43951392327648e-10	13	2.77469286947835e-06	::N3-2-21::N3-10::B3-2-37::B3-21::N3-21::B3-1::N3-9::B3-9::B3-18::B3-2-22::N3-2-36::B3-8::N3-2-22::B3-2-21::N3-1-5::	8
chr15	80829400	80885400	chr15_80829400	9	56000	0.0462533447752802	10	0.00465897530338176	9	0.0462533447752802	::B3-1::N3-1::B3-1-11::N3-21::B3-2-21::N3-1-5::B3-10::N3-1-2::N3-2-21::	1
chr15	81580000	81636000	chr15_81580000	9	56000	0.0462533447752802	10	0.00465897530338176	7	3.28232145431522	::N3-9::B3-9::N3-2-21::B3-2-7::N3-2-7::B3-2-2::N3-1-11::B3-1-2::B3-2-21::	6
chr15	96349900	96405900	chr15_96349900	9	56000	0.0462533447752802	10	0.00465897530338176	9	0.0462533447752802	::B3-2-36::N3-2-36::B3-1::B3-10::N3-1-5::N3-18::B3-21::N3-9::B3-9::	6
chr16	17454600	17510600	chr16_17454600	10	56000	0.00465897530338176	13	2.77469286947835e-06	11	0.000426623709504471	::N3-1::B3-1::N3-8::B3-1-3::N3-2-21::N3-2-36::B3-8::B3-2-22::N3-2-22::B3-10::	7
chr16	44122300	44178300	chr16_44122300	10	56000	0.00465897530338176	10	0.00465897530338176	8	0.413274290424603	::B3-21::N3-9::B3-1::B3-1-2::B3-2-22::N3-2-22::B3-14::N3-4::B3-4::B3-10::	7
chr16	94593400	94649400	chr16_94593400	10	56000	0.00465897530338176	11	0.000426623709504471	9	0.0462533447752802	::B3-2-36::N3-1::N3-2-22::N3-1-5::B3-2-2::N3-2-2::N3-9::B3-9::N3-2-21::B3-2-21::	7
chr16	96015600	96071600	chr16_96015600	9	56000	0.0462533447752802	15	1.3405720247394e-08	13	2.77469286947835e-06	::N3-4::B3-1-3::N3-1-3::B3-2-36::N3-1-15::B3-18::N3-10::B3-1-13::N3-18::	10
chr17	32249400	32305400	chr17_32249400	9	56000	0.0462533447752802	12	3.58105512166246e-05	8	0.413274290424603	::B3-1-13::B3-1-2::N3-1-2::N3-4::N3-1-5::B3-10::B3-1::B3-2-37::N3-10::	9
chr18	3005100	3061100	chr18_3005100	10	56000	0.00465897530338176	10	0.00465897530338176	5	135.873847380855	::B3-8::B3-2-2::B3-1::B3-2-36::B3-1-3::B3-2-22::N3-2-36::N3-10::N3-1::B3-1-15::	7
chr18	10102100	10158100	chr18_10102100	10	56000	0.00465897530338176	10	0.00465897530338176	9	0.0462533447752802	::N3-1-5::N3-10::N3-2-22::B3-2-22::N3-1-2::B3-18::N3-2-21::N3-1-3::B3-10::N3-4::	2
chr18	34257200	34313200	chr18_34257200	12	56000	3.58105512166246e-05	16	8.43951392327648e-10	14	1.99633833682353e-07	::B3-2-22::N3-1-13::N3-8::B3-8::N3-1-5::B3-2-36::N3-1-11::B3-1-13::N3-21::N3-4::B3-1::B3-21::	7
chr19	7300700	7356700	chr19_7300700	11	56000	0.000426623709504471	13	2.77469286947835e-06	12	3.58105512166246e-05	::N3-1-5::B3-1-3::B3-2-37::N3-2-36::B3-1-5::N3-1-13::N3-2-22::B3-2-22::N3-10::N3-14::B3-1::	8
chr19	16189100	16245100	chr19_16189100	10	56000	0.00465897530338176	10	0.00465897530338176	10	0.00465897530338176	::N3-21::N3-18::N3-2-7::B3-10::B3-14::B3-2-22::N3-1-15::B3-1::B3-18::N3-4::	4
chr2	37377800	37433800	chr2_37377800	10	56000	0.00465897530338176	12	3.58105512166246e-05	10	0.00465897530338176	::B3-14::B3-2-36::N3-2-36::N3-1-3::B3-1::B3-2-22::N3-18::B3-8::N3-10::N3-14::	9
chr2	37603400	37659400	chr2_37603400	10	56000	0.00465897530338176	11	0.000426623709504471	9	0.0462533447752802	::B3-8::B3-2-37::N3-8::B3-10::N3-10::N3-2-7::N3-1-11::N3-1-5::N3-9::B3-9::	4
chr2	98662200	98718200	chr2_98662200	34	56000	6.81433034649707e-35	201	0	24	3.01584816631992e-20	::N3-2-36::N3-2-2::N3-14::N3-9::N3-10::N3-1-13::N3-8::N3-2-7::N3-1-11::N3-18::N3-1::N3-1-15::N3-4::N3-2-21::N3-1-3::N3-21::N3-1-5::N3-2-22::N3-1-2::B3-1-11::B3-1-13::B3-1::B3-2-7::B3-2-2::B3-1-2::B3-10::B3-8::B3-1-3::B3-2-22::B3-1-5::B3-9::B3-1-15::B3-14::B3-2-36::	96
chr2	121959800	122015800	chr2_121959800	9	56000	0.0462533447752802	10	0.00465897530338176	8	0.413274290424603	::B3-21::B3-18::N3-18::B3-1-2::N3-1-2::B3-2-22::N3-2-36::B3-2-36::B3-1-5::	4
chr2	154835900	154891900	chr2_154835900	9	56000	0.0462533447752802	9	0.0462533447752802	7	3.28232145431522	::B3-2-7::B3-14::N3-2-22::N3-1-5::N3-1-11::B3-2-21::N3-2-21::B3-1::N3-1::	7
chr2	161059700	161115700	chr2_161059700	9	56000	0.0462533447752802	10	0.00465897530338176	8	0.413274290424603	::B3-10::N3-10::B3-9::N3-9::B3-1-11::N3-1-11::N3-1-5::B3-1-13::B3-8::	8
chr3	84527800	84583800	chr3_84527800	9	56000	0.0462533447752802	9	0.0462533447752802	8	0.413274290424603	::N3-1-15::N3-10::N3-21::B3-1-13::B3-21::N3-9::B3-9::B3-2-36::B3-1::	3
chr3	88956500	89012500	chr3_88956500	9	56000	0.0462533447752802	9	0.0462533447752802	6	22.8103467399107	::N3-18::N3-1-2::B3-1-2::B3-2-36::B3-1::N3-1-3::B3-1-3::B3-1-11::N3-1-11::	4
chr3	90313500	90369500	chr3_90313500	11	56000	0.000426623709504471	11	0.000426623709504471	10	0.00465897530338176	::N3-1-13::B3-2-21::N3-8::B3-1-2::B3-1::B3-4::N3-2-36::B3-14::B3-21::N3-21::N3-1::	9
chr3	96082500	96138500	chr3_96082500	9	56000	0.0462533447752802	9	0.0462533447752802	8	0.413274290424603	::N3-18::B3-4::B3-1-2::N3-1-2::N3-1-15::B3-1::B3-2-21::N3-4::B3-14::	6
chr3	107299500	107355500	chr3_107299500	9	56000	0.0462533447752802	11	0.000426623709504471	8	0.413274290424603	::N3-4::N3-9::B3-9::N3-2-21::N3-2-7::B3-2-2::N3-2-2::B3-2-21::B3-1-11::	4
chr3	135441100	135497100	chr3_135441100	12	56000	3.58105512166246e-05	16	8.43951392327648e-10	10	0.00465897530338176	::N3-4::N3-1-15::B3-1-15::N3-10::B3-10::B3-4::N3-8::B3-8::N3-2-36::B3-18::N3-18::N3-1-2::	6
chr3	139018300	139074300	chr3_139018300	11	56000	0.000426623709504471	13	2.77469286947835e-06	10	0.00465897530338176	::B3-14::N3-4::B3-1-13::N3-1-13::B3-2-22::B3-2-21::N3-2-21::N3-18::B3-10::N3-2-7::B3-2-7::	9
chr4	103106700	103162700	chr4_103106700	10	56000	0.00465897530338176	11	0.000426623709504471	10	0.00465897530338176	::N3-18::N3-2-36::B3-2-22::N3-1-5::B3-1-15::N3-1-15::B3-1-3::N3-4::N3-1::B3-2-36::	6
chr4	120461500	120517500	chr4_120461500	10	56000	0.00465897530338176	11	0.000426623709504471	8	0.413274290424603	::N3-14::N3-2-21::N3-10::B3-2-36::N3-1-5::N3-1::B3-1::B3-14::B3-10::B3-2-37::	5
chr4	155508800	155564800	chr4_155508800	11	56000	0.000426623709504471	15	1.3405720247394e-08	11	0.000426623709504471	::B3-2-36::N3-2-36::N3-8::B3-10::B3-2-22::N3-10::N3-1::B3-1::B3-2-21::N3-1-5::N3-2-7::	9
chr5	25291800	25347800	chr5_25291800	16	56000	8.43951392327648e-10	26	4.70750343185766e-23	17	5.00052700571597e-11	::N3-2-7::B3-1-2::N3-2-2::B3-2-2::N3-21::N3-9::N3-10::B3-1::N3-1-3::N3-1-15::B3-14::B3-1-15::B3-10::B3-2-36::N3-1::B3-2-7::	14
chr5	25412500	25468500	chr5_25412500	14	56000	1.99633833682353e-07	24	3.01584816631992e-20	17	5.00052700571597e-11	::B3-1-3::B3-1-15::N3-1-15::N3-2-21::B3-2-22::N3-2-22::B3-2-7::N3-2-7::B3-2-2::N3-2-2::N3-1::N3-1-5::N3-10::B3-10::	15
chr5	28146800	28202800	chr5_28146800	26	56000	4.70750343185766e-23	44	8.1369394552103e-51	8	0.413274290424603	::N3-14::N3-4::N3-1-5::N3-2-2::B3-14::B3-1-2::B3-1-3::N3-1-11::B3-4::B3-2-21::B3-2-36::B3-2-2::B3-1-11::B3-18::B3-1-5::B3-2-22::B3-10::B3-1-13::B3-2-37::N3-10::N3-18::B3-1-15::N3-21::N3-1-2::B3-2-7::N3-2-21::	27
chr5	36675200	36731200	chr5_36675200	9	56000	0.0462533447752802	10	0.00465897530338176	9	0.0462533447752802	::B3-1-2::B3-1-3::N3-1-3::B3-18::N3-18::B3-2-2::N3-1::N3-1-2::B3-10::	5
chr5	65592400	65648400	chr5_65592400	11	56000	0.000426623709504471	13	2.77469286947835e-06	12	3.58105512166246e-05	::N3-1-3::B3-2-21::N3-2-36::N3-1-11::N3-1-5::N3-2-21::B3-1-13::B3-1-3::B3-1-11::B3-18::N3-18::	10
chr5	73289000	73345000	chr5_73289000	9	56000	0.0462533447752802	10	0.00465897530338176	9	0.0462533447752802	::N3-1-5::N3-1-13::B3-18::B3-2-22::N3-2-22::N3-9::B3-1-3::B3-14::N3-2-36::	4
chr5	99965400	100021400	chr5_99965400	10	56000	0.00465897530338176	11	0.000426623709504471	8	0.413274290424603	::N3-1-11::B3-2-36::B3-1-13::B3-14::B3-1::B3-10::N3-1::N3-10::N3-4::B3-1-15::	7
chr5	135193600	135249600	chr5_135193600	10	56000	0.00465897530338176	11	0.000426623709504471	9	0.0462533447752802	::N3-1-3::B3-1-3::N3-2-22::N3-2-7::B3-1-5::N3-2-21::B3-2-21::N3-2-2::N3-1-11::B3-1-11::	5
chr6	31396100	31452100	chr6_31396100	10	56000	0.00465897530338176	11	0.000426623709504471	11	0.000426623709504471	::N3-10::N3-1-11::B3-14::B3-1-13::B3-1::B3-2-2::N3-2-22::B3-2-21::N3-18::N3-1::	6
chr6	71839800	71895800	chr6_71839800	9	56000	0.0462533447752802	11	0.000426623709504471	7	3.28232145431522	::N3-8::B3-8::N3-1-11::N3-1-15::N3-1-2::N3-1-5::B3-1-5::N3-10::N3-1-13::	5
chr6	103594600	103650600	chr6_103594600	9	56000	0.0462533447752802	10	0.00465897530338176	5	135.873847380855	::B3-18::N3-8::B3-2-36::N3-18::N3-10::N3-1-11::N3-1-13::N3-1-15::B3-1-2::	5
chr6	119967500	120023500	chr6_119967500	10	56000	0.00465897530338176	12	3.58105512166246e-05	11	0.000426623709504471	::B3-9::N3-1-2::B3-1-11::N3-4::B3-18::B3-8::B3-2-21::N3-1-13::B3-1-13::B3-1-2::	4
chr7	90148000	90204000	chr7_90148000	9	56000	0.0462533447752802	15	1.3405720247394e-08	9	0.0462533447752802	::N3-8::B3-8::N3-10::N3-2-2::B3-10::N3-1::B3-2-21::B3-2-36::B3-1-11::	7
chr7	121827000	121883000	chr7_121827000	15	56000	1.3405720247394e-08	16	8.43951392327648e-10	2	7977.10539509288	::N3-9::B3-9::N3-1-15::N3-4::N3-2-22::N3-1-2::N3-1-11::N3-21::N3-2-7::N3-2-21::N3-2-36::N3-1-3::N3-1-5::N3-14::N3-18::	14
chr7	136389300	136445300	chr7_136389300	20	56000	7.47139106391191e-15	22	1.64079385904844e-17	3	2678.37473583632	::N3-1::N3-2-36::N3-4::N3-9::N3-1-11::N3-8::N3-1-5::N3-1-13::N3-1-3::N3-1-15::N3-2-21::N3-10::N3-2-7::N3-2-2::N3-2-37::N3-21::N3-1-2::N3-2-22::N3-18::N3-14::	21
chr8	80816600	80872600	chr8_80816600	9	56000	0.0462533447752802	10	0.00465897530338176	7	3.28232145431522	::N3-9::N3-10::N3-1-5::B3-2-37::N3-1::B3-10::B3-1::B3-1-2::B3-2-21::	3
chr8	95741200	95797200	chr8_95741200	9	56000	0.0462533447752802	15	1.3405720247394e-08	12	3.58105512166246e-05	::B3-1-2::B3-2-21::B3-4::B3-1-11::N3-4::B3-2-22::N3-2-22::B3-1-13::B3-18::	10
chr8	109782800	109838800	chr8_109782800	10	56000	0.00465897530338176	15	1.3405720247394e-08	11	0.000426623709504471	::N3-1-11::N3-8::B3-8::N3-1-5::B3-2-36::B3-1-2::N3-1-2::N3-14::N3-2-36::B3-2-7::	6
chr9	3001100	3057100	chr9_3001100	21	56000	3.58368177714559e-16	33	2.30014299578143e-33	11	0.000426623709504471	::N3-2-21::N3-18::B3-2-21::N3-9::N3-2-22::N3-2-7::N3-1-3::N3-8::N3-1::N3-1-15::N3-2-2::N3-1-5::B3-10::B3-2-22::B3-1::N3-21::N3-2-36::N3-1-2::N3-1-13::N3-10::N3-1-11::	15
chr9	35259500	35315500	chr9_35259500	13	56000	2.77469286947835e-06	16	8.43951392327648e-10	7	3.28232145431522	::B3-1-15::N3-1-2::N3-1-11::N3-1-3::N3-18::B3-1::N3-1-15::N3-10::N3-8::N3-1::N3-4::N3-1-5::N3-2-21::	8
chr9	66548600	66604600	chr9_66548600	9	56000	0.0462533447752802	11	0.000426623709504471	8	0.413274290424603	::B3-1-13::B3-9::N3-9::B3-1-2::B3-8::N3-8::B3-2-36::B3-14::N3-1::	9
chr9	70431300	70487300	chr9_70431300	12	56000	3.58105512166246e-05	16	8.43951392327648e-10	14	1.99633833682353e-07	::N3-1::N3-4::B3-2-2::N3-2-2::B3-2-36::N3-1-3::N3-1-11::B3-1-3::B3-1-13::N3-1-13::B3-1-5::N3-2-21::	10
chr9	72064200	72120200	chr9_72064200	12	56000	3.58105512166246e-05	15	1.3405720247394e-08	11	0.000426623709504471	::B3-18::B3-1-13::N3-1-13::B3-1::N3-1-3::B3-1-3::B3-2-36::N3-2-36::N3-9::B3-1-5::N3-1-5::B3-2-2::	10
chrUn_GL456385	3400	59400	chrUn_GL456385_3400	9	56000	0.0462533447752802	10	0.00465897530338176	4	674.463750031981	::B3-2-22::B3-2-2::N3-1-3::N3-18::N3-10::N3-1::N3-2-2::N3-4::N3-2-7::	0
chrUn_GL456390	0	56000	chrUn_GL456390_0	25	56000	1.21511317236829e-21	42	1.51735670372437e-47	29	2.19438408677549e-27	::B3-18::N3-1-2::N3-9::N3-2-7::N3-1-3::N3-1::N3-4::N3-2-2::N3-10::N3-1-15::N3-1-11::N3-2-22::N3-2-36::N3-18::N3-8::N3-21::N3-1-13::N3-14::N3-2-21::B3-14::N3-1-5::B3-2-7::B3-2-22::B3-21::B3-1::	24
chrUn_GL456393	1400	57400	chrUn_GL456393_1400	13	56000	2.77469286947835e-06	15	1.3405720247394e-08	5	135.873847380855	::N3-2-36::N3-18::N3-1::N3-8::N3-1-3::N3-10::N3-21::N3-1-2::N3-2-2::N3-1-13::N3-14::N3-1-15::N3-2-21::	9
chrUn_GL456394	1000	57000	chrUn_GL456394_1000	10	56000	0.00465897530338176	12	3.58105512166246e-05	12	3.58105512166246e-05	::B3-14::N3-1-5::B3-2-7::N3-4::N3-1::N3-2-21::B3-2-22::B3-21::B3-1::N3-18::	6
chrUn_GL456396	5600	61600	chrUn_GL456396_5600	10	56000	0.00465897530338176	11	0.000426623709504471	11	0.000426623709504471	::B3-14::N3-1-5::B3-2-7::N3-4::N3-1::N3-2-21::B3-2-22::B3-21::B3-1::N3-18::	5
chrX	77579000	77635000	chrX_77579000	9	56000	0.0462533447752802	10	0.00465897530338176	8	0.413274290424603	::B3-1-2::B3-2-21::B3-1-3::N3-1-3::N3-1-2::N3-1-13::N3-2-7::N3-4::B3-4::	6
