chr10	18423900	18485900	chr10_18423900	12	62000	0.0441573245439207	13	0.00637404369025118	11	0.282376376967643	::N-B11::B3-1-3::N-B04::B-B04::B3-1-11::N-B09::N-B08::B-B08::B-B10::N3-1-2::B-A08::N3-1-15::	3
chr10	20291800	20353800	chr10_20291800	12	62000	0.0441573245439207	12	0.0441573245439207	12	0.0441573245439207	::B3-1-2::B3-1-3::N-B09::B-B09::B-A01::B-B02::N-B02::N-2-26::N-B10::N-A01::B3-1-15::N-2-17::	7
chr10	63265100	63327100	chr10_63265100	12	62000	0.0441573245439207	17	1.38372370951783e-06	12	0.0441573245439207	::B3-2-22::B3-2-2::B3-18::N-1-2::N3-1-15::B-B09::N-2-17::B3-1-2::B3-1-15::N-A03::B-A08::B-A03::	11
chr10	67199900	67261900	chr10_67199900	14	62000	0.000854363402420787	16	1.25355290458796e-05	14	0.000854363402420787	::B-A03::N-1-2::N-B07::B-B07::B3-1-2::N3-2-2::B3-3::N3-1-5::B-1-2::N-A01::B-B11::B-B09::N3-6::B-B10::	9
chr10	108167700	108229700	chr10_108167700	21	62000	1.19452854207564e-10	27	2.44732400323722e-17	18	1.44255544264357e-07	::N-A01::N-B04::N-B09::N3-1-5::B3-1-15::B-A03::N-A08::N3-1-15::N-A03::N-1-2::B3-3::B-B11::B3-1-2::B3-2-22::B3-6::B-B10::N-B10::B3-1-3::B-2-17::N-B08::B-A08::	14
chr10	108252100	108314100	chr10_108252100	12	62000	0.0441573245439207	13	0.00637404369025118	8	42.305481990194	::B-B10::B3-17::N-B09::B-B09::N-B02::B-B04::B3-2-22::B-2-9::N-A03::N-B04::N3-1-5::N3-2-36::	6
chr10	116483500	116545500	chr10_116483500	12	62000	0.0441573245439207	14	0.000854363402420787	13	0.00637404369025118	::B-B02::B-2-9::N3-1-5::B-A01::B-B07::B3-1-3::B3-1-2::N-B02::N3-6::B3-6::N3-1-11::B3-1-11::	5
chr10	117313800	117375800	chr10_117313800	14	62000	0.000854363402420787	17	1.38372370951783e-06	15	0.000106882601000199	::N-B11::B3-6::N3-1-5::N-2-17::N-B04::B-B10::N-B09::B-B09::N3-6::B-A11::N-B02::N-B10::B-B02::N-1-2::	6
chr10	123133100	123195100	chr10_123133100	13	62000	0.00637404369025118	13	0.00637404369025118	10	1.65525691381561	::B-B02::N-2-17::B3-2-2::B-A11::B3-2-22::N3-2-22::B-B09::N-B09::N3-1-3::N3-1-15::B3-1-15::N3-1-5::N-B04::	8
chr10	128060400	128122400	chr10_128060400	13	62000	0.00637404369025118	15	0.000106882601000199	11	0.282376376967643	::B-1-2::B3-1-5::N-1-2::B-B09::B-A08::N-A01::N-B04::B-B11::B-B02::B-B07::B3-1-2::N3-1-2::N-B07::	8
chr11	3182100	3244100	chr11_3182100	16	62000	1.25355290458796e-05	23	8.31299055425315e-13	21	1.19452854207564e-10	::B-B07::N3-2-2::N-A03::B-B09::N3-18::N3-1-3::B-A03::B-2-17::B-B10::B3-2-36::N3-17::B-A08::N-A08::N-B04::B3-1-3::B-2-9::	14
chr11	4526100	4588100	chr11_4526100	12	62000	0.0441573245439207	17	1.38372370951783e-06	16	1.25355290458796e-05	::B-2-26::B-2-9::N-2-9::B3-1-3::B3-2-36::N3-2-36::B-A08::B-B09::B-B10::B3-1-15::B-2-17::N-1-2::	12
chr11	20057500	20119500	chr11_20057500	12	62000	0.0441573245439207	16	1.25355290458796e-05	12	0.0441573245439207	::B-B10::B-A08::B3-1-11::B-B02::N3-1-11::N-B02::B-2-17::N-2-17::N3-2-2::N-A01::B3-6::B-A01::	10
chr11	23264700	23326700	chr11_23264700	12	62000	0.0441573245439207	12	0.0441573245439207	12	0.0441573245439207	::B3-c-32::B3-18::N-B08::N3-17::B-B09::B3-2-22::N3-6::N-B02::B-B07::N-A03::B3-6::B3-17::	8
chr11	51697200	51759200	chr11_51697200	12	62000	0.0441573245439207	12	0.0441573245439207	10	1.65525691381561	::B-B10::B-B02::N-1-2::N3-1-2::B3-18::B3-6::N-B08::N3-2-36::B3-c-32::B3-2-36::B-A08::N-B09::	5
chr11	51961400	52023400	chr11_51961400	13	62000	0.00637404369025118	14	0.000854363402420787	11	0.282376376967643	::N-2-17::B-A03::B-B10::B3-6::N-A01::N-A03::N3-1-15::N3-3::B-A08::N3-2-2::B3-2-2::B3-2-36::B-A11::	5
chr11	60090700	60152700	chr11_60090700	12	62000	0.0441573245439207	14	0.000854363402420787	13	0.00637404369025118	::B3-1-5::N3-1-5::B-A11::N-B08::B3-1-15::N-1-2::N3-1-3::B3-3::B-2-9::B3-17::B-B02::B-1-2::	10
chr11	69593500	69655500	chr11_69593500	15	62000	0.000106882601000199	17	1.38372370951783e-06	13	0.00637404369025118	::N-1-2::N3-3::N3-1-11::B-B04::N3-1-2::N-B07::B3-1-2::B-B07::B3-2-2::B3-2-36::B3-2-22::N-A08::B3-6::N-B02::N3-2-2::	7
chr11	74671500	74733500	chr11_74671500	18	62000	1.44255544264357e-07	23	8.31299055425315e-13	16	1.25355290458796e-05	::N3-3::B-B02::B3-1-15::B3-1-2::B-A01::B-B04::N-B04::B-B10::B3-2-2::N3-1-5::B3-1-5::N-B07::N3-1-2::B-B07::N-B11::N-B02::B-1-2::N-A01::	8
chr11	75682400	75744400	chr11_75682400	12	62000	0.0441573245439207	13	0.00637404369025118	12	0.0441573245439207	::N-B10::B-A11::B-A01::B3-2-22::N3-2-22::N3-17::N-B04::B-1-2::N3-1-5::B3-c-32::N-A01::B3-6::	9
chr11	77547900	77609900	chr11_77547900	18	62000	1.44255544264357e-07	26	3.52127219659469e-16	19	1.42473649503121e-08	::B3-3::B-B10::B3-1-15::N3-1-15::B-B02::N-B07::B3-2-36::B3-17::N3-17::N-1-2::B-A01::N-A11::B-A11::N3-3::B-B11::B3-2-2::N-2-17::N-B08::	13
chr11	79436600	79498600	chr11_79436600	13	62000	0.00637404369025118	20	1.33678077060682e-09	17	1.38372370951783e-06	::N-B08::B-A11::N-A11::B-B02::B-1-2::N3-1-11::B3-3::B3-1-11::B3-1-3::N-B10::B3-18::B-B09::B3-2-36::	8
chr11	84827100	84889100	chr11_84827100	15	62000	0.000106882601000199	20	1.33678077060682e-09	18	1.44255544264357e-07	::B3-3::B-2-17::N3-1-2::B3-6::B-B10::B3-1-2::B-B02::N-B09::B3-1-5::N-2-17::B3-2-36::N-A08::B-A08::N-B02::N3-3::	6
chr11	86295700	86357700	chr11_86295700	14	62000	0.000854363402420787	17	1.38372370951783e-06	13	0.00637404369025118	::N3-c-10::B-1-2::N-2-17::N3-2-36::B3-1-5::N-B02::N-B08::N3-1-11::B-B02::B3-1-11::B-A08::N3-1-3::B3-1-3::B-B08::	6
chr11	86707800	86769800	chr11_86707800	15	62000	0.000106882601000199	22	1.01889513066046e-11	16	1.25355290458796e-05	::B3-6::B3-2-7::N3-2-7::B3-2-2::B3-3::N-2-17::B3-1-3::N-B11::B-B11::N3-3::B-B02::N-2-26::B-2-26::B3-2-36::N-1-2::	14
chr11	88050000	88112000	chr11_88050000	12	62000	0.0441573245439207	16	1.25355290458796e-05	14	0.000854363402420787	::B3-6::N3-17::B3-3::B-B11::N-1-2::B-B02::N-B08::B-B08::N3-3::B-B07::N3-2-2::N-B04::	3
chr11	94021300	94083300	chr11_94021300	12	62000	0.0441573245439207	12	0.0441573245439207	11	0.282376376967643	::B3-1-5::B-A03::N3-1-5::N-A01::B3-6::N-B04::B-A01::B3-1-2::N-A11::N-B09::B-B09::B-1-2::	3
chr11	102466300	102528300	chr11_102466300	12	62000	0.0441573245439207	14	0.000854363402420787	12	0.0441573245439207	::B3-1-2::N-2-9::B-2-9::N3-1-5::N3-3::B3-3::N3-6::B-A11::B3-c-10::B-B02::B-B07::B-A08::	6
chr11	104344400	104406400	chr11_104344400	15	62000	0.000106882601000199	18	1.44255544264357e-07	16	1.25355290458796e-05	::B-A08::N-B09::N3-1-2::B3-2-22::B3-6::N-B10::B3-3::B3-2-2::N3-18::N-B07::B-B09::N3-2-36::B-B04::B3-1-3::B-B11::	7
chr11	105178500	105240500	chr11_105178500	13	62000	0.00637404369025118	19	1.42473649503121e-08	19	1.42473649503121e-08	::B-A03::N3-2-36::B-B02::N-A08::B-1-2::N-B08::N-A01::B-A08::N3-1-5::B3-2-2::B3-1-11::B3-2-36::B-B10::	11
chr11	105711200	105773200	chr11_105711200	12	62000	0.0441573245439207	15	0.000106882601000199	13	0.00637404369025118	::B3-2-36::B-B10::B-B04::N3-6::B3-2-2::N3-2-2::B3-1-11::B-B09::N3-1-5::N3-1-11::B3-2-7::B3-3::	9
chr11	106823700	106885700	chr11_106823700	15	62000	0.000106882601000199	20	1.33678077060682e-09	15	0.000106882601000199	::N-B04::B3-1-11::N3-6::B3-6::N-2-26::B-2-26::B3-2-36::B-B11::B3-2-2::B-B04::B3-1-5::N3-1-5::B-A01::B-B02::N3-c-10::	9
chr11	107030800	107092800	chr11_107030800	12	62000	0.0441573245439207	14	0.000854363402420787	12	0.0441573245439207	::N-B07::B3-1-3::N3-1-3::B-1-2::N3-17::N3-1-5::B3-1-5::B-B02::B-2-17::N-B02::N-B09::B3-18::	7
chr12	3246500	3308500	chr12_3246500	13	62000	0.00637404369025118	13	0.00637404369025118	10	1.65525691381561	::B3-3::B-B02::N-B08::N-B04::N3-1-3::B3-1-3::B3-1-11::B3-6::B-2-17::N-B10::N-A08::B-A08::B-B10::	6
chr12	8676400	8738400	chr12_8676400	13	62000	0.00637404369025118	16	1.25355290458796e-05	15	0.000106882601000199	::B-B02::N-B02::N3-1-5::B-2-9::B-B08::N-B08::B3-3::B3-1-5::N-B10::N-B11::B3-6::B3-1-2::B3-2-36::	10
chr12	8906200	8968200	chr12_8906200	13	62000	0.00637404369025118	14	0.000854363402420787	11	0.282376376967643	::B3-1-11::N-1-2::B-1-2::N3-1-2::B3-1-2::B3-6::N-B09::B-B10::B-A01::N3-2-7::B3-2-7::N3-17::N-B04::	4
chr12	35077600	35139600	chr12_35077600	12	62000	0.0441573245439207	13	0.00637404369025118	13	0.00637404369025118	::N-2-26::B-2-17::B3-2-2::B-B07::N-A11::B-B10::B-A03::B-A08::B3-1-11::B-B04::B-2-9::B3-1-3::	9
chr12	51629900	51691900	chr12_51629900	12	62000	0.0441573245439207	12	0.0441573245439207	12	0.0441573245439207	::B-B02::B-B09::N3-1-5::B-1-2::B3-2-22::B3-1-5::B3-6::N3-3::N-A11::B3-1-15::B-2-9::B3-c-10::	8
chr12	72752300	72814300	chr12_72752300	12	62000	0.0441573245439207	15	0.000106882601000199	11	0.282376376967643	::N-B07::N-B09::N3-2-7::B-B07::N3-1-2::N3-2-22::B-B10::B3-3::B3-2-36::B3-1-2::B3-2-22::B-B11::	8
chr12	80796100	80858100	chr12_80796100	13	62000	0.00637404369025118	17	1.38372370951783e-06	14	0.000854363402420787	::B-B02::N-A01::B-A01::N-1-2::N-A11::B3-3::B3-6::B-A11::B-A08::B-1-2::N-2-26::B-2-26::B3-2-2::	4
chr12	83639100	83701100	chr12_83639100	14	62000	0.000854363402420787	16	1.25355290458796e-05	14	0.000854363402420787	::B-A08::N3-1-5::N-B10::B-B11::N-1-2::N3-2-36::B3-1-2::B3-1-11::N3-1-11::N3-1-15::N-2-17::B3-2-36::N-2-26::B-B10::	13
chr12	98723500	98785500	chr12_98723500	13	62000	0.00637404369025118	14	0.000854363402420787	12	0.0441573245439207	::N-B07::B3-3::N3-3::B-B11::B-B08::N3-2-7::N3-6::B-A08::B3-1-15::N3-1-15::B3-1-5::N-A11::B3-6::	9
chr12	101052400	101114400	chr12_101052400	12	62000	0.0441573245439207	14	0.000854363402420787	11	0.282376376967643	::N3-1-11::B-2-26::B-1-2::B-B02::B-B11::B3-6::N3-18::N3-6::B3-3::B3-2-36::N-B08::N-2-17::	6
chr12	105797200	105859200	chr12_105797200	14	62000	0.000854363402420787	16	1.25355290458796e-05	14	0.000854363402420787	::N-B08::B-B02::N3-1-2::N3-2-36::N3-2-2::B-A01::N3-1-3::N3-2-7::B3-2-7::N3-1-5::B-A08::B3-6::B-B10::N-A03::	4
chr13	3544000	3606000	chr13_3544000	15	62000	0.000106882601000199	17	1.38372370951783e-06	14	0.000854363402420787	::N-B02::B3-18::N3-1-3::B3-1-3::B-B10::B-B02::B3-1-15::B-A03::B-A08::B-B09::N-2-17::N-B10::B-B07::N3-1-15::B-2-17::	6
chr13	9080800	9142800	chr13_9080800	12	62000	0.0441573245439207	13	0.00637404369025118	8	42.305481990194	::B3-2-36::B-B02::B-A03::N3-1-15::N-A03::B3-1-15::B-A08::N-2-17::N-A01::B3-17::N-B09::B-B09::	2
chr13	14075600	14137600	chr13_14075600	12	62000	0.0441573245439207	12	0.0441573245439207	10	1.65525691381561	::B-B09::N3-3::N-B04::N3-18::N-A01::N3-2-36::B3-2-36::B3-2-22::N-B10::B-2-26::N3-1-2::B-B11::	3
chr13	24072200	24134200	chr13_24072200	12	62000	0.0441573245439207	13	0.00637404369025118	12	0.0441573245439207	::B-A03::N3-17::N-B11::N-2-17::B-2-17::B3-2-22::N3-2-22::B-B02::N3-1-3::B3-1-3::B3-17::B-A11::	7
chr13	43400100	43462100	chr13_43400100	17	62000	1.38372370951783e-06	20	1.33678077060682e-09	16	1.25355290458796e-05	::N3-1-3::B-A03::N3-1-5::N-B10::N-B09::B-B04::B-2-17::N-A11::B3-1-5::B3-17::B-B02::B3-6::N3-1-2::N3-1-15::N-B07::N-A03::N-A08::	11
chr13	44841700	44903700	chr13_44841700	12	62000	0.0441573245439207	18	1.44255544264357e-07	15	0.000106882601000199	::N-B04::B-1-2::N3-1-3::B3-6::N-A01::N3-6::B3-2-2::B-B04::N-B07::B-B07::B3-1-2::N3-18::	3
chr13	46685100	46747100	chr13_46685100	12	62000	0.0441573245439207	14	0.000854363402420787	13	0.00637404369025118	::B3-2-22::B-B10::N-B10::B-B07::N3-6::N3-2-2::N3-2-36::B3-1-2::B-B11::B-A08::B3-6::N-B08::	9
chr13	63255800	63317800	chr13_63255800	16	62000	1.25355290458796e-05	17	1.38372370951783e-06	13	0.00637404369025118	::B-A01::B3-2-2::B-B02::B-A08::B3-6::B-A11::N-A11::B-2-9::N-B02::B-B04::B3-1-5::N3-1-5::B3-1-3::B3-3::N3-3::B-1-2::	10
chr13	85214900	85276900	chr13_85214900	12	62000	0.0441573245439207	15	0.000106882601000199	13	0.00637404369025118	::B3-2-7::B-A01::B-1-2::B-B07::N3-2-7::B-B11::B3-17::B-B10::B3-c-10::B3-1-11::B3-3::N-B10::	10
chr13	94543200	94605200	chr13_94543200	16	62000	1.25355290458796e-05	16	1.25355290458796e-05	4	5731.69911202856	::N-B08::B-B02::N-2-26::N-B04::N3-18::N-2-17::N-B07::N-A11::N-B10::N-1-2::N3-1-5::N3-2-36::N3-3::N3-2-2::N3-6::B-A11::	14
chr13	98873900	98935900	chr13_98873900	12	62000	0.0441573245439207	18	1.44255544264357e-07	15	0.000106882601000199	::B3-1-3::B-B09::N-1-2::B-1-2::N3-6::N3-2-36::B-B10::B-B02::N-B09::B3-2-22::N-B04::B-A01::	9
chr13	103835600	103897600	chr13_103835600	16	62000	1.25355290458796e-05	25	4.87884823978635e-15	16	1.25355290458796e-05	::B3-2-36::B-A08::N3-1-15::B3-1-15::N-A03::B-A03::N3-6::B-2-9::B3-17::B-B11::N-B08::B-B08::B3-3::N-B09::B-B09::N-B04::	7
chr13	111795500	111857500	chr13_111795500	12	62000	0.0441573245439207	13	0.00637404369025118	4	5731.69911202856	::B3-3::B-B07::B-B04::B-B08::B-A11::B-B11::B3-18::B-B02::B3-17::B3-2-22::B3-1-15::B3-1-5::	1
chr13	114301500	114363500	chr13_114301500	12	62000	0.0441573245439207	14	0.000854363402420787	12	0.0441573245439207	::N3-2-7::N-B09::B-B09::N-B10::B-A08::B3-c-10::B3-17::N3-1-5::B-A11::N-B11::B3-1-3::B-B10::	8
chr14	31025600	31087600	chr14_31025600	17	62000	1.38372370951783e-06	25	4.87884823978635e-15	20	1.33678077060682e-09	::N-B04::B3-c-10::N-A01::N3-1-5::N-2-17::N3-1-3::B3-1-3::N-B11::B-B11::B3-1-2::N-B02::B-B07::N-B07::N-B10::N3-c-10::B-B10::B-B09::	13
chr14	34430500	34492500	chr14_34430500	13	62000	0.00637404369025118	17	1.38372370951783e-06	15	0.000106882601000199	::B-A01::B-B02::N-B08::B-B08::B3-1-2::N3-18::B3-2-36::B3-1-3::B-A08::B-A11::N-A11::N-B10::N3-1-5::	10
chr14	73240200	73302200	chr14_73240200	20	62000	1.33678077060682e-09	28	1.64017079568325e-18	21	1.19452854207564e-10	::B-B02::N-A03::N-A08::N-B02::N-2-17::B3-3::N3-2-7::B3-2-22::B-A01::N-A01::B3-c-10::N3-c-10::B-B04::N-B04::B-A11::B3-1-15::B-A08::B-A03::N3-1-15::B-B07::	24
chr15	8370800	8432800	chr15_8370800	16	62000	1.25355290458796e-05	18	1.44255544264357e-07	17	1.38372370951783e-06	::N-B04::N-B08::B-2-17::N-2-17::B-B02::B-B07::B3-1-11::B3-c-10::B-1-2::B-B08::N-A11::B-2-26::N3-6::B3-17::N3-2-36::B-B11::	14
chr15	12122200	12184200	chr15_12122200	18	62000	1.44255544264357e-07	24	6.49982526471694e-14	19	1.42473649503121e-08	::B3-2-36::N3-2-36::B3-c-32::B-B11::B-B08::B3-6::N-B02::N-B04::N-B08::N-B09::N3-1-3::N3-1-11::N-A11::B-B02::B-A08::B-B07::N-B07::B-1-2::	12
chr15	31469400	31531400	chr15_31469400	13	62000	0.00637404369025118	15	0.000106882601000199	15	0.000106882601000199	::N-1-2::N-B04::B-B02::B3-3::N-B02::N3-c-10::N-A03::B3-2-2::B-A08::B-B11::N-A11::B-A03::N3-1-15::	7
chr15	34097600	34159600	chr15_34097600	12	62000	0.0441573245439207	13	0.00637404369025118	11	0.282376376967643	::N-B02::N3-2-36::N-B07::N3-2-2::N-B08::B-B10::B-B04::N3-1-2::B3-1-2::B-B07::B-1-2::N3-1-11::	7
chr15	38015500	38077500	chr15_38015500	15	62000	0.000106882601000199	24	6.49982526471694e-14	20	1.33678077060682e-09	::N3-1-15::B-B04::B-A08::N-B04::N3-1-5::N-2-26::N-A01::B-A01::B3-1-5::N3-17::N-B02::N3-2-7::N3-3::B3-17::N-B08::	11
chr15	77087400	77149400	chr15_77087400	15	62000	0.000106882601000199	19	1.42473649503121e-08	15	0.000106882601000199	::B-1-2::B3-2-2::N3-17::B3-1-5::B3-2-7::N3-2-7::B-B04::B3-3::B-A11::N-B07::N-B08::B-B08::N3-1-2::B-B07::B3-1-2::	8
chr15	77238200	77300200	chr15_77238200	12	62000	0.0441573245439207	12	0.0441573245439207	7	180.356167463283	::N3-6::N-1-2::B-B07::N3-1-5::B3-2-22::B-A08::B3-1-15::B-A03::N-A08::N3-1-15::N-A03::B-B02::	8
chr15	80865000	80927000	chr15_80865000	15	62000	0.000106882601000199	31	4.01860238088877e-22	24	6.49982526471694e-14	::N-B04::N3-1-2::B3-6::B-A08::N3-6::B3-2-22::B-B04::N3-1-5::B3-1-5::B-B07::B-1-2::N3-2-22::B-B08::N-A01::B-B10::	13
chr15	96318900	96380900	chr15_96318900	12	62000	0.0441573245439207	13	0.00637404369025118	11	0.282376376967643	::N3-6::B3-18::N3-18::N3-2-22::B3-2-36::B-2-26::B-B02::N3-2-36::N-1-2::N-B04::N3-1-5::B-1-2::	9
chr15	102030000	102092000	chr15_102030000	12	62000	0.0441573245439207	12	0.0441573245439207	9	8.82083654111549	::B3-2-22::B-B02::N3-17::N-B08::N-1-2::B-2-9::B-B10::N3-3::B3-3::N3-1-5::B-2-26::N-2-26::	5
chr16	4106900	4168900	chr16_4106900	17	62000	1.38372370951783e-06	19	1.42473649503121e-08	19	1.42473649503121e-08	::B-1-2::N-B10::N3-1-3::N-B02::B-A08::N-B08::B3-17::B3-c-10::B-B09::N-A01::N-1-2::B3-1-11::B-B10::B3-2-22::B3-1-2::N-2-17::B3-1-3::	7
chr16	8694700	8756700	chr16_8694700	13	62000	0.00637404369025118	16	1.25355290458796e-05	12	0.0441573245439207	::B3-2-36::N-1-2::B-1-2::B-B11::B-A01::B3-18::B-2-9::B3-2-22::N3-2-22::N3-18::B3-2-2::B-2-17::N-2-17::	12
chr16	10928300	10990300	chr16_10928300	12	62000	0.0441573245439207	12	0.0441573245439207	11	0.282376376967643	::N-B11::B3-2-36::B-B10::B3-1-11::B3-3::B-B09::N3-c-10::B-B02::N-2-26::B-2-26::B3-2-22::N3-2-36::	5
chr16	38152800	38214800	chr16_38152800	13	62000	0.00637404369025118	16	1.25355290458796e-05	15	0.000106882601000199	::B-B10::B-A08::B-B09::B-B02::B-1-2::N-1-2::B-B07::N3-2-7::N-A08::N-2-17::N3-1-15::N3-6::N-B07::	9
chr16	94593400	94655400	chr16_94593400	18	62000	1.44255544264357e-07	19	1.42473649503121e-08	15	0.000106882601000199	::B3-2-36::B-A01::N-A01::N3-2-22::N3-1-5::B-B07::B-1-2::N-1-2::N-B08::B3-2-2::N3-2-2::N-B04::B-B02::B-A11::N-A11::N-B02::N-B10::B-B09::	15
chr16	96014500	96076500	chr16_96014500	12	62000	0.0441573245439207	20	1.33678077060682e-09	15	0.000106882601000199	::N-2-17::N-1-2::B3-1-3::B-B11::N3-1-3::N-B09::B3-2-36::N3-1-15::B3-18::B-B10::N3-18::B-B09::	12
chr17	5091000	5153000	chr17_5091000	13	62000	0.00637404369025118	14	0.000854363402420787	12	0.0441573245439207	::B-B08::B-B02::B3-2-36::B-A11::N-A11::N-B09::B-B09::N3-6::N-B08::B3-6::B3-17::N3-1-3::B3-18::	7
chr17	5196300	5258300	chr17_5196300	13	62000	0.00637404369025118	16	1.25355290458796e-05	13	0.00637404369025118	::B-B02::N3-1-3::N-2-17::B-A08::N3-1-15::N-A01::B-B07::N-B07::B3-3::N3-3::B-B09::N-B11::B-B11::	7
chr17	13767500	13829500	chr17_13767500	13	62000	0.00637404369025118	17	1.38372370951783e-06	14	0.000854363402420787	::B-A08::N-B02::N3-1-3::B3-17::B3-1-3::B3-1-2::B3-2-36::B-2-17::N-2-17::B-2-9::N-2-9::N3-2-2::B3-6::	8
chr17	30033900	30095900	chr17_30033900	15	62000	0.000106882601000199	19	1.42473649503121e-08	16	1.25355290458796e-05	::N-A11::N-2-17::B-B11::B3-1-3::N3-1-3::B3-17::N-B07::B-B02::N-A01::N-B04::N3-18::B3-3::B3-1-11::B-B10::B-2-17::	10
chr17	32227000	32289000	chr17_32227000	16	62000	1.25355290458796e-05	20	1.33678077060682e-09	16	1.25355290458796e-05	::N-B10::N-A01::B3-17::B-B07::B-A03::B-B02::B3-1-2::N3-1-2::N-B08::B-2-17::N-2-17::B-A08::N-B09::N3-1-5::B3-6::N3-6::	13
chr17	33637600	33699600	chr17_33637600	15	62000	0.000106882601000199	17	1.38372370951783e-06	14	0.000854363402420787	::N-B07::N-B09::B3-c-10::B3-6::B3-17::B-2-17::N3-2-7::B3-1-2::N3-6::B3-1-3::B-B10::N-B10::B-B02::N-1-2::B-1-2::	9
chr18	6433400	6495400	chr18_6433400	15	62000	0.000106882601000199	20	1.33678077060682e-09	16	1.25355290458796e-05	::N3-1-5::B-B08::B3-6::B-1-2::N-1-2::N-B10::B-B10::N-B07::B-B04::N-B08::B-2-17::N-2-17::B-B07::B3-3::N3-3::	11
chr18	9344900	9406900	chr18_9344900	13	62000	0.00637404369025118	14	0.000854363402420787	9	8.82083654111549	::N-B08::N-B07::N3-1-2::B3-1-2::B-B07::B3-2-22::N-1-2::N-A03::N-A01::B-A08::B-1-2::B3-c-10::B3-17::	6
chr18	31805800	31867800	chr18_31805800	14	62000	0.000854363402420787	14	0.000854363402420787	13	0.00637404369025118	::B3-6::N3-18::B3-18::N3-6::B-B10::B-1-2::N3-2-2::B-B09::B3-1-3::N-B08::N-A11::B-A08::N3-1-5::B3-1-2::	6
chr18	35151700	35213700	chr18_35151700	14	62000	0.000854363402420787	18	1.44255544264357e-07	14	0.000854363402420787	::B3-6::B-A01::N-A01::B-B09::N-A11::N3-1-5::N-A08::B-A08::B-1-2::N-B10::B3-2-2::N3-2-22::B-B10::B-B07::	10
chr18	35759600	35821600	chr18_35759600	14	62000	0.000854363402420787	18	1.44255544264357e-07	15	0.000106882601000199	::B-1-2::B3-2-22::B-A08::B3-6::N-A01::N3-2-7::B3-2-7::B-A11::N3-3::N-A08::N-B11::B-B11::N-B09::N-A11::	6
chr18	53892900	53954900	chr18_53892900	13	62000	0.00637404369025118	15	0.000106882601000199	13	0.00637404369025118	::B-2-26::B3-6::B3-1-2::N-1-2::N-A11::N3-c-10::B-B02::B-1-2::N-B10::N-B04::N3-1-5::B3-1-3::N3-6::	3
chr18	61557500	61619500	chr18_61557500	15	62000	0.000106882601000199	16	1.25355290458796e-05	12	0.0441573245439207	::B3-2-22::B-B10::B3-6::N-B02::B3-2-36::B-B09::N-A08::N3-1-2::N-B07::B3-1-2::B-B07::N-2-17::N3-6::N-2-26::B-2-26::	5
chr18	73571800	73633800	chr18_73571800	13	62000	0.00637404369025118	14	0.000854363402420787	10	1.65525691381561	::B-A11::B3-6::B3-18::B3-2-22::N3-2-22::B-B07::N-2-9::B-1-2::N-1-2::B-A03::N-A03::N3-1-15::B-2-26::	10
chr19	3860600	3922600	chr19_3860600	17	62000	1.38372370951783e-06	19	1.42473649503121e-08	14	0.000854363402420787	::B-B11::B3-2-36::N-A11::N3-2-36::N-B10::N3-18::B-B10::N-2-17::N-B08::N3-2-7::B3-2-7::N3-17::B3-17::N-A08::B-1-2::N-2-26::B-2-26::	11
chr19	4330000	4392000	chr19_4330000	16	62000	1.25355290458796e-05	19	1.42473649503121e-08	14	0.000854363402420787	::B3-6::N-B10::N3-1-2::B-B11::B3-1-3::B-B09::N3-1-3::N-B09::N3-2-2::B-B02::N-B11::B-B10::B3-17::N-2-9::N-B04::N3-1-5::	16
chr19	11928600	11990600	chr19_11928600	16	62000	1.25355290458796e-05	18	1.44255544264357e-07	14	0.000854363402420787	::N-A11::B-A01::B-B04::B3-1-5::N3-6::N3-1-5::N-B04::B3-6::B-2-9::N-2-9::B-B07::B-B02::N-B02::B-1-2::B-A08::N-A08::	10
chr19	12761200	12823200	chr19_12761200	13	62000	0.00637404369025118	14	0.000854363402420787	11	0.282376376967643	::B-B10::B-2-26::B-A08::N-B04::N3-1-5::B3-1-5::B-B04::N-B09::N-B10::B-1-2::B3-6::B-2-17::B-A01::	5
chr19	16161400	16223400	chr19_16161400	16	62000	1.25355290458796e-05	17	1.38372370951783e-06	15	0.000106882601000199	::N-2-9::B-A01::N-B07::N-B10::B-B07::N3-1-2::N-B04::N3-18::N3-2-7::B-A11::B3-17::N-B09::B-B11::B3-6::B3-3::B3-2-22::	12
chr19	23155900	23217900	chr19_23155900	12	62000	0.0441573245439207	12	0.0441573245439207	8	42.305481990194	::B-B11::B-B04::N-B02::N3-1-3::N3-2-7::N3-1-15::N-A03::B-A03::B-A08::B3-1-15::B3-1-2::B3-3::	3
chr19	24466300	24528300	chr19_24466300	13	62000	0.00637404369025118	13	0.00637404369025118	12	0.0441573245439207	::N3-1-5::B3-1-15::B3-6::B-B10::B3-2-7::B-B11::B3-17::B3-18::N-B04::B3-2-36::N3-2-36::N-B10::B3-1-5::	8
chr19	30033100	30095100	chr19_30033100	12	62000	0.0441573245439207	15	0.000106882601000199	13	0.00637404369025118	::B-B04::B-A08::B3-6::B-B10::B3-1-3::N-A08::B-A11::N-A11::B-A01::N-B09::B3-17::N3-1-3::	7
chr19	32765200	32827200	chr19_32765200	16	62000	1.25355290458796e-05	19	1.42473649503121e-08	16	1.25355290458796e-05	::N-A01::N-1-2::B-1-2::N-B08::B-B02::N-2-17::B-A08::B-2-17::N3-1-2::B3-1-2::B-B10::N3-1-3::B3-1-3::B3-1-5::B3-6::N-A08::	8
chr19	46883500	46945500	chr19_46883500	14	62000	0.000854363402420787	15	0.000106882601000199	12	0.0441573245439207	::B-B11::B3-6::N3-1-2::B3-1-2::B3-1-5::N-B04::N-B09::B-B09::N-B10::B-A01::N-B07::N-A11::B3-3::N3-3::	7
chr2	6325400	6387400	chr2_6325400	12	62000	0.0441573245439207	16	1.25355290458796e-05	13	0.00637404369025118	::N-A01::B-A01::N3-6::N-1-2::B3-1-3::B-B04::B3-6::B-1-2::B3-2-22::N3-2-22::N3-18::B-B02::	6
chr2	18132300	18194300	chr2_18132300	16	62000	1.25355290458796e-05	20	1.33678077060682e-09	14	0.000854363402420787	::N3-1-5::N-2-17::B-2-17::N-A03::N-B04::N3-6::N-B08::B3-17::B-A01::B3-6::N3-18::B3-1-11::B-B07::B3-1-2::N-B07::N3-1-2::	7
chr2	35167500	35229500	chr2_35167500	12	62000	0.0441573245439207	15	0.000106882601000199	14	0.000854363402420787	::B-A11::B3-18::B-B02::B3-3::N3-2-36::N3-1-3::B3-2-36::B3-2-22::N-A11::B3-1-5::B3-6::N3-1-2::	9
chr2	37390300	37452300	chr2_37390300	12	62000	0.0441573245439207	15	0.000106882601000199	13	0.00637404369025118	::N3-1-3::B3-2-22::N-B08::B-B08::N3-18::N-B07::N-B04::B-1-2::B-B10::N-B10::B3-1-2::B3-1-11::	6
chr2	48801600	48863600	chr2_48801600	14	62000	0.000854363402420787	20	1.33678077060682e-09	17	1.38372370951783e-06	::B3-1-3::B3-c-10::B-B11::N3-1-5::N3-2-36::N-2-17::B-2-17::B-A11::N-A11::B3-2-22::N3-6::B-B07::B3-1-11::B-A03::	11
chr2	49456000	49518000	chr2_49456000	15	62000	0.000106882601000199	18	1.44255544264357e-07	15	0.000106882601000199	::B-B02::B3-c-10::N3-2-22::N-B04::B-A11::N-A11::B-2-26::B3-18::N3-2-7::B3-2-22::N3-1-3::N-A01::B-A01::B-B08::N-B08::	9
chr2	91814500	91876500	chr2_91814500	12	62000	0.0441573245439207	15	0.000106882601000199	15	0.000106882601000199	::B-A01::B3-17::B-A03::B-B09::B-1-2::B3-2-36::N-1-2::N-A11::N3-1-5::B-B07::B3-1-11::N-B08::	7
chr2	98653800	98715800	chr2_98653800	50	62000	1.69737977636813e-47	326	0	27	2.44732400323722e-17	::B-A08::N3-2-36::N3-2-2::N-1-2::N-A01::N-B07::N3-6::N-B10::N-2-26::N-A11::N-B04::N-B09::N-A08::N-B08::N-B11::N3-2-7::N-A03::N3-1-11::N3-18::N3-1-15::N3-17::N3-1-3::N-2-17::N3-1-5::N-2-9::N-B02::B-B02::N3-2-22::N3-1-2::B3-1-11::B3-2-7::B3-17::B3-6::B3-2-2::B3-1-2::B-1-2::N3-3::B-B07::B-B11::B-B10::B3-1-3::B3-2-22::B-A01::B-B08::B3-1-5::B-B04::N3-c-10::B3-1-15::B-A11::B3-2-36::	155
chr2	104447600	104509600	chr2_104447600	13	62000	0.00637404369025118	13	0.00637404369025118	12	0.0441573245439207	::N3-2-22::N3-2-36::B-A01::B-B10::B-B09::B3-2-2::B3-1-11::B-B02::N-B11::B3-17::B3-3::B-B11::B-2-26::	7
chr2	109945900	110007900	chr2_109945900	12	62000	0.0441573245439207	13	0.00637404369025118	13	0.00637404369025118	::N-B02::B-A08::B3-c-10::B3-6::N-A11::B-A01::B-B02::B-B07::B3-2-36::N3-17::N3-2-36::B-1-2::	7
chr2	136714700	136776700	chr2_136714700	14	62000	0.000854363402420787	17	1.38372370951783e-06	13	0.00637404369025118	::B3-1-15::N3-1-2::B-1-2::B-B04::N-B04::B-B07::N-B07::N-2-17::B3-18::N3-6::N3-1-5::B3-1-5::N3-2-7::N-1-2::	6
chr2	154806500	154868500	chr2_154806500	16	62000	1.25355290458796e-05	20	1.33678077060682e-09	19	1.42473649503121e-08	::B3-18::B3-1-11::B-A03::B-A01::B-B10::N-B04::B3-2-7::B-B04::N-B02::B-B02::N3-2-22::N-B08::N3-1-5::N-2-9::N3-1-11::B3-c-10::	10
chr2	155416700	155478700	chr2_155416700	12	62000	0.0441573245439207	13	0.00637404369025118	11	0.282376376967643	::B-A08::N-B09::B-B09::N3-17::B-B07::B3-1-3::B3-2-36::N-B04::B-B10::B-A01::N3-2-36::B3-1-5::	5
chr2	160653700	160715700	chr2_160653700	14	62000	0.000854363402420787	17	1.38372370951783e-06	14	0.000854363402420787	::B-B02::N-A01::N-2-17::N-B04::N-B08::B-B10::B3-1-11::B3-2-36::B3-2-2::B3-1-5::N-A08::N-1-2::B-B07::N3-2-2::	9
chr2	163609200	163671200	chr2_163609200	18	62000	1.44255544264357e-07	24	6.49982526471694e-14	9	8.82083654111549	::B3-6::N-B08::N-B09::B-B02::B3-2-7::B-B04::B-B09::B-B07::B3-1-2::B-B10::B-B08::B-A08::B-1-2::B3-2-2::B-B11::B3-3::B-A11::B3-1-3::	7
chr3	16185000	16247000	chr3_16185000	14	62000	0.000854363402420787	14	0.000854363402420787	13	0.00637404369025118	::N3-3::B-B02::N-A11::N3-6::B3-6::B-B08::N3-1-11::B-1-2::B-B11::N-2-17::B3-1-15::N3-2-7::N-1-2::B-A08::	7
chr3	32986800	33048800	chr3_32986800	12	62000	0.0441573245439207	16	1.25355290458796e-05	9	8.82083654111549	::B3-1-5::N3-1-3::N-B04::B-B11::B-B07::N-B07::B3-1-3::B-B10::N-B11::N3-1-5::N-A01::B-B04::	5
chr3	51246800	51308800	chr3_51246800	13	62000	0.00637404369025118	16	1.25355290458796e-05	13	0.00637404369025118	::N3-2-7::B-B09::B3-17::B-B10::N3-1-2::N3-1-15::N3-18::B-B07::B3-1-2::N-B07::N-B04::B-B04::N3-1-5::	7
chr3	51421000	51483000	chr3_51421000	15	62000	0.000106882601000199	18	1.44255544264357e-07	16	1.25355290458796e-05	::B-B08::N3-3::B3-1-5::B-1-2::B-B02::B3-3::N-1-2::B3-1-2::B-B10::B-2-9::B-2-26::N3-1-3::N-B04::N-A01::B-A03::	7
chr3	60501700	60563700	chr3_60501700	12	62000	0.0441573245439207	12	0.0441573245439207	10	1.65525691381561	::B3-2-7::B-B04::N-B04::B3-18::B-1-2::B-B02::B3-1-3::N-A08::B-B10::B-A11::N-A11::B3-2-36::	7
chr3	69067700	69129700	chr3_69067700	18	62000	1.44255544264357e-07	24	6.49982526471694e-14	20	1.33678077060682e-09	::B-A08::N-B07::B-B02::B-2-17::N-A08::B-B10::B3-c-10::B-B04::B3-1-3::B3-3::N3-2-2::B3-6::B-B09::N-B09::N-B08::B-A01::N3-18::B-B08::	12
chr3	88954600	89016600	chr3_88954600	15	62000	0.000106882601000199	18	1.44255544264357e-07	13	0.00637404369025118	::B-B10::N3-18::N3-1-2::B3-1-2::N-B08::B-B02::B-B09::B3-2-36::N-B02::N3-1-3::B3-1-3::B3-1-11::N3-1-11::B-A08::B3-3::	10
chr3	90326400	90388400	chr3_90326400	15	62000	0.000106882601000199	16	1.25355290458796e-05	15	0.000106882601000199	::N-B07::B3-1-2::N-A01::N-1-2::B-1-2::B-B10::N-2-17::N3-2-36::B3-3::B-A01::N-B09::B-A03::B3-6::B-B02::B-A08::	11
chr3	96587100	96649100	chr3_96587100	12	62000	0.0441573245439207	13	0.00637404369025118	9	8.82083654111549	::B3-17::N-A11::N3-18::N-B11::N-B10::B-A03::N3-1-2::N3-1-15::N-A03::B3-1-15::B-A08::B3-1-2::	5
chr3	103024800	103086800	chr3_103024800	14	62000	0.000854363402420787	15	0.000106882601000199	13	0.00637404369025118	::B-A11::N-A11::B3-18::B3-2-22::N-A01::B3-1-11::N-B09::B-B10::N3-6::N-2-17::B3-2-36::B-A01::B3-6::B-A08::	6
chr3	103284200	103346200	chr3_103284200	19	62000	1.42473649503121e-08	25	4.87884823978635e-15	23	8.31299055425315e-13	::N3-18::B3-2-2::B-B09::N3-3::B-B10::B3-3::B-1-2::B3-6::B3-1-5::N3-1-11::B-B07::N-B04::B-2-17::N-2-9::B-A11::N-A11::B-A08::B-2-9::N-B07::	16
chr3	104821100	104883100	chr3_104821100	13	62000	0.00637404369025118	14	0.000854363402420787	13	0.00637404369025118	::B3-17::B-B02::B-A08::B-B09::B-B07::B-B11::N-B04::B-B04::B-A11::N-2-26::B3-18::B-2-9::B3-1-2::	10
chr3	135444900	135506900	chr3_135444900	18	62000	1.44255544264357e-07	24	6.49982526471694e-14	15	0.000106882601000199	::B-B02::B-A08::N3-1-15::B3-1-15::B3-6::B-A01::B3-3::N-B09::N-2-17::N-B02::B-A03::N-A08::N-A03::N3-2-36::N3-17::B3-18::N3-18::N3-1-2::	15
chr4	13756000	13818000	chr4_13756000	13	62000	0.00637404369025118	20	1.33678077060682e-09	10	1.65525691381561	::B-A08::N-A03::N3-1-15::N-A08::B-A03::B3-1-15::B3-1-5::B3-c-10::B-B10::B3-2-2::B-B08::N-B08::B-B07::	4
chr4	47355200	47417200	chr4_47355200	12	62000	0.0441573245439207	25	4.87884823978635e-15	18	1.44255544264357e-07	::B3-18::N-A11::B-A11::B3-1-3::N-A08::B-A08::N-B08::B-B08::B3-6::B-B11::B3-1-11::B-B07::	9
chr4	103106700	103168700	chr4_103106700	15	62000	0.000106882601000199	16	1.25355290458796e-05	10	1.65525691381561	::N3-18::N3-2-36::N3-17::B-B02::B3-2-22::N3-1-5::B3-1-15::B-A03::B-A08::N-A03::N3-1-15::N-A08::N-A01::B3-1-3::B3-2-36::	12
chr4	120777000	120839000	chr4_120777000	12	62000	0.0441573245439207	13	0.00637404369025118	10	1.65525691381561	::N-B04::N-B02::N-B09::B-B09::B3-1-5::N3-1-5::B3-2-36::B-B10::B-B07::N-A03::B-A03::B-A08::	7
chr4	129698100	129760100	chr4_129698100	13	62000	0.00637404369025118	13	0.00637404369025118	11	0.282376376967643	::N-B09::B-B09::N-A01::N3-18::B-A08::N-2-9::B-2-9::N-B08::B-B08::B-B04::B-A11::N3-6::N-B02::	6
chr4	130734900	130796900	chr4_130734900	16	62000	1.25355290458796e-05	16	1.25355290458796e-05	13	0.00637404369025118	::B3-2-36::N-B02::B-2-9::B3-1-11::B-1-2::N-B07::B-B10::B-B07::N-A11::N-B09::B-B09::B-B02::B3-2-22::N3-2-22::N3-1-5::B3-1-5::	5
chr4	132172500	132234500	chr4_132172500	12	62000	0.0441573245439207	14	0.000854363402420787	11	0.282376376967643	::B3-17::B-B08::N-B08::B-A01::B-A11::B-A08::N3-1-3::B-B07::B-B02::N-A01::B-B04::N-B04::	12
chr4	133688600	133750600	chr4_133688600	16	62000	1.25355290458796e-05	21	1.19452854207564e-10	19	1.42473649503121e-08	::N-B02::N-A08::B3-1-11::B-A08::B-B07::B-B02::B-B09::N-B08::B-1-2::N3-2-2::B3-18::N-B09::B3-3::N3-2-36::B3-2-36::N-B04::	14
chr4	136286800	136348800	chr4_136286800	12	62000	0.0441573245439207	14	0.000854363402420787	13	0.00637404369025118	::B-B10::B-A01::B-2-26::B3-17::B3-1-11::B-B11::N-B04::B-B04::B-B08::N-B07::B3-c-32::N-A01::	6
chr4	136545400	136607400	chr4_136545400	15	62000	0.000106882601000199	21	1.19452854207564e-10	13	0.00637404369025118	::B3-2-36::B3-1-15::B-A08::B-A03::N3-1-15::N-A08::N-A03::B3-17::B3-6::N-B08::B-B08::N3-1-5::B-A01::B3-2-2::N-A01::	14
chr5	23427200	23489200	chr5_23427200	14	62000	0.000854363402420787	16	1.25355290458796e-05	15	0.000106882601000199	::B-A08::B-B07::B-A01::N-B09::B3-2-22::N-2-9::B3-2-36::N-A01::B-1-2::B3-18::N3-1-2::N3-3::B3-3::B3-6::	6
chr5	25368400	25430400	chr5_25368400	29	62000	1.06132089147315e-19	75	1.41949242601779e-85	46	7.56591848401536e-42	::B-1-2::N3-2-7::B3-2-7::N3-2-2::B3-1-2::B-A08::B3-1-15::B-A03::N-A08::N3-1-15::N-A03::B-B08::B3-18::B-2-9::N-2-9::B3-1-11::N3-1-11::B-B09::N-2-17::B-A11::B-B10::N3-1-2::B-B07::B3-2-2::N-B07::N-B10::B3-1-3::B3-2-22::N3-2-22::	55
chr5	25437100	25499100	chr5_25437100	18	62000	1.44255544264357e-07	27	2.44732400323722e-17	22	1.01889513066046e-11	::B3-1-15::B3-17::N-2-9::N3-1-5::B-1-2::B3-6::B3-1-3::N3-1-3::B-2-9::B3-2-7::N3-2-7::B3-2-36::B3-1-2::B-B08::B-2-17::N-2-17::N-B07::N3-2-36::	15
chr5	28130200	28192200	chr5_28130200	43	62000	1.0428402158632e-37	90	2.98636961605818e-110	6	672.780510003066	::N-A01::N-A08::N-B09::N3-1-5::N3-2-2::N-1-2::B-B10::B3-6::B-A08::B-1-2::B-B04::B3-1-2::N-A11::B3-1-3::B-2-9::N-B04::N3-1-11::N3-3::B-B11::B-2-17::B-B08::B-B09::B-B07::B-A01::B3-2-36::B3-2-2::B-A11::B3-3::B3-17::B3-1-11::B3-18::B-B02::B3-1-5::B3-2-22::N-B02::N-B10::N-B08::N3-18::N-A03::B3-1-15::B3-c-10::N3-1-2::B3-2-7::	57
chr5	52133700	52195700	chr5_52133700	12	62000	0.0441573245439207	15	0.000106882601000199	13	0.00637404369025118	::N3-17::N-B08::B-B08::B-B11::B-B10::N3-3::B-A11::N-A11::B-A08::B-B02::B3-6::B-A03::	8
chr5	65588200	65650200	chr5_65588200	16	62000	1.25355290458796e-05	17	1.38372370951783e-06	14	0.000854363402420787	::N3-2-36::N3-1-3::N-A01::N3-1-11::N3-1-5::B-A11::N-A11::B-B10::B3-1-3::B3-1-11::B3-6::N3-6::B-1-2::B3-18::N3-18::N-B02::	14
chr5	86805300	86867300	chr5_86805300	15	62000	0.000106882601000199	18	1.44255544264357e-07	14	0.000854363402420787	::N-2-26::B3-1-3::B-B02::N-B02::N-1-2::B-B09::N-B09::B3-2-2::N3-2-2::B3-2-36::N3-2-36::B-B10::N3-1-3::N3-17::B3-3::	12
chr5	90284600	90346600	chr5_90284600	13	62000	0.00637404369025118	14	0.000854363402420787	14	0.000854363402420787	::N3-3::B-1-2::B-A01::N3-6::B3-2-2::B3-1-2::N-B10::B-B09::B3-1-11::N-1-2::N3-17::B3-17::B-A08::	7
chr5	96089700	96151700	chr5_96089700	14	62000	0.000854363402420787	15	0.000106882601000199	14	0.000854363402420787	::B3-1-3::B3-18::N-B10::B-B10::N3-1-3::B-A03::N-2-17::B-B02::B3-17::B-B04::B-1-2::N-A11::B3-3::N-B08::	7
chr5	108462200	108524200	chr5_108462200	12	62000	0.0441573245439207	12	0.0441573245439207	12	0.0441573245439207	::B-1-2::B3-17::N3-1-11::B3-1-11::N3-1-5::B3-1-3::B3-1-5::B-A01::B-B04::N-B04::N3-2-7::B3-3::	8
chr5	121756400	121818400	chr5_121756400	15	62000	0.000106882601000199	16	1.25355290458796e-05	13	0.00637404369025118	::N-B08::B-B09::N3-c-32::N3-2-36::B3-2-36::B3-3::N-1-2::B-B10::B3-17::B-B11::B-A08::N-A08::B3-2-2::B3-1-5::N3-2-22::	7
chr5	122292600	122354600	chr5_122292600	15	62000	0.000106882601000199	17	1.38372370951783e-06	11	0.282376376967643	::N3-1-2::N3-1-3::N-B08::N3-2-2::B-B04::B-B10::B-A11::N-A11::N-B02::B-A08::B-A03::B3-1-15::N-A08::N3-1-15::N-A03::	12
chr5	122445700	122507700	chr5_122445700	14	62000	0.000854363402420787	16	1.25355290458796e-05	14	0.000854363402420787	::N-B09::B3-1-3::B-A01::N-A01::B-B02::N-1-2::N-B08::N-B02::B3-3::B-A08::B-A11::B3-6::B-B09::B-B10::	9
chr5	125129600	125191600	chr5_125129600	13	62000	0.00637404369025118	14	0.000854363402420787	13	0.00637404369025118	::N-B10::N-1-2::N-B09::B3-c-32::B3-2-36::B-B10::N3-2-7::N3-1-15::N-A11::N3-2-36::B3-6::B-B08::B3-2-2::	7
chr5	135193600	135255600	chr5_135193600	16	62000	1.25355290458796e-05	19	1.42473649503121e-08	16	1.25355290458796e-05	::N3-1-3::B3-1-3::B-A08::N-B08::N3-2-22::N3-2-7::B3-1-5::B-B07::B-B02::N3-17::B3-17::N3-2-2::N3-1-11::B3-1-11::B-B04::B-A03::	8
chr5	144267500	144329500	chr5_144267500	13	62000	0.00637404369025118	15	0.000106882601000199	12	0.0441573245439207	::N3-2-36::N3-1-5::B3-1-3::N3-1-3::N3-1-2::B3-1-2::B3-3::N3-2-2::B3-2-2::B-A08::B-B11::N3-6::B-B10::	4
chr6	17639400	17701400	chr6_17639400	12	62000	0.0441573245439207	18	1.44255544264357e-07	14	0.000854363402420787	::N3-1-2::B3-3::B-B10::N-B10::N-1-2::B-1-2::B-A11::N-A11::B3-18::N3-18::B-A08::B-B09::	8
chr6	38557100	38619100	chr6_38557100	12	62000	0.0441573245439207	13	0.00637404369025118	12	0.0441573245439207	::N3-1-3::N-B07::B3-3::N3-1-11::B-A08::N-2-17::B-2-17::B-B04::B3-18::N3-2-36::B-B10::N-B08::	7
chr6	47435500	47497500	chr6_47435500	15	62000	0.000106882601000199	18	1.44255544264357e-07	14	0.000854363402420787	::N-B04::N3-3::B3-1-2::B-2-9::B-A01::B3-1-11::B-B04::N-2-17::B-B10::B-A08::N3-1-5::N-B07::B3-1-5::N-A03::N3-1-3::	4
chr6	83387500	83449500	chr6_83387500	12	62000	0.0441573245439207	13	0.00637404369025118	12	0.0441573245439207	::N-B02::N3-6::N-2-17::B3-18::B-B11::N-1-2::N-A01::B-A01::B3-2-36::B-B07::B-2-26::B3-6::	9
chr6	83932900	83994900	chr6_83932900	16	62000	1.25355290458796e-05	18	1.44255544264357e-07	18	1.44255544264357e-07	::N-2-17::N-2-26::N3-1-15::B3-1-11::B-A08::N3-2-7::B-A01::B3-17::N-B04::B3-1-2::B-1-2::N-A01::B-B09::B-B10::N3-2-36::B3-c-10::	11
chr6	86917800	86979800	chr6_86917800	12	62000	0.0441573245439207	14	0.000854363402420787	10	1.65525691381561	::B3-1-2::N-2-17::B-1-2::N-B09::B-B04::B-B09::N3-2-22::B3-2-22::N3-2-2::N3-17::B3-17::B-B10::	9
chr6	103636500	103698500	chr6_103636500	14	62000	0.000854363402420787	16	1.25355290458796e-05	5	2151.14168341596	::B3-2-36::N3-18::N-B11::N-A01::B-B11::N-B10::N3-1-11::N-B04::N3-1-15::N-B08::N3-3::B3-1-2::N-A11::N3-1-2::	8
chr6	113094800	113156800	chr6_113094800	15	62000	0.000106882601000199	16	1.25355290458796e-05	12	0.0441573245439207	::B-B04::B-A11::B-1-2::N-1-2::N3-2-7::B-B11::N-A03::N-2-17::B-A08::B-B07::N3-18::N-B08::B-B08::B-A03::B-B02::	8
chr7	16550600	16612600	chr7_16550600	14	62000	0.000854363402420787	17	1.38372370951783e-06	13	0.00637404369025118	::N3-1-5::B3-1-5::B-B04::N-B04::N-2-17::B-2-17::B-A01::N-B09::B-1-2::N-A01::N-B08::B-B02::B-B10::N-B10::	12
chr7	28919100	28981100	chr7_28919100	13	62000	0.00637404369025118	14	0.000854363402420787	12	0.0441573245439207	::B3-1-2::B-2-9::B3-2-22::B-1-2::N3-1-2::B-B07::N-B07::N-B04::B-2-17::N-2-17::B3-17::N-B09::N3-18::	11
chr7	59250500	59312500	chr7_59250500	14	62000	0.000854363402420787	21	1.19452854207564e-10	12	0.0441573245439207	::N-A11::B-B02::B3-1-2::B-B07::N3-1-2::N-B07::B-B04::B3-1-3::B-2-9::N-B02::B3-c-10::N3-2-7::B3-2-7::B-B11::	8
chr7	67266800	67328800	chr7_67266800	19	62000	1.42473649503121e-08	21	1.19452854207564e-10	14	0.000854363402420787	::N-B04::N3-1-5::B-B09::B-B07::N3-3::N3-17::B-A03::N-A01::B-B04::B-A11::N-A11::B-2-26::B3-6::B3-17::B3-1-15::B-A08::N-A03::N3-1-15::N-A08::	15
chr7	73418800	73480800	chr7_73418800	12	62000	0.0441573245439207	12	0.0441573245439207	10	1.65525691381561	::N-B09::N3-2-7::N-A01::N3-2-22::B3-2-2::B3-1-3::N-B04::B-B02::N-B02::B-A08::N-A11::B3-2-7::	8
chr7	90138800	90200800	chr7_90138800	20	62000	1.33678077060682e-09	24	6.49982526471694e-14	22	1.01889513066046e-11	::B-A08::N-1-2::N-B02::B-B07::B-B09::N-B09::N3-c-32::N-A11::B3-6::B-A03::B-B02::N3-2-2::B-B10::B-1-2::N-A01::B-A01::B-A11::B3-2-36::N3-6::B3-1-11::	11
chr7	112043800	112105800	chr7_112043800	12	62000	0.0441573245439207	24	6.49982526471694e-14	18	1.44255544264357e-07	::B3-1-2::B-1-2::N-B07::N-1-2::N3-17::B-B09::B-B07::N-2-17::B-2-17::N-B04::B-B02::N3-1-2::	11
chr7	121018000	121080000	chr7_121018000	13	62000	0.00637404369025118	14	0.000854363402420787	10	1.65525691381561	::N3-1-15::B-2-26::B3-c-10::B3-17::N3-17::B-B11::B3-2-36::N3-6::B3-6::N3-1-3::N-B09::B-B09::B3-1-3::	3
chr7	121631200	121693200	chr7_121631200	13	62000	0.00637404369025118	16	1.25355290458796e-05	14	0.000854363402420787	::B-B07::N3-18::B-B10::B3-2-22::N-2-17::N-B09::N-1-2::N3-2-36::N3-1-11::N-B04::B-2-9::B3-2-36::B3-c-32::	11
chr7	121836500	121898500	chr7_121836500	25	62000	4.87884823978635e-15	25	4.87884823978635e-15	1	20817.4589348235	::N3-1-15::N3-2-22::N-B04::N-1-2::N3-1-2::N-A11::N3-6::N-B07::N-B08::N-2-9::N-2-26::N3-1-11::N-B11::N-B09::N3-2-7::N-B02::N3-2-36::N-B10::N3-c-10::N-2-17::N3-3::N3-1-3::N3-1-5::N3-17::N3-18::	25
chr7	126114600	126176600	chr7_126114600	14	62000	0.000854363402420787	17	1.38372370951783e-06	14	0.000854363402420787	::N3-18::B3-18::B-B04::B3-6::B-2-17::B3-2-36::N3-2-36::B-B10::B-A01::N-A01::B-B09::N-1-2::B-1-2::N-B08::	10
chr7	132911200	132973200	chr7_132911200	12	62000	0.0441573245439207	14	0.000854363402420787	10	1.65525691381561	::N3-1-3::N3-2-36::B3-18::N-B09::B3-1-15::N-A03::N3-1-15::B-A08::B-A03::N3-1-11::B-B11::N3-1-5::	2
chr7	136370100	136432100	chr7_136370100	32	62000	2.3565719021648e-23	35	3.96539726640615e-27	6	672.780510003066	::B3-6::B-B09::N3-c-10::N-B11::N3-2-36::N-A08::N-2-9::N-2-26::N-B07::N-2-17::N-B04::N3-17::N-B09::N3-6::N-A11::N-B02::N3-1-11::N3-1-5::N-A01::N3-1-3::N3-1-15::N-1-2::N3-2-7::N3-2-2::N3-c-32::N-A03::N-B10::N3-3::N-B08::N3-1-2::N3-2-22::N3-18::	32
chr7	141565600	141627600	chr7_141565600	14	62000	0.000854363402420787	14	0.000854363402420787	12	0.0441573245439207	::N-B02::B3-18::B-B02::N-2-26::B-2-26::N3-1-5::B-A08::B3-17::B3-2-2::N3-3::N3-2-22::N-A03::N-2-9::B-1-2::	5
chr8	4267000	4329000	chr8_4267000	14	62000	0.000854363402420787	16	1.25355290458796e-05	16	1.25355290458796e-05	::B3-17::B3-2-2::B-1-2::B-B02::B-B10::N-B10::B3-6::B3-1-3::N-B04::B3-1-2::N3-1-3::B3-3::N3-3::N-B07::	8
chr8	22863900	22925900	chr8_22863900	15	62000	0.000106882601000199	19	1.42473649503121e-08	12	0.0441573245439207	::B-1-2::B-B04::B3-1-5::N-B04::N-A01::B-A01::B-2-17::N-2-17::B-B10::B3-1-2::B-B07::N-B07::N-1-2::N3-1-2::N-B09::	11
chr8	69941200	70003200	chr8_69941200	13	62000	0.00637404369025118	13	0.00637404369025118	8	42.305481990194	::B3-1-3::B3-2-36::B3-2-22::N3-2-22::N3-2-7::N-B09::B-B09::B-B10::N3-1-5::N-B04::B-B04::B3-1-5::B-1-2::	4
chr8	95740900	95802900	chr8_95740900	14	62000	0.000854363402420787	17	1.38372370951783e-06	16	1.25355290458796e-05	::N3-6::B3-1-2::N-B10::N-2-17::B3-1-11::B3-2-22::N3-2-22::B3-6::B-B10::B3-18::B-A01::B-1-2::B3-c-10::B-B02::	9
chr8	105146200	105208200	chr8_105146200	12	62000	0.0441573245439207	13	0.00637404369025118	9	8.82083654111549	::B-B04::N-A11::B-A11::B-1-2::B3-1-3::B3-3::B-A01::N-A01::B3-6::N3-1-2::B3-1-2::B3-2-22::	8
chr8	109782800	109844800	chr8_109782800	18	62000	1.44255544264357e-07	26	3.52127219659469e-16	19	1.42473649503121e-08	::N3-1-11::N-B08::N-B11::B-B10::N3-1-5::B3-2-36::N-B10::B-B07::B3-1-2::N-B07::N3-1-2::N-2-17::B-2-17::B3-c-10::B-B02::N3-2-36::B3-c-32::B3-2-7::	11
chr8	117318000	117380000	chr8_117318000	13	62000	0.00637404369025118	16	1.25355290458796e-05	12	0.0441573245439207	::N-A01::B3-1-11::B-1-2::B-2-17::N-2-17::N-B09::N-A11::N-1-2::B-B04::B3-1-3::N3-1-5::N-B04::B3-1-5::	5
chr8	122900600	122962600	chr8_122900600	12	62000	0.0441573245439207	15	0.000106882601000199	14	0.000854363402420787	::N3-1-5::B3-6::B3-2-2::B-B07::B-B10::B-A08::B-B02::N-B04::B-1-2::B3-1-3::B3-17::B3-3::	11
chr9	3000100	3062100	chr9_3000100	33	62000	1.34005428451004e-24	59	1.07406613517153e-60	18	1.44255544264357e-07	::N-A08::N-B08::B-B02::N-B07::N-2-17::N3-18::N3-6::B-B11::N-B11::N-A11::N3-2-22::N-A01::N-B04::N-2-26::N3-2-7::N3-1-3::N-B10::N3-1-15::N3-17::N3-2-2::N3-1-5::B-B10::N-B02::B3-17::B3-2-22::B-A08::N3-2-36::N3-1-2::B-B09::N-A03::B-2-17::N-B09::N3-1-11::	26
chr9	13783700	13845700	chr9_13783700	12	62000	0.0441573245439207	13	0.00637404369025118	13	0.00637404369025118	::N-A11::B-B04::N-B04::N3-2-7::B3-1-3::B3-2-22::N-B08::B-2-17::N-B10::N-1-2::N-2-17::B3-17::	6
chr9	14270400	14332400	chr9_14270400	12	62000	0.0441573245439207	14	0.000854363402420787	13	0.00637404369025118	::B3-1-11::B3-1-2::N3-18::N3-2-7::B-B07::B3-1-15::N-B11::B-B02::B-B10::N-B09::N-A11::B-A11::	8
chr9	21454200	21516200	chr9_21454200	13	62000	0.00637404369025118	14	0.000854363402420787	12	0.0441573245439207	::B-B10::B-1-2::N3-2-7::N-1-2::B-B04::N3-1-5::N3-17::N3-2-36::N-2-17::N-B07::N-2-9::B-2-9::N-B04::	7
chr9	21625000	21687000	chr9_21625000	12	62000	0.0441573245439207	19	1.42473649503121e-08	17	1.38372370951783e-06	::N-2-17::B3-1-2::B3-18::N3-18::B-A08::B-B04::N-1-2::B-1-2::B-B02::N-A08::B-B10::N3-2-7::	9
chr9	27032900	27094900	chr9_27032900	13	62000	0.00637404369025118	13	0.00637404369025118	11	0.282376376967643	::N3-2-36::N3-1-15::N3-1-3::N3-3::B-B09::B3-17::N-B04::B-B04::N3-6::B-1-2::N3-1-2::B-2-26::N-2-26::	9
chr9	35243600	35305600	chr9_35243600	13	62000	0.00637404369025118	16	1.25355290458796e-05	9	8.82083654111549	::B-2-9::B3-17::B3-1-15::B-B11::N3-1-2::N3-1-11::N3-1-3::N3-18::N3-1-15::N-B04::N-B11::N-B07::N3-1-5::	6
chr9	47682800	47744800	chr9_47682800	12	62000	0.0441573245439207	14	0.000854363402420787	12	0.0441573245439207	::B3-c-10::N-1-2::B-B04::B3-2-22::B3-1-2::N-B04::B3-2-2::B3-2-7::N3-2-7::N3-18::B3-2-36::N3-1-5::	9
chr9	59394800	59456800	chr9_59394800	17	62000	1.38372370951783e-06	22	1.01889513066046e-11	21	1.19452854207564e-10	::N-A08::N-B10::B-B09::B-B02::B-A08::N-A01::B3-6::B3-3::N3-1-5::N3-1-2::N3-2-7::N-B08::B3-1-5::N-B07::B-B10::N-2-17::B-2-17::	8
chr9	66513400	66575400	chr9_66513400	13	62000	0.00637404369025118	13	0.00637404369025118	12	0.0441573245439207	::N-B04::B-A01::B-A08::B-B09::N-B08::B-B10::B3-1-2::B-1-2::N-1-2::N-2-17::N3-c-10::N-B10::N-A11::	9
chr9	70685400	70747400	chr9_70685400	12	62000	0.0441573245439207	18	1.44255544264357e-07	17	1.38372370951783e-06	::B-B04::B3-3::B-A03::B-B02::N3-1-2::B3-17::B3-2-2::N3-2-36::N3-17::B-1-2::N-2-17::N3-1-15::	5
chr9	71874800	71936800	chr9_71874800	15	62000	0.000106882601000199	17	1.38372370951783e-06	15	0.000106882601000199	::B3-2-36::N-B11::B3-1-2::N3-1-2::B-B10::B-A11::N-B08::B-A01::N-B09::B-B08::N3-18::B3-17::N-A11::B-2-17::N3-2-36::	11
chr9	72063500	72125500	chr9_72063500	22	62000	1.01889513066046e-11	27	2.44732400323722e-17	22	1.01889513066046e-11	::B-2-17::B3-18::N-B04::B3-17::B3-c-10::N3-17::B-B02::B-B11::N3-1-3::B3-1-3::B-1-2::B3-6::B3-2-36::N3-2-36::B-B04::B3-1-5::N3-1-5::B3-2-2::B3-3::B-2-9::N-1-2::B3-2-7::	18
chr9	72281600	72343600	chr9_72281600	13	62000	0.00637404369025118	15	0.000106882601000199	14	0.000854363402420787	::B3-6::N-1-2::B-1-2::N3-1-3::B-B09::B3-18::N3-1-5::B3-17::N-B04::B-2-9::B3-1-11::N-2-26::B3-2-36::	6
chr9	72522300	72584300	chr9_72522300	13	62000	0.00637404369025118	16	1.25355290458796e-05	14	0.000854363402420787	::N3-1-3::B3-17::B-B10::B-B02::N-B08::N-1-2::B3-6::B-2-9::N3-2-2::B3-2-2::N3-2-7::N-A01::N-B10::	8
chr9	82910600	82972600	chr9_82910600	13	62000	0.00637404369025118	16	1.25355290458796e-05	13	0.00637404369025118	::N-1-2::B-B04::N-B10::N-B04::N-2-17::B-A08::B3-3::B-2-9::N3-2-36::B-B09::N-B09::B-2-26::B3-2-36::	12
chr9	107737500	107799500	chr9_107737500	15	62000	0.000106882601000199	17	1.38372370951783e-06	14	0.000854363402420787	::N-2-17::N-A01::B-1-2::N-B02::B-B02::B3-17::N3-17::B-B10::B3-3::B3-1-5::N3-c-10::N-B04::N3-3::B-A01::N3-2-36::	7
chr9	107833400	107895400	chr9_107833400	12	62000	0.0441573245439207	13	0.00637404369025118	11	0.282376376967643	::B3-2-2::B3-1-15::B3-17::N3-17::N-B11::B-2-9::B3-18::N3-18::N3-3::N-A11::B3-3::B3-1-2::	9
chr9	110543900	110605900	chr9_110543900	13	62000	0.00637404369025118	13	0.00637404369025118	11	0.282376376967643	::B-1-2::B-2-17::N-2-17::N-B11::B-B10::N3-1-11::N-1-2::N-B08::B-A08::B-B11::B-A11::N-A11::B-B02::	6
chr9	113659200	113721200	chr9_113659200	12	62000	0.0441573245439207	13	0.00637404369025118	11	0.282376376967643	::B-B10::B-1-2::N-B02::B3-2-22::B3-2-36::N3-17::N3-2-22::N-B04::B3-1-5::N3-1-5::B3-6::N-B08::	7
chr9	113924400	113986400	chr9_113924400	13	62000	0.00637404369025118	17	1.38372370951783e-06	15	0.000106882601000199	::B3-18::N3-1-5::N-1-2::N-A01::B-A01::N-A11::N-B02::B-A11::N3-2-2::B3-2-36::N-2-17::B-B08::N-B08::	7
chr9	115256000	115318000	chr9_115256000	12	62000	0.0441573245439207	17	1.38372370951783e-06	16	1.25355290458796e-05	::B3-6::B-B04::B-A08::N-B11::B-B11::N-A08::N3-1-3::B-B02::B-1-2::B3-1-11::N-A01::B-2-17::	6
chrUn_GL456383	1100	63100	chrUn_GL456383_1100	16	62000	1.25355290458796e-05	18	1.44255544264357e-07	11	0.282376376967643	::B-B07::B3-1-2::N3-1-3::B3-1-3::B3-18::N-A08::N3-1-5::B3-2-22::B3-2-2::N3-18::N-A01::N-2-17::N-A11::N3-2-2::N3-17::N3-2-7::	2
chrUn_GL456390	0	62000	chrUn_GL456390_0	36	62000	2.06699696245409e-28	64	2.73159247036103e-68	45	1.85465806848371e-40	::B3-18::N3-6::N3-1-2::N3-2-7::N3-1-3::B3-3::N-2-17::N3-2-2::N3-17::N-B09::N-A03::N3-1-15::N3-3::N-B08::N-B04::N-A08::N-A01::N-B10::N3-1-11::B-1-2::N3-2-22::N3-2-36::N3-18::N-B11::N-B02::B-A08::N3-1-5::B3-2-7::B-B02::B3-17::N-A11::B3-6::B-A03::B3-2-22::B-B11::N-2-26::	40
chrUn_GL456392	14600	76600	chrUn_GL456392_14600	17	62000	1.38372370951783e-06	22	1.01889513066046e-11	13	0.00637404369025118	::N-2-17::N3-2-2::N3-17::N-B09::N-A03::N3-1-15::N3-3::N-B08::N-B04::N-A08::N-A01::N-B10::N3-6::N3-1-11::B-1-2::N3-2-22::N3-1-3::	16
chrUn_GL456393	1400	63400	chrUn_GL456393_1400	27	62000	2.44732400323722e-17	36	2.06699696245409e-28	28	1.64017079568325e-18	::N3-2-36::N3-18::N-2-17::N3-1-3::N-B11::N-B02::N3-1-2::N3-2-2::B-A08::N3-1-15::N3-1-5::B-1-2::N3-6::B3-2-7::N-B10::N-B08::B-B02::B3-3::N-A03::B3-17::N-A11::B3-6::N-A01::B-A03::B3-2-22::B-B11::N-2-26::	20
chrUn_JH584304	6500	68500	chrUn_JH584304_6500	17	62000	1.38372370951783e-06	20	1.33678077060682e-09	19	1.42473649503121e-08	::N-A03::B3-17::N-A11::B3-6::N-A01::B-A03::B3-2-22::N3-18::B-B11::N-B08::N-B11::N-2-26::N-B09::B3-1-2::B-A08::B-B04::B-1-2::	10
chrX	77541600	77603600	chrX_77541600	12	62000	0.0441573245439207	18	1.44255544264357e-07	12	0.0441573245439207	::N-B11::B3-1-2::N3-1-3::B-A08::N-A01::B-B07::N-B07::N3-1-2::B-B11::N-B10::B3-17::N-B04::	10
