chr10	63254300	63315300	chr10_63254300	8	61000	0.00338590055849842	9	0.000213629262840458	8	0.00338590055849842	::B3-c-9::B3-c-28::B3-2-2::B3-18::N3-9::B3-9::B3-15::B3-14::	4
chr10	123134500	123195500	chr10_123134500	7	61000	0.0477018402591811	11	6.26218886077864e-07	8	0.00338590055849842	::N3-c-28::N3-16::B3-16::B3-4::N3-4::B3-2-2::B3-15::	9
chr11	3185300	3246300	chr11_3185300	7	61000	0.0477018402591811	9	0.000213629262840458	9	0.000213629262840458	::N3-2-2::B3-c-9::B3-12::N3-18::B3-14::N3-9::N3-17::	5
chr11	23336800	23397800	chr11_23336800	10	61000	1.21308098208877e-05	12	2.96328871813313e-08	10	1.21308098208877e-05	::N3-16::N3-17::B3-17::B3-c-14::N3-c-14::B3-c-10::B3-18::B3-2-2::N3-c-9::N3-2-2::	8
chr11	31874600	31935600	chr11_31874600	8	61000	0.00338590055849842	8	0.00338590055849842	6	0.588036279919975	::N3-4::B3-4::B3-16::N3-17::B3-2-2::B3-17::N3-c-28::N3-18::	3
chr11	62366000	62427000	chr11_62366000	8	61000	0.00338590055849842	8	0.00338590055849842	7	0.0477018402591811	::B3-17::B3-c-9::N3-9::B3-9::B3-12::B3-14::B3-18::N3-17::	3
chr11	86278200	86339200	chr11_86278200	9	61000	0.000213629262840458	12	2.96328871813313e-08	8	0.00338590055849842	::N3-16::B3-2-2::B3-15::N3-15::N3-c-10::B3-4::N3-4::B3-9::N3-9::	7
chr11	86700500	86761500	chr11_86700500	7	61000	0.0477018402591811	8	0.00338590055849842	6	0.588036279919975	::N3-16::B3-2-7::N3-2-7::B3-2-2::N3-4::B3-4::B3-c-9::	4
chr13	17697500	17758500	chr13_17697500	7	61000	0.0477018402591811	9	0.000213629262840458	7	0.0477018402591811	::B3-12::B3-14::N3-14::B3-2-2::N3-c-32::N3-18::B3-9::	7
chr13	37871300	37932300	chr13_37871300	7	61000	0.0477018402591811	7	0.0477018402591811	4	54.7100701436017	::B3-c-28::N3-12::B3-4::B3-16::N3-16::N3-4::B3-17::	5
chr13	44864000	44925000	chr13_44864000	8	61000	0.00338590055849842	10	1.21308098208877e-05	8	0.00338590055849842	::B3-12::B3-14::B3-2-2::N3-18::B3-9::N3-9::B3-17::N3-16::	4
chr13	104188000	104249000	chr13_104188000	7	61000	0.0477018402591811	7	0.0477018402591811	7	0.0477018402591811	::N3-2-7::B3-9::N3-c-32::N3-18::N3-17::N3-4::B3-c-28::	4
chr14	19416100	19477100	chr14_19416100	9	61000	0.000213629262840458	13	1.29437366276134e-09	11	6.26218886077864e-07	::N3-18::B3-2-2::N3-17::N3-16::N3-12::B3-17::N3-15::N3-9::N3-2-7::	8
chr14	73238900	73299900	chr14_73238900	9	61000	0.000213629262840458	10	1.21308098208877e-05	8	0.00338590055849842	::B3-15::B3-12::B3-c-14::N3-2-7::N3-9::B3-9::B3-c-10::N3-c-10::B3-c-9::	6
chr14	121263800	121324800	chr14_121263800	7	61000	0.0477018402591811	7	0.0477018402591811	6	0.588036279919975	::B3-2-2::B3-12::N3-17::N3-2-2::B3-9::N3-9::B3-c-28::	5
chr15	81580000	81641000	chr15_81580000	7	61000	0.0477018402591811	8	0.00338590055849842	5	6.21335717190677	::N3-9::B3-15::B3-9::B3-2-7::N3-2-7::N3-c-9::B3-2-2::	3
chr16	90069200	90130200	chr16_90069200	7	61000	0.0477018402591811	8	0.00338590055849842	5	6.21335717190677	::N3-16::N3-2-7::N3-4::B3-16::B3-4::N3-18::B3-18::	1
chr17	3203500	3264500	chr17_3203500	7	61000	0.0477018402591811	9	0.000213629262840458	8	0.00338590055849842	::B3-18::N3-16::B3-2-2::N3-17::B3-17::N3-9::B3-9::	4
chr17	12927700	12988700	chr17_12927700	7	61000	0.0477018402591811	9	0.000213629262840458	8	0.00338590055849842	::B3-c-9::N3-2-2::B3-17::B3-18::N3-17::B3-c-14::B3-c-10::	1
chr17	32210800	32271800	chr17_32210800	9	61000	0.000213629262840458	9	0.000213629262840458	8	0.00338590055849842	::B3-9::N3-9::N3-c-10::B3-c-28::B3-17::B3-15::N3-16::N3-12::N3-4::	4
chr17	47152800	47213800	chr17_47152800	7	61000	0.0477018402591811	7	0.0477018402591811	7	0.0477018402591811	::N3-9::B3-14::B3-2-2::B3-17::B3-12::N3-14::N3-17::	2
chr18	5018900	5079900	chr18_5018900	9	61000	0.000213629262840458	9	0.000213629262840458	7	0.0477018402591811	::B3-c-9::N3-2-7::B3-17::N3-14::B3-14::B3-15::N3-c-28::B3-c-28::B3-9::	3
chr18	7866500	7927500	chr18_7866500	7	61000	0.0477018402591811	7	0.0477018402591811	5	6.21335717190677	::N3-16::B3-12::N3-15::B3-15::B3-17::B3-4::N3-4::	4
chr18	35774000	35835000	chr18_35774000	7	61000	0.0477018402591811	8	0.00338590055849842	6	0.588036279919975	::N3-c-28::N3-2-7::B3-2-7::B3-12::N3-16::B3-16::B3-4::	3
chr18	49877000	49938000	chr18_49877000	7	61000	0.0477018402591811	7	0.0477018402591811	6	0.588036279919975	::N3-4::N3-16::B3-c-28::N3-18::N3-2-7::B3-2-7::N3-c-28::	0
chr19	24391800	24452800	chr19_24391800	7	61000	0.0477018402591811	7	0.0477018402591811	4	54.7100701436017	::B3-2-2::N3-4::N3-16::B3-16::B3-4::N3-9::B3-c-10::	2
chr2	98662200	98723200	chr2_98662200	20	61000	6.30694048954953e-20	100	3.58314083897428e-179	22	4.40184617858349e-23	::N3-2-2::N3-16::N3-14::N3-9::N3-2-7::N3-18::N3-17::N3-4::N3-c-14::N3-15::B3-12::N3-12::N3-c-9::B3-2-7::B3-17::B3-2-2::B3-c-28::N3-c-10::B3-9::B3-14::	48
chr3	69088700	69149700	chr3_69088700	7	61000	0.0477018402591811	7	0.0477018402591811	6	0.588036279919975	::B3-c-10::N3-4::B3-c-28::N3-2-2::N3-15::B3-15::N3-18::	3
chr3	107299500	107360500	chr3_107299500	8	61000	0.00338590055849842	9	0.000213629262840458	7	0.0477018402591811	::N3-4::N3-9::B3-9::B3-12::N3-17::N3-2-7::B3-2-2::N3-2-2::	4
chr3	135413600	135474600	chr3_135413600	8	61000	0.00338590055849842	9	0.000213629262840458	6	0.588036279919975	::B3-c-28::N3-4::B3-16::B3-4::N3-17::N3-16::B3-18::N3-18::	5
chr3	139018300	139079300	chr3_139018300	7	61000	0.0477018402591811	7	0.0477018402591811	6	0.588036279919975	::B3-14::N3-4::N3-15::N3-18::N3-2-7::B3-2-7::B3-c-28::	3
chr4	136471600	136532600	chr4_136471600	7	61000	0.0477018402591811	8	0.00338590055849842	6	0.588036279919975	::B3-c-9::N3-12::N3-18::N3-16::B3-12::N3-c-9::N3-4::	2
chr5	25335400	25396400	chr5_25335400	10	61000	1.21308098208877e-05	24	2.57130674484934e-26	18	7.43265928627505e-17	::N3-2-7::B3-2-7::B3-2-2::B3-12::B3-14::N3-2-2::B3-c-9::B3-18::N3-9::B3-9::	15
chr5	28146800	28207800	chr5_28146800	20	61000	6.30694048954953e-20	41	3.16464153177696e-56	6	0.588036279919975	::N3-14::N3-4::N3-2-2::N3-16::B3-c-28::B3-12::B3-c-9::N3-15::B3-14::B3-16::N3-c-14::B3-15::B3-4::B3-2-2::B3-17::B3-18::N3-12::N3-18::B3-c-10::B3-2-7::	28
chr5	28318200	28379200	chr5_28318200	7	61000	0.0477018402591811	8	0.00338590055849842	8	0.00338590055849842	::B3-12::B3-c-28::N3-9::N3-4::N3-14::N3-12::B3-18::	2
chr5	32450000	32511000	chr5_32450000	7	61000	0.0477018402591811	8	0.00338590055849842	6	0.588036279919975	::B3-17::N3-16::B3-16::N3-9::B3-9::B3-18::B3-14::	2
chr5	124831400	124892400	chr5_124831400	8	61000	0.00338590055849842	9	0.000213629262840458	7	0.0477018402591811	::N3-17::N3-18::B3-18::B3-17::N3-14::B3-12::B3-14::N3-16::	3
chr6	51458200	51519200	chr6_51458200	8	61000	0.00338590055849842	9	0.000213629262840458	5	6.21335717190677	::N3-9::B3-9::B3-18::B3-16::B3-4::N3-16::N3-4::B3-17::	6
chr6	83934400	83995400	chr6_83934400	7	61000	0.0477018402591811	7	0.0477018402591811	6	0.588036279919975	::B3-4::N3-4::N3-2-7::B3-17::N3-16::B3-c-28::B3-c-10::	3
chr7	28926100	28987100	chr7_28926100	8	61000	0.00338590055849842	8	0.00338590055849842	4	54.7100701436017	::N3-16::N3-4::B3-4::B3-16::B3-17::B3-9::N3-9::N3-18::	4
chr7	121827000	121888000	chr7_121827000	9	61000	0.000213629262840458	10	1.21308098208877e-05	2	2036.05925506852	::N3-9::B3-9::N3-4::N3-16::N3-2-7::N3-c-10::N3-17::N3-14::N3-18::	8
chr7	136329000	136390000	chr7_136329000	16	61000	7.05354671620191e-14	16	7.05354671620191e-14	2	2036.05925506852	::B3-18::N3-c-10::N3-4::N3-17::N3-9::N3-2-7::N3-2-2::N3-16::N3-c-32::N3-c-28::N3-c-9::N3-18::N3-12::N3-c-14::N3-15::N3-14::	15
chr8	109828700	109889700	chr8_109828700	10	61000	1.21308098208877e-05	10	1.21308098208877e-05	8	0.00338590055849842	::B3-c-10::N3-14::B3-c-32::B3-2-7::B3-c-14::N3-c-14::B3-18::B3-17::B3-2-2::B3-14::	5
chr8	111559600	111620600	chr8_111559600	8	61000	0.00338590055849842	8	0.00338590055849842	5	6.21335717190677	::N3-16::N3-4::B3-16::B3-4::N3-17::B3-17::N3-2-2::B3-18::	2
chr9	3002200	3063200	chr9_3002200	10	61000	1.21308098208877e-05	17	2.35606722542705e-15	8	0.00338590055849842	::N3-18::N3-16::N3-9::N3-2-7::N3-17::N3-2-2::B3-c-28::B3-17::N3-15::N3-c-28::	7
chr9	32084400	32145400	chr9_32084400	9	61000	0.000213629262840458	9	0.000213629262840458	8	0.00338590055849842	::B3-c-28::N3-18::B3-18::B3-2-2::B3-16::N3-17::N3-16::N3-4::B3-4::	6
chr9	72064200	72125200	chr9_72064200	8	61000	0.00338590055849842	9	0.000213629262840458	8	0.00338590055849842	::B3-18::B3-17::B3-c-10::N3-17::N3-9::B3-2-2::B3-c-28::B3-2-7::	6
chr9	107820600	107881600	chr9_107820600	7	61000	0.0477018402591811	8	0.00338590055849842	6	0.588036279919975	::N3-4::B3-2-2::B3-17::N3-17::N3-16::B3-18::N3-18::	7
chrUn_GL456366	5100	66100	chrUn_GL456366_5100	11	61000	6.26218886077864e-07	12	2.96328871813313e-08	8	0.00338590055849842	::B3-12::B3-18::B3-c-14::N3-9::B3-2-2::N3-16::N3-18::N3-2-2::N3-17::N3-4::N3-2-7::	4
chrUn_GL456385	10200	71200	chrUn_GL456385_10200	7	61000	0.0477018402591811	7	0.0477018402591811	3	385.388020331593	::B3-2-2::N3-16::N3-18::N3-2-2::N3-17::N3-4::N3-2-7::	0
chrUn_GL456390	0	61000	chrUn_GL456390_0	15	61000	1.98746036928002e-12	27	2.68264944580373e-31	23	1.08676608908934e-24	::B3-18::N3-9::N3-2-7::N3-4::N3-2-2::N3-16::N3-17::B3-12::N3-18::N3-14::B3-14::B3-2-7::B3-15::B3-17::N3-c-28::	16
chrUn_GL456394	1000	62000	chrUn_GL456394_1000	8	61000	0.00338590055849842	12	2.96328871813313e-08	12	2.96328871813313e-08	::B3-14::B3-2-7::N3-4::N3-16::B3-15::B3-17::N3-c-28::N3-18::	8
chrUn_GL456396	5600	66600	chrUn_GL456396_5600	8	61000	0.00338590055849842	10	1.21308098208877e-05	10	1.21308098208877e-05	::B3-14::B3-2-7::N3-4::N3-16::B3-15::B3-17::N3-c-28::N3-18::	6
chrX	143444500	143505500	chrX_143444500	13	61000	1.29437366276134e-09	17	2.35606722542705e-15	3	385.388020331593	::N3-2-7::N3-4::N3-18::N3-c-10::N3-2-2::N3-16::N3-12::N3-c-14::B3-c-10::N3-17::N3-15::N3-c-9::N3-14::	15
