chr10	7675400	7739400	chr10_7675400	14	64000	0.0435494887010722	17	0.000178551095227164	15	0.00742514618613884	::N3-2-21::B-2-27::B-2-15::B-A12::N-A12::N-3-1::B3-1::N-B03::B3-2-21::B-2-25::N-1-7::N3-7::N-2-15::B3-13::	10
chr10	20299700	20363700	chr10_20299700	14	64000	0.0435494887010722	15	0.00742514618613884	14	0.0435494887010722	::B-2-15::N3-19::B-1-7::N-2-21::N-A02::N-1-6::B3-7::B-2-25::N-2-25::N3-14::B3-2-21::B3-c-28::N3-13::B-A10::	10
chr10	39740000	39804000	chr10_39740000	18	64000	2.53689925205377e-05	18	2.53689925205377e-05	16	0.00118685655525076	::B-B05::B3-2::B3-12::N-2-23::B3-15::B3-c-9::B-3-4::B-2-27::B3-11::N3-8::N3-11::B3-8::B3-13::N-3-4::B3-2-21::N3-10::N-A02::B-A07::	3
chr10	42753000	42817000	chr10_42753000	19	64000	3.41478076548669e-06	26	7.37107567900123e-13	23	6.8741000269865e-10	::B-2-25::N-2-25::N3-4::B3-13::B-2-23::N-2-21::B-1-7::N-1-6::N3-13::B3-12::B-2-21::B-1-6::B3-15::B-A02::N-3-4::B-3-4::B3-4::N-A07::B-A07::	12
chr10	57478800	57542800	chr10_57478800	14	64000	0.0435494887010722	17	0.000178551095227164	16	0.00118685655525076	::N-3-4::B3-2-21::B-A10::B-2-23::B-A07::B3-12::N3-13::B-B03::N3-8::N-A02::B3-5::N3-1::B-1-6::B3-1::	8
chr10	63245600	63309600	chr10_63245600	14	64000	0.0435494887010722	16	0.00118685655525076	13	0.238395409869182	::N-B05::B3-10::B3-c-9::B3-c-28::B-2-15::N-2-23::B3-5::N3-9::B3-9::B-2-14::B3-15::B-1-6::N-3-4::B-3-4::	5
chr10	67208800	67272800	chr10_67208800	15	64000	0.00742514618613884	17	0.000178551095227164	14	0.0435494887010722	::B3-7::B3-14::B3-8::B-2-25::N-A07::B-2-15::B3-12::N-2-15::N3-8::B3-11::N-A02::B-A02::B-1-6::B3-c-14::B-A12::	7
chr10	95483000	95547000	chr10_95483000	15	64000	0.00742514618613884	16	0.00118685655525076	15	0.00742514618613884	::N-A02::B-2-27::N3-7::N-2-15::B-2-12::B-B03::N3-16::B-1-6::B3-1-13::B-1-7::B-3-4::B3-12::B3-5::B3-2-21::N-3-4::	6
chr10	98927300	98991300	chr10_98927300	16	64000	0.00118685655525076	18	2.53689925205377e-05	14	0.0435494887010722	::B-2-14::N-A02::B3-12::N-A07::B3-c-9::B3-1::B-2-15::B3-13::B-A07::B3-1-13::N3-1-13::B-B05::N-2-25::B-1-6::N-B03::N-2-14::	9
chr10	108171100	108235100	chr10_108171100	15	64000	0.00742514618613884	17	0.000178551095227164	15	0.00742514618613884	::N-2-15::N-2-14::B3-1::N-B03::N-A04::N3-9::N3-1::B3-7::B-2-25::B-3-4::B-A07::N3-5::B-A10::N-1-6::B-1-6::	11
chr10	115399400	115463400	chr10_115399400	14	64000	0.0435494887010722	15	0.00742514618613884	13	0.238395409869182	::B3-15::B-3-1::B3-1::N3-19::N-2-14::B-2-14::N-1-6::B-A10::N-A10::B-B03::N-2-23::B-B05::B-A04::B-2-21::	7
chr10	116506900	116570900	chr10_116506900	20	64000	4.366626417487e-07	31	3.95543419154856e-18	25	7.49360869375945e-12	::B-A05::B3-7::N3-7::B3-1::B-1-6::B-B05::N-B05::N-2-15::N3-16::B-1-7::N3-4::B3-1-13::N-1-6::N3-2-21::B-A12::N-2-21::N-A12::N-3-1::B3-16::B3-4::	21
chr10	117339600	117403600	chr10_117339600	17	64000	0.000178551095227164	19	3.41478076548669e-06	15	0.00742514618613884	::N3-8::N3-11::B3-8::N-A05::B-A10::B3-1::B3-7::B3-12::B3-c-28::N-A02::N-3-1::N-A10::B-3-1::N3-4::B-2-25::B-1-10::B3-13::	10
chr10	117779100	117843100	chr10_117779100	17	64000	0.000178551095227164	20	4.366626417487e-07	15	0.00742514618613884	::B-A07::B-2-21::B-A10::B3-c-9::N3-c-9::B3-c-28::N-2-21::B3-12::B-2-15::B-3-1::N3-1::N-A04::B-A04::B-2-12::B-2-14::B-1-6::B3-7::	8
chr10	123127800	123191800	chr10_123127800	15	64000	0.00742514618613884	19	3.41478076548669e-06	15	0.00742514618613884	::B3-2::N-A07::N3-c-28::N3-16::B3-16::B3-4::N3-4::N-A02::B-A04::B3-5::B3-13::B3-11::N3-11::N-B03::B3-15::	12
chr11	3171800	3235800	chr11_3171800	26	64000	7.37107567900123e-13	29	5.62406974540071e-16	22	6.18202100525656e-09	::N3-19::B3-19::N-A02::B3-c-9::B3-5::B3-8::B3-12::N-3-1::B-2-15::N-A12::N-A05::B3-14::B-2-14::N3-9::N3-10::B3-2::B-2-27::B-A10::N-2-15::B-2-23::B3-1-13::N3-13::B3-13::B-1-6::B-1-7::N-2-23::	9
chr11	4526900	4590900	chr11_4526900	22	64000	6.18202100525656e-09	27	6.98200753239067e-14	23	6.8741000269865e-10	::B3-7::B-1-4::B-2-12::N3-4::N3-8::B-A04::B3-1-13::N-A02::B-1-7::N-1-7::B-B05::N-1-6::B-2-23::N-2-23::B3-2-21::B-A10::B-2-15::N3-19::N-B05::B3-19::N-A04::N-1-10::	15
chr11	17162900	17226900	chr11_17162900	17	64000	0.000178551095227164	22	6.18202100525656e-09	20	4.366626417487e-07	::B-2-14::B3-1-13::B-A10::N-2-15::N-1-6::B-2-25::N-3-4::B-3-4::B-2-15::N3-2-21::N-2-21::B-1-6::B3-12::B-A05::B3-1::N-2-14::N3-c-14::	8
chr11	20056700	20120700	chr11_20056700	15	64000	0.00742514618613884	16	0.00118685655525076	16	0.00118685655525076	::B-A05::B3-12::B3-19::B3-7::N3-13::B3-2::B-3-4::B-2-14::B-B05::B-1-6::B3-5::B-1-7::B-2-15::B-2-21::N-1-6::	9
chr11	20205300	20269300	chr11_20205300	16	64000	0.00118685655525076	17	0.000178551095227164	15	0.00742514618613884	::N-B05::B-A05::B3-c-9::N-1-4::B3-2::N3-2::N3-16::B3-c-28::N-2-14::B-1-4::B3-8::N-1-7::N-1-6::N3-c-9::N-A02::B-B05::	11
chr11	21080200	21144200	chr11_21080200	19	64000	3.41478076548669e-06	24	7.32517176448202e-11	19	3.41478076548669e-06	::B-2-15::B3-c-9::N-A02::B-A02::N3-2-21::B3-2-21::B-1-10::B3-11::B3-5::N3-9::B3-9::B3-12::N-2-23::B3-2-37::N3-11::N-3-4::N-A05::B-2-25::N-2-27::	9
chr11	23253200	23317200	chr11_23253200	14	64000	0.0435494887010722	15	0.00742514618613884	13	0.238395409869182	::B-2-15::N-2-23::B3-c-28::B3-2::B3-7::B-2-14::N-A12::N-3-1::B3-1-13::N3-19::B3-19::B-3-1::N-1-7::N3-10::	9
chr11	23430900	23494900	chr11_23430900	18	64000	2.53689925205377e-05	22	6.18202100525656e-09	18	2.53689925205377e-05	::B3-12::B-1-6::B-2-15::B3-1::N-1-6::N-B05::B-2-23::B3-1-13::B-A07::B3-c-9::B-1-7::N3-2-21::N-2-14::N-2-21::B-A05::B-2-14::N3-16::N-A02::	11
chr11	29146200	29210200	chr11_29146200	16	64000	0.00118685655525076	20	4.366626417487e-07	17	0.000178551095227164	::N3-8::N3-13::N3-1::N3-10::B3-19::N3-19::N-2-12::B-2-12::B-2-21::B-1-4::B3-7::N3-9::B3-2::N3-2::B-2-23::B3-c-28::	11
chr11	29697500	29761500	chr11_29697500	17	64000	0.000178551095227164	21	5.31789735198075e-08	19	3.41478076548669e-06	::B3-19::B-2-21::B3-15::N-1-6::B-2-12::N-A10::N-2-27::B3-2::B3-2-21::B-A07::B-2-14::N-2-14::B-2-23::B-2-27::N-3-1::B-A02::B-3-4::	12
chr11	30107000	30171000	chr11_30107000	15	64000	0.00742514618613884	16	0.00118685655525076	13	0.238395409869182	::B-2-27::N-B05::B-2-15::N3-1-13::B3-1-13::B-A07::N3-21::B-A05::N-A05::B-3-1::B3-11::B3-5::N3-16::B3-16::N-B03::	5
chr11	30776600	30840600	chr11_30776600	16	64000	0.00118685655525076	18	2.53689925205377e-05	15	0.00742514618613884	::B-2-23::N-1-10::B-A05::N-2-14::B-2-14::N-1-7::B-1-7::B-3-4::N3-19::N-B05::N3-1::B3-14::B-2-25::B-B05::B-1-6::N3-10::	8
chr11	32654000	32718000	chr11_32654000	17	64000	0.000178551095227164	19	3.41478076548669e-06	18	2.53689925205377e-05	::B-B05::N-3-4::N-B05::B-2-15::N-A05::B-A05::N-1-6::B3-2-21::B-A02::N-2-15::B3-8::N-2-14::N3-4::N-3-1::B3-21::B3-7::N3-19::	10
chr11	53357400	53421400	chr11_53357400	20	64000	4.366626417487e-07	22	6.18202100525656e-09	20	4.366626417487e-07	::B-B05::N-2-15::B3-7::N-2-23::N-2-14::B-B03::B3-5::B-A04::B-2-14::B3-11::B3-19::N3-4::B3-13::B-2-15::B-A10::B-1-10::B3-4::B-3-4::B3-9::N3-9::	11
chr11	54424200	54488200	chr11_54424200	14	64000	0.0435494887010722	14	0.0435494887010722	14	0.0435494887010722	::N3-11::B3-11::N-B05::B-B05::N3-19::B-2-23::B3-10::B-A10::B3-19::B3-1::B3-14::N3-16::N-2-15::N-2-14::	5
chr11	59654200	59718200	chr11_59654200	15	64000	0.00742514618613884	17	0.000178551095227164	16	0.00118685655525076	::B-A04::B-2-15::B-2-14::N3-4::B3-c-14::N3-c-14::N3-16::B3-2-21::N3-12::N-B05::B-2-21::B-A12::B3-19::N-2-15::B-3-4::	11
chr11	60116500	60180500	chr11_60116500	16	64000	0.00118685655525076	16	0.00118685655525076	14	0.0435494887010722	::N3-1::N-2-15::B-2-15::N-A12::B-2-25::B3-5::B3-12::B-2-27::N-A02::B-A02::N3-21::B-A10::B3-2::B-A07::B-B03::N3-13::	10
chr11	62348800	62412800	chr11_62348800	16	64000	0.00118685655525076	19	3.41478076548669e-06	17	0.000178551095227164	::B-1-7::B-2-14::B3-1::N3-19::B3-7::B3-c-9::B-A05::N-2-23::B-A10::B-2-15::N3-9::B3-9::B-B05::B-2-27::B3-12::N3-8::	8
chr11	65711500	65775500	chr11_65711500	14	64000	0.0435494887010722	15	0.00742514618613884	12	1.21179186983338	::B-A07::B3-2::N3-2::B-2-15::N-2-27::B-1-6::N-2-15::B-2-23::B-2-14::B-A02::B3-10::B3-12::B-A10::N-2-23::	10
chr11	70899200	70963200	chr11_70899200	16	64000	0.00118685655525076	19	3.41478076548669e-06	18	2.53689925205377e-05	::B3-12::N3-19::B-B03::N3-4::B-2-25::B3-5::N3-14::B-2-23::B3-21::B3-11::N-2-12::B-2-21::N-2-27::B3-c-28::N3-12::N-3-1::	11
chr11	72643600	72707600	chr11_72643600	25	64000	7.49360869375945e-12	29	5.62406974540071e-16	23	6.8741000269865e-10	::N-2-15::B3-13::N3-16::N3-19::N-A04::B-A04::B-2-15::N3-21::B-A05::B-1-6::B-A10::B-1-7::B-A02::N3-11::B3-11::N-A02::B3-1::B3-21::N3-9::B3-9::B-2-12::N-2-12::B3-10::N-B05::N3-10::	10
chr11	74662000	74726000	chr11_74662000	18	64000	2.53689925205377e-05	20	4.366626417487e-07	17	0.000178551095227164	::B-B05::B-1-10::B-A04::N-2-23::N-2-15::B3-13::N-B05::B3-8::B-3-4::N-3-1::B-3-1::N3-4::N3-13::B-2-25::N-1-4::N-2-14::B-2-14::B-2-15::	9
chr11	75706200	75770200	chr11_75706200	15	64000	0.00742514618613884	16	0.00118685655525076	14	0.0435494887010722	::N3-19::B-B05::B3-12::N3-13::B3-13::B-2-15::B-2-27::B3-2-21::B3-11::B-2-23::B-A02::B3-c-28::B3-2::N-A10::B-3-4::	5
chr11	76753900	76817900	chr11_76753900	22	64000	6.18202100525656e-09	24	7.32517176448202e-11	7	1052.61226688023	::B-2-21::N3-4::B-A04::N-2-27::B-2-27::B3-2-37::B-1-10::B3-7::B-1-9::B3-c-14::B3-2::B-3-4::B3-5::B3-14::B-1-6::B3-21::B-1-4::B-1-7::B3-c-28::B3-c-9::N3-21::N-3-4::	21
chr11	77533500	77597500	chr11_77533500	15	64000	0.00742514618613884	17	0.000178551095227164	15	0.00742514618613884	::N-2-25::B-2-15::N3-19::N3-c-28::N-2-15::B3-c-28::N-B03::B-2-23::N-A05::N-2-12::B-2-12::B3-2-21::N-A02::B-2-14::N3-10::	8
chr11	77664500	77728500	chr11_77664500	19	64000	3.41478076548669e-06	24	7.32517176448202e-11	19	3.41478076548669e-06	::N3-13::N-1-6::B-2-23::B3-2-21::B3-11::B-3-4::N-3-4::N-A04::N-2-15::B-2-14::N-2-14::B3-5::N-A02::B-B03::N-B03::B-A02::N3-19::B-3-1::N-3-1::	17
chr11	79383300	79447300	chr11_79383300	24	64000	7.32517176448202e-11	60	2.62194807491231e-54	48	2.24456229682812e-38	::B-2-23::B-1-7::N-1-7::N-2-23::N-2-25::N3-19::B3-19::N3-c-28::N-A02::B3-21::N-A05::N3-13::B3-2-21::N-2-15::B-3-4::B-A02::N3-c-9::B-1-6::B-A10::B3-13::B-A05::N3-1-13::B-2-27::N3-4::	24
chr11	79507100	79571100	chr11_79507100	17	64000	0.000178551095227164	28	6.3772800472438e-15	23	6.8741000269865e-10	::B3-1-13::N-B05::N3-2-21::B3-2-21::N3-19::B3-14::B-2-25::B3-19::N-2-25::B-A05::B-A04::B3-21::N3-1-13::N-A07::B-1-7::N-2-23::N-1-6::	10
chr11	80384900	80448900	chr11_80384900	18	64000	2.53689925205377e-05	21	5.31789735198075e-08	19	3.41478076548669e-06	::B3-14::B3-1::B3-2-21::B-2-21::N-A02::B-A02::B-2-14::N-2-15::N-B03::B3-19::B-2-25::N-3-4::B3-2-37::B-3-4::B3-7::N-1-6::N3-16::B-B03::	6
chr11	85185900	85249900	chr11_85185900	14	64000	0.0435494887010722	16	0.00118685655525076	16	0.00118685655525076	::B-3-4::N-2-14::B-1-6::B3-10::N-A07::N-2-21::B-2-15::N3-4::B-2-25::B-2-14::B3-2-21::N3-1::B3-1::B3-12::	10
chr11	86271600	86335600	chr11_86271600	16	64000	0.00118685655525076	20	4.366626417487e-07	16	0.00118685655525076	::B-A04::N-A02::N3-16::B3-15::N3-15::B-A07::B3-13::B3-2-21::B3-4::B-2-12::B-B05::B-2-15::B3-10::N3-4::B3-9::N3-9::	10
chr11	86684600	86748600	chr11_86684600	23	64000	6.8741000269865e-10	28	6.3772800472438e-15	22	6.18202100525656e-09	::N3-10::N-2-15::B-B03::B-2-25::B-2-12::B-2-21::N3-16::B-2-15::N-B03::N-1-7::N-3-4::B-3-4::N-1-6::B-1-7::B3-7::N-A02::B-1-6::B-A04::N-A04::N-2-23::B-B05::N3-4::B3-4::	13
chr11	94001100	94065100	chr11_94001100	20	64000	4.366626417487e-07	35	1.34659225380586e-22	31	3.95543419154856e-18	::N-B05::N-2-15::N3-11::N-2-21::B3-8::B-A12::B3-19::N3-19::B-A02::B3-2-21::N3-16::N-1-10::B-2-21::B-A07::N3-c-28::N3-1-13::B3-1-13::N-A12::B-3-1::N-A02::	21
chr11	94260300	94324300	chr11_94260300	15	64000	0.00742514618613884	18	2.53689925205377e-05	13	0.238395409869182	::N-A12::B-A02::B3-2-21::N-2-14::B-1-6::N-1-6::N3-14::B-2-27::N-2-27::B-2-15::B3-7::N3-13::N-A02::B-2-12::N-2-12::	13
chr11	97213900	97277900	chr11_97213900	16	64000	0.00118685655525076	20	4.366626417487e-07	19	3.41478076548669e-06	::N3-10::N3-13::B3-12::N3-2-21::N-1-10::B-A07::B-B03::N-2-21::B3-11::B-2-15::B-A05::B3-13::N3-14::B-1-6::N-A12::B-A12::	11
chr11	98131700	98195700	chr11_98131700	15	64000	0.00742514618613884	16	0.00118685655525076	13	0.238395409869182	::N3-2::N-2-27::N3-13::B-B05::B3-21::N-3-1::B-3-1::B-A05::B-3-4::B-2-25::B-2-21::B3-c-9::N-1-10::B-1-10::B-A07::	7
chr11	104368100	104432100	chr11_104368100	30	64000	4.79449257226444e-17	50	5.99227854991833e-41	35	1.34659225380586e-22	::B-B05::N-2-15::B-2-15::N3-10::B-2-14::B-3-1::B-3-4::B-1-6::B-2-12::N-2-12::N-1-6::B3-7::N3-c-14::N-B05::N3-7::B-2-25::B3-12::B-A12::N-2-25::N-1-7::B3-10::N3-13::B3-13::N-2-14::B-B03::B3-c-14::N3-21::B3-21::N-3-4::B-1-4::	25
chr11	105186400	105250400	chr11_105186400	15	64000	0.00742514618613884	22	6.18202100525656e-09	19	3.41478076548669e-06	::B3-19::B-1-6::B3-c-14::B-B03::N-B03::N-A12::N3-16::N-3-1::B-A10::B-B05::N-2-27::B-2-27::N-1-6::N3-1::B3-2-21::	8
chr11	105615000	105679000	chr11_105615000	15	64000	0.00742514618613884	16	0.00118685655525076	15	0.00742514618613884	::B3-1::B3-19::B3-12::N3-8::B3-8::N-A02::N3-13::B3-7::B-2-23::N3-19::B-A07::B3-11::N-2-15::N3-10::B-2-25::	4
chr11	106087000	106151000	chr11_106087000	14	64000	0.0435494887010722	17	0.000178551095227164	12	1.21179186983338	::B3-7::N3-8::N3-9::B3-9::B-1-7::B-3-4::B3-19::B3-1::B-A04::N-3-1::B3-8::B3-11::N3-11::B-2-15::	9
chr11	106801000	106865000	chr11_106801000	14	64000	0.0435494887010722	14	0.0435494887010722	13	0.238395409869182	::B-2-27::N-2-25::N-3-4::B3-c-9::B-2-21::B-A05::B-B03::N-3-1::B3-2-21::B-A12::B-1-6::B-2-14::B-2-23::N-B05::	9
chr11	108230900	108294900	chr11_108230900	23	64000	6.8741000269865e-10	24	7.32517176448202e-11	12	1.21179186983338	::N3-2-21::B3-2-37::N-2-21::B3-19::N3-5::N-A12::B-2-21::B3-5::N-2-12::N3-12::N-B05::N3-10::N3-9::N3-21::N3-13::N-2-23::N3-1::N-2-15::N-3-4::N3-4::N-3-1::N3-19::B-1-4::	4
chr12	3230800	3294800	chr12_3230800	15	64000	0.00742514618613884	17	0.000178551095227164	14	0.0435494887010722	::N3-19::N3-13::B-2-15::B3-5::B-2-12::N3-2-21::B3-c-9::B3-9::B-A02::B-2-14::B-3-1::N-3-1::B3-19::B-1-4::B-2-23::	9
chr12	8676400	8740400	chr12_8676400	15	64000	0.00742514618613884	15	0.00742514618613884	13	0.238395409869182	::N3-c-28::B-2-15::B3-7::N-3-1::B-3-4::B3-14::B-A12::B3-19::B-B03::N-A02::N3-19::B-A05::N3-14::B-2-23::B-2-25::	6
chr12	16926700	16990700	chr12_16926700	14	64000	0.0435494887010722	15	0.00742514618613884	13	0.238395409869182	::B-B05::B-A07::N-A07::B3-19::B3-2::B-1-7::N-1-6::N-2-15::B-2-23::N-2-23::N3-c-14::B3-11::B3-10::B-1-6::	6
chr12	17458500	17522500	chr12_17458500	14	64000	0.0435494887010722	14	0.0435494887010722	2	24243.9250369935	::N3-16::N3-14::N3-2-37::N-1-6::N-1-4::N3-5::N-1-7::N3-2::N-2-21::N3-c-14::N3-7::N-2-15::N-1-10::N-1-9::	14
chr12	35052800	35116800	chr12_35052800	14	64000	0.0435494887010722	16	0.00118685655525076	14	0.0435494887010722	::N-2-15::B-2-15::B-1-10::N-A05::B3-8::N3-8::B-A02::N-2-27::B3-15::B-A07::B-1-6::N3-1-13::B-2-14::N-1-6::	12
chr12	51627100	51691100	chr12_51627100	20	64000	4.366626417487e-07	28	6.3772800472438e-15	23	6.8741000269865e-10	::B-A12::B-2-14::B-1-6::B3-12::N-2-15::N3-12::B3-19::B3-15::B-A07::B3-1-13::B-2-21::B3-16::B-A02::N-2-14::B3-11::N-3-1::N-1-7::B3-10::N3-10::B-3-4::	14
chr12	70976300	71040300	chr12_70976300	15	64000	0.00742514618613884	16	0.00118685655525076	16	0.00118685655525076	::B3-7::B-1-10::B3-2-21::B-A04::B-B05::N3-19::B3-1::N-1-6::B-2-23::N-2-15::B-2-21::B-A10::B3-19::N3-11::B3-5::	11
chr12	75500900	75564900	chr12_75500900	20	64000	4.366626417487e-07	22	6.18202100525656e-09	20	4.366626417487e-07	::N3-16::B3-10::B-1-7::B-2-15::B3-1::N-A12::N-A04::B-2-23::B3-1-13::B3-11::B3-7::B3-13::N-2-21::N-3-1::N-2-23::N-1-7::N-A07::N3-11::B3-2::N-2-12::	13
chr12	80795700	80859700	chr12_80795700	17	64000	0.000178551095227164	20	4.366626417487e-07	19	3.41478076548669e-06	::B3-5::B3-7::N-2-14::B-2-14::B-3-1::N-A10::B-A10::N3-19::B-2-27::N3-21::B3-11::B-2-12::B-B05::N-1-10::B-2-21::B-1-6::N-A05::	8
chr12	111161800	111225800	chr12_111161800	15	64000	0.00742514618613884	16	0.00118685655525076	10	24.4554439712519	::N-2-15::N3-13::B-1-7::N-3-4::B-3-4::N3-19::B3-19::B3-15::N3-15::N3-2-21::N3-1::B3-13::B3-1::B-B03::B3-2::	5
chr12	111590700	111654700	chr12_111590700	15	64000	0.00742514618613884	16	0.00118685655525076	14	0.0435494887010722	::B3-12::B3-7::B3-13::N-B05::B-2-14::N-A02::B-A02::N3-16::N-3-4::B-1-10::N3-9::N3-13::N-A05::N3-4::B3-1-13::	11
chr13	3542400	3606400	chr13_3542400	19	64000	3.41478076548669e-06	20	4.366626417487e-07	16	0.00118685655525076	::N-2-25::B3-1::B3-10::N-2-21::B-2-21::B-3-1::B-A10::N3-2-21::B-1-6::N3-10::N3-2::B-A07::B-2-12::N3-8::B-2-25::N3-11::B3-8::B3-11::N3-14::	5
chr13	9096900	9160900	chr13_9096900	22	64000	6.18202100525656e-09	25	7.49360869375945e-12	22	6.18202100525656e-09	::B-1-6::B-2-23::N3-19::B3-19::N-2-15::N3-16::B3-16::B-A10::N-2-21::B-2-21::N-2-25::B3-2-21::N-2-27::N-1-6::N-1-10::N-2-12::N3-8::B3-8::N-3-4::B3-21::B3-7::N-2-14::	11
chr13	14067000	14131000	chr13_14067000	17	64000	0.000178551095227164	21	5.31789735198075e-08	19	3.41478076548669e-06	::B3-7::B3-c-9::B3-2::B-2-25::B-2-15::N3-12::B3-12::N-2-15::B3-1-13::B-A12::N-A12::B-2-23::N3-8::B-A10::B3-13::B3-1::B3-5::	4
chr13	17742300	17806300	chr13_17742300	20	64000	4.366626417487e-07	27	6.98200753239067e-14	22	6.18202100525656e-09	::N3-19::B3-19::B3-21::B3-9::B3-2::B-3-4::N-3-4::B-2-15::B-A07::B3-7::N-1-7::N3-10::B-A10::B-2-21::B-A02::B-1-7::N-A05::B-A05::B-3-1::N-3-1::	16
chr13	37856300	37920300	chr13_37856300	15	64000	0.00742514618613884	15	0.00742514618613884	11	5.68585883918361	::N3-19::B3-c-28::B-2-27::B3-21::N3-12::B-2-14::N-2-15::N-1-7::B-2-25::B3-4::B3-16::N3-16::N3-4::B-A07::N-B05::	8
chr13	43413300	43477300	chr13_43413300	19	64000	3.41478076548669e-06	26	7.37107567900123e-13	17	0.000178551095227164	::B-1-6::B-2-27::N-2-27::B-A12::N-A12::B3-7::N3-2-21::B-B03::B-2-14::N3-13::B3-11::B3-8::N3-8::N3-11::B-A04::B-3-1::N3-16::B3-4::N3-4::	18
chr13	44859100	44923100	chr13_44859100	14	64000	0.0435494887010722	16	0.00118685655525076	13	0.238395409869182	::N-2-15::B-2-25::B3-12::N-2-25::B3-14::B-3-4::B-B03::B3-9::N3-9::B-B05::B-A02::B3-13::N3-13::N3-16::	9
chr13	48530100	48594100	chr13_48530100	14	64000	0.0435494887010722	14	0.0435494887010722	12	1.21179186983338	::B3-11::B-3-1::B-1-6::B-A07::B-2-23::N3-8::B3-12::N-3-1::N-2-15::N3-c-14::B3-c-14::B3-c-28::B-A12::N-A12::	9
chr13	51099500	51163500	chr13_51099500	15	64000	0.00742514618613884	19	3.41478076548669e-06	17	0.000178551095227164	::B-2-15::B3-7::B3-c-28::B3-19::B-3-1::N-3-1::B-B05::N3-14::B-1-10::B-A10::N3-16::B-2-12::N-1-6::N3-8::N3-4::	8
chr13	85218300	85282300	chr13_85218300	20	64000	4.366626417487e-07	32	3.161239443249e-19	26	7.37107567900123e-13	::N-1-6::N3-2::B3-2::N-B03::B-B03::B-2-27::N-1-10::B-B05::B-2-15::B3-19::B3-15::N3-15::N-A05::B-A05::N3-14::N3-4::B-A10::B3-21::B3-c-28::B-2-14::	16
chr13	94573300	94637300	chr13_94573300	26	64000	7.37107567900123e-13	27	6.98200753239067e-14	6	2881.06634866258	::N3-11::B3-2::N-B05::N-2-14::N3-8::N-A02::N-2-15::N-2-12::N-2-27::N-B03::N-1-6::N-2-25::N-A12::N-A04::N3-19::N-3-4::N3-21::N-2-23::N3-4::N-2-21::N3-16::N3-1::N3-13::N3-2::B3-c-28::B-A12::	23
chr13	98851400	98915400	chr13_98851400	19	64000	3.41478076548669e-06	22	6.18202100525656e-09	20	4.366626417487e-07	::N-A07::B-2-21::N-2-15::B-B05::B3-14::N-1-6::B-2-15::B-2-23::B-A10::N-2-14::B-3-4::N3-15::B3-12::N3-16::B3-19::N-2-23::N-2-25::N3-2::B-2-25::	7
chr13	111415700	111479700	chr13_111415700	17	64000	0.000178551095227164	19	3.41478076548669e-06	17	0.000178551095227164	::N3-1-13::N-B05::B-A04::B-A02::N3-19::N3-7::B-3-4::B-A10::B-1-6::N3-4::N-A04::B-3-1::B3-7::B-2-12::B3-21::B-2-15::B-A07::	11
chr13	111779600	111843600	chr13_111779600	21	64000	5.31789735198075e-08	30	4.79449257226444e-17	12	1.21179186983338	::B-2-15::B-A02::N-2-15::N-2-21::B-3-1::N-3-1::N-3-4::N3-21::B-1-6::B-A12::B-B05::B-A10::B-1-7::B-1-10::B3-4::B3-19::B-3-4::B3-7::B3-2::B-2-23::B-2-21::	7
chr14	19358400	19422400	chr14_19358400	31	64000	3.95543419154856e-18	53	7.13152197903336e-45	21	5.31789735198075e-08	::N3-4::B-2-14::N-B05::N-2-27::N-A02::N-2-21::B-1-6::N-1-10::N-A05::N3-11::B-3-4::N-1-7::N3-16::N3-8::B3-11::N3-10::B-2-23::N3-12::N3-1::N-3-4::N-2-23::N-2-25::N3-19::B-2-15::B3-2::N3-15::N3-1-13::N-A10::N3-2-21::N-1-6::N3-9::	24
chr14	20474500	20538500	chr14_20474500	15	64000	0.00742514618613884	16	0.00118685655525076	13	0.238395409869182	::B-A02::B-2-23::N-B03::N-B05::N3-19::N3-2::B3-2::N-A12::B-2-25::B3-2-21::B-B05::N-A02::B-3-4::B3-21::N3-21::	7
chr14	20932300	20996300	chr14_20932300	19	64000	3.41478076548669e-06	24	7.32517176448202e-11	21	5.31789735198075e-08	::B3-7::B3-12::B-3-4::N3-7::B3-c-28::B-A10::N-1-6::B-1-6::B-2-23::B-A04::N-2-25::N-A07::B-B05::N-A05::B-A05::N-3-1::B-2-14::B3-15::B-1-10::	10
chr14	34421100	34485100	chr14_34421100	20	64000	4.366626417487e-07	20	4.366626417487e-07	18	2.53689925205377e-05	::B-2-15::B3-2::B-B05::B-2-21::N-2-25::B3-c-28::B-A07::N-1-6::B3-12::N-A05::B3-7::B-2-14::N-2-14::B-2-12::N3-21::B-1-6::B3-19::B3-11::N-A02::B-A02::	10
chr14	45289700	45353700	chr14_45289700	14	64000	0.0435494887010722	15	0.00742514618613884	12	1.21179186983338	::N-B05::B3-19::B3-2-21::B3-14::B3-1-13::B-A07::B-3-4::B-A04::N-3-1::B-1-6::B-3-1::B-2-14::N3-21::B-2-23::	7
chr14	52177500	52241500	chr14_52177500	19	64000	3.41478076548669e-06	22	6.18202100525656e-09	18	2.53689925205377e-05	::N3-19::N-2-21::B-A10::B-2-21::B-2-15::B3-1-13::B-A07::N-A07::N-2-27::B3-12::N-2-15::B-1-10::N-1-10::B-1-7::N-1-7::N3-c-28::B3-c-28::N3-2-21::B3-11::	11
chr14	56907100	56971100	chr14_56907100	17	64000	0.000178551095227164	17	0.000178551095227164	16	0.00118685655525076	::B-2-21::N3-12::B3-14::N3-2-21::B-A12::N-A12::B-A02::N3-19::B-2-15::B-3-4::N-2-23::B3-2-21::B-2-14::B3-5::N3-13::N3-9::N3-8::	11
chr14	67004300	67068300	chr14_67004300	18	64000	2.53689925205377e-05	20	4.366626417487e-07	15	0.00742514618613884	::N-2-15::N3-9::B3-9::B3-7::N3-1-13::N3-7::B3-12::N-2-21::B-2-14::N3-8::N3-11::B3-8::B3-11::B3-2-21::B-2-12::N3-21::B-3-4::B-2-25::	7
chr14	73232000	73296000	chr14_73232000	16	64000	0.00118685655525076	16	0.00118685655525076	12	1.21179186983338	::N-3-1::N-A10::B3-15::B3-19::N3-19::B-A05::B3-12::B3-8::B3-11::N3-8::B3-c-14::N3-9::B3-9::N-2-27::B3-c-9::B-2-25::	11
chr14	79501700	79565700	chr14_79501700	21	64000	5.31789735198075e-08	25	7.49360869375945e-12	20	4.366626417487e-07	::N-1-6::B3-12::B3-2-21::N-A12::B-1-6::B-3-4::N-A02::N3-19::N-3-4::N-3-1::N-2-23::B3-2::B-2-12::N-2-12::B-2-25::B3-5::B-1-7::B-2-15::N-2-15::B-1-10::N3-9::	12
chr14	122103600	122167600	chr14_122103600	15	64000	0.00742514618613884	18	2.53689925205377e-05	18	2.53689925205377e-05	::B3-19::B-2-21::B-2-14::N-A02::N-B05::N-2-27::B-1-6::B3-2-21::N3-19::N-2-15::N-B03::B-3-1::N3-14::B3-2::B-3-4::	8
chr15	8304700	8368700	chr15_8304700	22	64000	6.18202100525656e-09	32	3.161239443249e-19	29	5.62406974540071e-16	::B3-19::B3-1-13::N-2-21::B-3-1::B3-1::B3-12::B-1-4::B-B03::B3-c-28::B-3-4::N-A12::B-2-14::B-2-15::N-B05::B-2-12::B-1-10::N-1-6::B3-2-21::N-2-23::N3-2-21::N3-1-13::N3-1::	16
chr15	12110500	12174500	chr15_12110500	20	64000	4.366626417487e-07	21	5.31789735198075e-08	21	5.31789735198075e-08	::B-2-12::N3-14::B-A10::B3-12::B3-1::B3-1-13::N-2-27::N-2-21::B-2-21::B3-19::N3-19::N-A10::B3-7::B-A12::B-2-14::N3-2-21::B-1-6::B-2-15::N-A12::N-1-6::	13
chr15	12324200	12388200	chr15_12324200	16	64000	0.00118685655525076	17	0.000178551095227164	14	0.0435494887010722	::N3-21::N-2-15::B-2-25::N-2-25::N-A02::B3-14::B-3-4::B3-c-28::N3-c-28::B-A05::N3-13::B-2-14::B-A12::N-A12::B-A04::B3-2-21::	13
chr15	34091400	34155400	chr15_34091400	14	64000	0.0435494887010722	15	0.00742514618613884	15	0.00742514618613884	::B3-c-28::B3-2-21::B-2-23::B3-14::N-1-7::N3-4::N-B03::N3-15::B-2-21::B-B03::N-2-15::B-A10::B3-21::N-A05::	10
chr15	37974100	38038100	chr15_37974100	18	64000	2.53689925205377e-05	22	6.18202100525656e-09	18	2.53689925205377e-05	::B-3-4::B3-c-9::N3-10::B3-21::B-2-15::N3-5::N3-16::B3-13::B-B03::N-3-4::B3-14::N3-4::B-3-1::N-3-1::B3-19::B3-10::B-2-14::N3-19::	12
chr15	43232700	43296700	chr15_43232700	18	64000	2.53689925205377e-05	18	2.53689925205377e-05	14	0.0435494887010722	::B-2-21::N3-2-21::B-3-4::N3-10::B3-2-37::B3-21::N3-21::B3-19::B-1-6::B3-1::N3-9::B3-9::B-2-15::B3-5::B3-8::B-A10::B3-2-21::N-3-1::	8
chr15	50782500	50846500	chr15_50782500	15	64000	0.00742514618613884	16	0.00118685655525076	13	0.238395409869182	::N-B05::B-2-15::B-3-1::N-3-1::B-2-21::B3-2-21::N3-7::B-2-14::N-2-14::B3-5::N3-19::B-1-6::N-A02::B3-19::N-2-25::	13
chr15	51944700	52008700	chr15_51944700	15	64000	0.00742514618613884	16	0.00118685655525076	14	0.0435494887010722	::N3-16::N3-19::N-2-25::B-2-15::B-1-10::B3-5::B3-11::B3-2::N-B05::B-1-7::N-B03::B-B03::B3-9::N3-9::N3-8::	11
chr15	53156400	53220400	chr15_53156400	14	64000	0.0435494887010722	15	0.00742514618613884	14	0.0435494887010722	::B3-12::B-2-14::N-2-14::N-1-6::B3-14::B-2-15::N-2-15::N3-19::B-B05::N3-16::B-1-6::B-2-21::B3-1::B-3-4::	10
chr15	73112800	73176800	chr15_73112800	19	64000	3.41478076548669e-06	24	7.32517176448202e-11	15	0.00742514618613884	::B-2-12::N3-16::B-2-14::N3-1::N3-13::N3-10::B3-10::B3-1::B3-13::B3-2-37::B-1-6::N-1-6::B3-19::B-1-7::N-B05::N3-21::N3-19::N3-2-21::N3-c-14::	8
chr15	73304200	73368200	chr15_73304200	14	64000	0.0435494887010722	15	0.00742514618613884	14	0.0435494887010722	::N3-1::B-2-25::N-2-23::B-2-15::B3-8::B-B05::N-A02::B3-c-14::B3-19::N-2-15::B-2-21::B3-1::B-2-12::N-2-12::	9
chr15	80796200	80860200	chr15_80796200	18	64000	2.53689925205377e-05	21	5.31789735198075e-08	20	4.366626417487e-07	::B3-c-28::N-2-15::B-3-4::N3-10::B-2-23::N-2-12::B-2-12::B-2-15::B-1-6::B-A04::B3-1::N3-1::B-1-7::N3-21::B3-2-21::N-1-6::B-2-14::N3-13::	9
chr15	81106900	81170900	chr15_81106900	23	64000	6.8741000269865e-10	27	6.98200753239067e-14	24	7.32517176448202e-11	::B3-2-21::N3-1-13::B-A10::B-2-14::B-2-21::N3-2-21::N3-1::B3-19::N3-13::B-1-7::N3-19::N-1-6::N-2-15::N-2-12::B-2-12::B3-c-28::B3-7::B-1-6::B3-13::B-B05::B-B03::B-2-27::B-2-23::	11
chr15	81589700	81653700	chr15_81589700	16	64000	0.00118685655525076	23	6.8741000269865e-10	19	3.41478076548669e-06	::N-2-12::B-2-21::B-A05::B-2-25::N3-c-9::B-A04::N3-9::B-2-14::N-3-4::N-2-25::B-1-10::B-3-4::B-B03::B3-2-21::N3-13::B3-c-9::	15
chr15	85386500	85450500	chr15_85386500	14	64000	0.0435494887010722	18	2.53689925205377e-05	16	0.00118685655525076	::B3-12::N-2-25::N-1-7::N3-19::N3-4::N-3-1::B-3-1::B3-7::N-2-21::B-A07::B-2-15::N-B03::B-B03::N3-10::	8
chr15	96391300	96455300	chr15_96391300	22	64000	6.18202100525656e-09	29	5.62406974540071e-16	24	7.32517176448202e-11	::B3-1::N3-7::B3-7::B-1-6::B-2-15::B3-21::N3-9::B3-9::B3-c-14::N3-c-14::N3-19::B-2-14::N-2-14::B-A10::N-3-4::B-B05::B3-2-21::N-2-25::B-3-4::N-1-7::B-A05::N3-1::	16
chr15	98499500	98563500	chr15_98499500	14	64000	0.0435494887010722	16	0.00118685655525076	15	0.00742514618613884	::B3-14::N-2-15::B-A07::N3-21::B3-2-21::B-2-15::N-2-14::B3-11::B-1-7::B-2-14::B-1-6::N-2-27::B-2-27::B3-1-13::	8
chr15	99784600	99848600	chr15_99784600	16	64000	0.00118685655525076	18	2.53689925205377e-05	16	0.00118685655525076	::B-3-4::N-A05::B-A05::N-3-1::N-3-4::N3-16::B-A10::N-2-21::B-1-4::N-1-6::B-1-6::N-1-4::B-2-15::B3-13::N-2-15::B-A12::	8
chr15	102033800	102097800	chr15_102033800	14	64000	0.0435494887010722	15	0.00742514618613884	11	5.68585883918361	::B-1-6::N-3-1::B3-10::B3-13::N3-10::N3-13::B-2-15::B-2-14::N-2-14::N-B05::B3-5::B-1-4::B-A12::B-2-23::	9
chr16	4125400	4189400	chr16_4125400	16	64000	0.00118685655525076	19	3.41478076548669e-06	17	0.000178551095227164	::N-1-7::B3-13::B-3-1::B3-1::N-2-15::N3-12::B-A10::B-1-7::B-B05::B3-2-37::B-2-15::B3-7::N3-13::N3-5::B-2-23::B3-c-28::	11
chr16	5027300	5091300	chr16_5027300	14	64000	0.0435494887010722	15	0.00742514618613884	13	0.238395409869182	::B-2-15::B3-2-21::B-A04::N-2-21::B-2-27::B3-11::N3-8::B-2-14::N-2-15::B-B03::N3-12::B3-12::B-2-23::N-2-27::	11
chr16	11116400	11180400	chr16_11116400	17	64000	0.000178551095227164	19	3.41478076548669e-06	19	3.41478076548669e-06	::B-2-14::B-2-15::N3-13::B-1-10::B-2-21::B3-1::B3-7::B3-5::N3-16::N-2-25::B-A07::N-2-27::N-A05::N-A02::N-2-15::N-B03::B3-11::	9
chr16	13836300	13900300	chr16_13836300	14	64000	0.0435494887010722	14	0.0435494887010722	12	1.21179186983338	::N-B05::N3-16::N-A10::B-A10::B-B05::N-B03::B-1-10::B-2-25::N-2-21::B-2-15::B3-15::N3-14::B-A02::N-A02::	7
chr16	16984400	17048400	chr16_16984400	20	64000	4.366626417487e-07	23	6.8741000269865e-10	20	4.366626417487e-07	::B3-c-28::N-2-12::B-2-12::N-2-21::B3-19::B-2-15::B-A12::N-B03::N-2-23::B-B03::N-2-14::B-2-14::B-3-1::N-3-1::B-2-21::N3-13::N-A07::N3-1::N3-2-21::N3-21::	10
chr16	17414400	17478400	chr16_17414400	18	64000	2.53689925205377e-05	25	7.49360869375945e-12	21	5.31789735198075e-08	::N-B05::N3-13::B-2-25::B-3-4::B3-12::B3-19::N3-1::B3-1::B-1-7::N-2-12::B-2-12::N3-8::N3-c-28::B3-c-28::N3-2-21::N-3-1::N3-c-14::B3-8::	13
chr16	17666000	17730000	chr16_17666000	14	64000	0.0435494887010722	14	0.0435494887010722	13	0.238395409869182	::B-3-4::N-2-27::B-B03::B-A10::N-B03::N3-8::N-2-15::N-A04::N-A02::N-2-25::N-B05::B-B05::B3-21::N-A05::	4
chr16	24482300	24546300	chr16_24482300	17	64000	0.000178551095227164	19	3.41478076548669e-06	18	2.53689925205377e-05	::B3-c-28::B-2-14::B3-11::B-3-4::N3-8::B-B05::N3-c-14::N3-7::N3-19::N3-10::B3-1-13::B-A07::B-2-21::B3-2-21::N-1-7::B-A10::B3-12::	10
chr16	31676400	31740400	chr16_31676400	17	64000	0.000178551095227164	24	7.32517176448202e-11	19	3.41478076548669e-06	::B-A07::B-B05::B-1-6::B3-21::N-A07::N3-1-13::B-2-15::N-3-1::B3-19::N3-19::B-3-4::N-3-4::N-B05::N-B03::B-2-12::B-A02::N-2-15::	12
chr16	32018700	32082700	chr16_32018700	15	64000	0.00742514618613884	19	3.41478076548669e-06	16	0.00118685655525076	::B3-10::B3-19::B-A04::B-2-14::B-A12::B-B05::B3-c-28::B-2-15::N-B05::B-2-23::N-3-4::B-3-4::B3-11::N-A10::B3-7::	14
chr16	33401500	33465500	chr16_33401500	19	64000	3.41478076548669e-06	26	7.37107567900123e-13	20	4.366626417487e-07	::B-A07::N-A12::B-A12::B3-16::N-A05::B3-c-28::B3-14::N3-4::N3-2-21::B-A02::N-A02::B-A10::B3-4::B-2-15::B-2-25::B-2-14::N3-13::B3-2-21::B3-13::	12
chr16	38094200	38158200	chr16_38094200	16	64000	0.00118685655525076	22	6.18202100525656e-09	19	3.41478076548669e-06	::B-2-25::N-1-6::B-1-6::B-B05::N-2-25::B3-11::B3-13::B-2-15::N3-9::N-A07::B-1-7::B-A10::N-A02::N-2-15::B3-c-9::B-3-1::	8
chr16	38173500	38237500	chr16_38173500	16	64000	0.00118685655525076	22	6.18202100525656e-09	19	3.41478076548669e-06	::B3-19::B-1-6::B3-7::B-A05::B-A12::B-A07::N-2-25::N3-12::N3-16::B-2-15::B-B05::N-B05::N-A05::N-2-21::B3-13::B-2-14::	4
chr16	44116400	44180400	chr16_44116400	17	64000	0.000178551095227164	17	0.000178551095227164	16	0.00118685655525076	::N-A12::B3-21::B-A04::B3-12::B-2-15::N3-9::B3-1::B-2-14::N3-16::B3-19::B3-14::N3-4::B3-4::N-2-21::N3-5::B3-10::B-3-4::	7
chr17	3148300	3212300	chr17_3148300	22	64000	6.18202100525656e-09	27	6.98200753239067e-14	23	6.8741000269865e-10	::N-A05::B-1-6::N-2-15::B-2-12::N-3-4::N3-15::B3-15::B3-19::N-B03::B-B03::B-2-21::B3-12::B-2-14::B-A10::N-2-21::B-3-4::N3-5::N3-16::B-B05::N-B05::B-A05::N-1-7::	10
chr17	5063900	5127900	chr17_5063900	19	64000	3.41478076548669e-06	21	5.31789735198075e-08	17	0.000178551095227164	::N-3-4::N3-16::N-1-6::N-2-15::B-1-6::N3-4::B-B03::B3-7::B3-1::N3-1::N-2-25::B-3-1::B-2-21::B3-12::N-2-23::N-A02::N-1-4::B-A02::N-A05::	11
chr17	5197700	5261700	chr17_5197700	15	64000	0.00742514618613884	19	3.41478076548669e-06	18	2.53689925205377e-05	::B-A10::N-A04::B3-7::B-A04::N-A05::B-1-4::B-2-21::B-A05::B-A02::B3-c-14::B3-14::B3-5::B-2-25::N3-13::B-2-15::	8
chr17	10220400	10284400	chr17_10220400	22	64000	6.18202100525656e-09	23	6.8741000269865e-10	21	5.31789735198075e-08	::N3-16::N3-2-21::N-A04::B-A04::N-2-15::N3-13::B3-19::B3-14::N3-c-9::N-3-4::N-A10::B3-2-21::B-A07::N-3-1::N-2-23::N3-14::B-1-6::N-1-10::B-2-25::B-1-10::B-2-21::N-2-21::	9
chr17	15457000	15521000	chr17_15457000	15	64000	0.00742514618613884	16	0.00118685655525076	13	0.238395409869182	::B3-8::B3-12::B3-7::B3-11::B-3-1::N-1-6::N-1-10::B-2-21::B-A12::N3-1::B-2-25::B-B03::N-2-21::B-1-6::N-B05::	7
chr17	15708400	15772400	chr17_15708400	15	64000	0.00742514618613884	16	0.00118685655525076	14	0.0435494887010722	::B-1-7::N-1-7::B-1-6::B3-21::N3-21::N-2-12::B-2-12::B3-14::B-2-25::B-1-10::B-3-1::N3-4::B3-2::B3-13::B-2-14::	8
chr17	28950300	29014300	chr17_28950300	15	64000	0.00742514618613884	15	0.00742514618613884	13	0.238395409869182	::N3-16::B-1-7::B-2-15::B3-c-28::B-A07::B-1-6::B-B03::N-B05::N-2-25::B3-15::B-A12::N-A12::B-A02::N-A02::N3-9::	9
chr17	30073200	30137200	chr17_30073200	20	64000	4.366626417487e-07	25	7.49360869375945e-12	23	6.8741000269865e-10	::B-2-27::B-B05::N3-16::N3-19::B-3-4::N-B05::B3-19::N3-1::N3-9::B3-9::B3-12::B3-c-28::B-2-15::B-1-6::B-A02::N3-13::B3-1::N-1-6::B-2-14::N-B03::	10
chr17	32223200	32287200	chr17_32223200	20	64000	4.366626417487e-07	23	6.8741000269865e-10	17	0.000178551095227164	::N-3-4::B3-c-28::N-2-23::B-2-12::B3-7::B-A10::B-A12::B3-1-13::B3-15::N3-16::N3-12::N3-4::B-2-21::B3-13::B3-10::B3-1::B3-2-37::N3-10::N3-13::B-2-15::	14
chr17	42809400	42873400	chr17_42809400	17	64000	0.000178551095227164	21	5.31789735198075e-08	20	4.366626417487e-07	::B3-c-9::B-B05::B-2-23::B3-8::N3-8::N-A12::B-2-21::N-2-15::B-2-15::B3-1-13::N-2-21::N-A10::B3-11::B3-5::B-A07::B-2-12::B3-19::	10
chr17	56550300	56614300	chr17_56550300	14	64000	0.0435494887010722	14	0.0435494887010722	10	24.4554439712519	::N3-16::B3-1::B-A04::N3-13::B3-13::B3-7::N-A07::N3-1-13::B-A07::B3-1-13::B-A05::B3-14::N-2-25::N-2-15::	4
chr17	71610000	71674000	chr17_71610000	16	64000	0.00118685655525076	21	5.31789735198075e-08	19	3.41478076548669e-06	::B-2-21::N-A07::N3-13::B-A07::B-1-6::N-2-23::B-2-23::N-B05::B-1-10::B3-21::B-3-4::N-2-15::B-A10::B3-7::B-3-1::B3-11::	11
chr17	74227000	74291000	chr17_74227000	14	64000	0.0435494887010722	16	0.00118685655525076	15	0.00742514618613884	::N3-8::B-2-27::N-B05::N3-7::B-3-4::B-A10::B3-2-21::B3-7::B-2-23::N3-14::N-2-23::N-2-25::B-2-25::N3-19::	7
chr17	74537500	74601500	chr17_74537500	18	64000	2.53689925205377e-05	22	6.18202100525656e-09	19	3.41478076548669e-06	::N-2-15::B-A10::N3-2-21::B-A02::B-2-14::N-2-23::B-2-23::B3-5::B3-2-21::N-B05::N-2-14::B3-15::N-B03::B-1-7::N3-11::B3-11::B3-1::N3-1::	14
chr18	3005100	3069100	chr18_3005100	14	64000	0.0435494887010722	16	0.00118685655525076	6	2881.06634866258	::B3-8::B-3-4::B3-1::B-1-10::N-1-6::B-A12::B-1-6::N3-10::B-A07::N3-1::B-1-7::B3-c-28::N3-11::N3-9::	9
chr18	5601900	5665900	chr18_5601900	17	64000	0.000178551095227164	18	2.53689925205377e-05	17	0.000178551095227164	::B-1-7::N-2-15::B-2-23::N-2-23::B3-15::N-2-27::B-2-12::N-1-6::N-1-7::B3-21::B-A07::N-B03::B-B03::N-A10::N-3-4::B-3-4::B-A05::	8
chr18	6164700	6228700	chr18_6164700	14	64000	0.0435494887010722	15	0.00742514618613884	15	0.00742514618613884	::N-A12::N-B05::B3-12::N-A07::B3-10::N-2-15::B-A05::N3-12::B-2-14::N3-8::B-1-10::N3-19::N-A02::N-B03::	6
chr18	7866500	7930500	chr18_7866500	26	64000	7.37107567900123e-13	41	1.16390913707096e-29	31	3.95543419154856e-18	::N3-16::B3-7::N3-7::B-A10::N-A10::N-2-15::N-2-23::B-2-25::N-1-6::N-3-1::B-2-21::N-2-14::B-3-1::B3-12::B-2-15::B-2-27::B-1-7::B-2-23::N-A02::B3-11::B-A07::N3-15::B3-15::B3-4::N3-4::B3-1::	21
chr18	9389000	9453000	chr18_9389000	20	64000	4.366626417487e-07	21	5.31789735198075e-08	19	3.41478076548669e-06	::N-2-21::N-3-1::B-2-25::B3-21::N-2-12::B3-12::B3-10::N3-10::B-B05::B-2-15::B-2-23::B3-8::N-2-25::N3-c-9::B-3-1::N-A02::B-A02::B3-2::N3-1::B-A12::	10
chr18	10116000	10180000	chr18_10116000	23	64000	6.8741000269865e-10	27	6.98200753239067e-14	25	7.49360869375945e-12	::B-B05::B-2-15::N-2-14::N3-13::B3-16::B-2-23::B-1-7::B3-c-28::N-2-15::N3-2-21::B-3-1::N-3-1::B3-10::N3-4::N-A05::N-B03::N-A02::N3-19::B3-1-13::B-A02::N-1-7::B-2-27::B3-1::	14
chr18	12132900	12196900	chr18_12132900	14	64000	0.0435494887010722	15	0.00742514618613884	11	5.68585883918361	::N-2-23::N-2-21::B-2-21::B3-c-28::N-3-1::B-2-14::B-B05::B-3-1::B3-5::N-B03::B3-c-9::N3-c-9::N3-12::N-2-15::	12
chr18	31805200	31869200	chr18_31805200	17	64000	0.000178551095227164	21	5.31789735198075e-08	17	0.000178551095227164	::B-A02::N-1-6::B-B05::N-2-27::N3-8::N3-11::B3-8::B3-11::N3-19::B-2-21::N-2-21::N-2-23::N3-13::B3-19::B-A05::B3-7::B-3-4::	7
chr18	34235600	34299600	chr18_34235600	23	64000	6.8741000269865e-10	30	4.79449257226444e-17	23	6.8741000269865e-10	::B3-12::B-2-21::B-A10::B-B03::N-B03::N-2-15::B3-2::B-B05::N3-1-13::N3-8::B-A07::N-1-7::B3-8::B3-11::N-A07::B3-1-13::N3-21::B3-19::B-A05::N-A05::B-2-14::N3-4::B3-1::	13
chr18	34903000	34967000	chr18_34903000	15	64000	0.00742514618613884	15	0.00742514618613884	14	0.0435494887010722	::N-2-23::B-1-7::N-2-25::N3-4::B-1-10::N3-13::B3-10::B-1-6::N3-16::B-A05::B-A04::B3-1-13::N3-1-13::N-3-4::N-2-15::	9
chr18	35125300	35189300	chr18_35125300	17	64000	0.000178551095227164	22	6.18202100525656e-09	20	4.366626417487e-07	::B3-4::B-2-15::B3-7::B3-c-28::N3-19::B-A02::B-2-23::B-A10::B-3-4::N-2-25::B-2-25::B-B05::N-2-15::B3-1::N-3-1::N-1-6::B3-19::	15
chr18	35556000	35620000	chr18_35556000	19	64000	3.41478076548669e-06	25	7.49360869375945e-12	21	5.31789735198075e-08	::N3-c-28::B-A10::B-2-23::N-2-23::B3-7::B-2-14::B-1-7::N-A10::B-1-6::B-2-15::B-3-4::B-2-25::B-3-1::B3-16::N3-16::N-1-4::N-B05::B-A07::N-B03::	15
chr18	35763900	35827900	chr18_35763900	17	64000	0.000178551095227164	20	4.366626417487e-07	19	3.41478076548669e-06	::B-2-14::N3-c-28::B-2-25::B-3-4::B-1-7::B3-8::B-A04::B-B05::B3-12::B3-1::B3-5::B-2-21::N3-16::B3-16::B-A05::N-A02::B3-4::	11
chr18	42285600	42349600	chr18_42285600	20	64000	4.366626417487e-07	22	6.18202100525656e-09	18	2.53689925205377e-05	::N3-2::B3-1::B-2-21::N-2-21::B-B05::B3-c-9::N-1-7::N-2-15::B3-21::B-A05::N-2-23::B3-2::B-2-25::N-B05::B-3-4::B-1-6::B-1-7::N3-13::N-A12::B-A12::	12
chr18	42513000	42577000	chr18_42513000	18	64000	2.53689925205377e-05	21	5.31789735198075e-08	17	0.000178551095227164	::N3-1::B3-1::B-2-21::B-2-14::B3-8::B-2-25::B-B05::B3-2-21::N-B05::B-2-23::B-1-6::N3-10::B3-10::B3-19::N3-19::N-3-1::N-1-6::N3-4::	11
chr18	53876800	53940800	chr18_53876800	15	64000	0.00742514618613884	19	3.41478076548669e-06	16	0.00118685655525076	::N-2-27::B-A07::N-A07::B3-7::N3-13::N3-4::B-B05::N-1-6::B-3-4::B-1-6::N-2-23::B-A10::B3-1-13::B3-1::B3-c-28::	17
chr18	73639100	73703100	chr18_73639100	16	64000	0.00118685655525076	23	6.8741000269865e-10	18	2.53689925205377e-05	::B-A12::N-A12::B-3-1::B-A05::B-2-15::B-A02::N-A02::N-3-1::N-2-12::B-2-12::N-A07::B-3-4::B-1-7::B-B05::B-2-14::N3-4::	16
chr18	76240900	76304900	chr18_76240900	14	64000	0.0435494887010722	18	2.53689925205377e-05	17	0.000178551095227164	::B-A10::N3-1::B3-1::B3-5::B-2-14::B3-7::B3-2-21::N-3-1::N-2-21::B3-c-28::N3-13::B-2-15::B-2-21::B3-10::	3
chr18	80739700	80803700	chr18_80739700	15	64000	0.00742514618613884	15	0.00742514618613884	13	0.238395409869182	::N-1-6::B-A10::N3-21::B3-2-21::B3-5::B-1-7::N-2-27::B-2-27::B3-c-28::N3-c-9::B3-12::B-2-15::N-2-15::N3-12::N-2-23::	10
chr18	82928600	82992600	chr18_82928600	16	64000	0.00118685655525076	17	0.000178551095227164	15	0.00742514618613884	::N3-19::B-2-14::N-A12::B-1-6::N-2-15::B3-c-28::B-3-1::N-3-1::B3-11::B-2-12::B3-1-13::B-A07::B-B03::B-1-4::N-A02::B-B05::	7
chr19	3490300	3554300	chr19_3490300	23	64000	6.8741000269865e-10	29	5.62406974540071e-16	26	7.37107567900123e-13	::B-A05::B-2-15::B-A10::N-A10::N-B05::N-B03::B-B03::N-2-15::B-B05::N3-8::B3-c-9::N3-16::B-1-10::B3-5::N-2-21::B-1-4::B3-21::B-1-6::B3-19::B-2-14::B-2-21::N3-4::N-2-14::	21
chr19	4328200	4392200	chr19_4328200	14	64000	0.0435494887010722	19	3.41478076548669e-06	17	0.000178551095227164	::B-2-15::B3-13::N-1-6::B3-19::B3-7::B-A07::B-A10::B3-4::B3-16::B-2-25::N3-16::N3-4::N-2-23::B3-5::	11
chr19	4762000	4826000	chr19_4762000	19	64000	3.41478076548669e-06	22	6.18202100525656e-09	21	5.31789735198075e-08	::B3-7::B-2-21::N-B03::B-B03::B-1-6::B3-1::N-B05::N-1-6::B3-5::B3-11::N-2-27::N-A10::N-2-15::B3-19::B-2-12::N3-10::B-3-4::B-A05::B3-c-9::	11
chr19	12729400	12793400	chr19_12729400	14	64000	0.0435494887010722	20	4.366626417487e-07	18	2.53689925205377e-05	::N-2-25::B3-2-21::N-2-14::N-2-21::N-B05::B-A07::B3-c-9::B-2-15::B-2-14::B3-7::B-B03::B-B05::B-1-6::B-2-25::	7
chr19	14487800	14551800	chr19_14487800	16	64000	0.00118685655525076	17	0.000178551095227164	12	1.21179186983338	::B3-21::B3-14::N3-10::B-A04::B-2-27::B3-c-28::N-B05::N-A04::N-2-15::B3-7::N3-7::N3-2-21::B-A12::N3-8::B3-11::B3-8::	10
chr19	23190600	23254600	chr19_23190600	15	64000	0.00742514618613884	15	0.00742514618613884	12	1.21179186983338	::N-2-23::B3-c-9::N-A05::B3-8::N3-8::N3-19::N-2-15::B3-2-37::B3-19::N-3-4::B-3-4::N-1-6::B3-2::B-A12::B-A02::	8
chr19	29734800	29798800	chr19_29734800	15	64000	0.00742514618613884	18	2.53689925205377e-05	17	0.000178551095227164	::N3-10::B-2-25::N-2-14::N3-19::N-2-23::N3-8::N-2-25::B-2-15::B-B05::N3-1-13::N-1-6::N3-1::N-A02::B3-1::B3-14::	11
chr19	30039300	30103300	chr19_30039300	25	64000	7.49360869375945e-12	33	2.44994683014854e-20	23	6.8741000269865e-10	::B3-2-21::B-2-15::N3-10::B-1-6::N-A10::N-B05::N-2-25::N3-11::B-B05::B3-c-9::B3-19::B3-21::B3-13::B3-11::B-1-7::N-2-12::B-2-12::B-A02::B-A10::B3-10::N3-1::N3-13::B3-1::N-A02::N3-1-13::	13
chr19	41491500	41555500	chr19_41491500	16	64000	0.00118685655525076	20	4.366626417487e-07	18	2.53689925205377e-05	::B-3-4::B-1-6::B-2-14::B3-13::B3-1::N3-13::B-2-23::N-3-1::N3-1::N-2-15::B3-19::B-2-25::N-2-25::B3-12::N-2-21::N3-4::	12
chr19	42521400	42585400	chr19_42521400	16	64000	0.00118685655525076	19	3.41478076548669e-06	17	0.000178551095227164	::B-1-6::N-1-10::B3-c-28::B-2-25::B-A10::B3-7::N-3-4::B3-2-21::N-2-25::B-2-15::B-B03::B-B05::N-2-23::B-2-23::B3-10::B-3-4::	8
chr19	50328000	50392000	chr19_50328000	14	64000	0.0435494887010722	14	0.0435494887010722	7	1052.61226688023	::B-2-23::B3-2::N3-5::N-1-10::N3-2-37::N-1-4::N-1-9::N3-15::N-2-21::B-1-6::B3-2-37::B-1-4::B-B03::B-A07::	11
chr2	18108300	18172300	chr2_18108300	14	64000	0.0435494887010722	16	0.00118685655525076	16	0.00118685655525076	::N3-13::N-A05::N-2-23::B3-15::B3-c-9::B-3-4::B-2-15::N3-9::B3-8::N3-19::N-2-15::N3-16::B-1-6::B3-2-21::	6
chr2	23144400	23208400	chr2_23144400	17	64000	0.000178551095227164	17	0.000178551095227164	15	0.00742514618613884	::B-1-7::N3-13::N3-16::B-B05::B-2-14::N-A07::B3-9::N3-9::B3-19::B-2-23::N3-8::N-2-27::B3-5::B3-1::B3-4::N3-4::N-2-23::	11
chr2	37377800	37441800	chr2_37377800	15	64000	0.00742514618613884	17	0.000178551095227164	17	0.000178551095227164	::B3-14::N-2-15::B3-c-9::B3-1::B3-8::B-3-1::N3-19::N-2-21::N3-10::N3-13::N-A05::B3-7::N3-14::B-2-15::N-A04::	12
chr2	37560000	37624000	chr2_37560000	14	64000	0.0435494887010722	21	5.31789735198075e-08	17	0.000178551095227164	::N3-5::N-B03::B-3-1::N-2-15::B3-11::N3-8::B-B05::B-2-15::B3-8::B3-2-37::N-1-6::N3-11::B3-10::N3-10::	11
chr2	38577300	38641300	chr2_38577300	20	64000	4.366626417487e-07	21	5.31789735198075e-08	15	0.00742514618613884	::B-2-27::B3-c-9::B3-1::B3-2-21::B-A04::N3-1-13::N-A07::B-A07::B3-1-13::B-2-25::N-2-25::N-A02::B-A02::N-2-15::N3-19::B3-19::N-3-4::B3-13::B3-c-28::B-1-6::	6
chr2	49459000	49523000	chr2_49459000	15	64000	0.00742514618613884	19	3.41478076548669e-06	19	3.41478076548669e-06	::N3-8::B3-1::N3-13::B3-2-21::B-B05::B3-2::B-1-7::N-A04::N3-c-9::B-1-10::B-2-23::B-2-21::B3-19::N-1-6::N-3-4::	7
chr2	59225400	59289400	chr2_59225400	18	64000	2.53689925205377e-05	20	4.366626417487e-07	15	0.00742514618613884	::B-B05::B3-12::B-2-15::B3-11::B3-8::N3-8::N3-11::N3-16::B-A04::B-A02::B3-1::B3-7::N-A05::B-A05::N-2-14::B3-2-21::N3-15::B3-15::	9
chr2	60793800	60857800	chr2_60793800	17	64000	0.000178551095227164	18	2.53689925205377e-05	15	0.00742514618613884	::N-2-23::N-3-4::B-A05::N-A05::B-2-27::B-2-15::N-2-27::B-A10::B3-1::N3-c-14::B3-c-14::B-2-14::N-A02::B-B05::N3-5::B-2-23::N-B05::	13
chr2	61719700	61783700	chr2_61719700	18	64000	2.53689925205377e-05	20	4.366626417487e-07	19	3.41478076548669e-06	::N3-5::B-A02::B3-7::B-3-1::N-A02::B-3-4::B-A07::B-A04::B3-19::N3-19::N3-10::B3-14::N-2-15::N-B05::N3-8::B-2-15::B-A05::N-A05::	11
chr2	69955800	70019800	chr2_69955800	14	64000	0.0435494887010722	14	0.0435494887010722	12	1.21179186983338	::N-A02::B-3-4::B3-5::B3-8::N3-8::N3-2-21::B-2-27::B3-9::N3-9::B-2-15::N-2-15::B-2-14::B3-21::B-A02::	9
chr2	72911800	72975800	chr2_72911800	15	64000	0.00742514618613884	17	0.000178551095227164	13	0.238395409869182	::B-3-4::N3-c-28::N-2-25::B-2-25::B-A07::B-2-21::B3-21::B3-7::N-2-15::B-2-15::B3-1::B3-9::N3-9::N3-19::B3-19::	9
chr2	80514700	80578700	chr2_80514700	16	64000	0.00118685655525076	20	4.366626417487e-07	16	0.00118685655525076	::N-B03::B-A07::N-2-15::N-3-1::B-3-1::B-1-6::N3-9::B3-9::N-1-6::B-A10::B-2-15::N3-c-9::N-2-23::B-B03::B-3-4::B-B05::	7
chr2	90712100	90776100	chr2_90712100	17	64000	0.000178551095227164	17	0.000178551095227164	16	0.00118685655525076	::B-A07::B3-2-37::B-A02::N-1-7::B3-1-13::B-3-4::B-A12::N3-11::N-2-23::N-2-27::B-1-6::B3-12::N-2-15::B-2-15::N-A05::B3-10::N-2-21::	6
chr2	90945000	91009000	chr2_90945000	18	64000	2.53689925205377e-05	20	4.366626417487e-07	17	0.000178551095227164	::N-B05::N-3-4::B-2-14::N-2-14::N-2-15::N-2-21::B-A02::N-A05::B-B03::N-B03::N3-13::B3-14::N3-2::B-2-21::B3-19::B3-12::B3-c-9::N-3-1::	13
chr2	91749400	91813400	chr2_91749400	15	64000	0.00742514618613884	20	4.366626417487e-07	17	0.000178551095227164	::B-2-21::N-A10::B-A07::B-1-6::B-1-10::B3-7::B-2-12::N-A02::N-B05::B-1-7::B-A12::B3-13::B3-10::N3-10::N-1-7::	8
chr2	98644700	98708700	chr2_98644700	64	64000	7.35588391396219e-60	353	0	28	6.3772800472438e-15	::B-A07::N-A05::N3-16::N3-14::N-1-7::N-B05::N-2-14::N3-9::N-A02::N-2-12::N3-10::N3-7::N3-1-13::N-1-6::N3-13::N3-8::N3-19::N-A10::N-A12::N3-1::N3-4::N3-c-14::N3-2-21::N-2-15::N3-15::N3-21::N-3-1::N-2-25::B-2-21::B3-12::N-1-10::N3-11::N3-12::N-2-27::N-2-21::N3-5::N-3-4::N-B03::N-2-23::N3-c-9::B3-1-13::B3-1::B-2-23::B-3-1::N-A07::B3-c-28::N-A04::B3-13::B3-10::B-A02::B3-8::B-1-10::N-1-4::B-2-15::B3-11::B-1-7::B-1-6::B3-9::B-A05::B-2-27::B-B03::B3-19::B-2-12::B3-14::	172
chr2	117125000	117189000	chr2_117125000	23	64000	6.8741000269865e-10	31	3.95543419154856e-18	28	6.3772800472438e-15	::B-A05::B-1-7::B3-19::N3-15::N-A02::B-3-4::N-3-4::N-2-23::B-2-23::N3-8::B-1-6::B3-11::N3-1::B3-1::B-A04::B-2-21::B-A02::B-B05::B-2-25::N-2-27::N-3-1::B-3-1::B-2-12::	9
chr2	119549400	119613400	chr2_119549400	14	64000	0.0435494887010722	15	0.00742514618613884	14	0.0435494887010722	::N3-19::N-2-21::N-A02::N3-13::B3-7::B-1-6::B-3-1::N-2-15::B-A02::N-A05::B-A05::B3-c-28::B-1-7::N3-11::	9
chr2	119886100	119950100	chr2_119886100	16	64000	0.00118685655525076	18	2.53689925205377e-05	17	0.000178551095227164	::N3-10::B-2-15::B3-12::N-2-15::N-A12::N-3-4::B-1-7::B-2-23::B3-7::B-2-25::B3-c-28::B-A10::N3-14::N-2-14::N3-13::N-A07::	5
chr2	121957800	122021800	chr2_121957800	14	64000	0.0435494887010722	16	0.00118685655525076	14	0.0435494887010722	::B-2-14::B3-21::N-B05::B3-12::N-3-4::N-1-6::N3-16::B-3-4::B-A12::N-A12::B3-19::B-2-25::N3-19::B-A07::	9
chr2	152221600	152285600	chr2_152221600	21	64000	5.31789735198075e-08	24	7.32517176448202e-11	23	6.8741000269865e-10	::B3-5::B-2-27::N-2-27::N-A05::B-A10::B-2-14::N-2-21::B-2-25::B-2-23::B-1-6::B3-7::N3-7::N-1-6::B-2-12::N3-16::N3-13::B3-13::N3-c-14::B-2-15::N-A02::B3-1::	10
chr2	154638200	154702200	chr2_154638200	15	64000	0.00742514618613884	18	2.53689925205377e-05	14	0.0435494887010722	::N-A05::B3-21::B3-11::B-2-15::B3-19::N3-19::B-B03::N-A07::N-2-21::B3-8::N3-8::N3-11::N-3-1::B-A02::B-B05::	14
chr2	154821900	154885900	chr2_154821900	18	64000	2.53689925205377e-05	22	6.18202100525656e-09	17	0.000178551095227164	::B-B05::B3-14::B-3-4::N-2-15::B-3-1::N-A05::B-A05::B3-12::N-B05::B-1-6::N-A07::B-A07::B3-2-21::N3-2-21::B3-1::N3-1::B-2-23::B3-c-14::	12
chr2	156155700	156219700	chr2_156155700	15	64000	0.00742514618613884	17	0.000178551095227164	12	1.21179186983338	::B-1-7::N3-10::N-3-1::B-2-14::N-2-14::B3-7::B-3-4::N3-c-14::B3-c-14::B3-19::B-B05::N-B03::N3-11::B3-8::B3-11::	6
chr2	160648400	160712400	chr2_160648400	18	64000	2.53689925205377e-05	22	6.18202100525656e-09	20	4.366626417487e-07	::B3-c-28::B-B05::B-2-27::B-3-4::B-A02::N3-19::N3-21::N-2-15::B3-12::B-2-14::B3-2::B3-14::B3-19::N3-14::B-2-15::B3-5::B-A04::N-A04::	17
chr2	161040900	161104900	chr2_161040900	14	64000	0.0435494887010722	15	0.00742514618613884	14	0.0435494887010722	::B3-11::N-2-27::B3-10::N-B03::B3-c-28::N3-13::N3-10::B-2-21::B3-9::N3-9::B3-1-13::N3-12::B3-8::B-2-25::	9
chr2	163595800	163659800	chr2_163595800	25	64000	7.49360869375945e-12	32	3.161239443249e-19	9	95.6229955349933	::B-A10::B-B05::B-A07::N3-12::N3-21::B-A04::N-3-1::B-3-1::B-2-15::B-1-7::B3-16::B3-1::B3-10::B-2-21::B3-13::B-2-27::B-A02::B3-7::B-1-6::B-2-25::B3-4::B-A12::B-A05::B-B03::B-3-4::	9
chr2	165803700	165867700	chr2_165803700	18	64000	2.53689925205377e-05	20	4.366626417487e-07	13	0.238395409869182	::N-2-21::N3-9::B-B03::B-2-15::B-B05::B3-9::B3-1-13::B-2-25::B-3-1::B-2-23::B-2-27::B-A07::B3-2-37::N-2-27::N3-1-13::N-A07::B-1-10::B-1-7::	13
chr2	168162500	168226500	chr2_168162500	19	64000	3.41478076548669e-06	26	7.37107567900123e-13	21	5.31789735198075e-08	::N-2-23::N-2-25::N-2-27::B3-7::B-2-23::B-B03::B3-12::B3-19::B-2-25::N3-4::B-1-6::N3-1::B3-11::B-1-4::B-2-15::B-A05::N-A05::B-A10::B-A04::	14
chr3	16164100	16228100	chr3_16164100	16	64000	0.00118685655525076	20	4.366626417487e-07	19	3.41478076548669e-06	::B-A04::N3-13::B-2-15::B3-12::B-3-1::N3-19::B3-19::N-2-15::B3-1-13::B-A07::B3-7::B3-11::B3-2::B-2-27::N-2-14::B3-4::	9
chr3	19156000	19220000	chr3_19156000	17	64000	0.000178551095227164	19	3.41478076548669e-06	16	0.00118685655525076	::B3-1::N-A02::B-2-14::N-3-1::B-B05::B-2-27::N-B05::B3-c-28::B-2-15::N-1-10::N-2-15::B-3-4::N3-4::N3-13::B3-1-13::N-A12::B-A12::	11
chr3	27541900	27605900	chr3_27541900	15	64000	0.00742514618613884	21	5.31789735198075e-08	19	3.41478076548669e-06	::B-2-25::N-A02::B-A02::B3-19::N3-19::N-A05::B-A07::N3-11::N-3-4::B3-1-13::B-2-15::B-2-21::N-2-21::B-1-7::N-2-15::	6
chr3	27645500	27709500	chr3_27645500	15	64000	0.00742514618613884	17	0.000178551095227164	15	0.00742514618613884	::B-2-14::B3-c-14::B-B05::N-B05::B3-5::N3-8::B3-19::B-2-25::N-2-25::N-2-14::B3-2-21::B3-7::B3-13::B-A10::B-2-23::	7
chr3	34027100	34091100	chr3_34027100	21	64000	5.31789735198075e-08	22	6.18202100525656e-09	18	2.53689925205377e-05	::B-1-6::N3-2-21::B-B05::B-3-1::B-A07::N-A07::B3-7::B3-12::B-1-7::N-2-23::B-2-21::N3-10::N3-1::N3-1-13::B3-16::B3-1-13::N3-19::N-B05::B3-13::B-2-12::B-B03::	18
chr3	51423000	51487000	chr3_51423000	19	64000	3.41478076548669e-06	28	6.3772800472438e-15	24	7.32517176448202e-11	::N-2-25::B3-8::N3-8::B3-19::B-2-14::B-A12::N3-19::B3-21::N3-13::B-2-25::B-1-6::N-1-6::B-B05::B-2-15::N3-11::B-2-21::N-3-1::N3-4::B-3-1::	17
chr3	58413500	58477500	chr3_58413500	15	64000	0.00742514618613884	20	4.366626417487e-07	15	0.00742514618613884	::N-A02::N3-9::B3-1-13::B3-9::B-2-14::B3-19::B-A12::B3-2-21::N3-1-13::N-2-15::N3-c-14::B3-c-14::B-1-7::N-B05::N3-16::	8
chr3	58568700	58632700	chr3_58568700	14	64000	0.0435494887010722	15	0.00742514618613884	13	0.238395409869182	::N3-19::B3-13::N3-13::B-1-7::N-1-7::N-A02::B3-2-21::B3-1::B3-21::B-2-15::B-A10::N-2-15::B-A12::N3-1::	9
chr3	60533900	60597900	chr3_60533900	28	64000	6.3772800472438e-15	35	1.34659225380586e-22	24	7.32517176448202e-11	::B-2-27::B-2-23::B-1-7::N-B03::B-B03::B-1-6::B3-11::B-2-14::B3-19::N-1-7::B3-21::N-2-14::N-2-12::B-2-12::B-A02::N-2-15::N3-2-21::B3-2-21::N3-21::N-3-4::B-3-4::N-2-21::N-A02::N-2-23::B-A07::N3-10::N3-19::N3-4::	13
chr3	63954900	64018900	chr3_63954900	16	64000	0.00118685655525076	17	0.000178551095227164	14	0.0435494887010722	::B-3-1::B-1-6::B3-19::B3-12::N-B05::B-2-15::B-B03::N-B03::N-2-15::B3-1::N3-11::B-1-7::B3-7::N3-1-13::B-2-14::B3-1-13::	9
chr3	69065100	69129100	chr3_69065100	21	64000	5.31789735198075e-08	28	6.3772800472438e-15	23	6.8741000269865e-10	::N-2-23::B-2-25::B-2-14::N-2-14::B-A10::N-A10::B-A02::B-B03::N-B03::N-2-21::N3-4::N3-10::B-2-15::B3-1::B3-c-28::N3-15::B3-15::B3-21::N3-21::B3-19::N-2-25::	15
chr3	84518500	84582500	chr3_84518500	20	64000	4.366626417487e-07	21	5.31789735198075e-08	18	2.53689925205377e-05	::B-A10::B-2-21::B3-13::N3-10::B-2-12::N-2-15::N3-21::B3-1-13::B-3-4::B3-5::B3-21::B-1-6::N3-9::B3-9::B-2-23::B-2-15::N-B05::B3-1::N3-16::B3-16::	4
chr3	84845600	84909600	chr3_84845600	14	64000	0.0435494887010722	15	0.00742514618613884	14	0.0435494887010722	::B3-8::N-A05::B-2-15::B3-21::N3-4::B-1-6::N-2-27::B3-19::N-A02::B-A02::B3-9::B-2-23::N-3-1::N3-10::	7
chr3	90001200	90065200	chr3_90001200	16	64000	0.00118685655525076	17	0.000178551095227164	14	0.0435494887010722	::B3-c-28::B-1-10::N-A04::B-A04::N-1-6::B-2-14::B-1-6::N3-12::B3-12::N3-19::B-A10::N-3-4::N-2-25::N-2-23::B-2-21::N-2-21::	9
chr3	90294500	90358500	chr3_90294500	28	64000	6.3772800472438e-15	34	1.84285408306532e-21	27	6.98200753239067e-14	::B-2-27::B-2-14::N3-19::B-2-25::N-B05::B-B05::N3-1-13::B3-5::B3-2-21::B-A07::B3-7::B-A02::N3-8::B-3-4::N-1-6::N-2-27::N3-16::B3-16::B3-1::B3-2::B3-4::B3-14::B-2-15::B-1-7::N-1-7::B3-21::N3-21::B-2-23::	20
chr3	94841500	94905500	chr3_94841500	16	64000	0.00118685655525076	19	3.41478076548669e-06	17	0.000178551095227164	::N-2-23::N3-8::N-B05::B3-1::B-2-12::N-2-15::B3-11::N-1-6::B3-16::N3-19::B-3-1::B3-13::B-2-27::B-A07::N-2-14::B3-10::	7
chr3	96083100	96147100	chr3_96083100	17	64000	0.000178551095227164	19	3.41478076548669e-06	18	2.53689925205377e-05	::B-2-27::N-A02::N3-12::B-2-25::B3-4::N-B05::N-A05::N-2-15::B3-1::B-3-4::B3-2-21::N3-4::B-A10::B3-14::N-1-6::B3-15::B-1-6::	9
chr3	103288500	103352500	chr3_103288500	22	64000	6.18202100525656e-09	25	7.49360869375945e-12	23	6.8741000269865e-10	::N-2-23::B3-c-28::B-A10::N3-11::B-A07::B3-1::N-2-25::B3-12::B-2-23::B-2-15::B-1-6::B-B03::N-B03::N-B05::N-2-15::B-2-21::B3-7::B3-13::B-2-25::B-2-14::B3-10::N-A12::	12
chr3	104826200	104890200	chr3_104826200	17	64000	0.000178551095227164	19	3.41478076548669e-06	17	0.000178551095227164	::B-3-1::B-A07::B-B05::N-B03::B-B03::B-A12::N-1-6::B-2-21::N-A12::B-2-15::B-2-25::N-2-25::B-A10::B3-12::N-3-4::B3-15::B3-2-21::	9
chr3	107299500	107363500	chr3_107299500	17	64000	0.000178551095227164	18	2.53689925205377e-05	15	0.00742514618613884	::N3-4::B-2-25::N3-9::B3-9::B3-12::N3-11::N3-13::N3-2::B3-11::N3-2-21::B-1-6::B-2-15::B3-2-21::B-A07::B-3-4::N-2-21::B-2-14::	6
chr3	116630700	116694700	chr3_116630700	14	64000	0.0435494887010722	15	0.00742514618613884	14	0.0435494887010722	::N-2-15::B-2-15::N3-16::B3-2-21::N-B05::N-2-14::B-B05::B-A10::N-A07::B-A07::B3-12::B3-c-28::N-3-1::N-1-6::	6
chr3	119718300	119782300	chr3_119718300	18	64000	2.53689925205377e-05	21	5.31789735198075e-08	17	0.000178551095227164	::N3-16::B3-1-13::N-A07::B-2-14::N3-11::B3-8::B3-11::B3-c-28::B-2-27::B-1-6::B3-13::N-2-27::N-2-12::B-2-15::B3-10::N-3-4::B-3-4::B-2-23::	9
chr3	122546100	122610100	chr3_122546100	15	64000	0.00742514618613884	22	6.18202100525656e-09	19	3.41478076548669e-06	::B3-19::N-B05::N3-19::B3-4::N3-10::N-2-15::N3-9::B-B05::B-3-4::B-2-25::N-2-25::N-2-21::B-1-10::N-A04::B-A04::	9
chr3	135406400	135470400	chr3_135406400	22	64000	6.18202100525656e-09	24	7.32517176448202e-11	17	0.000178551095227164	::N-A05::B3-c-28::B-A10::B-B05::N3-13::N3-4::B-A05::B-1-10::N3-10::B3-10::N-2-23::B3-16::B3-4::N3-8::N3-11::B3-7::B3-8::B3-11::B-2-21::B-2-14::N3-16::B3-19::	9
chr3	139018300	139082300	chr3_139018300	15	64000	0.00742514618613884	17	0.000178551095227164	13	0.238395409869182	::B3-14::N3-4::B-2-12::N3-15::B3-1-13::N3-1-13::B3-2-21::N3-2-21::B3-5::N-1-7::N-3-1::N-2-15::B-3-1::B3-10::B3-c-28::	10
chr3	144528400	144592400	chr3_144528400	15	64000	0.00742514618613884	19	3.41478076548669e-06	16	0.00118685655525076	::N-2-15::N3-15::B3-15::B3-19::N-2-25::N3-19::B-A10::B-2-14::B-2-15::N3-8::B3-21::N-B03::B-B03::N3-10::B3-7::	8
chr3	152183100	152247100	chr3_152183100	19	64000	3.41478076548669e-06	20	4.366626417487e-07	15	0.00742514618613884	::N3-19::N-2-12::N3-2-21::N3-1::N3-c-14::B-B05::N3-16::B3-16::B-2-12::N-1-10::B3-19::N-2-23::N3-12::N-2-25::N-B03::N-1-6::N-A05::B-B03::B3-13::	6
chr3	152352500	152416500	chr3_152352500	14	64000	0.0435494887010722	14	0.0435494887010722	12	1.21179186983338	::B-2-14::N-2-15::B-2-15::B-B05::B3-19::B3-5::B3-14::B-2-21::B-1-10::B3-13::N3-13::B-A10::B-A04::N-A04::	8
chr3	157982200	158046200	chr3_157982200	15	64000	0.00742514618613884	18	2.53689925205377e-05	15	0.00742514618613884	::B-A05::B3-10::N-3-1::N-2-21::B3-c-28::B-A07::N3-13::B-1-6::B-2-15::N3-1-13::B3-1-13::N3-19::B3-7::B3-5::B3-2-21::	6
chr4	41217900	41281900	chr4_41217900	16	64000	0.00118685655525076	19	3.41478076548669e-06	18	2.53689925205377e-05	::N-3-1::B3-1-13::B-2-14::N3-13::B-B05::N-2-21::N-2-15::B-2-27::B3-11::N3-16::N3-14::B-2-15::B3-13::N-B03::B3-14::B-2-23::	6
chr4	44801600	44865600	chr4_44801600	19	64000	3.41478076548669e-06	22	6.18202100525656e-09	19	3.41478076548669e-06	::B-2-15::B3-1::B3-16::N3-16::B-A05::B-1-4::N3-13::B3-13::B-B05::B-2-27::B-1-7::B3-11::N3-14::B-3-1::N-3-1::B-1-6::B3-19::B-2-14::B3-2-21::	8
chr4	82392300	82456300	chr4_82392300	20	64000	4.366626417487e-07	22	6.18202100525656e-09	17	0.000178551095227164	::B3-12::N-2-25::B-2-25::B-A07::N-B03::N-1-7::B-1-10::B-2-15::B-B03::B-1-7::N3-c-9::N-A12::N-2-21::B3-1-13::N3-1-13::N-2-27::B-2-27::N3-16::B3-16::N-2-14::	8
chr4	83427600	83491600	chr4_83427600	14	64000	0.0435494887010722	21	5.31789735198075e-08	14	0.0435494887010722	::N3-16::N-A02::B-2-12::N-2-12::B-A07::N-2-27::B-2-27::N3-4::B3-4::B3-16::B-3-1::N-A05::B-3-4::N3-2::	9
chr4	119544800	119608800	chr4_119544800	18	64000	2.53689925205377e-05	24	7.32517176448202e-11	19	3.41478076548669e-06	::B-1-7::N-1-7::N3-13::N-2-23::B-3-1::N-3-1::B-3-4::N3-19::B-B05::N3-11::N3-2-21::B3-11::N-1-6::B3-5::N3-21::B3-19::N-2-14::B-2-23::	13
chr4	120451500	120515500	chr4_120451500	17	64000	0.000178551095227164	18	2.53689925205377e-05	12	1.21179186983338	::B-2-15::N3-14::N-3-1::N3-2-21::N3-10::N-A02::B-B05::N3-1::B-3-1::B-A10::B-2-12::N3-13::B3-13::B3-1::B3-14::B3-10::B3-2-37::	7
chr4	126370200	126434200	chr4_126370200	15	64000	0.00742514618613884	16	0.00118685655525076	13	0.238395409869182	::B3-19::B3-2-21::N3-2-21::B3-5::B-A07::N-2-15::N-A02::N3-13::B3-c-28::B3-9::B3-7::N-B05::B-3-1::B3-15::B-3-4::	6
chr4	129796100	129860100	chr4_129796100	15	64000	0.00742514618613884	16	0.00118685655525076	14	0.0435494887010722	::N-1-6::N3-21::N3-19::B3-13::N3-13::B-A02::B-A07::N-2-15::B-2-15::B-1-6::N-A05::N-2-12::B-3-1::B3-11::B3-15::	10
chr4	130705600	130769600	chr4_130705600	21	64000	5.31789735198075e-08	29	5.62406974540071e-16	24	7.32517176448202e-11	::B3-12::B-2-15::N3-13::B3-11::N3-11::B-1-4::N-2-15::B3-2::N3-16::B-A05::B-3-1::N-3-1::B3-13::B-1-6::B3-5::B-A07::B3-7::N3-7::N-1-10::B-B05::N-1-6::	16
chr4	133676000	133740000	chr4_133676000	14	64000	0.0435494887010722	20	4.366626417487e-07	18	2.53689925205377e-05	::B-A05::N-2-15::B-3-4::B-2-15::N3-2-21::B-A10::N-A10::B-A02::B3-7::N3-7::N-2-23::N3-5::B3-12::N-1-10::	14
chr4	135208500	135272500	chr4_135208500	16	64000	0.00118685655525076	22	6.18202100525656e-09	17	0.000178551095227164	::B-2-27::B-3-4::B3-5::B3-4::B3-c-28::N3-13::B3-13::B3-1::N3-1::N-3-1::B-A04::N-A04::B-2-12::N-2-12::B3-7::B-1-7::	16
chr4	136504900	136568900	chr4_136504900	24	64000	7.32517176448202e-11	31	3.95543419154856e-18	25	7.49360869375945e-12	::B-3-4::B-2-15::N-2-15::B-2-27::B3-12::N-1-7::N3-8::N3-13::B3-7::B-A10::N3-c-9::N-3-1::N3-4::B3-c-9::B-A12::N3-2-21::N3-12::N3-c-14::N3-16::B3-13::B-2-23::N-A07::N3-2::B3-2::	16
chr4	137303500	137367500	chr4_137303500	21	64000	5.31789735198075e-08	25	7.49360869375945e-12	21	5.31789735198075e-08	::B-2-15::B3-5::N3-2-21::N3-7::N-1-6::N-2-25::B3-7::B-1-6::B3-c-28::B3-1::B-3-4::B3-21::N-2-15::N3-c-9::B-A12::B3-4::N-A10::B-A10::N3-13::B3-13::N3-4::	8
chr4	150288700	150352700	chr4_150288700	14	64000	0.0435494887010722	15	0.00742514618613884	14	0.0435494887010722	::B3-2-21::N3-16::B-A05::N-A05::N3-15::B3-7::B3-16::B3-10::B-2-14::N-A10::B3-2-37::N-B05::B-2-23::B-2-25::	11
chr4	150534700	150598700	chr4_150534700	15	64000	0.00742514618613884	18	2.53689925205377e-05	18	2.53689925205377e-05	::N-1-7::B-3-1::B-B03::B-A12::B3-19::B-2-27::B-2-21::N-1-6::N3-10::B3-2::N3-16::B3-c-9::B-A07::B3-7::B3-1::	9
chr4	155494000	155558000	chr4_155494000	26	64000	7.37107567900123e-13	35	1.34659225380586e-22	26	7.37107567900123e-13	::B-A10::B-2-27::B-A07::N3-13::B-2-15::N-2-14::B-2-23::B3-19::N3-19::N3-8::B3-10::N-2-15::B-2-25::N-2-25::N3-10::N3-1::B3-13::B3-1::B-2-14::B3-2-21::B-1-6::B3-11::B-B05::N3-11::B-A12::N-A02::	14
chr5	13074100	13138100	chr5_13074100	14	64000	0.0435494887010722	14	0.0435494887010722	1	18959.187478161	::N-1-7::N-1-4::N3-19::N3-14::N-1-9::N3-5::N3-7::N3-2-37::N-1-10::N-2-15::N-2-23::N-2-21::N3-2::N3-c-28::	0
chr5	20985600	21049600	chr5_20985600	18	64000	2.53689925205377e-05	22	6.18202100525656e-09	20	4.366626417487e-07	::N3-19::B-B05::N-3-4::B-2-27::B3-2-21::B3-4::N-A05::N-A12::B-3-1::B-3-4::N3-11::N-2-14::B-A02::B-2-25::B-1-6::N-1-6::B3-12::B-2-23::	13
chr5	21737900	21801900	chr5_21737900	14	64000	0.0435494887010722	14	0.0435494887010722	14	0.0435494887010722	::N3-13::B-A07::N3-8::N3-11::B3-11::B-3-1::N-1-6::N3-19::B3-10::B-A02::N-B05::N3-16::N3-9::B3-c-28::	10
chr5	23421800	23485800	chr5_23421800	15	64000	0.00742514618613884	20	4.366626417487e-07	19	3.41478076548669e-06	::B-1-7::B-A10::B3-7::B3-12::N-2-15::B-2-15::B3-14::B3-1::B3-2-21::N3-11::B3-11::B3-2::N-2-21::B-2-14::B-A05::	13
chr5	24796000	24860000	chr5_24796000	16	64000	0.00118685655525076	17	0.000178551095227164	14	0.0435494887010722	::N-2-15::N3-13::B3-7::N-B05::N-3-4::N-2-27::N-2-14::B-2-25::N3-1-13::B3-c-14::N3-c-14::B-A10::B3-1::N3-8::B3-8::N-3-1::	8
chr5	25301000	25365000	chr5_25301000	21	64000	5.31789735198075e-08	38	4.4502858922888e-26	28	6.3772800472438e-15	::B-2-15::N3-21::N3-9::B-A10::N-A05::N3-10::B3-13::B3-7::B3-1::B3-12::N3-12::B3-14::B-1-6::N3-13::B3-10::N3-1::N-2-25::N-2-15::B-2-27::N-3-1::B-A02::	20
chr5	25433700	25497700	chr5_25433700	18	64000	2.53689925205377e-05	26	7.37107567900123e-13	20	4.366626417487e-07	::B3-13::B-2-15::N-3-1::N-A07::B-A10::B-3-1::B3-5::N3-1::N3-10::N3-13::B3-10::N-2-23::B-B05::B-B03::B-2-21::B-2-23::B3-1::N-B05::	13
chr5	28143100	28207100	chr5_28143100	69	64000	5.96775250412445e-67	154	1.52515611141817e-205	9	95.6229955349933	::N-2-23::N3-14::B3-7::N-2-15::N3-4::N-2-25::N3-16::N3-11::N-3-4::N-2-21::B3-c-28::B-2-21::B-2-12::B-2-15::B3-12::B3-c-9::B3-5::N3-15::B3-14::B3-16::B-2-25::B-A10::N-2-14::N-1-7::N-B03::N-B05::N-1-6::N-1-4::N3-c-14::B-A04::B-2-14::B3-15::B-B03::B3-11::B-B05::B-1-7::B-1-10::B-1-6::B-1-4::B-2-23::B-A02::B3-4::B3-13::B-3-4::B3-2-21::B-3-1::B3-2::B3-19::B-A05::B-2-27::B-A07::N-3-1::N3-5::B3-10::B3-1-13::B3-2-37::N-2-12::N3-12::N3-10::N3-7::N-2-27::N-1-10::N-A02::N-A10::B-A12::N3-13::N-A12::N3-21::N3-2-21::	96
chr5	28309700	28373700	chr5_28309700	16	64000	0.00118685655525076	17	0.000178551095227164	16	0.00118685655525076	::N3-10::B-A02::B3-12::B-A10::N-1-10::B3-c-28::N3-13::B-2-21::N3-9::N3-4::N3-14::N-2-15::N-3-1::B3-21::B-2-15::N3-12::	8
chr5	32441000	32505000	chr5_32441000	21	64000	5.31789735198075e-08	23	6.8741000269865e-10	19	3.41478076548669e-06	::N-1-6::B-3-1::N-A05::B-A05::N-2-25::B-2-25::B-A07::B3-1-13::B-3-4::N-2-23::N-3-1::B-2-15::N-A12::N3-16::B3-16::B-A10::N3-9::B3-9::B3-14::N3-19::N-2-15::	9
chr5	33315400	33379400	chr5_33315400	14	64000	0.0435494887010722	15	0.00742514618613884	14	0.0435494887010722	::N-B03::N3-13::B-A05::N-A02::B3-7::B-1-7::N-1-10::N3-2-21::N-1-6::B-2-15::B-B05::B-1-6::N3-16::B3-16::	6
chr5	34420200	34484200	chr5_34420200	18	64000	2.53689925205377e-05	29	5.62406974540071e-16	25	7.49360869375945e-12	::N-B03::B-1-7::B-2-14::B-2-21::B-B05::N-B05::N-A12::N-A02::B-3-1::B3-c-9::B-1-6::N-2-12::N3-13::B3-16::B3-13::B-A12::B3-11::B-2-15::	15
chr5	53588000	53652000	chr5_53588000	14	64000	0.0435494887010722	18	2.53689925205377e-05	17	0.000178551095227164	::N-A02::B3-13::N3-13::B3-19::B3-c-9::B-3-1::B-3-4::B-2-12::N-A10::N-2-21::B-B05::B-A02::B-2-23::N-2-23::	10
chr5	63841600	63905600	chr5_63841600	14	64000	0.0435494887010722	15	0.00742514618613884	11	5.68585883918361	::N3-13::N-2-25::B-2-15::B-2-21::B-3-4::B-A07::B3-7::B-A12::N3-2-21::B3-12::N3-16::N3-4::B3-4::B3-16::	6
chr5	65538900	65602900	chr5_65538900	20	64000	4.366626417487e-07	29	5.62406974540071e-16	28	6.3772800472438e-15	::N-3-1::N-2-21::B3-7::B-A10::B3-2-21::B-2-15::N-2-15::B-A02::B-3-1::B-B05::N3-c-14::B3-13::B-A07::B-2-21::N3-2-21::B3-14::B-2-25::N-A12::N-1-6::B-1-10::	17
chr5	65617500	65681500	chr5_65617500	18	64000	2.53689925205377e-05	29	5.62406974540071e-16	26	7.37107567900123e-13	::N-1-6::N3-2-21::B3-c-28::B3-2-21::B3-12::B-2-21::B3-1-13::B-1-7::N3-13::B-B05::N-1-10::B-2-15::B3-14::N3-14::B-2-23::B-1-6::N-B05::B-A05::	14
chr5	72913600	72977600	chr5_72913600	14	64000	0.0435494887010722	16	0.00118685655525076	15	0.00742514618613884	::N-1-7::B-1-7::N-2-23::B3-2-37::B-2-23::N3-11::N-A02::B-1-6::B3-c-9::B3-14::B-2-14::N-A05::B-B05::N3-19::	6
chr5	90289500	90353500	chr5_90289500	17	64000	0.000178551095227164	24	7.32517176448202e-11	22	6.18202100525656e-09	::B3-19::N-A10::B-A10::N-2-23::B-2-25::B3-12::N-2-21::B-2-15::N-1-7::B3-7::B-A02::B-1-6::N3-19::B-1-7::N3-c-14::N-1-6::N-A02::	14
chr5	99921600	99985600	chr5_99921600	21	64000	5.31789735198075e-08	23	6.8741000269865e-10	17	0.000178551095227164	::N-3-1::B-2-25::B-2-15::N-A04::N-A02::B-A02::N-2-15::N3-13::B-B05::N-B05::B3-1-13::B3-14::B3-1::B3-13::B3-10::N3-1::N3-10::B3-5::N-A05::N3-4::B-2-21::	13
chr5	103745300	103809300	chr5_103745300	18	64000	2.53689925205377e-05	20	4.366626417487e-07	16	0.00118685655525076	::B3-7::N-3-4::B-2-15::N-2-15::B3-2-21::B-2-23::B3-c-28::B-2-21::B3-12::B3-5::B-A07::N-A07::B-1-6::N-2-23::N-B05::B-1-7::N-1-7::N-1-6::	13
chr5	106657300	106721300	chr5_106657300	14	64000	0.0435494887010722	16	0.00118685655525076	14	0.0435494887010722	::N3-8::B-B05::N3-5::B3-c-9::B-A12::N3-7::B-2-23::B3-11::N-3-1::B-3-1::B-3-4::B-A10::N3-1::B3-2-21::	6
chr5	108450300	108514300	chr5_108450300	17	64000	0.000178551095227164	24	7.32517176448202e-11	21	5.31789735198075e-08	::B3-5::B-2-23::B-1-6::B-2-12::N-2-12::B-A10::B-2-14::B3-12::B-A05::B-2-15::N-2-23::B3-1-13::B-A07::N-2-15::N-A12::N-A04::N-1-6::	12
chr5	110694800	110758800	chr5_110694800	20	64000	4.366626417487e-07	24	7.32517176448202e-11	21	5.31789735198075e-08	::B3-12::N-2-21::N-1-6::N-2-15::B-2-27::B-A10::B3-c-28::B-1-6::B-3-1::N3-16::B3-8::N3-8::N3-2::B3-14::B-2-23::N-2-23::B3-7::N-B05::B3-2-21::B3-1::	17
chr5	125073600	125137600	chr5_125073600	14	64000	0.0435494887010722	14	0.0435494887010722	14	0.0435494887010722	::B-A07::B3-7::B3-1::N-2-23::N-2-14::B3-12::B-B05::N3-10::B-A10::B-A02::N-3-4::N-2-25::B-2-15::N-2-15::	7
chr5	135198100	135262100	chr5_135198100	16	64000	0.00118685655525076	16	0.00118685655525076	15	0.00742514618613884	::N-3-4::N3-5::B-1-7::B3-13::N3-2-21::B-3-1::B-2-23::N3-15::B3-15::N-2-23::B3-2-21::B-2-21::N-B03::B-2-14::B3-7::N3-11::	6
chr5	135683700	135747700	chr5_135683700	14	64000	0.0435494887010722	14	0.0435494887010722	12	1.21179186983338	::N3-13::B-2-14::N-A02::N-1-7::B-1-7::B-A10::B3-19::B3-13::B-2-15::N-1-4::N-A05::B-A05::B3-c-9::N3-8::	6
chr5	146235500	146299500	chr5_146235500	18	64000	2.53689925205377e-05	18	2.53689925205377e-05	16	0.00118685655525076	::N-B05::B3-5::N3-7::B3-7::B3-14::B-2-23::B3-2::B-3-4::N-2-15::B3-c-28::B-B03::N-B03::B-1-7::N-2-27::N3-2-21::B-A04::B-2-21::B-A02::	7
chr5	147433600	147497600	chr5_147433600	19	64000	3.41478076548669e-06	25	7.49360869375945e-12	21	5.31789735198075e-08	::B-A02::B3-c-9::N-2-15::B3-19::N3-19::N3-2::B-A05::N3-4::N3-c-14::B3-5::B-B03::B-1-7::N-2-23::B-2-23::N-1-7::B3-7::B-3-1::B-A12::B-1-6::	12
chr6	17641000	17705000	chr6_17641000	20	64000	4.366626417487e-07	32	3.161239443249e-19	28	6.3772800472438e-15	::B3-2-21::B-2-27::B3-c-14::N3-c-14::B3-13::B-A02::B3-12::B3-8::N3-2-21::B-1-6::B-2-25::N-B03::B-1-10::B-3-4::B-2-21::N-A10::B-A10::N-2-15::B-A04::N-A02::	15
chr6	28593700	28657700	chr6_28593700	14	64000	0.0435494887010722	14	0.0435494887010722	13	0.238395409869182	::B-1-7::N-A02::B-B05::N3-8::N3-19::B-2-21::B3-2-21::B3-7::N3-12::N3-14::B-A04::B-A10::B-2-23::N-2-14::	4
chr6	31428600	31492600	chr6_31428600	16	64000	0.00118685655525076	22	6.18202100525656e-09	21	5.31789735198075e-08	::B-A02::B3-2::B3-2-21::B3-7::N3-12::B-2-27::N3-1::B-2-21::N-1-6::N-2-15::B3-19::B-2-15::B-1-6::N-3-4::N-2-23::B3-5::	6
chr6	38555400	38619400	chr6_38555400	19	64000	3.41478076548669e-06	23	6.8741000269865e-10	19	3.41478076548669e-06	::B-1-7::B3-7::B-2-25::B3-19::B3-2-21::N3-16::N-3-4::N3-2-21::B-2-14::N-A12::N-B03::N3-1::B3-1::N3-11::B3-13::N3-13::N-A04::N3-15::B-B03::	11
chr6	38813500	38877500	chr6_38813500	16	64000	0.00118685655525076	21	5.31789735198075e-08	20	4.366626417487e-07	::N-2-15::N3-11::N3-13::N-A05::N-A07::N3-19::B-2-15::N-2-25::N-2-23::B-2-23::B-2-14::B-2-25::B-B03::N-2-21::N3-1::B-1-6::	11
chr6	47455900	47519900	chr6_47455900	21	64000	5.31789735198075e-08	23	6.8741000269865e-10	21	5.31789735198075e-08	::N3-19::B-2-23::B-2-21::B3-c-28::B-1-10::N-A02::B3-2::B-2-15::B3-15::B3-1::B3-12::B3-14::B3-7::N-3-4::B-2-12::N3-2-21::N-1-7::B-B03::N-B03::N3-13::B-A02::	10
chr6	49197700	49261700	chr6_49197700	18	64000	2.53689925205377e-05	20	4.366626417487e-07	16	0.00118685655525076	::N-A02::N-A04::B-2-23::B3-19::B-2-14::B3-7::B-2-25::N-3-4::N-1-6::N3-8::B-1-7::N3-1::B-A12::N-A12::B-2-15::N3-11::B3-11::B-1-6::	8
chr6	51456400	51520400	chr6_51456400	14	64000	0.0435494887010722	15	0.00742514618613884	9	95.6229955349933	::B-2-23::N3-9::B3-9::B-1-10::N-2-15::B3-16::B3-4::B-A02::N3-16::N3-4::N3-1-13::B3-1-13::B-A07::B3-7::	7
chr6	65056000	65120000	chr6_65056000	15	64000	0.00742514618613884	18	2.53689925205377e-05	13	0.238395409869182	::B3-11::B-3-4::N3-1::B-1-10::B3-1::N-1-6::B3-19::B-2-23::B3-21::N3-21::N-3-4::B3-c-14::N3-4::N-3-1::B3-10::	12
chr6	67237100	67301100	chr6_67237100	17	64000	0.000178551095227164	17	0.000178551095227164	16	0.00118685655525076	::B3-c-28::B3-19::B-2-21::N-2-21::N-2-15::B-2-15::B-2-12::B3-2::B-B05::N3-10::B3-10::B3-12::N-1-6::N-1-10::N3-13::B-1-7::B3-13::	7
chr6	71836800	71900800	chr6_71836800	19	64000	3.41478076548669e-06	22	6.18202100525656e-09	17	0.000178551095227164	::N-2-15::N3-8::B3-8::B3-c-28::N-2-23::B-A05::N-3-4::N-1-7::B-1-7::B-2-15::B3-13::B-A12::N-1-6::N3-10::N3-1-13::B-1-4::N-1-4::N3-16::B3-7::	10
chr6	72857600	72921600	chr6_72857600	16	64000	0.00118685655525076	17	0.000178551095227164	16	0.00118685655525076	::B-2-23::N3-12::B-A10::B-B05::N3-7::B3-14::N3-13::N-A02::B-1-10::B3-19::N-2-23::B-2-21::B3-10::B3-7::B3-13::B-2-14::	4
chr6	83899200	83963200	chr6_83899200	17	64000	0.000178551095227164	18	2.53689925205377e-05	15	0.00742514618613884	::B3-2::B-2-23::B-A07::B-1-6::B-2-15::B3-4::N3-4::B-3-4::N3-2-21::B-1-7::B-A12::B-A02::B3-11::B-2-25::N-2-27::N-2-21::N3-16::	8
chr6	86852500	86916500	chr6_86852500	15	64000	0.00742514618613884	16	0.00118685655525076	15	0.00742514618613884	::N-1-7::N-A05::B-B03::B-A10::B-1-10::B3-9::N3-9::B-A05::N-2-15::N3-13::B3-c-9::B-1-7::B3-5::B3-4::B-2-23::	11
chr6	88002400	88066400	chr6_88002400	16	64000	0.00118685655525076	17	0.000178551095227164	16	0.00118685655525076	::N3-4::N-A04::N3-11::N-1-6::N3-1::B-2-15::B3-c-28::B3-7::N-2-14::B-1-6::B3-13::N-2-15::B-B05::B-B03::N3-13::B3-19::	9
chr6	103593900	103657900	chr6_103593900	21	64000	5.31789735198075e-08	26	7.37107567900123e-13	8	336.505097075755	::B-B05::B-1-7::B3-19::N3-8::B3-c-28::N-2-14::N-3-1::N3-13::N-2-12::N3-10::N3-16::N-A05::N3-1-13::N-2-21::N-B05::N-1-7::N-2-15::N-A12::N3-11::N-A02::B3-1::	15
chr6	113079700	113143700	chr6_113079700	27	64000	6.98200753239067e-14	37	6.61238757444143e-25	32	3.161239443249e-19	::N-1-6::B3-c-9::N3-c-9::B-2-12::B-1-6::N3-16::B3-1::B3-c-14::N3-c-14::N-2-15::B-2-21::B-2-15::N3-10::B-A12::B-A07::B3-c-28::B-2-23::N-1-4::B-A05::B-2-27::N-2-27::N-2-25::N3-13::N-1-7::B-B05::B3-2::N3-11::	24
chr6	115623900	115687900	chr6_115623900	19	64000	3.41478076548669e-06	20	4.366626417487e-07	18	2.53689925205377e-05	::B-2-23::B3-c-9::N3-c-9::N3-8::B-A07::B-A02::B3-21::N3-11::N-A12::B-3-1::B3-19::N3-13::B3-2-21::N-B05::B-B05::B-1-6::B3-1::N-A10::N-2-14::	7
chr6	119965300	120029300	chr6_119965300	23	64000	6.8741000269865e-10	33	2.44994683014854e-20	24	7.32517176448202e-11	::B-A07::B3-9::B-A12::B-B05::B3-7::N-2-21::B-2-21::B3-13::N-2-23::N-2-15::N3-4::B-2-12::N-2-12::B-2-14::N-2-14::B3-8::N3-11::N-B05::N3-12::B3-2-21::N3-1-13::B3-1-13::B-2-25::	17
chr6	120384200	120448200	chr6_120384200	15	64000	0.00742514618613884	17	0.000178551095227164	13	0.238395409869182	::B-2-25::B-1-6::N-B03::B3-1::B3-19::B3-7::N-A02::B3-1-13::B-A02::N-2-12::B-2-12::N3-10::N-B05::N-2-14::B-2-14::	6
chr6	134477300	134541300	chr6_134477300	17	64000	0.000178551095227164	22	6.18202100525656e-09	21	5.31789735198075e-08	::N-2-21::B3-2-21::B-2-15::B-2-23::B-A12::B-2-21::N-2-25::B3-7::N3-7::B-2-12::N-3-1::N-2-12::N-2-23::B3-5::N-A02::B3-12::B-1-7::	9
chr6	134704100	134768100	chr6_134704100	18	64000	2.53689925205377e-05	20	4.366626417487e-07	17	0.000178551095227164	::B-A05::B-A10::B3-c-28::N-3-1::N3-2-21::N-1-6::B-1-7::B-3-4::N-A10::B-2-14::N3-11::B3-4::N3-4::N-B03::B-B03::N3-9::B3-9::B-2-15::	9
chr6	136550900	136614900	chr6_136550900	14	64000	0.0435494887010722	18	2.53689925205377e-05	13	0.238395409869182	::N-2-23::B3-2-21::B3-11::B3-1::B-2-15::N3-1::B3-19::B-2-12::N-2-12::B3-21::B-3-4::N3-21::N-3-4::N3-13::	12
chr7	65298000	65362000	chr7_65298000	17	64000	0.000178551095227164	19	3.41478076548669e-06	17	0.000178551095227164	::N-2-15::B-2-15::B3-10::N3-2-21::B-1-6::N3-12::B3-2::B-2-23::B3-11::B-A05::N-2-12::B-2-12::N3-16::B3-2-37::N-A12::B-1-7::N-1-7::	12
chr7	97586100	97650100	chr7_97586100	17	64000	0.000178551095227164	20	4.366626417487e-07	19	3.41478076548669e-06	::B-3-1::N3-1-13::B-B05::B3-14::N3-9::B-A04::B-2-12::N-2-27::B3-8::N3-8::N3-11::N3-7::B3-7::B-A05::N-1-10::B-A10::B3-19::	11
chr7	112040100	112104100	chr7_112040100	19	64000	3.41478076548669e-06	22	6.18202100525656e-09	20	4.366626417487e-07	::B-1-7::B3-13::N-B03::B-B03::B3-1-13::N-2-25::B-A04::B3-8::B-2-14::B3-1::B-1-6::B-1-10::B-2-27::N-A02::N3-7::N3-4::B3-12::N-2-21::N-2-27::	12
chr7	113517600	113581600	chr7_113517600	19	64000	3.41478076548669e-06	20	4.366626417487e-07	16	0.00118685655525076	::N-2-25::B3-1::N-2-15::N3-1::B-2-15::B3-c-9::B-2-25::B-2-12::B3-13::B3-c-28::B-2-23::B3-5::N-3-4::N3-21::B-3-4::B3-21::N-2-21::B-A02::B3-1-13::	6
chr7	118169800	118233800	chr7_118169800	20	64000	4.366626417487e-07	23	6.8741000269865e-10	21	5.31789735198075e-08	::B-3-4::N-1-6::B3-11::B3-1::N3-16::B3-16::N-2-23::B-B03::B-2-14::N-2-14::B3-7::B-A05::N3-11::B-1-10::N3-5::N3-13::N-3-1::N-3-4::B-2-27::N-2-27::	8
chr7	121811000	121875000	chr7_121811000	33	64000	2.44994683014854e-20	35	1.34659225380586e-22	6	2881.06634866258	::B-2-25::B-3-1::N-3-1::N3-9::B3-9::N-2-12::N-2-21::N3-4::N-A10::N-2-25::N-1-6::N-2-15::N3-16::N-2-14::N-B05::N-2-27::N-A02::N-1-9::N3-11::N3-21::N-A12::N-1-7::N-A07::N3-2-21::N-A05::N3-2::N-A04::N-3-4::N3-19::N3-5::N-2-23::N3-14::B-2-21::	30
chr7	123129100	123193100	chr7_123129100	14	64000	0.0435494887010722	16	0.00118685655525076	12	1.21179186983338	::B-2-14::B-3-4::B3-21::N-3-4::N3-21::B3-8::N-2-15::B3-16::N3-16::N-2-23::B3-11::B3-2-21::B3-2::B-A12::	8
chr7	136358100	136422100	chr7_136358100	44	64000	2.45012519469736e-33	45	1.39248001048838e-34	3	20667.8301967109	::N-A05::N3-1::N-A02::N-2-12::N3-4::N-2-14::N3-13::N-2-27::N-2-25::N3-9::N-B05::N3-5::N-2-23::N3-8::N-B03::N-A10::N3-1-13::N-3-4::N3-19::N-A07::N-3-1::N3-11::N3-2-21::N3-10::N-2-15::N3-16::N-1-6::N3-2-37::N-2-21::N-A12::N-A04::N-1-10::N3-c-28::N-1-4::N3-21::N3-2::N-1-7::N3-7::N3-c-9::N3-12::N3-c-14::N3-15::N3-14::B-A10::	45
chr8	4270700	4334700	chr8_4270700	18	64000	2.53689925205377e-05	26	7.37107567900123e-13	24	7.32517176448202e-11	::B-A10::B-3-1::N3-13::B-1-7::N-1-6::B-1-6::B-3-4::N3-19::N-A05::N-2-15::B-B03::N3-1::B3-1::B-2-12::N3-4::N3-2-21::B3-12::B3-c-28::	15
chr8	8632900	8696900	chr8_8632900	15	64000	0.00742514618613884	17	0.000178551095227164	14	0.0435494887010722	::N3-19::B-1-6::N3-21::B-A12::B-2-14::B3-7::B3-8::B3-11::N3-16::B3-1::B3-2-21::B-2-23::N-3-1::B3-c-9::N-2-23::	7
chr8	25608400	25672400	chr8_25608400	16	64000	0.00118685655525076	16	0.00118685655525076	12	1.21179186983338	::B-2-14::N3-21::N-3-4::B-3-4::B3-21::B3-19::N-A07::B-A07::N-2-15::N3-2-21::N-2-25::B-2-12::N3-8::N3-4::N3-13::N3-10::	3
chr8	26045800	26109800	chr8_26045800	14	64000	0.0435494887010722	17	0.000178551095227164	15	0.00742514618613884	::B-1-7::B3-c-28::N3-4::B3-15::N3-15::B-3-1::B-2-14::N-2-15::B3-13::B3-2-21::B3-7::B-A02::N-A02::B3-2::	8
chr8	34872300	34936300	chr8_34872300	14	64000	0.0435494887010722	17	0.000178551095227164	17	0.000178551095227164	::N-2-27::B3-8::N-2-23::B-1-6::B3-21::N-B05::B-2-25::B-B05::B3-15::N3-4::B3-2-21::B-A07::B3-19::B3-16::	13
chr8	46749900	46813900	chr8_46749900	15	64000	0.00742514618613884	15	0.00742514618613884	13	0.238395409869182	::N-1-6::B3-2-37::N-3-1::B3-5::N3-c-9::N-2-15::B3-15::B3-2::B-3-1::N3-13::N-1-4::B3-19::B3-4::B3-21::N-A02::	6
chr8	79644900	79708900	chr8_79644900	16	64000	0.00118685655525076	21	5.31789735198075e-08	19	3.41478076548669e-06	::B-2-12::B-2-23::N3-7::B3-10::B-3-4::N-2-15::N-3-4::B3-5::B-B05::B-A10::B3-2-21::B-A07::N-A12::N-B03::B3-1-13::N3-13::	13
chr8	80696900	80760900	chr8_80696900	16	64000	0.00118685655525076	20	4.366626417487e-07	18	2.53689925205377e-05	::N3-19::B3-19::B-1-6::N3-4::B3-11::B3-2-21::N3-10::N3-12::N-2-15::N-B03::N3-13::B-3-1::B3-7::B3-15::B-2-23::B-A05::	7
chr8	80789600	80853600	chr8_80789600	15	64000	0.00742514618613884	16	0.00118685655525076	9	95.6229955349933	::B-2-15::B-B05::N-2-12::N3-9::N-B05::N3-10::N3-15::B3-2-37::B3-15::B-1-6::N3-1::N3-13::B3-13::B3-10::B3-1::	5
chr8	90878100	90942100	chr8_90878100	15	64000	0.00742514618613884	18	2.53689925205377e-05	15	0.00742514618613884	::B3-7::N-1-6::N-3-4::N-A12::B-2-27::N-2-27::B3-11::N-3-1::B3-8::B-3-1::B-2-15::B-3-4::B-A12::N-2-15::B3-5::	9
chr8	95726900	95790900	chr8_95726900	21	64000	5.31789735198075e-08	37	6.61238757444143e-25	29	5.62406974540071e-16	::B3-2::N3-16::B3-16::N-2-23::B-B05::N-A05::B-2-23::N-A02::B-2-14::B3-2-21::N3-7::B-1-6::N-B05::B3-19::B3-4::N3-4::B-A07::N-A07::N-2-15::N-2-25::B3-1-13::	21
chr8	106897600	106961600	chr8_106897600	16	64000	0.00118685655525076	16	0.00118685655525076	12	1.21179186983338	::N3-2-21::B-2-14::B3-1::N3-1::N-1-4::N3-5::B-1-7::N-2-23::N3-9::B3-9::B-A12::B-2-15::N-2-25::B-2-12::N-2-12::N3-10::	10
chr8	107281200	107345200	chr8_107281200	22	64000	6.18202100525656e-09	26	7.37107567900123e-13	17	0.000178551095227164	::B3-1-13::B3-14::B-2-15::N-2-15::B3-2-21::B-2-21::N3-13::N3-15::B-A05::N-A05::N-A12::N-B05::B-B05::B-A10::B-2-14::B3-4::B3-16::N3-16::N3-4::B3-7::B-B03::N-B03::	18
chr8	109782700	109846700	chr8_109782700	29	64000	5.62406974540071e-16	43	4.21529278979267e-32	29	5.62406974540071e-16	::B-1-6::N3-19::B-2-21::B-2-14::N-2-14::N-1-6::B3-19::B-A02::N3-8::N3-11::B3-8::B3-11::B-2-15::N-2-25::B3-12::B-1-4::B-1-7::N-1-7::B-A12::N-3-1::B-3-1::N3-14::B-B05::N-2-15::N-2-21::N-1-4::N-1-9::B3-c-14::N3-c-14::	15
chr8	111510500	111574500	chr8_111510500	15	64000	0.00742514618613884	15	0.00742514618613884	11	5.68585883918361	::N-1-6::N-2-12::N-1-10::B3-13::N-2-15::N3-16::N3-4::B3-16::B3-4::B-2-25::B3-7::N-2-21::B3-11::B-B03::B-A07::	9
chr8	122910700	122974700	chr8_122910700	16	64000	0.00118685655525076	16	0.00118685655525076	15	0.00742514618613884	::B3-2-21::N3-19::B3-19::B3-14::B-2-15::B3-7::B-B05::N-2-14::B3-15::N-A05::B-B03::N-A02::B-A02::B3-1::B-3-1::B3-5::	6
chr9	3001100	3065100	chr9_3001100	48	64000	2.24456229682812e-38	88	3.085073100461e-95	27	6.98200753239067e-14	::N3-2-21::N-3-4::N-A05::N-A04::N-A02::N-2-23::N-2-15::N3-16::N-B05::N3-11::B-A02::B-A10::B3-2-21::N3-9::B3-7::N-2-21::N3-19::N-2-12::N3-8::N-2-14::N3-1::N3-5::N-A07::N3-13::N3-2::N-1-10::N-2-27::B3-5::B3-11::B-2-15::B-1-10::B3-10::B3-c-28::B-2-23::B3-1::N-A12::N3-21::N-2-25::N-1-6::N-1-4::N-B03::N3-1-13::N3-15::B-B05::N3-10::B-2-25::N3-c-28::N-1-7::	43
chr9	13764500	13828500	chr9_13764500	16	64000	0.00118685655525076	20	4.366626417487e-07	17	0.000178551095227164	::N-2-14::B3-5::N3-10::B-3-1::B3-10::B3-c-9::N-B05::N3-1::N-2-27::B-1-7::N-2-25::N-1-6::B-1-6::B3-4::N3-4::B3-7::	12
chr9	21625200	21689200	chr9_21625200	17	64000	0.000178551095227164	20	4.366626417487e-07	19	3.41478076548669e-06	::N3-19::B3-14::B-1-6::N3-16::N-A05::B3-13::B-A02::B-2-14::B3-19::B-1-10::B3-2-21::N-A04::N-2-12::N3-10::N3-5::N-1-6::B-2-15::	8
chr9	25259500	25323500	chr9_25259500	14	64000	0.0435494887010722	17	0.000178551095227164	14	0.0435494887010722	::N-B03::N-2-15::B3-2-21::B-2-25::B-2-12::B3-c-14::N3-c-14::N3-8::B-1-6::N-2-23::B-2-23::N3-9::B-2-14::N-1-7::	8
chr9	35269400	35333400	chr9_35269400	17	64000	0.000178551095227164	17	0.000178551095227164	8	336.505097075755	::N3-11::B3-c-9::B-1-7::B3-1::N-2-21::N3-10::N3-8::N3-1::N-2-14::N3-19::N3-4::B-1-6::B3-12::N3-2-21::N3-15::B-2-15::N-A12::	11
chr9	59389300	59453300	chr9_59389300	19	64000	3.41478076548669e-06	21	5.31789735198075e-08	19	3.41478076548669e-06	::N-1-7::B-2-23::B-2-12::N-2-12::B3-12::N-A02::B3-14::N3-14::B-3-1::N3-13::B-2-14::N-A07::N-2-14::N-1-4::B3-15::N-2-15::B3-10::B-2-27::N3-16::	14
chr9	62921900	62985900	chr9_62921900	14	64000	0.0435494887010722	19	3.41478076548669e-06	14	0.0435494887010722	::N-B05::B-3-1::N-A05::B-2-23::B-A05::B-A02::N-A02::N-A10::B3-7::B-1-6::N-1-6::B-B03::N-B03::B3-19::	13
chr9	65767000	65831000	chr9_65767000	14	64000	0.0435494887010722	14	0.0435494887010722	10	24.4554439712519	::B-2-14::B3-7::B-2-27::N-2-27::B3-c-28::B-2-15::N-2-25::N3-2-21::B3-13::B-A07::B3-1-13::N3-1-13::N-A07::B-1-7::	8
chr9	66508000	66572000	chr9_66508000	16	64000	0.00118685655525076	19	3.41478076548669e-06	14	0.0435494887010722	::N3-16::N-2-27::B3-7::B3-15::N3-15::B-1-7::B-2-14::B3-1-13::N3-13::B-1-6::B3-9::N3-9::N-2-23::B3-8::N3-8::B-2-15::	15
chr9	70430700	70494700	chr9_70430700	18	64000	2.53689925205377e-05	22	6.18202100525656e-09	16	0.00118685655525076	::N-1-6::N3-1::N3-4::B3-13::B-A07::N-2-15::B-A05::B3-1-13::N3-1-13::N-A07::B-B05::N-A05::B3-7::N3-2-21::N3-c-9::B3-c-9::N-3-4::B-1-7::	10
chr9	70682100	70746100	chr9_70682100	15	64000	0.00742514618613884	17	0.000178551095227164	16	0.00118685655525076	::N-2-15::N-2-25::B-1-10::N3-19::B3-c-28::N3-13::N3-9::B-A02::B3-2-21::B3-7::N-2-21::N-1-4::B-2-25::B-3-1::B-2-15::	13
chr9	71932700	71996700	chr9_71932700	14	64000	0.0435494887010722	15	0.00742514618613884	12	1.21179186983338	::B-3-1::N-A05::N-A07::B-A05::B-A12::N-A12::N-1-7::B3-2::N3-13::B3-5::N-2-15::B3-11::B-2-14::B-1-6::	9
chr9	72023300	72087300	chr9_72023300	22	64000	6.18202100525656e-09	28	6.3772800472438e-15	23	6.8741000269865e-10	::N-B03::B-2-14::N-2-14::B3-12::B-1-6::N-A12::B-2-21::B3-2-21::N3-13::N-2-25::B-2-25::N-A05::B3-11::B-A05::B3-1-13::N3-1-13::N-1-6::B-2-15::B3-1::B-3-1::N-B05::B-3-4::	17
chr9	72301100	72365100	chr9_72301100	15	64000	0.00742514618613884	15	0.00742514618613884	10	24.4554439712519	::B3-10::N-2-25::B-2-25::B-2-23::N-2-23::B-B03::N3-15::N3-9::B3-9::N3-11::N3-16::N-2-15::B3-11::B3-12::B-2-15::	4
chr9	75039500	75103500	chr9_75039500	15	64000	0.00742514618613884	17	0.000178551095227164	14	0.0435494887010722	::N-2-15::B3-c-28::B-A07::B-B05::N-B05::B3-5::B-2-25::B-A02::B-A04::N-3-1::N3-11::B3-12::B-1-6::N3-8::N-2-25::	9
chr9	80073100	80137100	chr9_80073100	14	64000	0.0435494887010722	16	0.00118685655525076	14	0.0435494887010722	::N3-c-28::N3-16::B-3-1::B-2-21::B-A05::N-A07::B-A07::B-2-15::B3-7::N3-10::N-B03::N3-1::B3-10::B3-c-9::	9
chr9	82898700	82962700	chr9_82898700	15	64000	0.00742514618613884	18	2.53689925205377e-05	18	2.53689925205377e-05	::N-2-15::N-B03::B-2-15::B-1-6::B3-14::N-1-10::N3-19::N3-13::N-B05::B-1-7::N3-16::B-A05::B-2-21::B3-19::N-1-6::	11
chr9	88431200	88495200	chr9_88431200	17	64000	0.000178551095227164	21	5.31789735198075e-08	18	2.53689925205377e-05	::B-B05::B-A05::N-A05::B3-c-9::B-2-27::B-2-23::N3-2-21::B-2-14::N3-1::N-B05::B3-8::B-A10::B-A02::B-1-10::B-2-12::N-1-6::N-2-21::	12
chr9	100498900	100562900	chr9_100498900	18	64000	2.53689925205377e-05	20	4.366626417487e-07	16	0.00118685655525076	::N-A10::B3-19::N3-13::N-A02::B-A02::N3-8::B3-9::N-2-14::N3-9::N-1-7::B-1-6::B-A10::N-A07::B-A07::N3-5::B3-7::B3-1::B-A04::	10
chr9	107738000	107802000	chr9_107738000	21	64000	5.31789735198075e-08	24	7.32517176448202e-11	21	5.31789735198075e-08	::B3-13::B-A04::N-2-25::B-2-25::B-2-23::N-2-21::N3-11::B3-11::N3-4::B-A05::B-B03::N-A07::B-1-7::B3-5::B-1-4::N-1-7::B-A12::B3-16::B-2-15::N3-7::B3-4::	13
chr9	108602200	108666200	chr9_108602200	15	64000	0.00742514618613884	17	0.000178551095227164	14	0.0435494887010722	::B-2-23::B3-16::N-2-15::B3-c-9::N3-4::B3-4::N3-10::B3-21::N-2-23::B-A07::B-3-1::N-B03::B-1-7::N-1-7::N3-c-9::	9
chr9	110536700	110600700	chr9_110536700	27	64000	6.98200753239067e-14	38	4.4502858922888e-26	34	1.84285408306532e-21	::N-A12::N3-12::B3-14::B-3-4::B-1-7::B3-4::B-2-12::N-2-12::N-B05::B3-12::B-B05::N3-1::N-2-14::B-2-14::B-1-6::B-2-15::N-2-23::B-2-23::B3-19::B3-7::B-1-4::B-2-25::N-3-1::B3-15::B-A10::B-2-21::B3-1-13::	15
chr9	111116300	111180300	chr9_111116300	15	64000	0.00742514618613884	15	0.00742514618613884	15	0.00742514618613884	::B-2-15::B-2-25::N3-13::B-2-14::N-A12::B3-21::N-2-27::B-A07::B-A05::N-B05::B-A04::N3-8::N3-16::B3-1::N3-4::	10
chr9	115249600	115313600	chr9_115249600	15	64000	0.00742514618613884	16	0.00118685655525076	13	0.238395409869182	::N3-10::N-A10::B-A10::B-B05::N-B05::B3-7::B-2-25::N-B03::B3-19::N-3-1::N-A12::B3-4::N3-4::N-A07::N3-13::	8
chr9	123472900	123536900	chr9_123472900	15	64000	0.00742514618613884	15	0.00742514618613884	15	0.00742514618613884	::B3-2::N3-c-9::N3-1-13::N-2-15::B-1-7::B-2-21::N-1-6::N3-16::B3-c-14::N3-19::B-2-15::B-3-4::B-A05::B-B03::B-1-6::	6
chrUn_GL456366	5100	69100	chrUn_GL456366_5100	16	64000	0.00118685655525076	18	2.53689925205377e-05	14	0.0435494887010722	::B3-12::B3-19::B-2-25::N3-8::B3-11::B-A10::B-1-6::N3-2-21::B-2-15::B-3-4::N3-13::B3-c-14::N3-9::N-1-10::N3-1::N-A12::	9
chrUn_GL456389	800	64800	chrUn_GL456389_800	20	64000	4.366626417487e-07	24	7.32517176448202e-11	12	1.21179186983338	::N-3-1::N-2-21::B-2-14::N3-16::N-1-10::N3-13::N3-10::N3-19::N-2-15::N3-1::N3-4::N3-5::N-2-25::B-1-4::N3-11::B-A10::B-1-7::N-A12::N3-9::B-A04::	9
chrUn_GL456392	400	64400	chrUn_GL456392_400	14	64000	0.0435494887010722	18	2.53689925205377e-05	11	5.68585883918361	::N-2-15::N3-1::B-A10::N3-4::N3-16::N-A02::N-1-7::N3-10::N-2-23::N3-13::N-3-1::N-A05::B3-12::B-2-14::	12
chrUn_GL456393	200	64200	chrUn_GL456393_200	38	64000	4.4502858922888e-26	54	3.37754910839332e-46	44	2.45012519469736e-33	::B3-11::N-2-23::N-B03::N3-1::N3-8::N-A05::N-2-25::N3-10::N-A04::N3-21::N3-1-13::N3-19::N-3-4::N3-14::N3-2-21::N-2-15::B3-14::B-1-10::B-1-7::B3-7::N3-4::N-2-21::N-B05::N3-16::B3-15::N3-13::B-1-6::B-B05::B-2-21::B-3-1::N-1-7::B-A07::N3-c-28::B-A12::B3-21::B3-1::B-A04::N-1-6::	28
chrUn_GL456394	1000	65000	chrUn_GL456394_1000	27	64000	6.98200753239067e-14	37	6.61238757444143e-25	36	9.56636215856085e-24	::B3-14::B-1-10::B-1-7::B3-7::N3-4::N-2-21::N3-19::N-B05::N3-16::B3-15::N3-13::N-2-23::B-1-6::B-B05::B-2-21::N3-1::N-2-15::B-3-1::N-1-7::B-A07::N3-c-28::B-A12::N3-2-21::B3-21::B3-1::B-A04::N-1-6::	15
chrUn_GL456396	5600	69600	chrUn_GL456396_5600	29	64000	5.62406974540071e-16	37	6.61238757444143e-25	36	9.56636215856085e-24	::B3-14::B-1-10::B-1-7::B3-7::N3-4::N-2-21::N3-19::N-B05::N3-16::B3-15::N3-13::N-2-23::B-1-6::B-B05::B-2-21::N3-1::N-2-15::B-3-1::N-1-7::B-A07::N3-c-28::B-A12::N3-2-21::B3-21::B3-1::B-A04::N-1-6::B-2-15::N3-8::	15
chrUn_GL456396	5600	69600	chrUn_GL456396_5600	29	64000	5.62406974540071e-16	37	6.61238757444143e-25	36	9.56636215856085e-24	::B3-14::B-1-10::B-1-7::B3-7::N3-4::N-2-21::N3-19::N-B05::N3-16::B3-15::N3-13::N-2-23::B-1-6::B-B05::B-2-21::N3-1::N-2-15::B-3-1::N-1-7::B-A07::N3-c-28::B-A12::N3-2-21::B3-21::B3-1::B-A04::N-1-6::B-2-15::N3-8::	15
chrUn_JH584304	6500	70500	chrUn_JH584304_6500	21	64000	5.31789735198075e-08	28	6.3772800472438e-15	27	6.98200753239067e-14	::B3-15::N3-13::N-2-23::B-1-6::B-B05::B-2-21::N3-1::N3-16::N-2-15::B-3-1::N-1-7::B-A07::N3-c-28::B-A12::N3-2-21::B3-21::B3-1::B-A04::N-1-6::B-2-15::N3-8::	13
chrX	18170500	18234500	chrX_18170500	25	64000	7.49360869375945e-12	38	4.4502858922888e-26	28	6.3772800472438e-15	::N-A04::N-1-6::N3-8::B3-8::B-1-6::N-B03::B3-1::B3-15::N-A02::B-2-14::B3-19::B3-12::B-A05::B-A10::B3-7::N3-7::B3-5::N3-c-9::B3-c-9::B3-1-13::B3-2::B-A02::N-2-15::B-2-23::N3-c-14::	17
chrX	77595800	77659800	chrX_77595800	19	64000	3.41478076548669e-06	20	4.366626417487e-07	18	2.53689925205377e-05	::B3-12::B3-2-21::N-A05::B-2-14::N-2-14::B-A05::B-A10::N3-1-13::N-2-21::B-A07::N3-4::B3-4::B-B05::N3-19::B3-7::N-A02::B-3-1::B-2-15::B-1-9::	12
chrX	142758400	142822400	chrX_142758400	14	64000	0.0435494887010722	16	0.00118685655525076	11	5.68585883918361	::N3-11::B3-c-28::N3-19::N3-16::B-1-7::B-A02::N3-2-21::B-A05::B3-4::B3-16::N3-4::B3-2-21::B3-1::N-B05::	13
chrX	143432300	143496300	chrX_143432300	36	64000	9.56636215856085e-24	65	2.89424117172903e-61	3	20667.8301967109	::B-2-21::N3-4::N-3-4::N3-10::N-2-14::N-3-1::N-2-15::N3-1::N-2-12::N-2-27::N3-11::N3-16::N3-8::N3-12::N-2-21::N3-19::N3-13::N-2-23::N3-21::N-2-25::N3-c-14::N-A12::N-B03::N-1-6::N-A04::B3-7::N-A10::B3-1::B-3-4::N3-1-13::N-A02::N3-15::N3-c-9::N-B05::N3-14::N3-7::	50
chrX	151808100	151872100	chrX_151808100	21	64000	5.31789735198075e-08	26	7.37107567900123e-13	22	6.18202100525656e-09	::B-2-27::B-A10::B3-9::N3-7::B-1-6::B3-2-21::N-2-27::N-A12::N3-11::N-A10::N-3-4::B-A02::N-2-23::B-2-23::N-A02::N3-19::B-2-25::N3-2-21::B3-21::B3-1-13::B-2-15::	10
