chr10	7716700	7786700	chr10_7716700	6	70000	0.0481578565187455	6	0.0481578565187455	4	9.25067407590866	::B3-2-21::N3-7::B3-1-15::B-A03::B-A08::B-B02::	2
chr10	42767500	42837500	chr10_42767500	12	70000	2.75745066163985e-10	12	2.75745066163985e-10	8	0.000134305607205881	::B-2-25::N-2-25::B-A11::N-A11::N-B02::B3-12::N3-6::N3-18::B3-18::B-2-21::N-A07::B-A07::	6
chr10	43649000	43719000	chr10_43649000	6	70000	0.0481578565187455	6	0.0481578565187455	4	9.25067407590866	::N3-6::B-B07::N-B02::B3-1-15::B-A03::B-A08::	0
chr10	63299400	63369400	chr10_63299400	6	70000	0.0481578565187455	8	0.000134305607205881	5	0.731157412476373	::N3-9::B3-9::N3-1-15::B3-1-15::N-A03::B-A03::	5
chr10	67214600	67284600	chr10_67214600	6	70000	0.0481578565187455	6	0.0481578565187455	4	9.25067407590866	::B-B07::N3-8::B3-8::N-A02::B-A02::B3-c-14::	1
chr10	80227800	80297800	chr10_80227800	6	70000	0.0481578565187455	6	0.0481578565187455	4	9.25067407590866	::B-B03::B3-1-2::N3-1-2::N3-15::B3-15::B3-9::	4
chr10	93008000	93078000	chr10_93008000	6	70000	0.0481578565187455	6	0.0481578565187455	1	3597.17931031478	::N3-1::N3-10::N3-13::B3-10::B3-13::B3-1::	0
chr10	93172800	93242800	chr10_93172800	8	70000	0.000134305607205881	9	5.89738046474165e-06	7	0.00271879598593281	::B3-12::B3-3::N3-3::N-2-21::B-2-21::B-1-2::B3-5::N3-c-14::	5
chr10	108173700	108243700	chr10_108173700	11	70000	8.373007590199e-09	12	2.75745066163985e-10	7	0.00271879598593281	::N-B04::N-A04::N3-1-5::N3-1-15::N-A03::B3-2-22::B-B10::N3-5::N-A08::B-A03::N-1-6::	7
chr10	117339600	117409600	chr10_117339600	7	70000	0.00271879598593281	7	0.00271879598593281	6	0.0481578565187455	::N3-8::B3-7::B-B09::B-A10::N-B10::B-B10::B-1-10::	2
chr10	121584500	121654500	chr10_121584500	6	70000	0.0481578565187455	6	0.0481578565187455	2	710.787207278449	::N-A12::B-A12::N3-21::N-3-4::B3-21::B-3-4::	0
chr10	123134500	123204500	chr10_123134500	6	70000	0.0481578565187455	6	0.0481578565187455	4	9.25067407590866	::N3-c-28::N3-4::N3-16::B3-5::B3-11::N3-11::	5
chr10	128065100	128135100	chr10_128065100	6	70000	0.0481578565187455	6	0.0481578565187455	3	93.6323362367101	::B3-c-9::N-1-2::B-B07::B3-1-2::N3-1-2::N-B07::	4
chr11	3190500	3260500	chr11_3190500	8	70000	0.000134305607205881	8	0.000134305607205881	4	9.25067407590866	::B3-14::B-A08::N-A08::B3-12::N3-13::N3-10::B3-10::B3-13::	3
chr11	20056700	20126700	chr11_20056700	8	70000	0.000134305607205881	9	5.89738046474165e-06	6	0.0481578565187455	::B-A05::B3-1-11::B-B02::N3-1-11::B3-7::N3-2-2::N-A01::B-A01::	5
chr11	21096000	21166000	chr11_21096000	7	70000	0.00271879598593281	7	0.00271879598593281	5	0.731157412476373	::N3-2-21::B3-2-21::B-1-10::N3-9::B3-9::B-B10::N3-11::	3
chr11	29174600	29244600	chr11_29174600	10	70000	2.33059418460037e-07	10	2.33059418460037e-07	8	0.000134305607205881	::N3-19::B3-19::N-2-12::B-2-21::B-1-4::B3-7::B3-2::N3-2::B3-c-28::N3-14::	5
chr11	35789800	35859800	chr11_35789800	6	70000	0.0481578565187455	8	0.000134305607205881	6	0.0481578565187455	::B-A04::B-2-9::N-A04::B-B10::N-B10::B3-1::	4
chr11	52365800	52435800	chr11_52365800	6	70000	0.0481578565187455	6	0.0481578565187455	3	93.6323362367101	::N3-10::N-B02::B3-8::B3-11::N3-11::N3-8::	6
chr11	69597100	69667100	chr11_69597100	8	70000	0.000134305607205881	10	2.33059418460037e-07	5	0.731157412476373	::N3-3::B3-7::N3-1-2::N-B07::B3-1-2::B-B07::N-B03::B-B03::	1
chr11	74675700	74745700	chr11_74675700	8	70000	0.000134305607205881	8	0.000134305607205881	3	93.6323362367101	::B-1-10::N-3-1::B-3-1::N-B07::N3-1-2::N-1-4::B3-1-2::B-B07::	0
chr11	76785800	76855800	chr11_76785800	7	70000	0.00271879598593281	8	0.000134305607205881	5	0.731157412476373	::B3-2-37::B-1-10::B-1-9::B-1-4::B3-c-9::N3-21::N-2-27::	6
chr11	77693300	77763300	chr11_77693300	6	70000	0.0481578565187455	6	0.0481578565187455	4	9.25067407590866	::N-A04::B3-c-10::N3-c-10::N-B03::N-A02::B-A02::	4
chr11	79376200	79446200	chr11_79376200	11	70000	8.373007590199e-09	15	6.23401206205347e-15	10	2.33059418460037e-07	::B-2-23::B-1-7::N-1-7::N-2-23::N3-c-28::N3-c-9::B-A05::N-A05::B3-19::B-A11::N-A11::	8
chr11	86295700	86365700	chr11_86295700	8	70000	0.000134305607205881	8	0.000134305607205881	4	9.25067407590866	::N3-c-10::B3-9::N3-9::N3-1-11::N-B02::B-B02::B3-1-11::B3-1-3::	2
chr11	86693000	86763000	chr11_86693000	10	70000	2.33059418460037e-07	10	2.33059418460037e-07	8	0.000134305607205881	::B-2-25::N-1-7::B3-3::B-A04::N-A04::B-2-26::N3-4::B3-4::N-B11::B3-c-9::	6
chr11	88050600	88120600	chr11_88050600	7	70000	0.00271879598593281	7	0.00271879598593281	4	9.25067407590866	::B3-c-9::B3-15::N3-15::N-B08::B-B08::N3-3::B3-3::	3
chr11	88528300	88598300	chr11_88528300	10	70000	2.33059418460037e-07	10	2.33059418460037e-07	6	0.0481578565187455	::N-B10::B-1-2::B-A03::B-A08::B3-1-15::N-A03::N3-1-15::B-2-25::N-1-2::N-2-15::	7
chr11	94029900	94099900	chr11_94029900	6	70000	0.0481578565187455	6	0.0481578565187455	4	9.25067407590866	::N-1-10::N3-c-28::N3-1-13::B3-1-13::N-B09::B-B09::	2
chr11	94267200	94337200	chr11_94267200	7	70000	0.00271879598593281	7	0.00271879598593281	4	9.25067407590866	::B3-c-10::B-1-6::N-B02::N-1-6::B-2-27::N-2-27::B-2-12::	6
chr11	95439000	95509000	chr11_95439000	7	70000	0.00271879598593281	8	0.000134305607205881	5	0.731157412476373	::B-A04::B3-1-11::N3-1-11::N-B02::B-B02::N-A04::N-2-15::	4
chr11	100900900	100970900	chr11_100900900	9	70000	5.89738046474165e-06	9	5.89738046474165e-06	7	0.00271879598593281	::B-A10::N3-c-9::B3-2-22::B3-11::N3-11::N3-3::B-B07::B-A11::N-A11::	7
chr11	104372000	104442000	chr11_104372000	16	70000	1.5397675655969e-16	18	7.85866478144126e-20	13	8.38246810761283e-12	::B-3-1::B-2-12::N-2-12::N3-c-14::N3-7::N-2-25::N-2-14::B3-c-14::B-1-6::B-3-4::B3-21::N-3-4::N3-21::B-1-4::B3-3::N3-3::	11
chr11	105188000	105258000	chr11_105188000	7	70000	0.00271879598593281	7	0.00271879598593281	5	0.731157412476373	::B3-c-14::N-A08::B-B03::N-B03::N-A01::B-2-27::N-2-27::	5
chr11	106862400	106932400	chr11_106862400	8	70000	0.000134305607205881	9	5.89738046474165e-06	8	0.000134305607205881	::B-2-23::B-B04::B3-1-5::N-A10::N3-c-10::B3-c-10::N3-2-22::B3-c-28::	7
chr11	106993200	107063200	chr11_106993200	6	70000	0.0481578565187455	6	0.0481578565187455	5	0.731157412476373	::B-A05::B3-11::B3-8::N-B07::B-1-2::N3-14::	3
chr11	108242500	108312500	chr11_108242500	6	70000	0.0481578565187455	6	0.0481578565187455	5	0.731157412476373	::N-2-21::N3-5::B3-5::N3-12::N3-2-36::B-1-4::	2
chr11	115530000	115600000	chr11_115530000	7	70000	0.00271879598593281	7	0.00271879598593281	3	93.6323362367101	::B3-21::B-3-4::N3-21::N-3-4::N-B03::B-B03::B3-16::	4
chr11	118224600	118294600	chr11_118224600	6	70000	0.0481578565187455	6	0.0481578565187455	4	9.25067407590866	::N3-5::B3-7::N3-7::N3-9::B3-9::B3-5::	3
chr11	120209900	120279900	chr11_120209900	6	70000	0.0481578565187455	6	0.0481578565187455	5	0.731157412476373	::B-1-10::B-1-7::B3-c-10::N-B07::B3-4::N3-4::	5
chr11	120975300	121045300	chr11_120975300	7	70000	0.00271879598593281	7	0.00271879598593281	3	93.6323362367101	::N3-8::N3-11::B3-8::B3-11::B-B10::N-B10::B-1-7::	3
chr12	3440200	3510200	chr12_3440200	8	70000	0.000134305607205881	8	0.000134305607205881	6	0.0481578565187455	::B3-c-9::N-A04::B-A04::B-1-2::B-1-4::B-B09::B-B10::N-B10::	3
chr12	8676400	8746400	chr12_8676400	7	70000	0.00271879598593281	7	0.00271879598593281	6	0.0481578565187455	::N3-c-28::B3-3::B3-14::B-2-23::N-3-1::B-3-1::B-B07::	3
chr12	8921200	8991200	chr12_8921200	10	70000	2.33059418460037e-07	10	2.33059418460037e-07	7	0.00271879598593281	::N-1-2::B-1-2::N3-1-2::N-B09::B3-14::N3-14::B-A01::N-1-10::N3-2-7::B3-2-7::	4
chr12	17517100	17587100	chr12_17517100	7	70000	0.00271879598593281	7	0.00271879598593281	1	3597.17931031478	::N3-14::N3-2-37::N-1-4::N3-5::N3-7::N-1-10::N-1-9::	7
chr12	21287400	21357400	chr12_21287400	7	70000	0.00271879598593281	7	0.00271879598593281	2	710.787207278449	::B3-1-15::B-A08::B-A03::N3-1-15::N-A03::N-A08::B3-9::	6
chr12	83638000	83708000	chr12_83638000	8	70000	0.000134305607205881	8	0.000134305607205881	4	9.25067407590866	::N-B05::B-B05::B-A12::N-A12::N-A07::B-A07::B3-1-11::N3-1-11::	4
chr12	101002800	101072800	chr12_101002800	6	70000	0.0481578565187455	6	0.0481578565187455	4	9.25067407590866	::B-A11::N3-7::B-1-7::N-1-7::B3-6::N3-6::	4
chr12	105758800	105828800	chr12_105758800	8	70000	0.000134305607205881	8	0.000134305607205881	6	0.0481578565187455	::B-B07::B3-2::N3-2-2::N3-2-7::B3-2-7::B-B05::N-B05::B3-c-28::	2
chr13	3562500	3632500	chr13_3562500	9	70000	5.89738046474165e-06	9	5.89738046474165e-06	6	0.0481578565187455	::N-2-21::B-2-21::B3-1-15::B-A03::N3-2::B3-8::B3-11::N3-14::B-1-10::	2
chr13	9101600	9171600	chr13_9101600	9	70000	5.89738046474165e-06	9	5.89738046474165e-06	4	9.25067407590866	::B-2-23::N3-19::B3-19::N3-1-15::N-A03::B-A03::B3-1-15::B-A08::N-1-10::	2
chr13	14067000	14137000	chr13_14067000	7	70000	0.00271879598593281	7	0.00271879598593281	6	0.0481578565187455	::B3-7::N-B02::B-2-25::N3-12::B3-12::N-A12::B3-5::	1
chr13	17697500	17767500	chr13_17697500	6	70000	0.0481578565187455	7	0.00271879598593281	4	9.25067407590866	::B3-12::B3-14::N3-14::B3-8::N3-8::N3-c-32::	7
chr13	34882800	34952800	chr13_34882800	6	70000	0.0481578565187455	6	0.0481578565187455	3	93.6323362367101	::N3-21::N-3-4::B3-21::B-3-4::N-1-6::N-B10::	1
chr13	43402400	43472400	chr13_43402400	11	70000	8.373007590199e-09	12	2.75745066163985e-10	6	0.0481578565187455	::B-2-14::N-2-14::B3-19::N3-19::N-A12::B-A12::B3-11::B3-8::N3-8::N3-11::N-A03::	8
chr13	44821000	44891000	chr13_44821000	6	70000	0.0481578565187455	6	0.0481578565187455	6	0.0481578565187455	::N-A07::N3-6::B3-12::N-B07::N3-18::B3-14::	1
chr13	46685100	46755100	chr13_46685100	8	70000	0.000134305607205881	8	0.000134305607205881	7	0.00271879598593281	::B3-2-22::B-B10::N-B10::N3-2-2::B-3-4::B3-5::B-A08::B-1-7::	6
chr13	63263000	63333000	chr13_63263000	6	70000	0.0481578565187455	6	0.0481578565187455	4	9.25067407590866	::B-2-12::B-A11::N-A11::N3-3::N-A02::B-A02::	3
chr13	85207300	85277300	chr13_85207300	11	70000	8.373007590199e-09	13	8.38246810761283e-12	10	2.33059418460037e-07	::N3-c-10::N3-2::N-B03::B-B03::N-1-10::B3-15::N3-15::N-A05::B-A05::B-B10::N3-14::	9
chr13	94600200	94670200	chr13_94600200	11	70000	8.373007590199e-09	11	8.373007590199e-09	1	3597.17931031478	::N-2-14::N3-18::N-B03::N-A04::N-3-4::N3-3::N-2-23::N3-2-2::N3-4::N3-16::N3-2::	11
chr13	103791800	103861800	chr13_103791800	8	70000	0.000134305607205881	9	5.89738046474165e-06	7	0.00271879598593281	::N-B02::B3-5::N-1-10::N3-c-9::B-A02::N3-1-15::B3-1-15::B-A03::	3
chr14	19415800	19485800	chr14_19415800	6	70000	0.0481578565187455	7	0.00271879598593281	6	0.0481578565187455	::N3-6::N-1-10::N3-1-11::N3-12::N-2-21::B3-2::	2
chr14	20679500	20749500	chr14_20679500	8	70000	0.000134305607205881	9	5.89738046474165e-06	6	0.0481578565187455	::N-B05::B-B05::B3-5::B3-c-10::N3-c-14::B3-c-14::N-2-25::B-2-25::	2
chr14	31041300	31111300	chr14_31041300	6	70000	0.0481578565187455	6	0.0481578565187455	5	0.731157412476373	::B-B11::B3-c-10::N3-c-10::B3-12::N3-1-13::B3-1-13::	1
chr14	34429500	34499500	chr14_34429500	7	70000	0.00271879598593281	7	0.00271879598593281	5	0.731157412476373	::B-2-21::B-B08::N-B08::B-2-14::N-A02::B-A02::B-1-4::	5
chr14	52171500	52241500	chr14_52171500	6	70000	0.0481578565187455	6	0.0481578565187455	4	9.25067407590866	::N3-21::B3-1-13::B-A07::N-A07::N-1-10::B3-c-28::	5
chr14	55579200	55649200	chr14_55579200	7	70000	0.00271879598593281	7	0.00271879598593281	3	93.6323362367101	::N3-10::N3-13::B3-13::B3-10::B-B08::N-B08::B3-c-14::	3
chr14	56714700	56784700	chr14_56714700	6	70000	0.0481578565187455	6	0.0481578565187455	3	93.6323362367101	::B3-c-9::B-2-23::B-B07::B3-1-2::N-B07::N3-1-2::	5
chr14	61367700	61437700	chr14_61367700	6	70000	0.0481578565187455	6	0.0481578565187455	4	9.25067407590866	::B-3-1::B-A08::B-B03::N-B03::B-1-6::N-1-6::	5
chr14	67004500	67074500	chr14_67004500	10	70000	2.33059418460037e-07	10	2.33059418460037e-07	6	0.0481578565187455	::N3-9::B3-9::N3-1-13::B-B02::N3-7::N3-8::N3-11::B3-8::B3-11::B-1-10::	2
chr14	73216200	73286200	chr14_73216200	16	70000	1.5397675655969e-16	19	1.63456680361835e-21	13	8.38246810761283e-12	::B3-1-15::N3-1-15::N-B02::B-B11::N-B11::N-A03::N-A08::N3-19::B-B02::B3-12::B3-8::N3-8::B3-c-14::B3-c-10::N3-c-10::N-A01::	16
chr15	12119700	12189700	chr15_12119700	6	70000	0.0481578565187455	6	0.0481578565187455	5	0.731157412476373	::N3-14::B3-c-32::B3-2-36::B-B08::N-B02::N3-2-21::	3
chr15	37985500	38055500	chr15_37985500	8	70000	0.000134305607205881	8	0.000134305607205881	5	0.731157412476373	::N3-5::B-3-1::N-3-1::B3-10::B-A01::N-A01::B-B04::B3-1-5::	7
chr15	50718900	50788900	chr15_50718900	6	70000	0.0481578565187455	6	0.0481578565187455	5	0.731157412476373	::N3-15::N-1-2::B3-14::B-B09::B-3-1::N-3-1::	5
chr15	51837400	51907400	chr15_51837400	6	70000	0.0481578565187455	6	0.0481578565187455	4	9.25067407590866	::N-2-21::N-3-1::B-3-1::N-2-9::N-B05::B-B05::	1
chr15	51968100	52038100	chr15_51968100	6	70000	0.0481578565187455	6	0.0481578565187455	4	9.25067407590866	::B-1-10::B-B03::N-B03::N3-3::B3-9::N3-9::	6
chr15	73113100	73183100	chr15_73113100	14	70000	2.36619964951269e-13	17	3.57942904178959e-18	7	0.00271879598593281	::N3-3::B3-3::N3-1::N3-13::N3-10::B3-10::B3-1::B3-13::B-1-6::N-1-6::B3-19::N3-19::B-A08::N-A08::	4
chr15	76116500	76186500	chr15_76116500	6	70000	0.0481578565187455	6	0.0481578565187455	2	710.787207278449	::B-B04::B3-1-5::N3-1-5::N-B04::B3-1::N3-1::	6
chr15	77116200	77186200	chr15_77116200	8	70000	0.000134305607205881	8	0.000134305607205881	5	0.731157412476373	::B3-2-7::N3-2-7::N-A10::B-A10::N3-2-21::N-B07::B-B07::N3-7::	3
chr15	77225200	77295200	chr15_77225200	7	70000	0.00271879598593281	8	0.000134305607205881	5	0.731157412476373	::B3-1-15::N3-c-28::N-3-4::B-A04::B-A03::N3-1-15::N-A03::	6
chr15	80848600	80918600	chr15_80848600	6	70000	0.0481578565187455	6	0.0481578565187455	4	9.25067407590866	::B-A11::B3-13::B3-10::N3-c-28::N3-1-5::N-B04::	2
chr15	82146300	82216300	chr15_82146300	6	70000	0.0481578565187455	6	0.0481578565187455	5	0.731157412476373	::N3-2-22::B3-2-22::B-A08::N3-6::N-1-10::B3-7::	1
chr15	96407000	96477000	chr15_96407000	8	70000	0.000134305607205881	9	5.89738046474165e-06	6	0.0481578565187455	::B3-c-14::B-2-14::N-2-14::B3-c-32::B3-2-36::B3-9::N3-9::B-1-10::	7
chr15	100143000	100213000	chr15_100143000	6	70000	0.0481578565187455	6	0.0481578565187455	5	0.731157412476373	::N-B11::B3-c-9::B-B09::N-B09::N3-21::N3-c-14::	5
chr15	101194000	101264000	chr15_101194000	6	70000	0.0481578565187455	6	0.0481578565187455	3	93.6323362367101	::B3-1-15::B-A03::N3-1-15::N-A03::B3-7::B-A08::	4
chr15	102030000	102100000	chr15_102030000	8	70000	0.000134305607205881	8	0.000134305607205881	6	0.0481578565187455	::B3-2-22::N3-10::N3-13::B3-5::B-1-4::N3-3::B3-3::B-2-26::	3
chr15	103190500	103260500	chr15_103190500	8	70000	0.000134305607205881	8	0.000134305607205881	6	0.0481578565187455	::B3-9::N3-9::B-2-21::N3-2-2::B3-2-2::N-B09::N3-c-9::B-B11::	3
chr16	4489900	4559900	chr16_4489900	6	70000	0.0481578565187455	6	0.0481578565187455	1	3597.17931031478	::B3-10::B3-1::B3-13::N3-13::N3-1::N3-10::	6
chr16	4561600	4631600	chr16_4561600	6	70000	0.0481578565187455	6	0.0481578565187455	2	710.787207278449	::N-B10::B-B10::N3-16::N3-4::B3-16::B3-4::	0
chr16	8700500	8770500	chr16_8700500	7	70000	0.00271879598593281	7	0.00271879598593281	4	9.25067407590866	::N-1-2::B-1-2::B-A01::B3-2-22::N3-2-22::B-2-17::N-2-17::	5
chr16	17461100	17531100	chr16_17461100	8	70000	0.000134305607205881	8	0.000134305607205881	7	0.00271879598593281	::N3-c-28::B3-c-28::N3-c-14::B3-8::N3-8::N3-3::B3-2-22::N3-2-22::	4
chr16	31999600	32069600	chr16_31999600	6	70000	0.0481578565187455	6	0.0481578565187455	4	9.25067407590866	::N3-7::B-B05::N-B05::N-3-4::B-3-4::B-B10::	4
chr16	33392500	33462500	chr16_33392500	8	70000	0.000134305607205881	8	0.000134305607205881	5	0.731157412476373	::B3-1-13::N3-16::B3-16::N-A12::B-A12::N-A05::N3-4::B3-4::	1
chr16	43450000	43520000	chr16_43450000	6	70000	0.0481578565187455	6	0.0481578565187455	3	93.6323362367101	::B3-10::B3-13::N3-10::N3-13::N3-c-14::N-B02::	5
chr16	94596900	94666900	chr16_94596900	9	70000	5.89738046474165e-06	9	5.89738046474165e-06	7	0.00271879598593281	::B3-5::B-1-2::N-1-2::B-A04::N3-2-2::N3-9::B3-9::N-B02::B-1-10::	5
chr17	5075000	5145000	chr17_5075000	7	70000	0.00271879598593281	7	0.00271879598593281	6	0.0481578565187455	::N-2-15::N-B08::B3-1::N-A02::B-A02::N3-6::N-3-1::	2
chr17	5202500	5272500	chr17_5202500	6	70000	0.0481578565187455	6	0.0481578565187455	6	0.0481578565187455	::N-A04::B-1-4::N-B11::B3-5::N3-3::B3-7::	1
chr17	10232100	10302100	chr17_10232100	10	70000	2.33059418460037e-07	10	2.33059418460037e-07	8	0.000134305607205881	::N-A04::B-A04::B3-14::N3-c-9::N-A10::N3-17::B3-17::B-B08::N3-14::B-2-26::	2
chr17	12920100	12990100	chr17_12920100	6	70000	0.0481578565187455	6	0.0481578565187455	5	0.731157412476373	::N3-1-13::B3-c-9::B-A04::N3-17::B3-17::B-3-1::	3
chr17	25884000	25954000	chr17_25884000	9	70000	5.89738046474165e-06	9	5.89738046474165e-06	3	93.6323362367101	::B3-7::B-B07::B3-1-2::N-B07::N3-1-2::N3-10::N3-13::B3-10::B3-13::	5
chr17	26652200	26722200	chr17_26652200	6	70000	0.0481578565187455	6	0.0481578565187455	4	9.25067407590866	::B3-2::N3-2::B-2-23::N-B07::N-B11::B-B11::	3
chr17	30006600	30076600	chr17_30006600	8	70000	0.000134305607205881	8	0.000134305607205881	3	93.6323362367101	::B-3-4::B3-21::N3-21::N-3-4::N3-9::B3-9::B3-1-3::N3-1-3::	6
chr17	32210700	32280700	chr17_32210700	12	70000	2.75745066163985e-10	12	2.75745066163985e-10	7	0.00271879598593281	::B-2-21::B3-9::N3-9::N3-c-10::B-A10::N3-12::B-2-17::N-2-17::B3-13::B3-10::N3-10::N3-13::	8
chr17	33660500	33730500	chr17_33660500	9	70000	5.89738046474165e-06	9	5.89738046474165e-06	4	9.25067407590866	::B3-c-10::B-2-23::N-2-23::N3-21::N-3-4::B-3-4::B3-21::B-B10::N-B10::	5
chr17	74533800	74603800	chr17_74533800	6	70000	0.0481578565187455	6	0.0481578565187455	6	0.0481578565187455	::N-A11::N3-2-21::B3-5::N-B05::B3-11::N3-1::	4
chr18	7873900	7943900	chr18_7873900	10	70000	2.33059418460037e-07	11	8.373007590199e-09	9	5.89738046474165e-06	::N3-7::B-A10::N-A10::N-3-1::B-1-7::N3-15::B3-15::N-1-2::B3-17::B3-1::	4
chr18	12146200	12216200	chr18_12146200	6	70000	0.0481578565187455	6	0.0481578565187455	4	9.25067407590866	::B-B09::N-B09::B3-c-28::B3-c-9::N3-c-9::N3-12::	6
chr18	31767200	31837200	chr18_31767200	8	70000	0.000134305607205881	8	0.000134305607205881	4	9.25067407590866	::B3-1-13::N-1-7::N3-8::N3-11::B3-8::B3-11::N3-18::B3-18::	1
chr18	34251700	34321700	chr18_34251700	8	70000	0.000134305607205881	9	5.89738046474165e-06	7	0.00271879598593281	::N-B03::N3-1-13::B3-11::B3-c-32::N-A07::N-A05::N-B02::B-B02::	4
chr18	35156600	35226600	chr18_35156600	6	70000	0.0481578565187455	6	0.0481578565187455	4	9.25067407590866	::N-A08::B-A08::B-2-25::N-2-25::N-B10::N3-2-22::	3
chr18	35556000	35626000	chr18_35556000	9	70000	5.89738046474165e-06	9	5.89738046474165e-06	7	0.00271879598593281	::N3-c-28::B3-7::B-A10::N-A10::B-A01::N-A01::B3-c-10::N-1-4::N-B03::	8
chr18	35789000	35859000	chr18_35789000	6	70000	0.0481578565187455	7	0.00271879598593281	5	0.731157412476373	::N3-2-7::B3-2-7::B3-1::B3-5::N-A08::N-B11::	2
chr18	38422200	38492200	chr18_38422200	7	70000	0.00271879598593281	7	0.00271879598593281	5	0.731157412476373	::N3-6::N-A01::B-A01::B-1-10::B-A10::B-A12::N-A12::	4
chr18	61566900	61636900	chr18_61566900	8	70000	0.000134305607205881	8	0.000134305607205881	3	93.6323362367101	::N-A02::B-A02::N3-1-2::N-B07::B3-1-2::B-B07::N-2-26::B-2-26::	0
chr18	73578000	73648000	chr18_73578000	8	70000	0.000134305607205881	8	0.000134305607205881	5	0.731157412476373	::B3-2-22::N3-2-22::N-1-2::B-2-12::N-2-12::B-1-7::N-A12::B-A12::	6
chr19	3460500	3530500	chr19_3460500	13	70000	8.38246810761283e-12	13	8.38246810761283e-12	12	2.75745066163985e-10	::N3-c-9::B3-5::N-B10::N-B05::N3-12::N-A10::B-A10::B-B03::B3-c-9::N3-16::B-1-10::N-2-21::B-1-4::	6
chr19	4350100	4420100	chr19_4350100	7	70000	0.00271879598593281	7	0.00271879598593281	5	0.731157412476373	::B3-4::B3-16::B3-1-3::N3-1-3::N-B11::B-2-25::N3-1-5::	5
chr19	7284500	7354500	chr19_7284500	8	70000	0.000134305607205881	8	0.000134305607205881	7	0.00271879598593281	::N-A08::N3-1-5::B3-1-5::N3-1-13::N3-2-22::B3-2-22::N3-14::N3-3::	4
chr19	11916100	11986100	chr19_11916100	8	70000	0.000134305607205881	8	0.000134305607205881	5	0.731157412476373	::N3-c-9::B3-14::B-B04::B3-1-5::B-2-9::N-2-9::B-B02::N-B02::	5
chr19	21660000	21730000	chr19_21660000	7	70000	0.00271879598593281	7	0.00271879598593281	5	0.731157412476373	::N3-1-11::B3-1-11::B3-1-3::N3-1-3::B-1-4::N-B02::N-A08::	3
chr19	30071000	30141000	chr19_30071000	6	70000	0.0481578565187455	6	0.0481578565187455	4	9.25067407590866	::N-B09::N-A10::B-A10::N3-10::N3-13::N3-1-3::	1
chr2	18120200	18190200	chr2_18120200	10	70000	2.33059418460037e-07	10	2.33059418460037e-07	6	0.0481578565187455	::B3-2-2::B3-c-9::N-2-17::B-2-17::N-A03::N3-6::B-B07::B3-1-2::N-B07::N3-1-2::	6
chr2	31737400	31807400	chr2_31737400	10	70000	2.33059418460037e-07	10	2.33059418460037e-07	6	0.0481578565187455	::N-A04::B-A04::B3-2-22::N3-2-22::N-B10::B-B10::N3-4::N-2-12::B-2-12::N-B02::	4
chr2	48816400	48886400	chr2_48816400	6	70000	0.0481578565187455	6	0.0481578565187455	4	9.25067407590866	::B3-c-10::B-A12::N-A12::B-A11::N-A11::B3-7::	5
chr2	49448400	49518400	chr2_49448400	10	70000	2.33059418460037e-07	10	2.33059418460037e-07	9	5.89738046474165e-06	::B3-7::B3-c-10::N3-2-22::N-A11::N3-8::N3-c-9::B-A01::B-B08::N-B08::N-3-4::	6
chr2	59245300	59315300	chr2_59245300	6	70000	0.0481578565187455	6	0.0481578565187455	2	710.787207278449	::B3-11::B3-8::N3-8::N3-11::N-A05::B-A05::	4
chr2	72921700	72991700	chr2_72921700	7	70000	0.00271879598593281	7	0.00271879598593281	7	0.00271879598593281	::N3-c-28::B-2-21::B3-7::B-2-17::B3-9::B3-19::B-A01::	4
chr2	75603400	75673400	chr2_75603400	8	70000	0.000134305607205881	8	0.000134305607205881	3	93.6323362367101	::N3-2-22::B-2-25::B3-10::B3-1::B3-13::N3-13::N3-1::N3-10::	8
chr2	98603100	98673100	chr2_98603100	52	70000	1.22038479123566e-85	107	5.35653085788788e-212	20	3.22983391493008e-23	::N-A08::N3-14::N-B05::N-B10::N3-7::N3-1-13::N3-8::N-A10::N3-18::N3-1-15::N3-17::N3-c-14::N-B09::N-2-17::N-A01::N-B02::N3-4::N3-2-2::N3-2-22::N-1-10::N-A11::N-B07::N-2-15::N-1-2::N3-1-3::N3-1-11::N3-11::N3-12::N3-5::N3-10::N-B03::N3-21::N3-c-9::N3-1::N3-13::N3-19::N-1-7::N3-2-36::N3-15::N-B08::N3-1-2::N-2-23::N-3-1::N-2-21::N-B11::N-A03::B-1-10::N-1-4::N-A04::B3-11::N3-c-10::B3-14::	46
chr2	102824800	102894800	chr2_102824800	6	70000	0.0481578565187455	6	0.0481578565187455	5	0.731157412476373	::B-A02::N-2-14::B-2-14::N-B10::N-A10::N-2-21::	2
chr2	103763600	103833600	chr2_103763600	7	70000	0.00271879598593281	7	0.00271879598593281	6	0.0481578565187455	::N-1-2::B-1-2::N3-12::N-A07::N-2-15::B3-c-10::N3-14::	2
chr2	117126100	117196100	chr2_117126100	7	70000	0.00271879598593281	7	0.00271879598593281	6	0.0481578565187455	::B3-19::N-2-23::B-2-23::B-A08::B-B10::B-A02::N-3-1::	1
chr2	153355300	153425300	chr2_153355300	9	70000	5.89738046474165e-06	9	5.89738046474165e-06	6	0.0481578565187455	::N3-1-11::N-2-27::B-2-27::N3-14::B-A12::N-A12::N3-12::B-A04::N-A04::	4
chr2	154812000	154882000	chr2_154812000	10	70000	2.33059418460037e-07	10	2.33059418460037e-07	8	0.000134305607205881	::B3-9::B3-14::B-B02::N-A05::B3-12::B3-c-10::N-A07::B-A07::B3-2-21::N3-2-21::	4
chr2	155352800	155422800	chr2_155352800	7	70000	0.00271879598593281	7	0.00271879598593281	4	9.25067407590866	::N-3-4::N-3-1::N-2-27::B-2-27::N3-21::B3-21::B-3-4::	0
chr2	156093600	156163600	chr2_156093600	7	70000	0.00271879598593281	7	0.00271879598593281	4	9.25067407590866	::N-B02::N-1-2::B-1-2::B-2-14::N-2-14::N3-c-14::B3-c-14::	3
chr2	160678100	160748100	chr2_160678100	9	70000	5.89738046474165e-06	12	2.75745066163985e-10	9	5.89738046474165e-06	::B3-12::B3-14::N3-14::N-A08::B-A04::N-A04::B3-2-2::N3-2-2::N-B03::	10
chr2	161035000	161105000	chr2_161035000	8	70000	0.000134305607205881	8	0.000134305607205881	7	0.00271879598593281	::N-B03::B-A01::N-A01::N-B02::B3-9::N3-9::N3-1-11::N3-12::	5
chr2	163170500	163240500	chr2_163170500	6	70000	0.0481578565187455	6	0.0481578565187455	3	93.6323362367101	::B3-1::B3-6::N3-16::N3-4::B3-16::B3-4::	1
chr2	165832600	165902600	chr2_165832600	10	70000	2.33059418460037e-07	10	2.33059418460037e-07	5	0.731157412476373	::B3-9::N3-9::B-2-27::B3-1-13::B-A07::N-2-27::N-A07::B-1-10::B-1-7::B3-1-2::	9
chr2	166001500	166071500	chr2_166001500	6	70000	0.0481578565187455	6	0.0481578565187455	4	9.25067407590866	::B-3-1::B-2-21::B-A02::N-A02::B3-9::N3-9::	5
chr2	168177200	168247200	chr2_168177200	8	70000	0.000134305607205881	8	0.000134305607205881	6	0.0481578565187455	::B3-7::B-2-23::N-2-23::B-2-25::N-2-25::N3-1::B-1-4::B-A05::	6
chr3	31039900	31109900	chr3_31039900	6	70000	0.0481578565187455	7	0.00271879598593281	5	0.731157412476373	::B-1-4::B3-6::N3-6::N-2-21::B-A04::N-A04::	7
chr3	33041500	33111500	chr3_33041500	7	70000	0.00271879598593281	7	0.00271879598593281	3	93.6323362367101	::N3-1-3::N-B11::N3-1-5::N-B04::B3-1-5::B-B04::B3-c-10::	1
chr3	34031500	34101500	chr3_34031500	6	70000	0.0481578565187455	6	0.0481578565187455	5	0.731157412476373	::N-A07::B3-7::N3-1-13::B3-1-13::B-A11::B-B03::	4
chr3	51239100	51309100	chr3_51239100	7	70000	0.00271879598593281	7	0.00271879598593281	4	9.25067407590866	::B-A02::N-A02::N3-19::N-1-6::B-B07::N3-1-2::N-B07::	7
chr3	60501700	60571700	chr3_60501700	6	70000	0.0481578565187455	6	0.0481578565187455	5	0.731157412476373	::B3-2-7::B-2-14::N-2-21::B-A11::N-A11::B-2-12::	3
chr3	69059600	69129600	chr3_69059600	11	70000	8.373007590199e-09	11	8.373007590199e-09	8	0.000134305607205881	::N3-7::B-2-14::N-A10::B-A10::B-B03::N-B03::N3-15::B3-15::B-B09::B-B08::N-B08::	7
chr3	85976600	86046600	chr3_85976600	7	70000	0.00271879598593281	7	0.00271879598593281	5	0.731157412476373	::N-2-14::B-A01::N-A01::N3-14::B-A11::N-A11::N3-2::	5
chr3	88954600	89024600	chr3_88954600	8	70000	0.000134305607205881	9	5.89738046474165e-06	8	0.000134305607205881	::B-B10::B3-1-2::B-B02::N3-1-3::B-B03::B3-1-11::N3-1-11::N3-6::	6
chr3	89968200	90038200	chr3_89968200	6	70000	0.0481578565187455	6	0.0481578565187455	4	9.25067407590866	::N3-1-15::B-1-10::N-A04::B-A04::N3-12::B3-12::	1
chr3	107309200	107379200	chr3_107309200	6	70000	0.0481578565187455	6	0.0481578565187455	4	9.25067407590866	::B3-12::N3-2::N-B08::B-B08::N3-2-21::B3-2-21::	0
chr3	108119700	108189700	chr3_108119700	8	70000	0.000134305607205881	8	0.000134305607205881	4	9.25067407590866	::N-B02::B-B02::N-2-26::B-2-26::B-B10::N-B10::N-2-12::B-2-12::	2
chr3	135440200	135510200	chr3_135440200	17	70000	3.57942904178959e-18	20	3.22983391493008e-23	11	8.373007590199e-09	::B-B05::B3-1-15::B-1-10::N3-10::N3-4::B3-4::N3-8::N3-11::B3-7::B3-8::B3-11::B-2-14::B-B02::B-A03::N-A08::N3-1-15::N-A03::	9
chr3	142797300	142867300	chr3_142797300	8	70000	0.000134305607205881	8	0.000134305607205881	5	0.731157412476373	::N-2-27::B3-1-2::B-B07::N3-1-2::N-B07::N3-12::B3-c-9::B3-1-13::	4
chr3	144536600	144606600	chr3_144536600	7	70000	0.00271879598593281	7	0.00271879598593281	4	9.25067407590866	::B3-19::N3-18::B3-18::N-B03::B-B03::N-B10::B-B10::	1
chr3	152227000	152297000	chr3_152227000	6	70000	0.0481578565187455	6	0.0481578565187455	5	0.731157412476373	::N-1-10::N-B10::B-A08::N3-12::N-B03::B-B03::	2
chr4	8537000	8607000	chr4_8537000	6	70000	0.0481578565187455	6	0.0481578565187455	5	0.731157412476373	::N-2-15::B-1-10::B-2-23::N-A10::N-B09::B-B09::	1
chr4	13757000	13827000	chr4_13757000	6	70000	0.0481578565187455	8	0.000134305607205881	3	93.6323362367101	::N-A03::N3-1-15::N-A08::B-A03::B3-1-15::B3-c-10::	1
chr4	34815200	34885200	chr4_34815200	7	70000	0.00271879598593281	8	0.000134305607205881	6	0.0481578565187455	::B-B07::B3-c-10::N3-c-28::B-A01::N3-1::B3-1::N-A01::	1
chr4	47357200	47427200	chr4_47357200	8	70000	0.000134305607205881	13	8.38246810761283e-12	8	0.000134305607205881	::N-A11::B-A11::N3-2::B3-2::N-A08::B-A08::B-B08::B3-7::	0
chr4	62687800	62757800	chr4_62687800	8	70000	0.000134305607205881	8	0.000134305607205881	4	9.25067407590866	::B-1-10::B3-10::B3-13::N3-10::N3-13::N-A10::B3-9::N3-9::	7
chr4	83455100	83525100	chr4_83455100	6	70000	0.0481578565187455	7	0.00271879598593281	3	93.6323362367101	::N-2-27::B-2-27::N3-16::N3-4::B3-4::B3-16::	1
chr4	106923000	106993000	chr4_106923000	11	70000	8.373007590199e-09	11	8.373007590199e-09	5	0.731157412476373	::B3-10::B3-1::B3-13::N3-1::N3-10::N3-13::N-1-2::B-B08::N-B08::B3-21::B-A05::	9
chr4	120461500	120531500	chr4_120461500	6	70000	0.0481578565187455	6	0.0481578565187455	2	710.787207278449	::N3-14::N3-13::N3-10::B3-13::B3-14::B3-10::	0
chr4	126678700	126748700	chr4_126678700	9	70000	5.89738046474165e-06	9	5.89738046474165e-06	5	0.731157412476373	::N-B08::B-B08::B3-9::N3-9::N-1-2::B-1-2::B-3-4::N-3-4::N-1-7::	5
chr4	130710800	130780800	chr4_130710800	8	70000	0.000134305607205881	8	0.000134305607205881	6	0.0481578565187455	::B-1-4::B-3-1::B3-5::N-1-10::N-B09::B-B09::B3-2-22::N3-2-22::	5
chr4	131813700	131883700	chr4_131813700	7	70000	0.00271879598593281	7	0.00271879598593281	3	93.6323362367101	::N3-7::N3-4::N3-16::B3-16::B3-4::N-1-2::B-1-2::	1
chr4	133694000	133764000	chr4_133694000	9	70000	5.89738046474165e-06	10	2.33059418460037e-07	7	0.00271879598593281	::B-A08::N-A08::B-B09::B-A10::N-A10::N3-7::N-B09::N3-5::N-1-10::	9
chr4	135226100	135296100	chr4_135226100	6	70000	0.0481578565187455	6	0.0481578565187455	4	9.25067407590866	::B3-c-28::B3-1::N3-1::N3-13::N-A04::N-2-12::	6
chr4	136286900	136356900	chr4_136286900	6	70000	0.0481578565187455	6	0.0481578565187455	5	0.731157412476373	::B3-7::N3-1-13::N-1-7::B-1-7::B3-c-32::N-A01::	2
chr4	136515400	136585400	chr4_136515400	12	70000	2.75745066163985e-10	12	2.75745066163985e-10	5	0.731157412476373	::B3-7::N3-c-9::B3-c-9::B3-1-15::B-A08::B-A03::N3-1-15::N-A08::N-A03::B3-13::N-1-7::B-1-7::	7
chr4	137322500	137392500	chr4_137322500	6	70000	0.0481578565187455	6	0.0481578565187455	5	0.731157412476373	::B3-5::B-B08::N-B08::B3-7::N3-c-9::N3-13::	3
chr4	137614200	137684200	chr4_137614200	6	70000	0.0481578565187455	6	0.0481578565187455	4	9.25067407590866	::N-A11::B-A11::N3-7::B3-2-21::B-A12::N-A12::	3
chr4	139104500	139174500	chr4_139104500	7	70000	0.00271879598593281	7	0.00271879598593281	4	9.25067407590866	::N3-3::N3-16::N3-4::B3-16::B3-4::B3-7::N3-c-14::	2
chr4	152293900	152363900	chr4_152293900	8	70000	0.000134305607205881	8	0.000134305607205881	2	710.787207278449	::N3-16::N3-4::B3-13::B3-1::B3-10::N3-1::N3-10::N3-13::	8
chr4	154405500	154475500	chr4_154405500	7	70000	0.00271879598593281	7	0.00271879598593281	2	710.787207278449	::B-2-9::N3-1::N3-10::N3-13::B3-1::B3-13::B3-10::	0
chr4	155496500	155566500	chr4_155496500	14	70000	2.36619964951269e-13	15	6.23401206205347e-15	8	0.000134305607205881	::B-2-27::B3-2-36::B3-c-32::N3-2-36::B3-2-22::B-2-25::N-2-25::N3-10::N3-1::N3-13::B3-1::N3-3::B-A11::N-A11::	10
chr4	155711200	155781200	chr4_155711200	7	70000	0.00271879598593281	7	0.00271879598593281	3	93.6323362367101	::B3-c-28::N3-c-28::B3-1-5::B-B04::N-B04::N3-1-5::B-1-4::	7
chr5	23439800	23509800	chr5_23439800	6	70000	0.0481578565187455	7	0.00271879598593281	6	0.0481578565187455	::B-A01::N-2-9::B3-12::N3-3::B3-3::N-A07::	3
chr5	25355700	25425700	chr5_25355700	19	70000	1.63456680361835e-21	25	4.8831120131417e-32	13	8.38246810761283e-12	::B-2-27::B3-2-7::N3-2-7::B3-1-15::B-A03::N3-1-15::N-A03::B3-1-11::N3-1-11::N3-9::N-2-9::B3-1-2::B-B07::N-B07::N3-1-2::B3-2-2::N3-2-2::B3-2-22::N3-2-22::	22
chr5	28146800	28216800	chr5_28146800	31	70000	3.50885697597384e-43	40	8.31399906726076e-61	5	0.731157412476373	::N3-14::N-3-4::N-1-2::B3-5::B3-14::B3-16::N-1-7::B-2-15::B-2-14::B-1-10::B3-12::B-1-4::B3-7::B-2-21::B3-2::B3-19::B-B02::B3-c-9::N3-5::B3-6::B3-2-22::B-B10::N-B04::N-B02::N3-7::N-B05::N-2-15::N-1-10::N-A02::B-B09::B3-c-10::	23
chr5	31891200	31961200	chr5_31891200	6	70000	0.0481578565187455	6	0.0481578565187455	5	0.731157412476373	::B3-c-10::B-A11::N-A11::B-1-2::B-2-23::B-A07::	4
chr5	63863400	63933400	chr5_63863400	6	70000	0.0481578565187455	6	0.0481578565187455	4	9.25067407590866	::B-2-21::B3-7::N3-16::N3-4::B-A11::N-A11::	3
chr5	65601000	65671000	chr5_65601000	10	70000	2.33059418460037e-07	10	2.33059418460037e-07	8	0.000134305607205881	::B-1-10::N3-1-11::B3-c-14::N-B02::N3-2-21::B3-2-21::N-1-10::B3-14::N3-14::B3-1-3::	7
chr5	66022300	66092300	chr5_66022300	6	70000	0.0481578565187455	6	0.0481578565187455	5	0.731157412476373	::B3-5::N3-1-3::B3-1-3::B-2-26::N3-6::N-2-12::	1
chr5	99959500	100029500	chr5_99959500	11	70000	8.373007590199e-09	11	8.373007590199e-09	7	0.00271879598593281	::N-A02::N3-1-11::B-B05::B3-14::B3-1::B3-13::B3-10::N3-1::B3-5::B3-1-15::B-A03::	7
chr5	103791300	103861300	chr5_103791300	9	70000	5.89738046474165e-06	9	5.89738046474165e-06	6	0.0481578565187455	::N-B10::B3-5::N-A07::N-1-7::N3-2-2::N3-1-11::N-B02::B-B02::B3-1-11::	4
chr5	105737700	105807700	chr5_105737700	9	70000	5.89738046474165e-06	9	5.89738046474165e-06	6	0.0481578565187455	::N-A11::B-A11::N-B04::N-2-9::B-2-9::N3-2-22::N3-8::B3-8::N-B11::	2
chr5	108450300	108520300	chr5_108450300	6	70000	0.0481578565187455	6	0.0481578565187455	6	0.0481578565187455	::B3-5::B-1-2::N-2-12::N3-1-11::B3-12::N-A04::	4
chr5	113085400	113155400	chr5_113085400	10	70000	2.33059418460037e-07	10	2.33059418460037e-07	5	0.731157412476373	::B-A07::N3-17::N3-16::N3-4::B3-4::B3-16::N3-6::B3-6::B-B11::N-B11::	3
chr5	119615400	119685400	chr5_119615400	7	70000	0.00271879598593281	7	0.00271879598593281	3	93.6323362367101	::B-B04::N-B04::B3-c-10::N3-16::N3-4::B3-4::B3-16::	3
chr5	122309700	122379700	chr5_122309700	8	70000	0.000134305607205881	8	0.000134305607205881	3	93.6323362367101	::B-B05::B-A11::N-A11::B-A03::B3-1-15::B-A08::N3-1-15::N-A03::	8
chr5	124366600	124436600	chr5_124366600	7	70000	0.00271879598593281	9	5.89738046474165e-06	5	0.731157412476373	::N3-12::B-B02::B3-1-11::N3-1-11::N3-1-3::B3-1-3::B-2-21::	4
chr5	135196000	135266000	chr5_135196000	8	70000	0.000134305607205881	8	0.000134305607205881	6	0.0481578565187455	::B3-1-3::N3-1-3::N3-2-22::N3-15::B3-15::B-2-21::B3-17::N3-1-11::	3
chr5	137303300	137373300	chr5_137303300	7	70000	0.00271879598593281	7	0.00271879598593281	4	9.25067407590866	::B-A12::N-A12::B-2-21::N-2-21::N-A10::B3-1-5::N3-1-5::	6
chr5	137514000	137584000	chr5_137514000	7	70000	0.00271879598593281	7	0.00271879598593281	4	9.25067407590866	::N-1-2::N3-2-2::B-A12::N-A12::B-1-2::B-2-9::N-2-9::	6
chr5	137669800	137739800	chr5_137669800	7	70000	0.00271879598593281	7	0.00271879598593281	2	710.787207278449	::B-A03::B3-1-15::B-A08::N3-1-15::N-A03::N3-12::B3-12::	5
chr6	17644900	17714900	chr6_17644900	10	70000	2.33059418460037e-07	10	2.33059418460037e-07	7	0.00271879598593281	::N-B10::B3-c-14::N3-c-14::N-1-2::B-1-10::B3-18::N3-18::B-2-21::N-A10::B-A10::	6
chr6	47457200	47527200	chr6_47457200	10	70000	2.33059418460037e-07	10	2.33059418460037e-07	7	0.00271879598593281	::B3-c-28::B-1-10::N-A02::N3-1-5::N-B07::N-B04::B3-14::B-2-21::B-B03::N-B03::	3
chr6	51458200	51528200	chr6_51458200	6	70000	0.0481578565187455	6	0.0481578565187455	3	93.6323362367101	::N3-9::B3-16::B3-4::N3-16::N3-4::B3-1-13::	4
chr6	65056200	65126200	chr6_65056200	7	70000	0.00271879598593281	9	5.89738046474165e-06	5	0.731157412476373	::N3-18::B-1-10::B3-21::N3-21::B-3-4::N-3-4::B3-c-14::	8
chr6	113080100	113150100	chr6_113080100	8	70000	0.000134305607205881	9	5.89738046474165e-06	7	0.00271879598593281	::B3-c-9::N3-c-9::N3-c-14::B-1-2::N-1-2::B-2-27::N-2-25::N-B08::	7
chr6	114878200	114948200	chr6_114878200	6	70000	0.0481578565187455	6	0.0481578565187455	5	0.731157412476373	::N3-5::N-A08::B3-15::B3-17::B-A11::N-A11::	3
chr6	115629200	115699200	chr6_115629200	7	70000	0.00271879598593281	7	0.00271879598593281	5	0.731157412476373	::B3-c-9::N3-c-9::B-A11::N-B05::B-B05::N-A10::N-A12::	4
chr6	134057200	134127200	chr6_134057200	6	70000	0.0481578565187455	6	0.0481578565187455	5	0.731157412476373	::B3-2-22::N3-2-22::N-A08::N-2-25::B-1-10::N-A05::	4
chr6	134697000	134767000	chr6_134697000	6	70000	0.0481578565187455	7	0.00271879598593281	3	93.6323362367101	::B-A03::B3-1-15::N3-1-15::N-A03::N3-9::B3-9::	4
chr6	146916800	146986800	chr6_146916800	6	70000	0.0481578565187455	6	0.0481578565187455	5	0.731157412476373	::N-B03::B3-1-11::B-A07::N-A07::B3-5::N-B10::	3
chr7	16552900	16622900	chr7_16552900	6	70000	0.0481578565187455	6	0.0481578565187455	4	9.25067407590866	::B-B04::B-2-14::N-2-14::B-1-10::B-B10::N-B10::	6
chr7	19502400	19572400	chr7_19502400	6	70000	0.0481578565187455	6	0.0481578565187455	2	710.787207278449	::N3-12::B-A03::B-A08::B3-1-15::N-A03::N3-1-15::	6
chr7	19656400	19726400	chr7_19656400	7	70000	0.00271879598593281	7	0.00271879598593281	3	93.6323362367101	::B-A03::B3-1-15::B-A08::N-A03::N3-1-15::B3-c-10::N-A02::	5
chr7	28901100	28971100	chr7_28901100	7	70000	0.00271879598593281	7	0.00271879598593281	3	93.6323362367101	::N-A04::B-A04::N3-16::N3-4::B3-4::B3-16::N3-9::	1
chr7	49291200	49361200	chr7_49291200	8	70000	0.000134305607205881	8	0.000134305607205881	3	93.6323362367101	::B3-1-15::B-A03::B-A08::N-A03::N3-1-15::B-2-26::B3-2-7::N3-2-7::	7
chr7	49478400	49548400	chr7_49478400	7	70000	0.00271879598593281	7	0.00271879598593281	4	9.25067407590866	::N-A07::B-A05::N-A05::N-3-1::B-3-1::B-B02::N-B02::	5
chr7	59265700	59335700	chr7_59265700	11	70000	8.373007590199e-09	11	8.373007590199e-09	7	0.00271879598593281	::B-3-1::B3-1-2::B-B07::N-B07::N3-1-2::N-B02::B3-c-10::N3-2-7::B3-2-7::B-A04::N3-12::	6
chr7	65305900	65375900	chr7_65305900	6	70000	0.0481578565187455	6	0.0481578565187455	5	0.731157412476373	::N3-2-21::N3-12::B3-2::B-2-12::B-1-7::N-1-7::	4
chr7	90132300	90202300	chr7_90132300	17	70000	3.57942904178959e-18	18	7.85866478144126e-20	12	2.75745066163985e-10	::N3-11::B3-11::B-2-23::B3-c-9::N3-8::B-B09::B3-7::B-A02::N-2-21::B-2-21::N-A01::B3-13::B3-10::N3-13::N3-10::B3-2-21::B-1-10::	10
chr7	102046200	102116200	chr7_102046200	6	70000	0.0481578565187455	6	0.0481578565187455	3	93.6323362367101	::B-1-7::B-A05::B3-1-2::B-B07::N-B07::N3-1-2::	5
chr7	112057500	112127500	chr7_112057500	6	70000	0.0481578565187455	7	0.00271879598593281	4	9.25067407590866	::N-1-2::N3-7::B-B07::N-B07::N3-1-2::B3-1-2::	2
chr7	121043000	121113000	chr7_121043000	6	70000	0.0481578565187455	6	0.0481578565187455	4	9.25067407590866	::B3-17::N3-17::B3-c-10::N3-6::N3-1-3::B3-1-3::	2
chr7	121827000	121897000	chr7_121827000	28	70000	1.53328920469949e-37	28	1.53328920469949e-37	3	93.6323362367101	::N3-9::B3-9::N-2-21::N3-4::N-A10::N3-2-22::N-B04::N-3-1::N-A11::N-2-15::N3-16::N-2-14::N-B05::N-A02::N-B07::N3-1-11::N-B09::N-A12::N-1-7::N-A07::N-A04::N-B10::N3-19::N3-c-10::N3-5::N-2-23::N3-14::N3-2::	26
chr7	136389300	136459300	chr7_136389300	72	70000	1.38771259585123e-129	72	1.38771259585123e-129	1	3597.17931031478	::N3-c-10::N3-1::N-A02::N-2-12::N-A05::N-B11::N3-2-36::N3-4::N-A08::N-2-9::N-2-14::N3-13::N-2-26::N-B07::N-2-17::N-B04::N3-17::N-2-27::N-2-25::N-B09::N3-9::N3-6::N-B05::N-A11::N3-5::N-B02::N3-1-11::N-2-23::N3-8::N3-1-5::N-B03::N-A10::N3-1-13::N-3-4::N3-19::N-A07::N-3-1::N-A01::N3-1-3::N3-1-15::N3-11::N-1-2::N3-2-21::N3-10::N3-2-7::N-2-15::N3-2-2::N3-16::N-1-6::N-2-21::N-A12::N3-c-32::N-A03::N-A04::N-1-10::N3-c-28::N-1-4::N3-21::N3-2::N-1-7::N-B10::N3-3::N-B08::N3-7::N3-1-2::N3-2-22::N3-c-9::N3-18::N3-12::N3-c-14::N3-15::N3-14::	72
chr7	143258000	143328000	chr7_143258000	6	70000	0.0481578565187455	6	0.0481578565187455	3	93.6323362367101	::B3-14::B-B04::B3-1-5::N3-1-5::N-B04::N-A12::	5
chr8	22863900	22933900	chr8_22863900	8	70000	0.000134305607205881	8	0.000134305607205881	4	9.25067407590866	::B-1-2::B-A01::B3-c-9::N3-c-9::B3-1-2::N-B07::N3-1-2::N-1-9::	6
chr8	25604500	25674500	chr8_25604500	8	70000	0.000134305607205881	8	0.000134305607205881	3	93.6323362367101	::B3-1-11::B-B02::N3-1-11::N3-21::N-3-4::B-3-4::B3-21::N-A07::	3
chr8	45636200	45706200	chr8_45636200	7	70000	0.00271879598593281	8	0.000134305607205881	5	0.731157412476373	::N-B07::N3-1-2::B-A07::B3-1-13::N3-9::B3-9::N3-12::	0
chr8	57540500	57610500	chr8_57540500	6	70000	0.0481578565187455	6	0.0481578565187455	2	710.787207278449	::N-B04::N3-1-5::N-B11::B3-1-5::B-B04::B3-12::	0
chr8	69961000	70031000	chr8_69961000	6	70000	0.0481578565187455	6	0.0481578565187455	5	0.731157412476373	::N3-2-22::N-B09::N3-c-9::N3-1-5::N-B04::N3-10::	2
chr8	79657700	79727700	chr8_79657700	8	70000	0.000134305607205881	8	0.000134305607205881	6	0.0481578565187455	::B-3-4::B3-5::B-B09::N-B09::B3-1-13::B3-6::N3-6::N-2-26::	7
chr8	80821300	80891300	chr8_80821300	11	70000	8.373007590199e-09	11	8.373007590199e-09	4	9.25067407590866	::B-B04::N3-15::B3-15::N3-1::N3-13::N3-10::B3-13::B3-10::B3-1::N-A11::B-A11::	0
chr8	84659000	84729000	chr8_84659000	8	70000	0.000134305607205881	8	0.000134305607205881	2	710.787207278449	::N-B11::B-B11::N3-1::N3-13::N3-10::B3-1::B3-10::B3-13::	0
chr8	90878100	90948100	chr8_90878100	8	70000	0.000134305607205881	8	0.000134305607205881	5	0.731157412476373	::B3-7::N-A11::B-A11::B-2-27::N-2-27::N-3-1::B-3-1::B3-5::	2
chr8	95746500	95816500	chr8_95746500	9	70000	5.89738046474165e-06	12	2.75745066163985e-10	9	5.89738046474165e-06	::N-A05::N3-7::B3-4::B-A07::N-A07::B3-16::B3-2-22::N3-2-22::B3-c-10::	8
chr8	107313000	107383000	chr8_107313000	6	70000	0.0481578565187455	6	0.0481578565187455	2	710.787207278449	::N3-15::N-A05::B3-4::B3-16::N3-16::N3-4::	5
chr8	109676000	109746000	chr8_109676000	6	70000	0.0481578565187455	6	0.0481578565187455	4	9.25067407590866	::B-A10::N-B10::B-1-4::B3-1-13::N3-1-13::B3-8::	5
chr8	111194900	111264900	chr8_111194900	7	70000	0.00271879598593281	7	0.00271879598593281	5	0.731157412476373	::B3-4::B3-16::B-2-25::N-2-25::N-B10::B-B07::N-A05::	6
chr8	111540800	111610800	chr8_111540800	8	70000	0.000134305607205881	8	0.000134305607205881	5	0.731157412476373	::N-1-10::B3-13::N3-16::N3-4::B3-16::B3-4::B-B03::B-A07::	3
chr8	117283200	117353200	chr8_117283200	8	70000	0.000134305607205881	8	0.000134305607205881	4	9.25067407590866	::N-A10::N3-16::N3-4::B3-16::B3-4::N-B10::N-1-2::B-1-2::	1
chr8	128711400	128781400	chr8_128711400	7	70000	0.00271879598593281	7	0.00271879598593281	4	9.25067407590866	::B-B03::N-B07::N3-1-2::B-B07::B3-1-2::N-1-6::B-2-23::	3
chr9	3005600	3075600	chr9_3005600	11	70000	8.373007590199e-09	12	2.75745066163985e-10	5	0.731157412476373	::N3-6::N-B05::N3-1-3::N3-5::N-A07::N-A08::N-1-10::N-A12::N-2-21::N-1-4::N3-1-11::	6
chr9	21625900	21695900	chr9_21625900	6	70000	0.0481578565187455	6	0.0481578565187455	4	9.25067407590866	::B3-14::B3-18::N3-18::N-A08::N-1-6::B-1-6::	3
chr9	44147900	44217900	chr9_44147900	6	70000	0.0481578565187455	6	0.0481578565187455	5	0.731157412476373	::B-1-10::B-2-23::B3-5::N3-9::B3-9::B-A04::	3
chr9	50554000	50624000	chr9_50554000	7	70000	0.00271879598593281	7	0.00271879598593281	5	0.731157412476373	::B3-1-2::B-B07::N-A02::B-A02::B3-1::N3-c-14::N-B07::	1
chr9	54588600	54658600	chr9_54588600	6	70000	0.0481578565187455	6	0.0481578565187455	2	710.787207278449	::B3-1-2::B-B07::N-B07::N3-1-2::N-1-7::N3-c-28::	5
chr9	56126200	56196200	chr9_56126200	7	70000	0.00271879598593281	7	0.00271879598593281	3	93.6323362367101	::N-A02::B-A02::N3-11::N3-8::B3-8::B3-11::N3-1-11::	1
chr9	57730400	57800400	chr9_57730400	10	70000	2.33059418460037e-07	10	2.33059418460037e-07	4	9.25067407590866	::B3-c-10::N-B07::N3-1-2::B3-1-2::B-B07::B-A07::B3-1-13::N3-1-13::N-A07::N-2-14::	5
chr9	62892100	62962100	chr9_62892100	6	70000	0.0481578565187455	6	0.0481578565187455	4	9.25067407590866	::N-2-26::B-2-26::N3-16::B3-16::B-A05::N-A10::	2
chr9	65051200	65121200	chr9_65051200	6	70000	0.0481578565187455	7	0.00271879598593281	5	0.731157412476373	::N-1-10::B-1-10::B3-21::N3-21::B3-9::N3-9::	6
chr9	66544500	66614500	chr9_66544500	6	70000	0.0481578565187455	6	0.0481578565187455	4	9.25067407590866	::B3-15::N3-15::B3-9::N3-9::N3-c-10::N-B10::	6
chr9	70433200	70503200	chr9_70433200	10	70000	2.33059418460037e-07	10	2.33059418460037e-07	6	0.0481578565187455	::B3-2-2::N3-1-11::B-A07::B3-1-13::N3-1-13::N-A07::N3-2-21::N3-c-9::B3-c-9::N-3-1::	7
chr9	70680900	70750900	chr9_70680900	7	70000	0.00271879598593281	7	0.00271879598593281	5	0.731157412476373	::B3-1-11::B-1-10::N-1-4::B-2-25::N-2-25::N3-17::B3-17::	4
chr9	72053700	72123700	chr9_72053700	11	70000	8.373007590199e-09	11	8.373007590199e-09	7	0.00271879598593281	::B-2-25::B-2-17::N-A05::B-A05::B3-1-13::N-1-6::B3-c-10::B3-1-5::B-B04::N-B04::N3-1-5::	8
chr9	72515900	72585900	chr9_72515900	6	70000	0.0481578565187455	6	0.0481578565187455	5	0.731157412476373	::N3-1-13::B-A05::N-B03::N-B10::N3-11::N3-8::	2
chr9	72670500	72740500	chr9_72670500	6	70000	0.0481578565187455	6	0.0481578565187455	5	0.731157412476373	::B3-2-36::N3-2-36::N-B02::B3-5::B3-3::N-A08::	4
chr9	90065300	90135300	chr9_90065300	7	70000	0.00271879598593281	7	0.00271879598593281	4	9.25067407590866	::B-A12::N-A12::N-B02::N-2-26::B-2-26::B-2-12::N-2-12::	4
chr9	107740700	107810700	chr9_107740700	8	70000	0.000134305607205881	8	0.000134305607205881	6	0.0481578565187455	::N-2-25::N-B02::B-B02::N3-c-10::B-1-4::N3-7::N-A12::B-A12::	3
chr9	108301200	108371200	chr9_108301200	8	70000	0.000134305607205881	8	0.000134305607205881	4	9.25067407590866	::N3-13::N3-10::B3-10::B3-13::N-B09::B3-3::N3-3::N3-5::	4
chr9	110536800	110606800	chr9_110536800	8	70000	0.000134305607205881	8	0.000134305607205881	8	0.000134305607205881	::N3-12::B-2-12::B-2-14::N-2-23::B-1-4::N3-1-11::B-A08::B-A11::	3
chr9	116143300	116213300	chr9_116143300	7	70000	0.00271879598593281	8	0.000134305607205881	5	0.731157412476373	::B-3-1::N-A07::B3-5::B-1-7::B3-6::N3-6::N-1-7::	7
chrUn_GL456393	1400	71400	chrUn_GL456393_1400	8	70000	0.000134305607205881	8	0.000134305607205881	7	0.00271879598593281	::N-B11::N3-21::N3-14::B-1-10::B3-7::N3-c-28::N-A03::B-A08::	3
chrX	18184100	18254100	chrX_18184100	20	70000	3.22983391493008e-23	22	1.09182551257391e-26	16	1.5397675655969e-16	::N-1-6::N-B09::N-B10::B-1-2::N-1-2::B-1-6::B3-7::N3-7::N3-c-9::B3-c-9::B-A02::N-2-15::N3-c-14::N-2-17::B-2-17::B3-12::N3-17::B3-17::B3-3::N3-12::	8
chrX	77570100	77640100	chrX_77570100	10	70000	2.33059418460037e-07	11	8.373007590199e-09	6	0.0481578565187455	::B-1-10::N-B07::B-B07::B3-1-2::N3-1-2::B3-1-3::N3-1-3::B-A07::N3-4::B3-4::	7
chrX	82911200	82981200	chrX_82911200	6	70000	0.0481578565187455	6	0.0481578565187455	2	710.787207278449	::N-B04::N3-1-5::N-B02::B-B04::B3-1-5::B3-c-10::	0
chrX	105789200	105859200	chrX_105789200	6	70000	0.0481578565187455	7	0.00271879598593281	4	9.25067407590866	::B-2-27::N-B04::N3-1-5::B3-1-5::B-B04::B-A05::	2
chrX	142722900	142792900	chrX_142722900	7	70000	0.00271879598593281	7	0.00271879598593281	4	9.25067407590866	::N3-c-14::N3-7::B3-3::B3-4::B3-16::N3-4::N3-16::	5
chrX	143483000	143553000	chrX_143483000	15	70000	6.23401206205347e-15	16	1.5397675655969e-16	2	710.787207278449	::N-3-1::N-2-15::N3-1::N-B02::N3-11::N3-c-10::N3-12::N-2-23::N3-2-22::N3-6::N-A10::N-A08::N3-14::N3-2-7::N-B11::	13
chrX	151810100	151880100	chrX_151810100	12	70000	2.75745066163985e-10	12	2.75745066163985e-10	7	0.00271879598593281	::B3-9::N3-7::N-B02::N3-1-11::B3-1-11::B-A08::N-A08::N-A12::B-A02::N-A02::N-B10::B-B10::	6
