chr10	29138700	29211700	chr10_29138700	10	73000	0.0486228647221501	10	0.0486228647221501	8	2.53815919014262	::N3-1-11::N3-18::B3-18::N3-1-2::B3-10::B3-2-21::B3-2-36::N3-2-36::B3-1::N3-1-15::	5
chr10	39737200	39810200	chr10_39737200	10	73000	0.0486228647221501	11	0.00580403409606268	10	0.0486228647221501	::B3-2-36::B3-1-15::B3-1-11::N3-2-36::N3-2-7::B3-2-2::N3-8::B3-8::B3-2-21::N3-10::	6
chr10	63265100	63338100	chr10_63265100	10	73000	0.0486228647221501	15	5.26640739789564e-07	12	0.000635083466369737	::B3-2-22::B3-2-2::B3-18::N3-1-15::N3-9::B3-9::B3-14::B3-1-2::B3-1-15::B3-1::	8
chr10	108116700	108189700	chr10_108116700	10	73000	0.0486228647221501	11	0.00580403409606268	10	0.0486228647221501	::B3-14::B3-1-11::B3-1::N3-1-5::B3-1-15::N3-1-15::N3-9::N3-1::B3-1-2::B3-2-22::	7
chr10	116496200	116569200	chr10_116496200	11	73000	0.00580403409606268	14	6.01621867828386e-06	11	0.00580403409606268	::B3-1::B3-1-3::B3-1-2::N3-4::N3-1-11::B3-1-11::B3-1-13::N3-2-21::B3-1-5::B3-2-2::B3-4::	8
chr11	3185300	3258300	chr11_3185300	12	73000	0.000635083466369737	17	3.33817994145422e-09	14	6.01621867828386e-06	::N3-2-2::B3-8::N3-18::N3-1-3::B3-14::N3-9::N3-10::B3-2-36::B3-1-13::B3-1-3::B3-10::N3-1::	4
chr11	69570500	69643500	chr11_69570500	12	73000	0.000635083466369737	14	6.01621867828386e-06	13	6.4145995844216e-05	::B3-1-2::B3-1-15::N3-2-21::N3-1-11::N3-10::B3-2-21::N3-1-2::B3-1-13::B3-2-2::N3-1::B3-2-36::B3-2-22::	9
chr11	72613600	72686600	chr11_72613600	10	73000	0.0486228647221501	11	0.00580403409606268	9	0.370304035663169	::B3-1-15::B3-18::N3-18::B3-1-2::N3-1-15::N3-21::B3-1::B3-21::N3-9::B3-9::	1
chr11	79444600	79517600	chr11_79444600	13	73000	6.4145995844216e-05	15	5.26640739789564e-07	12	0.000635083466369737	::B3-21::N3-4::B3-1::N3-1-11::B3-1-11::B3-1-3::N3-21::B3-18::B3-2-36::B3-1-13::N3-2-21::B3-2-21::B3-14::	6
chr11	86284700	86357700	chr11_86284700	13	73000	6.4145995844216e-05	16	4.32191844096811e-08	12	0.000635083466369737	::B3-2-21::B3-4::N3-2-36::B3-10::N3-4::B3-1-5::B3-9::N3-9::N3-10::N3-1-11::B3-1-11::N3-1-3::B3-1-3::	5
chr11	104346800	104419800	chr11_104346800	11	73000	0.00580403409606268	11	0.00580403409606268	11	0.00580403409606268	::N3-4::N3-1-2::B3-2-22::B3-2-21::N3-2-21::N3-10::B3-2-2::N3-18::N3-2-36::B3-1-3::B3-10::	2
chr11	108230900	108303900	chr11_108230900	12	73000	0.000635083466369737	14	6.01621867828386e-06	8	2.53815919014262	::N3-2-21::B3-2-37::N3-1-5::B3-1-2::N3-2-36::N3-10::N3-2-7::N3-9::N3-21::N3-1::N3-4::N3-1-11::	3
chr12	102810000	102883000	chr12_102810000	10	73000	0.0486228647221501	10	0.0486228647221501	9	0.370304035663169	::B3-2-2::B3-1::N3-1::N3-14::N3-1-2::N3-8::B3-10::B3-1-15::N3-10::N3-18::	8
chr13	3543500	3616500	chr13_3543500	12	73000	0.000635083466369737	14	6.01621867828386e-06	13	6.4145995844216e-05	::B3-1::B3-18::N3-1-3::B3-1-3::B3-10::B3-1-15::N3-2-21::N3-10::N3-1-15::N3-8::B3-8::N3-14::	4
chr13	43404500	43477500	chr13_43404500	10	73000	0.0486228647221501	11	0.00580403409606268	8	2.53815919014262	::N3-1-5::B3-1-5::N3-2-21::N3-1-2::N3-1-15::B3-8::N3-8::B3-1-3::B3-4::N3-4::	10
chr14	19358400	19431400	chr14_19358400	17	73000	3.33817994145422e-09	34	4.12296181567384e-31	20	1.10484138629528e-12	::N3-4::N3-1-3::N3-2-36::B3-2-36::N3-1-15::N3-18::N3-1-5::N3-2-22::B3-2-2::N3-1-11::N3-8::N3-10::N3-1::N3-1-13::N3-2-21::N3-9::N3-2-7::	22
chr15	43240500	43313500	chr15_43240500	15	73000	5.26640739789564e-07	16	4.32191844096811e-08	13	6.4145995844216e-05	::N3-2-21::N3-10::B3-2-37::B3-21::N3-21::B3-1::N3-9::B3-9::B3-18::B3-2-22::N3-2-36::B3-8::N3-2-22::B3-2-21::N3-1-5::	8
chr15	77100100	77173100	chr15_77100100	10	73000	0.0486228647221501	11	0.00580403409606268	8	2.53815919014262	::B3-1-5::B3-2-2::B3-2-7::N3-2-7::N3-2-21::B3-2-21::N3-1-2::B3-1-2::N3-1-15::N3-8::	4
chr15	80807200	80880200	chr15_80807200	12	73000	0.000635083466369737	14	6.01621867828386e-06	12	0.000635083466369737	::N3-10::B3-1-3::N3-1-3::B3-1::N3-1::B3-1-11::N3-21::B3-2-21::N3-1-5::B3-10::N3-1-2::N3-2-21::	5
chr16	44097400	44170400	chr16_44097400	11	73000	0.00580403409606268	11	0.00580403409606268	9	0.370304035663169	::N3-2-2::B3-21::N3-9::B3-1::B3-1-2::B3-2-22::N3-2-22::B3-14::N3-4::B3-4::B3-10::	8
chr16	94593400	94666400	chr16_94593400	10	73000	0.0486228647221501	11	0.00580403409606268	9	0.370304035663169	::B3-2-36::N3-1::N3-2-22::N3-1-5::B3-2-2::N3-2-2::N3-9::B3-9::N3-2-21::B3-2-21::	7
chr16	96015600	96088600	chr16_96015600	10	73000	0.0486228647221501	16	4.32191844096811e-08	14	6.01621867828386e-06	::N3-4::B3-1-3::N3-1-3::B3-2-36::N3-1-15::B3-18::N3-10::B3-1-13::N3-18::B3-1-2::	10
chr17	32249400	32322400	chr17_32249400	11	73000	0.00580403409606268	14	6.01621867828386e-06	10	0.0486228647221501	::B3-1-13::B3-1-2::N3-1-2::N3-4::N3-1-5::B3-10::B3-1::B3-2-37::N3-10::N3-2-2::B3-1-11::	10
chr18	3005100	3078100	chr18_3005100	11	73000	0.00580403409606268	11	0.00580403409606268	6	82.4408932879769	::B3-8::B3-2-2::B3-1::B3-2-36::B3-1-3::B3-2-22::N3-2-36::N3-10::N3-1::B3-1-15::N3-9::	8
chr18	10102100	10175100	chr18_10102100	11	73000	0.00580403409606268	11	0.00580403409606268	10	0.0486228647221501	::N3-1-5::N3-10::N3-2-22::B3-2-22::N3-1-2::B3-18::N3-2-21::N3-1-3::B3-10::N3-4::B3-1-13::	3
chr18	34257200	34330200	chr18_34257200	12	73000	0.000635083466369737	16	4.32191844096811e-08	14	6.01621867828386e-06	::B3-2-22::N3-1-13::N3-8::B3-8::N3-1-5::B3-2-36::N3-1-11::B3-1-13::N3-21::N3-4::B3-1::B3-21::	7
chr18	80839500	80912500	chr18_80839500	11	73000	0.00580403409606268	12	0.000635083466369737	11	0.00580403409606268	::N3-10::B3-14::N3-8::B3-1-3::B3-18::N3-1-3::N3-4::N3-1::B3-1-2::N3-2-7::N3-2-2::	5
chr19	7300700	7373700	chr19_7300700	11	73000	0.00580403409606268	14	6.01621867828386e-06	13	6.4145995844216e-05	::N3-1-5::B3-1-3::B3-2-37::N3-2-36::B3-1-5::N3-1-13::N3-2-22::B3-2-22::N3-10::N3-14::B3-1::	8
chr19	16176700	16249700	chr19_16176700	12	73000	0.000635083466369737	12	0.000635083466369737	12	0.000635083466369737	::N3-1-2::N3-10::N3-21::N3-18::N3-2-7::B3-10::B3-14::B3-2-22::N3-1-15::B3-1::B3-18::N3-4::	5
chr2	37377800	37450800	chr2_37377800	12	73000	0.000635083466369737	14	6.01621867828386e-06	12	0.000635083466369737	::B3-14::B3-2-36::N3-2-36::N3-1-3::B3-1::B3-2-22::N3-18::B3-8::N3-10::N3-14::B3-1-2::B3-1-11::	10
chr2	37595700	37668700	chr2_37595700	10	73000	0.0486228647221501	12	0.000635083466369737	10	0.0486228647221501	::N3-8::B3-8::B3-2-37::B3-10::N3-10::N3-2-7::N3-1-11::N3-1-5::N3-9::B3-9::	4
chr2	49459000	49532000	chr2_49459000	10	73000	0.0486228647221501	13	6.4145995844216e-05	13	6.4145995844216e-05	::N3-8::N3-2-22::B3-1::B3-2-21::B3-18::N3-2-7::B3-2-22::N3-1-3::N3-1-15::N3-1-2::	7
chr2	69950800	70023800	chr2_69950800	10	73000	0.0486228647221501	11	0.00580403409606268	8	2.53815919014262	::N3-8::B3-1-11::B3-8::N3-2-21::B3-2-7::B3-9::N3-9::B3-21::B3-1-2::N3-1-2::	7
chr2	98602000	98675000	chr2_98602000	34	73000	4.12296181567384e-31	201	0	24	1.28779659075143e-17	::N3-2-36::N3-2-2::N3-14::N3-9::N3-10::N3-1-13::N3-8::N3-2-7::N3-1-11::N3-18::N3-1::N3-1-15::N3-4::N3-2-21::N3-1-3::N3-21::N3-1-5::N3-2-22::N3-1-2::B3-1-11::B3-1-13::B3-1::B3-2-7::B3-2-2::B3-1-2::B3-10::B3-8::B3-1-3::B3-2-22::B3-1-5::B3-9::B3-1-15::B3-14::B3-2-36::	96
chr2	154806500	154879500	chr2_154806500	12	73000	0.000635083466369737	13	6.4145995844216e-05	11	0.00580403409606268	::B3-18::B3-1-11::B3-9::B3-2-21::B3-2-7::B3-14::N3-2-22::N3-1-5::N3-1-11::N3-2-21::B3-1::N3-1::	8
chr2	161041100	161114100	chr2_161041100	10	73000	0.0486228647221501	11	0.00580403409606268	9	0.370304035663169	::N3-18::B3-10::N3-10::B3-9::N3-9::B3-1-11::N3-1-11::N3-1-5::B3-1-13::B3-8::	8
chr3	84485900	84558900	chr3_84485900	10	73000	0.0486228647221501	10	0.0486228647221501	8	2.53815919014262	::N3-8::B3-2-21::N3-2-21::N3-1-15::N3-10::N3-21::B3-1-13::B3-21::N3-9::B3-9::	6
chr3	90313500	90386500	chr3_90313500	11	73000	0.00580403409606268	12	0.000635083466369737	11	0.00580403409606268	::N3-1-13::B3-2-21::N3-8::B3-1-2::B3-1::B3-4::N3-2-36::B3-14::B3-21::N3-21::N3-1::	9
chr3	135441100	135514100	chr3_135441100	12	73000	0.000635083466369737	16	4.32191844096811e-08	10	0.0486228647221501	::N3-4::N3-1-15::B3-1-15::N3-10::B3-10::B3-4::N3-8::B3-8::N3-2-36::B3-18::N3-18::N3-1-2::	6
chr3	139024200	139097200	chr3_139024200	12	73000	0.000635083466369737	16	4.32191844096811e-08	13	6.4145995844216e-05	::N3-4::B3-1-13::N3-1-13::B3-2-22::B3-2-21::N3-2-21::N3-18::B3-10::N3-2-7::B3-2-7::N3-8::N3-1::	10
chr4	103106700	103179700	chr4_103106700	10	73000	0.0486228647221501	12	0.000635083466369737	11	0.00580403409606268	::N3-18::N3-2-36::B3-2-22::N3-1-5::B3-1-15::N3-1-15::B3-1-3::N3-4::N3-1::B3-2-36::	7
chr4	120461500	120534500	chr4_120461500	11	73000	0.00580403409606268	12	0.000635083466369737	9	0.370304035663169	::N3-14::N3-2-21::N3-10::B3-2-36::N3-1-5::N3-1::B3-1::B3-14::B3-10::B3-2-37::B3-1-5::	5
chr5	25359200	25432200	chr5_25359200	20	73000	1.10484138629528e-12	51	8.04497180481945e-57	35	1.54676154349826e-32	::N3-1-15::B3-2-7::N3-10::B3-1::N3-2-7::B3-14::N3-2-2::B3-1-2::B3-1-15::B3-18::N3-9::B3-1-11::N3-1-11::B3-9::N3-1-2::B3-2-2::B3-1-3::N3-2-21::B3-2-22::N3-2-22::	37
chr5	28146800	28219800	chr5_28146800	26	73000	3.41584463735285e-20	44	6.97582448122548e-46	8	2.53815919014262	::N3-14::N3-4::N3-1-5::N3-2-2::B3-14::B3-1-2::B3-1-3::N3-1-11::B3-4::B3-2-21::B3-2-36::B3-2-2::B3-1-11::B3-18::B3-1-5::B3-2-22::B3-10::B3-1-13::B3-2-37::N3-10::N3-18::B3-1-15::N3-21::N3-1-2::B3-2-7::N3-2-21::	27
chr5	65574400	65647400	chr5_65574400	13	73000	6.4145995844216e-05	20	1.10484138629528e-12	18	2.43511421366144e-10	::N3-2-21::B3-2-21::N3-2-36::B3-2-36::B3-14::N3-1-3::N3-1-11::N3-1-5::B3-1-13::B3-1-3::B3-1-11::B3-18::N3-18::	12
chr5	73289000	73362000	chr5_73289000	10	73000	0.0486228647221501	11	0.00580403409606268	10	0.0486228647221501	::N3-1-5::N3-1-13::B3-18::B3-2-22::N3-2-22::N3-9::B3-1-3::B3-14::N3-2-36::B3-2-37::	5
chr5	99965400	100038400	chr5_99965400	10	73000	0.0486228647221501	11	0.00580403409606268	8	2.53815919014262	::N3-1-11::B3-2-36::B3-1-13::B3-14::B3-1::B3-10::N3-1::N3-10::N3-4::B3-1-15::	7
chr5	135179300	135252300	chr5_135179300	11	73000	0.00580403409606268	12	0.000635083466369737	10	0.0486228647221501	::B3-1-2::N3-1-3::B3-1-3::N3-2-22::N3-2-7::B3-1-5::N3-2-21::B3-2-21::N3-2-2::N3-1-11::B3-1-11::	5
chr6	31381000	31454000	chr6_31381000	11	73000	0.00580403409606268	12	0.000635083466369737	12	0.000635083466369737	::B3-1-2::N3-10::N3-1-11::B3-14::B3-1-13::B3-1::B3-2-2::N3-2-22::B3-2-21::N3-18::N3-1::	6
chr6	71839800	71912800	chr6_71839800	11	73000	0.00580403409606268	14	6.01621867828386e-06	10	0.0486228647221501	::N3-8::B3-8::N3-1-11::N3-1-15::N3-1-2::N3-1-5::B3-1-5::N3-10::N3-1-13::B3-1::N3-9::	7
chr6	103594600	103667600	chr6_103594600	10	73000	0.0486228647221501	11	0.00580403409606268	6	82.4408932879769	::B3-18::N3-8::B3-2-36::N3-18::N3-10::N3-1-11::N3-1-13::N3-1-15::B3-1-2::B3-1::	5
chr6	119967500	120040500	chr6_119967500	10	73000	0.0486228647221501	12	0.000635083466369737	11	0.00580403409606268	::B3-9::N3-1-2::B3-1-11::N3-4::B3-18::B3-8::B3-2-21::N3-1-13::B3-1-13::B3-1-2::	4
chr7	121827000	121900000	chr7_121827000	15	73000	5.26640739789564e-07	16	4.32191844096811e-08	2	9984.28109455651	::N3-9::B3-9::N3-1-15::N3-4::N3-2-22::N3-1-2::N3-1-11::N3-21::N3-2-7::N3-2-21::N3-2-36::N3-1-3::N3-1-5::N3-14::N3-18::	14
chr7	136329000	136402000	chr7_136329000	21	73000	6.90816555503939e-14	22	4.12308372324564e-15	3	4369.9618174485	::B3-18::N3-1::N3-2-36::N3-4::N3-9::N3-1-11::N3-8::N3-1-5::N3-1-13::N3-1-3::N3-1-15::N3-2-21::N3-10::N3-2-7::N3-2-2::N3-2-37::N3-21::N3-1-2::N3-2-22::N3-18::N3-14::	20
chr8	109775100	109848100	chr8_109775100	11	73000	0.00580403409606268	17	3.33817994145422e-09	13	6.4145995844216e-05	::B3-2-37::N3-1-11::N3-8::B3-8::N3-1-5::B3-2-36::B3-1-2::N3-1-2::N3-14::N3-2-36::B3-2-7::	7
chr9	3001100	3074100	chr9_3001100	21	73000	6.90816555503939e-14	33	1.0675940192011e-29	11	0.00580403409606268	::N3-2-21::N3-18::B3-2-21::N3-9::N3-2-22::N3-2-7::N3-1-3::N3-8::N3-1::N3-1-15::N3-2-2::N3-1-5::B3-10::B3-2-22::B3-1::N3-21::N3-2-36::N3-1-2::N3-1-13::N3-10::N3-1-11::	15
chr9	35259500	35332500	chr9_35259500	13	73000	6.4145995844216e-05	16	4.32191844096811e-08	7	15.46417466986	::B3-1-15::N3-1-2::N3-1-11::N3-1-3::N3-18::B3-1::N3-1-15::N3-10::N3-8::N3-1::N3-4::N3-1-5::N3-2-21::	8
chr9	72046900	72119900	chr9_72046900	13	73000	6.4145995844216e-05	16	4.32191844096811e-08	12	0.000635083466369737	::B3-2-21::B3-18::B3-1-13::N3-1-13::B3-1::N3-1-3::B3-1-3::B3-2-36::N3-2-36::N3-9::B3-1-5::N3-1-5::B3-2-2::	11
chrUn_GL456390	0	73000	chrUn_GL456390_0	26	73000	3.41584463735285e-20	46	5.81017742227226e-49	33	1.0675940192011e-29	::B3-18::N3-1-2::N3-9::N3-2-7::N3-1-3::N3-1::N3-4::N3-2-2::N3-10::N3-1-15::N3-1-11::N3-2-22::N3-2-36::N3-18::N3-8::N3-21::N3-1-13::N3-14::N3-2-21::B3-14::N3-1-5::B3-2-7::B3-2-22::B3-21::B3-1::B3-1-2::	27
chrUn_GL456393	1400	74400	chrUn_GL456393_1400	13	73000	6.4145995844216e-05	15	5.26640739789564e-07	5	376.714070583843	::N3-2-36::N3-18::N3-1::N3-8::N3-1-3::N3-10::N3-21::N3-1-2::N3-2-2::N3-1-13::N3-14::N3-1-15::N3-2-21::	9
chrUn_GL456394	1000	74000	chrUn_GL456394_1000	13	73000	6.4145995844216e-05	17	3.33817994145422e-09	17	3.33817994145422e-09	::B3-14::N3-1-5::B3-2-7::N3-4::N3-1::N3-2-21::B3-2-22::B3-21::B3-1::N3-18::B3-1-2::N3-8::N3-1-3::	9
chrUn_GL456396	5600	78600	chrUn_GL456396_5600	13	73000	6.4145995844216e-05	15	5.26640739789564e-07	15	5.26640739789564e-07	::B3-14::N3-1-5::B3-2-7::N3-4::N3-1::N3-2-21::B3-2-22::B3-21::B3-1::N3-18::B3-1-2::N3-8::N3-1-3::	7
chrUn_JH584304	30800	103800	chrUn_JH584304_30800	10	73000	0.0486228647221501	13	6.4145995844216e-05	12	0.000635083466369737	::N3-2-21::B3-2-22::B3-21::B3-1::N3-18::B3-1-2::N3-8::N3-1-3::N3-1::N3-1-2::	6
chrX	18171900	18244900	chrX_18171900	10	73000	0.0486228647221501	12	0.000635083466369737	10	0.0486228647221501	::N3-8::B3-8::B3-1-11::B3-2-36::B3-1::N3-2-7::B3-2-7::B3-1-13::N3-1-2::N3-1-5::	3
