chr10	20279100	20353100	chr10_20279100	13	74000	0.0442180935594974	13	0.0442180935594974	13	0.0442180935594974	::B3-18::B3-1-2::B3-1-3::N-B09::B-B09::B-A01::B-B02::N-B02::N-2-26::N-B10::N-A01::B3-1-15::N-2-17::	8
chr10	63256500	63330500	chr10_63256500	14	74000	0.00707404218158892	20	3.19981875494045e-08	15	0.00105626296480334	::B-A08::B-1-2::B3-2-22::B3-2-2::B3-18::N-1-2::N3-1-15::B-B09::N-2-17::B3-1-2::B3-1-15::N-A03::B-A03::B-A01::	13
chr10	67190100	67264100	chr10_67190100	14	74000	0.00707404218158892	17	1.94802480070547e-05	15	0.00105626296480334	::B-1-2::B-A03::N-1-2::N-B07::B-B07::B3-1-2::N3-2-2::B3-3::N3-1-5::N-A01::B-B11::B-B09::N3-6::B-B10::	10
chr10	108167700	108241700	chr10_108167700	21	74000	3.41272859497826e-09	27	2.02132836907524e-15	18	2.42391643359015e-06	::N-A01::N-B04::N-B09::N3-1-5::B3-1-15::B-A03::N-A08::N3-1-15::N-A03::N-1-2::B3-3::B-B11::B3-1-2::B3-2-22::B3-6::B-B10::N-B10::B3-1-3::B-2-17::N-B08::B-A08::	14
chr10	117313800	117387800	chr10_117313800	14	74000	0.00707404218158892	17	1.94802480070547e-05	15	0.00105626296480334	::N-B11::B3-6::N3-1-5::N-2-17::N-B04::B-B10::N-B09::B-B09::N3-6::B-A11::N-B02::N-B10::B-B02::N-1-2::	6
chr10	123133100	123207100	chr10_123133100	14	74000	0.00707404218158892	14	0.00707404218158892	11	1.3750968256663	::B-B02::N-2-17::B3-2-2::B-A11::B3-2-22::N3-2-22::B-B09::N-B09::N3-1-3::N3-1-15::B3-1-15::N3-1-5::N-B04::B-A08::	9
chr10	128050100	128124100	chr10_128050100	14	74000	0.00707404218158892	16	0.000147858990417308	12	0.256653800734706	::B3-3::B-1-2::B3-1-5::N-1-2::B-B09::B-A08::N-A01::N-B04::B-B11::B-B02::B-B07::B3-1-2::N3-1-2::N-B07::	9
chr11	3182100	3256100	chr11_3182100	18	74000	2.42391643359015e-06	26	2.43671630265075e-14	24	3.15738100919765e-12	::B-B07::N3-2-2::N-A03::B-B09::N3-18::N3-1-3::B-A03::B-2-17::B-B10::B3-2-36::N3-17::B-A08::N-A08::N-B04::B3-1-3::B-2-9::B-1-2::B3-3::	14
chr11	4513700	4587700	chr11_4513700	13	74000	0.0442180935594974	18	2.42391643359015e-06	17	1.94802480070547e-05	::N3-17::B-2-26::B-2-9::N-2-9::B3-1-3::B3-2-36::N3-2-36::B-A08::B-B09::B-B10::B3-1-15::B-2-17::N-1-2::	13
chr11	23323400	23397400	chr11_23323400	14	74000	0.00707404218158892	17	1.94802480070547e-05	15	0.00105626296480334	::B3-6::B3-17::N3-17::N-2-17::B-1-2::B3-c-10::B3-18::B-B09::B3-2-2::B-B07::B-B04::N-A08::N-1-2::N3-2-2::	11
chr11	51713200	51787200	chr11_51713200	13	74000	0.0442180935594974	13	0.0442180935594974	11	1.3750968256663	::N-1-2::N3-1-2::B3-18::B3-6::N-B08::N3-2-36::B3-c-32::B3-2-36::B-A08::N-B09::B-A03::N-A01::N3-1-11::	5
chr11	51929800	52003800	chr11_51929800	13	74000	0.0442180935594974	15	0.00105626296480334	12	0.256653800734706	::B-1-2::B-A03::N-2-17::B-B10::B3-6::N-A01::N-A03::N3-1-15::N3-3::B-A08::N3-2-2::B3-2-2::B3-2-36::	5
chr11	54537600	54611600	chr11_54537600	13	74000	0.0442180935594974	17	1.94802480070547e-05	8	121.166196284217	::N3-1-15::N-A03::N-A08::B3-1-15::B-A03::B-A08::B-A11::N-A11::B-A01::B-2-17::B3-1-3::N3-1-11::B-B10::	10
chr11	60122000	60196000	chr11_60122000	14	74000	0.00707404218158892	16	0.000147858990417308	15	0.00105626296480334	::B3-1-15::N-B08::N-1-2::N3-1-3::B3-3::B-2-9::B3-17::B-B02::B-1-2::N-B09::B-B11::N3-2-36::N3-1-5::B3-1-5::	7
chr11	69575900	69649900	chr11_69575900	16	74000	0.000147858990417308	18	2.42391643359015e-06	14	0.00707404218158892	::B3-17::B3-1-15::N-1-2::N3-3::N3-1-11::B-B04::N3-1-2::N-B07::B3-1-2::B-B07::B3-2-2::B3-2-36::B3-2-22::N-A08::B3-6::N-B02::	9
chr11	74655800	74729800	chr11_74655800	18	74000	2.42391643359015e-06	24	3.15738100919765e-12	17	1.94802480070547e-05	::B-B10::N3-3::B-B02::B3-1-15::B3-1-2::B-A01::B-B04::N-B04::B3-2-2::N3-1-5::B3-1-5::N-B07::N3-1-2::B-B07::N-B11::N-B02::B-1-2::N-A01::	8
chr11	75682400	75756400	chr11_75682400	16	74000	0.000147858990417308	19	2.85732544516539e-07	17	1.94802480070547e-05	::N-B10::B-A11::B-A01::B3-2-22::N3-2-22::N3-17::N-B04::B-1-2::N3-1-5::B3-c-32::N-A01::B3-6::N-A08::B3-3::N-B11::B-B11::	10
chr11	77547900	77621900	chr11_77547900	18	74000	2.42391643359015e-06	26	2.43671630265075e-14	19	2.85732544516539e-07	::B3-3::B-B10::B3-1-15::N3-1-15::B-B02::N-B07::B3-2-36::B3-17::N3-17::N-1-2::B-A01::N-A11::B-A11::N3-3::B-B11::B3-2-2::N-2-17::N-B08::	13
chr11	79453700	79527700	chr11_79453700	15	74000	0.00105626296480334	20	3.19981875494045e-08	18	2.42391643359015e-06	::B-B02::N-A11::B-1-2::N-B08::N3-1-11::B3-3::B3-1-11::B-A11::B3-1-3::N-B10::B3-18::B-B09::B3-2-36::B3-c-10::B3-2-2::	9
chr11	84827100	84901100	chr11_84827100	15	74000	0.00105626296480334	20	3.19981875494045e-08	18	2.42391643359015e-06	::B3-3::B-2-17::N3-1-2::B3-6::B-B10::B3-1-2::B-B02::N-B09::B3-1-5::N-2-17::B3-2-36::N-A08::B-A08::N-B02::N3-3::	6
chr11	86286400	86360400	chr11_86286400	14	74000	0.00707404218158892	18	2.42391643359015e-06	14	0.00707404218158892	::N-B08::N3-c-10::B-1-2::N-2-17::N3-2-36::B3-1-5::N-B02::N3-1-11::B-B02::B3-1-11::B-A08::N3-1-3::B3-1-3::B-B08::	7
chr11	86706300	86780300	chr11_86706300	17	74000	1.94802480070547e-05	24	3.15738100919765e-12	18	2.42391643359015e-06	::B-B10::B3-6::B3-2-7::N3-2-7::B3-2-2::B3-3::N-2-17::B3-1-3::N-B11::B-B11::N3-3::B-B02::N-2-26::B-2-26::B3-2-36::N-1-2::N-B09::	15
chr11	88067000	88141000	chr11_88067000	14	74000	0.00707404218158892	18	2.42391643359015e-06	16	0.000147858990417308	::N-1-2::B-B02::B3-3::N-B08::B-B08::N3-3::B-B07::N3-2-2::N-B04::N3-1-3::N-B11::B3-6::B3-1-15::B-1-2::	6
chr11	94021300	94095300	chr11_94021300	13	74000	0.0442180935594974	13	0.0442180935594974	12	0.256653800734706	::B3-1-5::B-A03::N3-1-5::N-A01::B3-6::N-B04::B-A01::B3-1-2::N-A11::N-B09::B-B09::B-1-2::B3-18::	3
chr11	102453900	102527900	chr11_102453900	13	74000	0.0442180935594974	15	0.00105626296480334	13	0.0442180935594974	::N-B04::N-A01::B3-1-2::N-2-9::B-2-9::N3-1-5::N3-3::B3-3::N3-6::B-A11::B3-c-10::B-B02::B-B07::	6
chr11	104376100	104450100	chr11_104376100	13	74000	0.0442180935594974	19	2.85732544516539e-07	17	1.94802480070547e-05	::B3-3::B3-2-2::N3-18::N-B07::B-B09::N3-2-36::B-B04::B3-1-3::B-B11::N-1-2::N-A08::N3-3::B-A08::	9
chr11	105178500	105252500	chr11_105178500	13	74000	0.0442180935594974	19	2.85732544516539e-07	19	2.85732544516539e-07	::B-A03::N3-2-36::B-B02::N-A08::B-1-2::N-B08::N-A01::B-A08::N3-1-5::B3-2-2::B3-1-11::B3-2-36::B-B10::	11
chr11	106823700	106897700	chr11_106823700	19	74000	2.85732544516539e-07	25	2.82867238292868e-13	20	3.19981875494045e-08	::N-B04::B3-1-11::N3-6::B3-6::N-2-26::B-2-26::B3-2-36::B-B11::B3-2-2::B-B04::B3-1-5::N3-1-5::B-A01::B-B02::N3-c-10::N3-2-36::B3-c-10::B3-3::B3-17::	13
chr12	8676400	8750400	chr12_8676400	16	74000	0.000147858990417308	20	3.19981875494045e-08	17	1.94802480070547e-05	::B-B02::N-B02::N3-1-5::B-2-9::B-B08::N-B08::B3-3::B3-1-5::N-B10::N-B11::B3-6::B3-1-2::B3-2-36::B-B11::B-B07::N-B07::	14
chr12	8906200	8980200	chr12_8906200	13	74000	0.0442180935594974	14	0.00707404218158892	11	1.3750968256663	::B3-1-11::N-1-2::B-1-2::N3-1-2::B3-1-2::B3-6::N-B09::B-B10::B-A01::N3-2-7::B3-2-7::N3-17::N-B04::	4
chr12	70979600	71053600	chr12_70979600	13	74000	0.0442180935594974	17	1.94802480070547e-05	13	0.0442180935594974	::N-B02::B-B02::B3-1-15::B-A03::B-A08::B-B09::N-B04::N3-2-2::N-A08::B3-6::B-B07::N3-1-3::N3-1-5::	3
chr12	80787500	80861500	chr12_80787500	13	74000	0.0442180935594974	18	2.42391643359015e-06	15	0.00105626296480334	::N-A01::B-B02::B-A01::N-1-2::N-A11::B3-3::B3-6::B-A11::B-A08::B-1-2::N-2-26::B-2-26::B3-2-2::	4
chr12	83639100	83713100	chr12_83639100	14	74000	0.00707404218158892	17	1.94802480070547e-05	15	0.00105626296480334	::B-A08::N3-1-5::N-B10::B-B11::N-1-2::N3-2-36::B3-1-2::B3-1-11::N3-1-11::N3-1-15::N-2-17::B3-2-36::N-2-26::B-B10::	14
chr12	87358100	87432100	chr12_87358100	13	74000	0.0442180935594974	13	0.0442180935594974	12	0.256653800734706	::B-B04::B-B02::B3-2-36::N3-1-2::N-A11::N3-2-2::N3-2-36::N-B04::N-A01::N3-1-5::N3-2-22::B3-2-22::N3-3::	5
chr12	98711500	98785500	chr12_98711500	13	74000	0.0442180935594974	15	0.00105626296480334	13	0.0442180935594974	::B3-6::N-B07::B3-3::N3-3::B-B11::B-B08::N3-2-7::N3-6::B-A08::B3-1-15::N3-1-15::B3-1-5::N-A11::	9
chr12	105797200	105871200	chr12_105797200	14	74000	0.00707404218158892	16	0.000147858990417308	14	0.00707404218158892	::N-B08::B-B02::N3-1-2::N3-2-36::N3-2-2::B-A01::N3-1-3::N3-2-7::B3-2-7::N3-1-5::B-A08::B3-6::B-B10::N-A03::	4
chr13	3544000	3618000	chr13_3544000	15	74000	0.00105626296480334	17	1.94802480070547e-05	14	0.00707404218158892	::N-B02::B3-18::N3-1-3::B3-1-3::B-B10::B-B02::B3-1-15::B-A03::B-A08::B-B09::N-2-17::N-B10::B-B07::N3-1-15::B-2-17::	6
chr13	43400100	43474100	chr13_43400100	19	74000	2.85732544516539e-07	23	3.38331603953499e-11	19	2.85732544516539e-07	::N3-1-3::B-A03::N3-1-5::N-B10::N-B09::B-B04::B-2-17::N-A11::B3-1-5::B3-17::B-B02::B3-6::N3-1-2::N3-1-15::N-B07::N-A03::N-A08::B3-1-3::B-B09::	14
chr13	44841700	44915700	chr13_44841700	13	74000	0.0442180935594974	23	3.38331603953499e-11	18	2.42391643359015e-06	::N-B04::B-1-2::N3-1-3::B3-6::N-A01::N3-6::B3-2-2::B-B04::N-B07::B-B07::B3-1-2::N3-18::B3-17::	7
chr13	46660200	46734200	chr13_46660200	13	74000	0.0442180935594974	15	0.00105626296480334	14	0.00707404218158892	::B-B09::B3-2-22::B-B10::N-B10::B-B07::N3-6::N3-2-2::N3-2-36::B3-1-2::B-B11::B-A08::B3-6::N-B08::	9
chr13	63238800	63312800	chr13_63238800	16	74000	0.000147858990417308	18	2.42391643359015e-06	14	0.00707404218158892	::N-B08::B-A01::B3-2-2::B-B02::B-A08::B3-6::B-A11::N-A11::B-2-9::N-B02::B-B04::B3-1-5::N3-1-5::B3-1-3::B3-3::N3-3::	10
chr13	85207300	85281300	chr13_85207300	13	74000	0.0442180935594974	16	0.000147858990417308	14	0.00707404218158892	::N3-c-10::B3-2-7::B-A01::B-1-2::B-B07::N3-2-7::B-B11::B3-17::B-B10::B3-c-10::B3-1-11::B3-3::N-B10::	10
chr13	94536800	94610800	chr13_94536800	17	74000	1.94802480070547e-05	17	1.94802480070547e-05	5	3623.54577724531	::B-A08::N-B08::B-B02::N-2-26::N-B04::N3-18::N-2-17::N-B07::N-A11::N-B10::N-1-2::N3-1-5::N3-2-36::N3-3::N3-2-2::N3-6::B-A11::	14
chr13	103828500	103902500	chr13_103828500	18	74000	2.42391643359015e-06	27	2.02132836907524e-15	18	2.42391643359015e-06	::N3-1-2::B-B10::B3-2-36::B-A08::N3-1-15::B3-1-15::N-A03::B-A03::N3-6::B-2-9::B3-17::B-B11::N-B08::B-B08::B3-3::N-B09::B-B09::N-B04::	7
chr13	114288100	114362100	chr13_114288100	15	74000	0.00105626296480334	17	1.94802480070547e-05	15	0.00105626296480334	::B-B04::B3-2-2::B-A03::N3-2-7::N-B09::B-B09::N-B10::B-A08::B3-c-10::B3-17::N3-1-5::B-A11::N-B11::B3-1-3::B-B10::	9
chr14	19356400	19430400	chr14_19356400	30	74000	9.32280471150179e-19	45	3.70109130318554e-37	22	3.47435936580925e-10	::B3-6::N-A03::N-A01::N3-6::N3-1-3::N3-3::N3-2-36::B3-2-36::N3-1-15::N3-18::N3-1-5::N-B11::N3-2-22::B3-2-2::N3-17::N3-1-11::B-B04::N-2-17::N-B02::N-2-9::B-B11::N-B10::B3-3::N-1-2::B3-17::N-B04::N-B08::N-B07::N-A08::N3-2-7::	34
chr14	31025600	31099600	chr14_31025600	19	74000	2.85732544516539e-07	28	1.61686777907337e-16	22	3.47435936580925e-10	::N-B04::B3-c-10::N-A01::N3-1-5::N-2-17::N3-1-3::B3-1-3::N-B11::B-B11::B3-1-2::N-B02::B-B07::N-B07::N-B10::N3-c-10::B-B10::B-B09::B-A08::B3-6::	13
chr14	34408900	34482900	chr14_34408900	15	74000	0.00105626296480334	19	2.85732544516539e-07	16	0.000147858990417308	::B3-2-36::B-2-9::N3-17::B3-17::B-B02::B-A01::N-B08::B-B08::B3-1-2::N3-18::B3-1-3::B-A08::B-A11::N-A11::N-B10::	12
chr14	73211300	73285300	chr14_73211300	21	74000	3.41272859497826e-09	35	1.3488148733846e-24	23	3.38331603953499e-11	::N-A01::B3-1-15::N3-1-15::N-B02::B-B11::B-A08::N-B11::B-A03::N-A03::N-A08::B-B02::N-2-17::B3-3::N3-2-7::B3-2-22::B-A01::B3-c-10::N3-c-10::B-B04::N-B04::B-A11::	31
chr14	121307700	121381700	chr14_121307700	14	74000	0.00707404218158892	15	0.00105626296480334	13	0.0442180935594974	::N3-2-2::N-A11::B-A11::B-B04::B3-2-2::B-B02::B3-1-2::B-B11::B-A08::N-B11::N-B02::B3-1-3::N-B04::B3-17::	10
chr15	8370800	8444800	chr15_8370800	17	74000	1.94802480070547e-05	20	3.19981875494045e-08	19	2.85732544516539e-07	::N-B04::N-B08::B-2-17::N-2-17::B-B02::B-B07::B3-1-11::B3-c-10::B-1-2::B-B08::N-A11::B-2-26::N3-6::B3-17::N3-2-36::B-B11::B-A11::	16
chr15	12122200	12196200	chr15_12122200	19	74000	2.85732544516539e-07	25	2.82867238292868e-13	20	3.19981875494045e-08	::B3-2-36::N3-2-36::B3-c-32::B-B11::B-B08::B3-6::N-B02::N-B04::N-B08::N-B09::N3-1-3::N3-1-11::N-A11::B-B02::B-A08::B-B07::N-B07::B-1-2::N-2-26::	13
chr15	31460500	31534500	chr15_31460500	14	74000	0.00707404218158892	16	0.000147858990417308	16	0.000147858990417308	::B3-6::N-1-2::N-B04::B-B02::B3-3::N-B02::N3-c-10::N-A03::B3-2-2::B-A08::B-B11::N-A11::B-A03::N3-1-15::	7
chr15	38002500	38076500	chr15_38002500	14	74000	0.00707404218158892	25	2.82867238292868e-13	21	3.41272859497826e-09	::B3-1-5::N3-1-15::B-B04::B-A08::N-B04::N3-1-5::N-2-26::N-A01::B-A01::N3-17::N-B02::N3-2-7::N3-3::B3-17::	12
chr15	77096900	77170900	chr15_77096900	18	74000	2.42391643359015e-06	20	3.19981875494045e-08	16	0.000147858990417308	::N3-17::B3-1-5::B3-2-2::B-1-2::B3-2-7::N3-2-7::B-B04::B3-3::B-A11::N-B07::N-B08::B-B08::N3-1-2::B-B07::B3-1-2::B-A03::N-B02::N3-1-15::	9
chr15	77222800	77296800	chr15_77222800	14	74000	0.00707404218158892	16	0.000147858990417308	10	6.75352167653814	::N-B11::B3-6::N3-1-15::B3-1-15::N3-6::N-1-2::B-B07::N3-1-5::B3-2-22::B-A08::B-A03::N-A08::N-A03::B-B02::	8
chr15	80832800	80906800	chr15_80832800	16	74000	0.000147858990417308	26	2.43671630265075e-14	19	2.85732544516539e-07	::N3-17::B3-1-11::B-A03::N3-6::B-A11::N-A11::N-1-2::N3-1-5::N-B04::N3-1-2::B3-6::B-A08::B3-2-22::B-B04::B3-1-5::B-B07::	11
chr15	96348200	96422200	chr15_96348200	14	74000	0.00707404218158892	19	2.85732544516539e-07	16	0.000147858990417308	::B-2-26::B3-2-36::B-B02::N3-2-36::N-1-2::N-B04::N3-1-5::B-1-2::B3-3::N3-18::B-2-17::B-B04::N-A08::B3-c-32::	11
chr15	99974300	100048300	chr15_99974300	13	74000	0.0442180935594974	15	0.00105626296480334	13	0.0442180935594974	::N-A08::B3-1-15::N3-1-15::N-2-17::N-B10::N-1-2::B3-2-2::B-2-17::N-B07::B-A11::B-B07::B-B09::B3-6::	6
chr15	102030000	102104000	chr15_102030000	13	74000	0.0442180935594974	13	0.0442180935594974	10	6.75352167653814	::B3-2-22::B-B02::N3-17::N-B08::N-1-2::B-2-9::B-B10::N3-3::B3-3::N3-1-5::B-2-26::N-2-26::N-B11::	5
chr16	4097100	4171100	chr16_4097100	18	74000	2.42391643359015e-06	20	3.19981875494045e-08	20	3.19981875494045e-08	::B3-6::B-1-2::N-B10::N3-1-3::N-B02::B-A08::N-B08::B3-17::B3-c-10::B-B09::N-A01::N-1-2::B3-1-11::B-B10::B3-2-22::B3-1-2::N-2-17::B3-1-3::	8
chr16	8694700	8768700	chr16_8694700	13	74000	0.0442180935594974	16	0.000147858990417308	12	0.256653800734706	::B3-2-36::N-1-2::B-1-2::B-B11::B-A01::B3-18::B-2-9::B3-2-22::N3-2-22::N3-18::B3-2-2::B-2-17::N-2-17::	12
chr16	35997100	36071100	chr16_35997100	13	74000	0.0442180935594974	14	0.00707404218158892	11	1.3750968256663	::N3-2-7::B-B02::N-A01::B-A01::N3-2-36::N-B02::B-2-17::B-B07::B-B09::N-B09::N3-1-5::N-B10::B-B10::	6
chr16	38152800	38226800	chr16_38152800	15	74000	0.00105626296480334	18	2.42391643359015e-06	17	1.94802480070547e-05	::B-B10::B-A08::B-B09::B-B02::B-1-2::N-1-2::B-B07::N3-2-7::N-A08::N-2-17::N3-1-15::N3-6::N-B07::B-B08::N-B04::	10
chr16	94575200	94649200	chr16_94575200	20	74000	3.19981875494045e-08	21	3.41272859497826e-09	17	1.94802480070547e-05	::N-B07::B3-6::B3-2-36::B-A01::N-A01::N3-2-22::N3-1-5::B-B07::B-1-2::N-1-2::N-B08::B3-2-2::N3-2-2::N-B04::B-B02::B-A11::N-A11::N-B02::N-B10::B-B09::	16
chr16	96014500	96088500	chr16_96014500	13	74000	0.0442180935594974	21	3.41272859497826e-09	16	0.000147858990417308	::N-2-17::N-1-2::B3-1-3::B-B11::N3-1-3::N-B09::B3-2-36::N3-1-15::B3-18::B-B10::N3-18::B-B09::B3-1-2::	12
chr17	5087200	5161200	chr17_5087200	14	74000	0.00707404218158892	15	0.00105626296480334	13	0.0442180935594974	::N3-17::B-B08::B-B02::B3-2-36::B-A11::N-A11::N-B09::B-B09::N3-6::N-B08::B3-6::B3-17::N3-1-3::B3-18::	8
chr17	5201000	5275000	chr17_5201000	15	74000	0.00105626296480334	19	2.85732544516539e-07	15	0.00105626296480334	::N3-1-3::N-2-17::B-A08::N3-1-15::N-A01::B-B02::B-B07::N-B07::B3-3::N3-3::B-B09::N-B11::B-B11::N-A08::N-B09::	6
chr17	13796400	13870400	chr17_13796400	15	74000	0.00105626296480334	17	1.94802480070547e-05	15	0.00105626296480334	::B3-2-36::B-2-17::N-2-17::B3-17::B-2-9::N-2-9::N3-2-2::B3-6::B-1-2::B-B07::B3-2-2::N3-1-11::B-B09::B-B11::N-B11::	9
chr17	30047400	30121400	chr17_30047400	17	74000	1.94802480070547e-05	22	3.47435936580925e-10	19	2.85732544516539e-07	::B-B11::B3-1-3::N3-1-3::B3-17::N-B07::B-B02::N-A01::N-B04::N3-18::B3-3::B3-1-11::N-2-17::B-B10::B-2-17::B3-2-2::B3-2-7::B-B04::	14
chr17	32215000	32289000	chr17_32215000	18	74000	2.42391643359015e-06	23	3.38331603953499e-11	19	2.85732544516539e-07	::B-1-2::B-A08::N3-c-10::N-B10::N-A01::B3-17::B-B07::B-A03::B-B02::B3-1-2::N3-1-2::N-B08::B-2-17::N-2-17::N-B09::N3-1-5::B3-6::N3-6::	14
chr17	33637600	33711600	chr17_33637600	15	74000	0.00105626296480334	17	1.94802480070547e-05	14	0.00707404218158892	::N-B07::N-B09::B3-c-10::B3-6::B3-17::B-2-17::N3-2-7::B3-1-2::N3-6::B3-1-3::B-B10::N-B10::B-B02::N-1-2::B-1-2::	9
chr18	6433400	6507400	chr18_6433400	15	74000	0.00105626296480334	20	3.19981875494045e-08	16	0.000147858990417308	::N3-1-5::B-B08::B3-6::B-1-2::N-1-2::N-B10::B-B10::N-B07::B-B04::N-B08::B-2-17::N-2-17::B-B07::B3-3::N3-3::	11
chr18	9344900	9418900	chr18_9344900	14	74000	0.00707404218158892	15	0.00105626296480334	10	6.75352167653814	::N-B08::N-B07::N3-1-2::B3-1-2::B-B07::B3-2-22::N-1-2::N-A03::N-A01::B-A08::B-1-2::B3-c-10::B3-17::B-B09::	7
chr18	10062900	10136900	chr18_10062900	13	74000	0.0442180935594974	13	0.0442180935594974	11	1.3750968256663	::B-B02::N-B11::B-B11::N3-2-2::B-B10::N-A11::N3-1-5::N3-2-22::B3-2-22::N-B08::N3-1-2::B3-18::N-1-2::	2
chr18	31795200	31869200	chr18_31795200	15	74000	0.00105626296480334	15	0.00105626296480334	14	0.00707404218158892	::B3-2-36::B3-6::N3-18::B3-18::N3-6::B-B10::B-1-2::N3-2-2::B-B09::B3-1-3::N-B08::N-A11::B-A08::N3-1-5::B3-1-2::	6
chr18	35772800	35846800	chr18_35772800	16	74000	0.000147858990417308	20	3.19981875494045e-08	17	1.94802480070547e-05	::B3-2-22::B-A08::B3-6::N-A01::N3-2-7::B3-2-7::B-A11::N3-3::N-A08::N-B11::B-B11::N-B09::N-A11::B-A03::N-B07::B3-1-5::	7
chr18	53892900	53966900	chr18_53892900	13	74000	0.0442180935594974	15	0.00105626296480334	13	0.0442180935594974	::B-2-26::B3-6::B3-1-2::N-1-2::N-A11::N3-c-10::B-B02::B-1-2::N-B10::N-B04::N3-1-5::B3-1-3::N3-6::	3
chr18	61557500	61631500	chr18_61557500	15	74000	0.00105626296480334	16	0.000147858990417308	12	0.256653800734706	::B3-2-22::B-B10::B3-6::N-B02::B3-2-36::B-B09::N-A08::N3-1-2::N-B07::B3-1-2::B-B07::N-2-17::N3-6::N-2-26::B-2-26::	5
chr18	73571800	73645800	chr18_73571800	15	74000	0.00105626296480334	16	0.000147858990417308	12	0.256653800734706	::B-A11::B3-6::B3-18::B3-2-22::N3-2-22::B-B07::N-2-9::B-1-2::N-1-2::B-A03::N-A03::N3-1-15::B-2-26::B-B02::B3-1-2::	11
chr19	3860600	3934600	chr19_3860600	17	74000	1.94802480070547e-05	19	2.85732544516539e-07	14	0.00707404218158892	::B-B11::B3-2-36::N-A11::N3-2-36::N-B10::N3-18::B-B10::N-2-17::N-B08::N3-2-7::B3-2-7::N3-17::B3-17::N-A08::B-1-2::N-2-26::B-2-26::	11
chr19	4315900	4389900	chr19_4315900	17	74000	1.94802480070547e-05	19	2.85732544516539e-07	14	0.00707404218158892	::B-2-17::B3-6::N-B10::N3-1-2::B-B11::B3-1-3::B-B09::N3-1-3::N-B09::N3-2-2::B-B02::N-B11::B-B10::B3-17::N-2-9::N-B04::N3-1-5::	15
chr19	11916300	11990300	chr19_11916300	17	74000	1.94802480070547e-05	20	3.19981875494045e-08	16	0.000147858990417308	::B-B10::N-A11::B-A01::B-B04::B3-1-5::N3-6::N3-1-5::N-B04::B3-6::B-2-9::N-2-9::B-B07::B-B02::N-B02::B-1-2::B-A08::N-A08::	12
chr19	12761200	12835200	chr19_12761200	13	74000	0.0442180935594974	14	0.00707404218158892	11	1.3750968256663	::B-B10::B-2-26::B-A08::N-B04::N3-1-5::B3-1-5::B-B04::N-B09::N-B10::B-1-2::B3-6::B-2-17::B-A01::	5
chr19	16161400	16235400	chr19_16161400	18	74000	2.42391643359015e-06	19	2.85732544516539e-07	17	1.94802480070547e-05	::N-2-9::B-A01::N-B07::N-B10::B-B07::N3-1-2::N-B04::N3-18::N3-2-7::B-A11::B3-17::N-B09::B-B11::B3-6::B3-3::B3-2-22::B-B02::B-B04::	12
chr19	24449700	24523700	chr19_24449700	13	74000	0.0442180935594974	13	0.0442180935594974	12	0.256653800734706	::B3-c-10::N-B07::N3-1-5::B3-1-15::B3-6::B-B10::B3-2-7::B-B11::B3-17::B3-18::N-B04::B3-2-36::N3-2-36::	10
chr19	29999700	30073700	chr19_29999700	14	74000	0.00707404218158892	15	0.00105626296480334	13	0.0442180935594974	::N3-6::B-1-2::N-1-2::B-B04::B-A08::B3-6::B-B10::B3-1-3::N-A08::B-A11::N-A11::B-A01::N-B09::B3-17::	7
chr19	32765200	32839200	chr19_32765200	16	74000	0.000147858990417308	19	2.85732544516539e-07	16	0.000147858990417308	::N-A01::N-1-2::B-1-2::N-B08::B-B02::N-2-17::B-A08::B-2-17::N3-1-2::B3-1-2::B-B10::N3-1-3::B3-1-3::B3-1-5::B3-6::N-A08::	8
chr19	46883500	46957500	chr19_46883500	14	74000	0.00707404218158892	15	0.00105626296480334	12	0.256653800734706	::B-B11::B3-6::N3-1-2::B3-1-2::B3-1-5::N-B04::N-B09::B-B09::N-B10::B-A01::N-B07::N-A11::B3-3::N3-3::	7
chr19	53910000	53984000	chr19_53910000	13	74000	0.0442180935594974	19	2.85732544516539e-07	16	0.000147858990417308	::B3-1-11::B3-3::N3-3::B3-1-2::B-A11::N-A08::B3-2-2::B-A08::N3-1-2::N-B10::N-1-2::B3-17::N-A11::	10
chr2	6346200	6420200	chr2_6346200	14	74000	0.00707404218158892	17	1.94802480070547e-05	14	0.00707404218158892	::B-B04::B3-6::B-1-2::B3-2-22::N3-2-22::N3-18::B-B02::B-A01::B-2-9::N-B07::B-A08::N-2-17::B-B07::B-2-17::	8
chr2	18113100	18187100	chr2_18113100	19	74000	2.85732544516539e-07	25	2.82867238292868e-13	19	2.85732544516539e-07	::N-A01::B-B10::N-B04::B3-2-2::N3-1-5::N-2-17::B-2-17::N-A03::N3-6::N-B08::B3-17::B-A01::B3-6::N3-18::B3-1-11::B-B07::B3-1-2::N-B07::N3-1-2::	11
chr2	48801600	48875600	chr2_48801600	14	74000	0.00707404218158892	20	3.19981875494045e-08	17	1.94802480070547e-05	::B3-1-3::B3-c-10::B-B11::N3-1-5::N3-2-36::N-2-17::B-2-17::B-A11::N-A11::B3-2-22::N3-6::B-B07::B3-1-11::B-A03::	11
chr2	49457900	49531900	chr2_49457900	19	74000	2.85732544516539e-07	22	3.47435936580925e-10	19	2.85732544516539e-07	::B3-c-10::N3-2-22::N-B04::B-B02::B-A11::N-A11::B-2-26::B3-18::N3-2-7::B3-2-22::N3-1-3::N-A01::B-A01::B-B08::N-B08::B-B11::B-B10::N3-1-15::N3-1-2::	12
chr2	91803200	91877200	chr2_91803200	13	74000	0.0442180935594974	16	0.000147858990417308	16	0.000147858990417308	::B-B04::B-A01::B3-17::B-A03::B-B09::B-1-2::B3-2-36::N-1-2::N-A11::N3-1-5::B-B07::B3-1-11::N-B08::	7
chr2	98602000	98676000	chr2_98602000	50	74000	8.20436777838704e-44	327	0	28	1.61686777907337e-16	::N3-2-36::N-A08::B-A08::N3-2-2::N-1-2::N-A01::N-B07::N3-6::N-B10::N-2-26::N-A11::N-B04::N-B09::N-B08::N-B11::N3-2-7::N-A03::N3-1-11::N3-18::N3-1-15::N3-17::N3-1-3::N-2-17::N3-1-5::N-2-9::N-B02::B-B02::N3-2-22::N3-1-2::B3-1-11::B3-2-7::B3-17::B3-6::B3-2-2::B3-1-2::B-1-2::N3-3::B-B07::B-B11::B-B10::B3-1-3::B3-2-22::B-A01::B-B08::B3-1-5::B-B04::N3-c-10::B3-1-15::B-A11::B3-2-36::	156
chr2	104425500	104499500	chr2_104425500	13	74000	0.0442180935594974	13	0.0442180935594974	12	0.256653800734706	::B-A08::N3-2-22::N3-2-36::B-A01::B-B10::B-B09::B3-2-2::B3-1-11::B-B02::N-B11::B3-17::B3-3::B-B11::	8
chr2	109945900	110019900	chr2_109945900	13	74000	0.0442180935594974	17	1.94802480070547e-05	16	0.000147858990417308	::N-B02::B-A08::B3-c-10::B3-6::N-A11::B-A01::B-B02::B-B07::B3-2-36::N3-17::N3-2-36::B-1-2::B3-2-2::	11
chr2	136714700	136788700	chr2_136714700	15	74000	0.00105626296480334	18	2.42391643359015e-06	14	0.00707404218158892	::B3-1-15::N3-1-2::B-1-2::B-B04::N-B04::B-B07::N-B07::N-2-17::B3-18::N3-6::N3-1-5::B3-1-5::N3-2-7::N-1-2::B3-c-10::	6
chr2	154463100	154537100	chr2_154463100	13	74000	0.0442180935594974	17	1.94802480070547e-05	15	0.00105626296480334	::B-B10::B-B04::B3-1-5::B3-1-2::B-B11::N-B11::N-A01::B-A11::B-B08::N-B08::N-B02::B-B02::B3-2-7::	11
chr2	154806500	154880500	chr2_154806500	17	74000	1.94802480070547e-05	23	3.38331603953499e-11	22	3.47435936580925e-10	::B3-18::B3-1-11::B-A03::B-A01::B-B10::N-B04::B3-2-7::B-B04::N-B02::B-B02::N3-2-22::N-B08::N3-1-5::N-2-9::N3-1-11::B3-c-10::B3-6::	12
chr2	160645200	160719200	chr2_160645200	15	74000	0.00105626296480334	20	3.19981875494045e-08	17	1.94802480070547e-05	::N-B09::B3-2-2::B-B02::N-A01::N-2-17::N-B04::N-B08::B-B10::B3-1-11::B3-2-36::B3-1-5::N-A08::N-1-2::B-B07::N3-2-2::	12
chr2	163609200	163683200	chr2_163609200	18	74000	2.42391643359015e-06	24	3.15738100919765e-12	9	30.1532849338018	::B3-6::N-B08::N-B09::B-B02::B3-2-7::B-B04::B-B09::B-B07::B3-1-2::B-B10::B-B08::B-A08::B-1-2::B3-2-2::B-B11::B3-3::B-A11::B3-1-3::	7
chr3	16153800	16227800	chr3_16153800	14	74000	0.00707404218158892	14	0.00707404218158892	13	0.0442180935594974	::N-A08::N3-3::B-B02::N-A11::N3-6::B3-6::B-B08::N3-1-11::B-1-2::B-B11::N-2-17::B3-1-15::N3-2-7::N-1-2::	6
chr3	51246800	51320800	chr3_51246800	14	74000	0.00707404218158892	19	2.85732544516539e-07	16	0.000147858990417308	::N3-2-7::B-B09::B3-17::B-B10::N3-1-2::N3-1-15::N3-18::B-B07::B3-1-2::N-B07::N-B04::B-B04::N3-1-5::B3-18::	9
chr3	51396500	51470500	chr3_51396500	15	74000	0.00105626296480334	17	1.94802480070547e-05	16	0.000147858990417308	::B3-1-11::B-B04::B-B08::N3-3::B3-1-5::B-1-2::B-B02::B3-3::N-1-2::B3-1-2::B-B10::B-2-9::B-2-26::N3-1-3::N-B04::	5
chr3	69058400	69132400	chr3_69058400	18	74000	2.42391643359015e-06	25	2.82867238292868e-13	21	3.41272859497826e-09	::B-B10::B-A08::N-B07::B-B02::B-2-17::N-A08::B3-c-10::B-B04::B3-1-3::B3-3::N3-2-2::B3-6::B-B09::N-B09::N-B08::B-A01::N3-18::B-B08::	13
chr3	88956500	89030500	chr3_88956500	16	74000	0.000147858990417308	22	3.47435936580925e-10	16	0.000147858990417308	::N3-18::N3-1-2::B3-1-2::N-B08::B-B02::B-B09::B3-2-36::N-B02::N3-1-3::B3-1-3::B3-1-11::N3-1-11::B-A08::B3-3::N3-6::B3-17::	11
chr3	90290900	90364900	chr3_90290900	16	74000	0.000147858990417308	17	1.94802480070547e-05	16	0.000147858990417308	::N-A11::N-B08::N-B07::B3-1-2::N-A01::N-1-2::B-1-2::B-B10::N-2-17::N3-2-36::B3-3::B-A01::N-B09::B-A03::B3-6::B-B02::	12
chr3	103024800	103098800	chr3_103024800	14	74000	0.00707404218158892	15	0.00105626296480334	13	0.0442180935594974	::B-A11::N-A11::B3-18::B3-2-22::N-A01::B3-1-11::N-B09::B-B10::N3-6::N-2-17::B3-2-36::B-A01::B3-6::B-A08::	6
chr3	103284200	103358200	chr3_103284200	20	74000	3.19981875494045e-08	28	1.61686777907337e-16	25	2.82867238292868e-13	::N3-18::B3-2-2::B-B09::N3-3::B-B10::B3-3::B-1-2::B3-6::B3-1-5::N3-1-11::B-B07::N-B04::B-2-17::N-2-9::B-A11::N-A11::B-A08::B-2-9::N-B07::N-A08::	18
chr3	104821100	104895100	chr3_104821100	14	74000	0.00707404218158892	15	0.00105626296480334	14	0.00707404218158892	::B3-17::B-B02::B-A08::B-B09::B-B07::B-B11::N-B04::B-B04::B-A11::N-2-26::B3-18::B-2-9::B3-1-2::B-2-17::	11
chr3	105731600	105805600	chr3_105731600	13	74000	0.0442180935594974	13	0.0442180935594974	13	0.0442180935594974	::B-2-9::B-B07::B-2-17::B-2-26::N3-2-7::B-A08::N3-18::B3-2-36::B3-3::N3-1-15::N-B02::B-A01::N3-3::	9
chr3	107251600	107325600	chr3_107251600	13	74000	0.0442180935594974	15	0.00105626296480334	12	0.256653800734706	::N-B07::B-B07::B-1-2::N-1-2::B3-6::N3-17::B-A03::N3-2-7::B3-2-2::N3-2-2::N-B08::B-B08::B3-1-11::	10
chr3	135444900	135518900	chr3_135444900	18	74000	2.42391643359015e-06	24	3.15738100919765e-12	15	0.00105626296480334	::B-B02::B-A08::N3-1-15::B3-1-15::B3-6::B-A01::B3-3::N-B09::N-2-17::N-B02::B-A03::N-A08::N-A03::N3-2-36::N3-17::B3-18::N3-18::N3-1-2::	15
chr4	13756000	13830000	chr4_13756000	14	74000	0.00707404218158892	21	3.41272859497826e-09	11	1.3750968256663	::B-A08::N-A03::N3-1-15::N-A08::B-A03::B3-1-15::B3-1-5::B3-c-10::B-B10::B3-2-2::B-B08::N-B08::B-B07::B-2-9::	5
chr4	91294200	91368200	chr4_91294200	13	74000	0.0442180935594974	17	1.94802480070547e-05	13	0.0442180935594974	::B-B04::N-A01::N3-1-5::N-B04::B3-1-5::B3-18::N3-18::B3-2-36::N-2-17::B-2-26::N-2-26::B3-1-2::N-A03::	8
chr4	103083500	103157500	chr4_103083500	14	74000	0.00707404218158892	16	0.000147858990417308	10	6.75352167653814	::B3-2-22::N3-18::N3-2-36::N3-17::B-B02::N3-1-5::B3-1-15::B-A03::B-A08::N-A03::N3-1-15::N-A08::N-A01::B3-1-3::	12
chr4	110206200	110280200	chr4_110206200	13	74000	0.0442180935594974	14	0.00707404218158892	13	0.0442180935594974	::N-A01::B-B02::B3-2-2::B-B04::N-B04::B-2-9::N3-18::B-1-2::N-A08::N3-1-5::B3-1-5::N3-2-7::B3-2-7::	6
chr4	116571200	116645200	chr4_116571200	13	74000	0.0442180935594974	15	0.00105626296480334	11	1.3750968256663	::N3-1-11::N-B09::B-B09::B3-3::N3-2-7::B-A08::N3-1-5::N-B04::B-B04::B3-1-5::N3-3::N-A03::B-B10::	5
chr4	129665800	129739800	chr4_129665800	15	74000	0.00105626296480334	15	0.00105626296480334	13	0.0442180935594974	::N3-1-3::B-B07::N-B09::B-B09::N-A01::N3-18::B-A08::N-2-9::B-2-9::N-B08::B-B08::B-B04::B-A11::N3-6::N-B02::	7
chr4	130691300	130765300	chr4_130691300	17	74000	1.94802480070547e-05	18	2.42391643359015e-06	15	0.00105626296480334	::B3-17::N3-1-2::B-B10::B-B02::N-A08::B-A08::N-A01::B3-2-36::N-B02::B-2-9::B3-1-11::B-1-2::N-B07::B-B07::N-A11::N-B09::B-B09::	6
chr4	132172500	132246500	chr4_132172500	13	74000	0.0442180935594974	17	1.94802480070547e-05	14	0.00707404218158892	::B3-17::B-B08::N-B08::B-A01::B-A11::B-A08::N3-1-3::B-B07::B-B02::N-A01::B-B04::N-B04::N-2-26::	15
chr4	133688600	133762600	chr4_133688600	16	74000	0.000147858990417308	21	3.41272859497826e-09	19	2.85732544516539e-07	::N-B02::N-A08::B3-1-11::B-A08::B-B07::B-B02::B-B09::N-B08::B-1-2::N3-2-2::B3-18::N-B09::B3-3::N3-2-36::B3-2-36::N-B04::	14
chr4	136545400	136619400	chr4_136545400	15	74000	0.00105626296480334	21	3.41272859497826e-09	13	0.0442180935594974	::B3-2-36::B3-1-15::B-A08::B-A03::N3-1-15::N-A08::N-A03::B3-17::B3-6::N-B08::B-B08::N3-1-5::B-A01::B3-2-2::N-A01::	14
chr5	23420500	23494500	chr5_23420500	16	74000	0.000147858990417308	18	2.42391643359015e-06	17	1.94802480070547e-05	::B-B02::B-A08::B-B07::B-A01::N-B09::B3-2-22::N-2-9::B3-2-36::N-A01::B-1-2::B3-18::N3-1-2::N3-3::B3-3::B3-6::N-B04::	6
chr5	25368400	25442400	chr5_25368400	31	74000	6.73566624701891e-20	78	1.40795252761427e-84	49	1.8315528636181e-42	::B-1-2::N3-2-7::B3-2-7::N3-2-2::B3-1-2::B-A08::B3-1-15::B-A03::N-A08::N3-1-15::N-A03::B-B08::B3-18::B-2-9::N-2-9::B3-1-11::N3-1-11::B-B09::N-2-17::B-A11::B-B10::N3-1-2::B-B07::B3-2-2::N-B07::N-B10::B3-1-3::B3-2-22::N3-2-22::N-B08::B3-17::	55
chr5	28130200	28204200	chr5_28130200	43	74000	1.46084337761749e-34	90	1.71005809428608e-103	6	1352.62736195406	::N-A01::N-A08::N-B09::N3-1-5::N3-2-2::N-1-2::B-B10::B3-6::B-A08::B-1-2::B-B04::B3-1-2::N-A11::B3-1-3::B-2-9::N-B04::N3-1-11::N3-3::B-B11::B-2-17::B-B08::B-B09::B-B07::B-A01::B3-2-36::B3-2-2::B-A11::B3-3::B3-17::B3-1-11::B3-18::B-B02::B3-1-5::B3-2-22::N-B02::N-B10::N-B08::N3-18::N-A03::B3-1-15::B3-c-10::N3-1-2::B3-2-7::	57
chr5	52105400	52179400	chr5_52105400	13	74000	0.0442180935594974	15	0.00105626296480334	13	0.0442180935594974	::N3-1-3::N3-17::N-B08::B-B08::B-B11::B-B10::N3-3::B-A11::N-A11::B-A08::B-B02::B3-6::B-A03::	8
chr5	65572800	65646800	chr5_65572800	17	74000	1.94802480070547e-05	20	3.19981875494045e-08	16	0.000147858990417308	::N-A01::N3-2-36::B3-2-36::N3-1-3::N3-1-11::N3-1-5::B-A11::N-A11::B-B10::B3-1-3::B3-1-11::B3-6::N3-6::B-1-2::B3-18::N3-18::N-B02::	14
chr5	86805300	86879300	chr5_86805300	15	74000	0.00105626296480334	18	2.42391643359015e-06	14	0.00707404218158892	::N-2-26::B3-1-3::B-B02::N-B02::N-1-2::B-B09::N-B09::B3-2-2::N3-2-2::B3-2-36::N3-2-36::B-B10::N3-1-3::N3-17::B3-3::	12
chr5	90258700	90332700	chr5_90258700	14	74000	0.00707404218158892	16	0.000147858990417308	16	0.000147858990417308	::N-2-17::B3-6::B3-17::B3-18::N-1-2::N3-3::B-1-2::B-A01::N3-6::B3-2-2::B3-1-2::N-B10::B-B09::B3-1-11::	8
chr5	96070200	96144200	chr5_96070200	15	74000	0.00105626296480334	16	0.000147858990417308	15	0.00105626296480334	::N-B08::N3-6::N-A01::B3-1-3::B3-18::N-B10::B-B10::N3-1-3::B-A03::N-2-17::B-B02::B3-17::B-B04::B-1-2::N-A11::	8
chr5	121717000	121791000	chr5_121717000	18	74000	2.42391643359015e-06	20	3.19981875494045e-08	15	0.00105626296480334	::N-B02::N-2-26::B3-c-10::N-1-2::B-1-2::B3-2-22::B3-6::B-B09::N-B08::N3-c-32::N3-2-36::B3-2-36::B3-3::B-B10::B3-17::B-B11::B-A08::N-A08::	8
chr5	122292600	122366600	chr5_122292600	16	74000	0.000147858990417308	20	3.19981875494045e-08	14	0.00707404218158892	::N3-1-2::N3-1-3::N-B08::N3-2-2::B-B04::B-B10::B-A11::N-A11::N-B02::B-A08::B-A03::B3-1-15::N-A08::N3-1-15::N-A03::B3-2-36::	14
chr5	122445700	122519700	chr5_122445700	14	74000	0.00707404218158892	17	1.94802480070547e-05	15	0.00105626296480334	::N-B09::B3-1-3::B-A01::N-A01::B-B02::N-1-2::N-B08::N-B02::B3-3::B-A08::B-A11::B3-6::B-B09::B-B10::	9
chr5	124340800	124414800	chr5_124340800	13	74000	0.0442180935594974	27	2.02132836907524e-15	18	2.42391643359015e-06	::B-B07::N3-18::N-2-9::N3-3::B-B10::N3-1-11::B-B02::B3-1-11::N-B02::N3-1-3::B3-1-3::B3-2-22::B3-c-10::	12
chr5	125124600	125198600	chr5_125124600	13	74000	0.0442180935594974	15	0.00105626296480334	14	0.00707404218158892	::B3-6::N-B10::N-1-2::N-B09::B3-c-32::B3-2-36::B-B10::N3-2-7::N3-1-15::N-A11::N3-2-36::B-B08::B3-2-2::	8
chr5	135172400	135246400	chr5_135172400	17	74000	1.94802480070547e-05	21	3.41272859497826e-09	18	2.42391643359015e-06	::B-B02::N-A01::B3-1-2::N3-1-3::B3-1-3::B-A08::N-B08::N3-2-22::N3-2-7::B3-1-5::B-B07::N3-17::B3-17::N3-2-2::N3-1-11::B3-1-11::B-B04::	9
chr5	144267500	144341500	chr5_144267500	13	74000	0.0442180935594974	15	0.00105626296480334	12	0.256653800734706	::N3-2-36::N3-1-5::B3-1-3::N3-1-3::N3-1-2::B3-1-2::B3-3::N3-2-2::B3-2-2::B-A08::B-B11::N3-6::B-B10::	4
chr6	17639400	17713400	chr6_17639400	13	74000	0.0442180935594974	19	2.85732544516539e-07	15	0.00105626296480334	::N3-1-2::B3-3::B-B10::N-B10::N-1-2::B-1-2::B-A11::N-A11::B3-18::N3-18::B-A08::B-B09::B-2-17::	8
chr6	38557100	38631100	chr6_38557100	13	74000	0.0442180935594974	14	0.00707404218158892	13	0.0442180935594974	::N3-1-3::N-B07::B3-3::N3-1-11::B-A08::N-2-17::B-2-17::B-B04::B3-18::N3-2-36::B-B10::N-B08::B-B02::	8
chr6	47450900	47524900	chr6_47450900	18	74000	2.42391643359015e-06	20	3.19981875494045e-08	15	0.00105626296480334	::B3-1-2::B-2-9::B-A01::B3-1-11::B-B04::N-2-17::B-B10::B-A08::N3-1-5::N-B07::N-B04::B3-1-5::N-A03::N3-1-3::N-B10::B3-6::N3-6::B-B09::	6
chr6	83387500	83461500	chr6_83387500	13	74000	0.0442180935594974	14	0.00707404218158892	13	0.0442180935594974	::N-B02::N3-6::N-2-17::B3-18::B-B11::N-1-2::N-A01::B-A01::B3-2-36::B-B07::B-2-26::B3-6::B-B02::	10
chr6	83924500	83998500	chr6_83924500	16	74000	0.000147858990417308	19	2.85732544516539e-07	19	2.85732544516539e-07	::B3-1-11::N-2-17::N-2-26::N3-1-15::B-A08::N3-2-7::B-A01::B3-17::N-B04::B3-1-2::B-1-2::N-A01::B-B09::B-B10::N3-2-36::B3-c-10::	11
chr6	103636500	103710500	chr6_103636500	14	74000	0.00707404218158892	16	0.000147858990417308	5	3623.54577724531	::B3-2-36::N3-18::N-B11::N-A01::B-B11::N-B10::N3-1-11::N-B04::N3-1-15::N-B08::N3-3::B3-1-2::N-A11::N3-1-2::	8
chr6	113094800	113168800	chr6_113094800	17	74000	1.94802480070547e-05	20	3.19981875494045e-08	16	0.000147858990417308	::B-B04::B-A11::B-1-2::N-1-2::N3-2-7::B-B11::N-A03::N-2-17::B-A08::B-B07::N3-18::N-B08::B-B08::B-A03::B-B02::B3-1-11::B3-18::	9
chr6	114887900	114961900	chr6_114887900	14	74000	0.00707404218158892	15	0.00105626296480334	14	0.00707404218158892	::N3-2-2::N-A11::N-A08::B-B10::B3-1-3::B3-17::N3-1-5::B-1-2::B-B09::B-A11::B-B02::N3-1-3::N-2-17::B3-1-2::	11
chr7	16534100	16608100	chr7_16534100	14	74000	0.00707404218158892	19	2.85732544516539e-07	15	0.00105626296480334	::B-B10::N3-1-5::B3-1-5::B-B04::N-B04::N-2-17::B-2-17::B-A01::N-B09::B-1-2::N-A01::N-B08::B-B02::N-B10::	14
chr7	28909200	28983200	chr7_28909200	13	74000	0.0442180935594974	15	0.00105626296480334	13	0.0442180935594974	::B-1-2::B3-1-2::B-2-9::B3-2-22::N3-1-2::B-B07::N-B07::N-B04::B-2-17::N-2-17::B3-17::N-B09::N3-18::	11
chr7	59241400	59315400	chr7_59241400	15	74000	0.00105626296480334	22	3.47435936580925e-10	13	0.0442180935594974	::N-A01::N-A11::B-B02::B3-1-2::B-B07::N3-1-2::N-B07::B-B04::B3-1-3::B-2-9::N-B02::B3-c-10::N3-2-7::B3-2-7::B-B11::	9
chr7	67266800	67340800	chr7_67266800	19	74000	2.85732544516539e-07	21	3.41272859497826e-09	14	0.00707404218158892	::N-B04::N3-1-5::B-B09::B-B07::N3-3::N3-17::B-A03::N-A01::B-B04::B-A11::N-A11::B-2-26::B3-6::B3-17::B3-1-15::B-A08::N-A03::N3-1-15::N-A08::	15
chr7	79290800	79364800	chr7_79290800	13	74000	0.0442180935594974	16	0.000147858990417308	12	0.256653800734706	::N-A01::B-B11::N3-3::B3-1-11::N-B08::N-B04::B-B08::B-B10::B-A03::N3-2-7::B-B02::N3-2-22::B3-2-22::	7
chr7	90127300	90201300	chr7_90127300	21	74000	3.41272859497826e-09	26	2.43671630265075e-14	24	3.15738100919765e-12	::B3-17::N-B09::B-A08::N-1-2::N-B02::B-B07::B-B09::N3-c-32::N-A11::B3-6::B-A03::B-B02::N3-2-2::B-B10::B-1-2::N-A01::B-A01::B-A11::B3-2-36::N3-6::B3-1-11::	11
chr7	112035100	112109100	chr7_112035100	13	74000	0.0442180935594974	25	2.82867238292868e-13	19	2.85732544516539e-07	::N-A01::B3-1-2::B-1-2::N-B07::N-1-2::N3-17::B-B09::B-B07::N-2-17::B-2-17::N-B04::B-B02::N3-1-2::	12
chr7	121018000	121092000	chr7_121018000	13	74000	0.0442180935594974	14	0.00707404218158892	10	6.75352167653814	::N3-1-15::B-2-26::B3-c-10::B3-17::N3-17::B-B11::B3-2-36::N3-6::B3-6::N3-1-3::N-B09::B-B09::B3-1-3::	3
chr7	121631200	121705200	chr7_121631200	13	74000	0.0442180935594974	16	0.000147858990417308	14	0.00707404218158892	::B-B07::N3-18::B-B10::B3-2-22::N-2-17::N-B09::N-1-2::N3-2-36::N3-1-11::N-B04::B-2-9::B3-2-36::B3-c-32::	11
chr7	121836500	121910500	chr7_121836500	25	74000	2.82867238292868e-13	25	2.82867238292868e-13	1	17279.5461755067	::N3-1-15::N3-2-22::N-B04::N-1-2::N3-1-2::N-A11::N3-6::N-B07::N-B08::N-2-9::N-2-26::N3-1-11::N-B11::N-B09::N3-2-7::N-B02::N3-2-36::N-B10::N3-c-10::N-2-17::N3-3::N3-1-3::N3-1-5::N3-17::N3-18::	25
chr7	126114600	126188600	chr7_126114600	17	74000	1.94802480070547e-05	21	3.41272859497826e-09	18	2.42391643359015e-06	::N3-18::B3-18::B-B04::B3-6::B-2-17::B3-2-36::N3-2-36::B-B10::B-A01::N-A01::B-B09::N-1-2::B-1-2::N-B08::N-A11::B3-1-2::N-2-9::	11
chr7	136329000	136403000	chr7_136329000	33	74000	3.19969051995408e-22	35	1.3488148733846e-24	6	1352.62736195406	::B3-18::B3-6::B-B09::N3-c-10::N-B11::N3-2-36::N-A08::N-2-9::N-2-26::N-B07::N-2-17::N-B04::N3-17::N-B09::N3-6::N-A11::N-B02::N3-1-11::N3-1-5::N-A01::N3-1-3::N3-1-15::N-1-2::N3-2-7::N3-2-2::N3-c-32::N-A03::N-B10::N3-3::N-B08::N3-1-2::N3-2-22::N3-18::	31
chr7	141565600	141639600	chr7_141565600	14	74000	0.00707404218158892	14	0.00707404218158892	12	0.256653800734706	::N-B02::B3-18::B-B02::N-2-26::B-2-26::N3-1-5::B-A08::B3-17::B3-2-2::N3-3::N3-2-22::N-A03::N-2-9::B-1-2::	5
chr8	4267000	4341000	chr8_4267000	14	74000	0.00707404218158892	16	0.000147858990417308	16	0.000147858990417308	::B3-17::B3-2-2::B-1-2::B-B02::B-B10::N-B10::B3-6::B3-1-3::N-B04::B3-1-2::N3-1-3::B3-3::N3-3::N-B07::	8
chr8	22855300	22929300	chr8_22855300	16	74000	0.000147858990417308	20	3.19981875494045e-08	13	0.0442180935594974	::N-B08::B-1-2::B-B04::B3-1-5::N-B04::N-A01::B-A01::B-2-17::N-2-17::B-B10::B3-1-2::B-B07::N-B07::N-1-2::N3-1-2::N-B09::	11
chr8	44956000	45030000	chr8_44956000	13	74000	0.0442180935594974	15	0.00105626296480334	14	0.00707404218158892	::B-A03::N-B09::B3-3::B3-1-3::B-B10::N-1-2::B3-1-11::B-B02::B3-6::N-A08::B-A08::N-B10::N3-6::	7
chr8	69924800	69998800	chr8_69924800	15	74000	0.00105626296480334	16	0.000147858990417308	11	1.3750968256663	::B3-3::N-A08::B3-1-3::B3-2-36::B3-2-22::N3-2-22::N3-2-7::N-B09::B-B09::B-B10::N3-1-5::N-B04::B-B04::B3-1-5::B-1-2::	7
chr8	95726600	95800600	chr8_95726600	14	74000	0.00707404218158892	17	1.94802480070547e-05	16	0.000147858990417308	::B-B04::N3-6::B3-1-2::N-B10::N-2-17::B3-1-11::B3-2-22::N3-2-22::B3-6::B-B10::B3-18::B-A01::B-1-2::B3-c-10::	8
chr8	105146200	105220200	chr8_105146200	13	74000	0.0442180935594974	14	0.00707404218158892	10	6.75352167653814	::B-B04::N-A11::B-A11::B-1-2::B3-1-3::B3-3::B-A01::N-A01::B3-6::N3-1-2::B3-1-2::B3-2-22::B-B09::	9
chr8	109787600	109861600	chr8_109787600	18	74000	2.42391643359015e-06	27	2.02132836907524e-15	20	3.19981875494045e-08	::N-B08::N-B11::B-B10::N3-1-5::B3-2-36::N-B10::B-B07::B3-1-2::N-B07::N3-1-2::N-2-17::B-2-17::B3-c-10::B-B02::N3-2-36::B3-c-32::B3-2-7::B3-18::	13
chr8	111547000	111621000	chr8_111547000	13	74000	0.0442180935594974	13	0.0442180935594974	12	0.256653800734706	::B-B10::B-1-2::N-B10::N-B09::B-B02::B-2-17::B3-1-2::B-B09::N3-17::B3-17::N3-2-2::B3-18::B-2-26::	8
chr8	117324200	117398200	chr8_117324200	15	74000	0.00105626296480334	17	1.94802480070547e-05	13	0.0442180935594974	::N-A01::B3-1-11::B-1-2::B-2-17::N-2-17::N-B09::N-A11::N-1-2::B-B04::B3-1-3::N3-1-5::N-B04::B3-1-5::B-B02::N-2-26::	6
chr8	122900600	122974600	chr8_122900600	14	74000	0.00707404218158892	18	2.42391643359015e-06	16	0.000147858990417308	::N3-1-5::B3-6::B3-2-2::B-B07::B-B10::B-A08::B-B02::N-B04::B-1-2::B3-1-3::B3-17::B3-3::N3-2-2::N-B10::	12
chr9	3000100	3074100	chr9_3000100	33	74000	3.19969051995408e-22	59	2.55186322124268e-56	18	2.42391643359015e-06	::N-A08::N-B08::B-B02::N-B07::N-2-17::N3-18::N3-6::B-B11::N-B11::N-A11::N3-2-22::N-A01::N-B04::N-2-26::N3-2-7::N3-1-3::N-B10::N3-1-15::N3-17::N3-2-2::N3-1-5::B-B10::N-B02::B3-17::B3-2-22::B-A08::N3-2-36::N3-1-2::B-B09::N-A03::B-2-17::N-B09::N3-1-11::	26
chr9	14259200	14333200	chr9_14259200	13	74000	0.0442180935594974	15	0.00105626296480334	14	0.00707404218158892	::B3-2-2::B3-1-11::B3-1-2::N3-18::N3-2-7::B-B07::B3-1-15::N-B11::B-B02::B-B10::N-B09::N-A11::B-A11::	8
chr9	21461800	21535800	chr9_21461800	14	74000	0.00707404218158892	14	0.00707404218158892	12	0.256653800734706	::N3-2-7::B-1-2::N-1-2::B-B04::N3-1-5::N3-17::N3-2-36::N-2-17::N-B07::N-2-9::B-2-9::N-B04::B-B07::N3-18::	9
chr9	21620300	21694300	chr9_21620300	15	74000	0.00105626296480334	22	3.47435936580925e-10	20	3.19981875494045e-08	::B3-1-15::N-2-17::B3-1-2::B3-18::N3-18::B-A08::B-B04::N-1-2::B-1-2::B-B02::N-A08::B-B10::N3-2-7::N-B02::N-B09::	10
chr9	27022400	27096400	chr9_27022400	13	74000	0.0442180935594974	14	0.00707404218158892	12	0.256653800734706	::B-1-2::N3-2-36::N3-1-15::N3-1-3::N3-3::B-B09::B3-17::N-B04::B-B04::N3-6::N3-1-2::B-2-26::N-2-26::	9
chr9	35243600	35317600	chr9_35243600	14	74000	0.00707404218158892	17	1.94802480070547e-05	10	6.75352167653814	::B-2-9::B3-17::B3-1-15::B-B11::N3-1-2::N3-1-11::N3-1-3::N3-18::N3-1-15::N-B04::N-B11::N-B07::N3-1-5::N-A11::	6
chr9	59391700	59465700	chr9_59391700	17	74000	1.94802480070547e-05	25	2.82867238292868e-13	24	3.15738100919765e-12	::N-B08::N-A08::N-B10::B-B09::B-B02::B-A08::N-A01::B3-6::B3-3::N3-1-5::N3-1-2::N3-2-7::B3-1-5::N-B07::B-B10::N-2-17::B-2-17::	10
chr9	66517700	66591700	chr9_66517700	15	74000	0.00105626296480334	17	1.94802480070547e-05	15	0.00105626296480334	::B-A01::B-A08::B-B09::N-B08::B-B10::B3-1-2::B-1-2::N-1-2::N-2-17::N3-c-10::N-B10::N-A11::B3-2-36::B-2-17::N-B11::	10
chr9	70495700	70569700	chr9_70495700	13	74000	0.0442180935594974	13	0.0442180935594974	13	0.0442180935594974	::B-A08::B3-2-2::B-A11::N-A03::B3-1-11::B-A01::N3-1-5::B-B07::B-B04::N-B07::N-B11::B3-2-22::N-B09::	6
chr9	70685400	70759400	chr9_70685400	13	74000	0.0442180935594974	20	3.19981875494045e-08	19	2.85732544516539e-07	::B-B04::B3-3::B-A03::B-B02::N3-1-2::B3-17::B3-2-2::N3-2-36::N3-17::B-1-2::N-2-17::N3-1-15::B3-2-7::	6
chr9	71864700	71938700	chr9_71864700	17	74000	1.94802480070547e-05	20	3.19981875494045e-08	17	1.94802480070547e-05	::B3-2-36::N-A03::N3-2-2::N-B11::B3-1-2::N3-1-2::B-B10::B-A11::N-B08::B-A01::N-B09::B-B08::N3-18::B3-17::N-A11::B-2-17::N3-2-36::	12
chr9	72049600	72123600	chr9_72049600	23	74000	3.38331603953499e-11	31	6.73566624701891e-20	25	2.82867238292868e-13	::N-2-17::B-B02::B-2-17::B3-18::N-B04::B3-17::B3-c-10::N3-17::B-B11::N3-1-3::B3-1-3::B-1-2::B3-6::B3-2-36::N3-2-36::B-B04::B3-1-5::N3-1-5::B3-2-2::B3-3::B-2-9::N-1-2::B3-2-7::	21
chr9	72276500	72350500	chr9_72276500	14	74000	0.00707404218158892	16	0.000147858990417308	15	0.00105626296480334	::B-B07::B3-6::N-1-2::B-1-2::N3-1-3::B-B09::B3-18::N3-1-5::B3-17::N-B04::B-2-9::B3-1-11::N-2-26::B3-2-36::	6
chr9	72541100	72615100	chr9_72541100	15	74000	0.00105626296480334	18	2.42391643359015e-06	16	0.000147858990417308	::B-B10::B-B02::N-B08::N-1-2::B3-6::B-2-9::N3-2-2::B3-2-2::N3-2-7::N-A01::N-B10::N-2-26::N3-18::N3-1-11::B-A08::	10
chr9	80071700	80145700	chr9_80071700	14	74000	0.00707404218158892	20	3.19981875494045e-08	14	0.00707404218158892	::N3-3::B-B02::B3-3::N-2-17::B-1-2::B-B10::N-B10::B-B11::N-2-26::B-2-26::B3-6::N-A11::B-A11::B3-2-22::	10
chr9	82884400	82958400	chr9_82884400	13	74000	0.0442180935594974	13	0.0442180935594974	12	0.256653800734706	::B3-18::B3-1-3::N-1-2::B-B04::N-B10::N-B04::N-2-17::B-A08::B3-3::B-2-9::N3-2-36::B-B09::N-B09::	9
chr9	107737500	107811500	chr9_107737500	16	74000	0.000147858990417308	18	2.42391643359015e-06	15	0.00105626296480334	::N-2-17::N-A01::B-1-2::N-B02::B-B02::B3-17::N3-17::B-B10::B3-3::B3-1-5::N3-c-10::N-B04::N3-3::B-A01::N3-2-36::B3-6::	8
chr9	110525700	110599700	chr9_110525700	14	74000	0.00707404218158892	14	0.00707404218158892	12	0.256653800734706	::N-A01::B-1-2::B-2-17::N-2-17::N-B11::B-B10::N3-1-11::N-1-2::N-B08::B-A08::B-B11::B-A11::N-A11::B-B02::	7
chr9	113924400	113998400	chr9_113924400	13	74000	0.0442180935594974	17	1.94802480070547e-05	15	0.00105626296480334	::B3-18::N3-1-5::N-1-2::N-A01::B-A01::N-A11::N-B02::B-A11::N3-2-2::B3-2-36::N-2-17::B-B08::N-B08::	7
chrUn_GL456383	1100	75100	chrUn_GL456383_1100	16	74000	0.000147858990417308	18	2.42391643359015e-06	11	1.3750968256663	::B-B07::B3-1-2::N3-1-3::B3-1-3::B3-18::N-A08::N3-1-5::B3-2-22::B3-2-2::N3-18::N-A01::N-2-17::N-A11::N3-2-2::N3-17::N3-2-7::	2
chrUn_GL456390	0	74000	chrUn_GL456390_0	38	74000	2.99399812793579e-28	72	2.06266536351352e-75	52	1.55189714323212e-46	::B3-18::N3-6::N3-1-2::N3-2-7::N3-1-3::B3-3::N-2-17::N3-2-2::N3-17::N-B09::N-A03::N3-1-15::N3-3::N-B08::N-B04::N-A08::N-A01::N-B10::N3-1-11::B-1-2::N3-2-22::N3-2-36::N3-18::N-B11::N-B02::B-A08::N3-1-5::B3-2-7::B-B02::B3-17::N-A11::B3-6::B-A03::B3-2-22::B-B11::N-2-26::B3-1-2::B-B04::	43
chrUn_GL456392	14600	88600	chrUn_GL456392_14600	17	74000	1.94802480070547e-05	22	3.47435936580925e-10	13	0.0442180935594974	::N-2-17::N3-2-2::N3-17::N-B09::N-A03::N3-1-15::N3-3::N-B08::N-B04::N-A08::N-A01::N-B10::N3-6::N3-1-11::B-1-2::N3-2-22::N3-1-3::	16
chrUn_GL456393	1400	75400	chrUn_GL456393_1400	30	74000	9.32280471150179e-19	44	7.4361243939442e-36	35	1.3488148733846e-24	::N3-2-36::N3-18::N-2-17::N3-1-3::N-B11::N-B02::N3-1-2::N3-2-2::B-A08::N3-1-15::N3-1-5::B-1-2::N3-6::B3-2-7::N-B10::N-B08::B-B02::B3-3::N-A03::B3-17::N-A11::B3-6::N-A01::B-A03::B3-2-22::B-B11::N-2-26::N-B09::B3-1-2::B-B04::	23
chrUn_JH584304	1500	75500	chrUn_JH584304_1500	20	74000	3.19981875494045e-08	24	3.15738100919765e-12	23	3.38331603953499e-11	::B-B02::B3-3::N-A03::B3-17::N-A11::B3-6::N-A01::B-A03::B3-2-22::N3-18::B-B11::N-B08::N-B11::N-2-26::N-B09::B3-1-2::B-A08::B-B04::B-1-2::N3-1-3::	11
chrX	13076800	13150800	chrX_13076800	14	74000	0.00707404218158892	16	0.000147858990417308	13	0.0442180935594974	::N-1-2::B-A08::B-A03::B3-1-15::N3-18::B3-1-2::N3-1-11::B-A01::N-A01::B3-c-10::N-2-9::B-2-9::B-A11::N3-2-36::	11
