chr10	63254300	63342300	chr10_63254300	8	88000	0.0494016039893513	9	0.00449656038483084	8	0.0494016039893513	::B3-c-9::B3-c-28::B3-2-2::B3-18::N3-9::B3-9::B3-15::B3-14::	4
chr11	23336800	23424800	chr11_23336800	11	88000	2.74316242737002e-05	19	1.82544072799076e-15	15	3.77081467298586e-10	::N3-16::N3-17::B3-17::B3-c-14::N3-c-14::B3-c-10::B3-18::B3-2-2::N3-c-9::N3-2-2::N3-15::	11
chr11	62301200	62389200	chr11_62301200	8	88000	0.0494016039893513	8	0.0494016039893513	6	4.12254398620602	::N3-c-28::N3-c-14::B3-c-14::B3-c-28::B3-17::B3-c-9::N3-9::B3-9::	1
chr11	86278200	86366200	chr11_86278200	10	88000	0.000368351395410351	13	1.18002363014616e-07	9	0.00449656038483084	::N3-16::B3-2-2::B3-15::N3-15::N3-c-10::B3-4::N3-4::B3-9::N3-9::B3-c-28::	7
chr11	118158000	118246000	chr11_118158000	8	88000	0.0494016039893513	8	0.0494016039893513	6	4.12254398620602	::B3-2-2::N3-4::B3-4::N3-2-2::N3-16::B3-17::N3-9::B3-9::	1
chr12	102751900	102839900	chr12_102751900	8	88000	0.0494016039893513	9	0.00449656038483084	8	0.0494016039893513	::B3-17::B3-15::N3-2-7::B3-12::B3-2-2::N3-14::N3-c-28::B3-c-28::	6
chr13	37840800	37928800	chr13_37840800	8	88000	0.0494016039893513	8	0.0494016039893513	5	30.1949739364159	::N3-2-7::B3-c-28::N3-12::B3-4::B3-16::N3-16::N3-4::B3-17::	6
chr13	44864000	44952000	chr13_44864000	8	88000	0.0494016039893513	10	0.000368351395410351	8	0.0494016039893513	::B3-12::B3-14::B3-2-2::N3-18::B3-9::N3-9::B3-17::N3-16::	4
chr13	85207300	85295300	chr13_85207300	10	88000	0.000368351395410351	12	1.87263082126755e-06	10	0.000368351395410351	::N3-c-10::B3-2-7::N3-2-7::B3-17::B3-c-10::B3-15::N3-15::N3-14::N3-4::B3-c-28::	7
chr14	19358400	19446400	chr14_19358400	10	88000	0.000368351395410351	14	6.90469593234393e-09	12	1.87263082126755e-06	::N3-4::N3-18::B3-2-2::N3-17::N3-16::N3-12::B3-17::N3-15::N3-9::N3-2-7::	9
chr14	73238900	73326900	chr14_73238900	9	88000	0.00449656038483084	12	1.87263082126755e-06	10	0.000368351395410351	::B3-15::B3-12::B3-c-14::N3-2-7::N3-9::B3-9::B3-c-10::N3-c-10::B3-c-9::	7
chr14	121286900	121374900	chr14_121286900	9	88000	0.00449656038483084	9	0.00449656038483084	8	0.0494016039893513	::B3-12::N3-17::N3-2-2::B3-9::N3-9::B3-c-28::B3-2-2::N3-16::B3-15::	7
chr15	37987000	38075000	chr15_37987000	8	88000	0.0494016039893513	8	0.0494016039893513	8	0.0494016039893513	::N3-16::B3-14::N3-4::N3-17::N3-2-7::B3-15::B3-17::B3-12::	3
chr15	81580000	81668000	chr15_81580000	8	88000	0.0494016039893513	9	0.00449656038483084	6	4.12254398620602	::N3-9::B3-15::B3-9::B3-2-7::N3-2-7::N3-c-9::B3-2-2::B3-c-9::	3
chr17	32210800	32298800	chr17_32210800	9	88000	0.00449656038483084	10	0.000368351395410351	9	0.00449656038483084	::B3-9::N3-9::N3-c-10::B3-c-28::B3-17::B3-15::N3-16::N3-12::N3-4::	4
chr18	5013200	5101200	chr18_5013200	9	88000	0.00449656038483084	10	0.000368351395410351	8	0.0494016039893513	::N3-c-28::B3-c-9::N3-2-7::B3-17::N3-14::B3-14::B3-15::B3-c-28::B3-9::	3
chr2	18120200	18208200	chr2_18120200	8	88000	0.0494016039893513	8	0.0494016039893513	8	0.0494016039893513	::B3-2-2::B3-15::B3-c-9::N3-9::B3-17::N3-16::N3-18::N3-c-14::	3
chr2	98662200	98750200	chr2_98662200	20	88000	7.47686655852148e-17	100	2.2929350164132e-163	22	1.08602902697565e-19	::N3-2-2::N3-16::N3-14::N3-9::N3-2-7::N3-18::N3-17::N3-4::N3-c-14::N3-15::B3-12::N3-12::N3-c-9::B3-2-7::B3-17::B3-2-2::B3-c-28::N3-c-10::B3-9::B3-14::	48
chr2	154806500	154894500	chr2_154806500	8	88000	0.0494016039893513	8	0.0494016039893513	8	0.0494016039893513	::B3-18::B3-9::B3-c-9::B3-2-7::B3-14::B3-12::B3-c-10::B3-c-14::	4
chr2	160975600	161063600	chr2_160975600	8	88000	0.0494016039893513	10	0.000368351395410351	8	0.0494016039893513	::N3-16::B3-16::B3-2-7::N3-2-7::B3-14::B3-17::N3-18::B3-c-28::	4
chr3	107299500	107387500	chr3_107299500	8	88000	0.0494016039893513	9	0.00449656038483084	7	0.482446486074858	::N3-4::N3-9::B3-9::B3-12::N3-17::N3-2-7::B3-2-2::N3-2-2::	4
chr3	135413600	135501600	chr3_135413600	8	88000	0.0494016039893513	10	0.000368351395410351	7	0.482446486074858	::B3-c-28::N3-4::B3-16::B3-4::N3-17::N3-16::B3-18::N3-18::	5
chr4	136471600	136559600	chr4_136471600	8	88000	0.0494016039893513	11	2.74316242737002e-05	9	0.00449656038483084	::B3-c-9::N3-12::N3-18::N3-16::B3-12::N3-c-9::N3-4::N3-c-14::	2
chr5	25329200	25417200	chr5_25329200	11	88000	2.74316242737002e-05	33	1.56719530640757e-36	24	1.32028027268826e-22	::B3-12::N3-12::B3-14::N3-2-7::B3-2-7::B3-2-2::N3-2-2::B3-c-9::B3-18::N3-9::B3-9::	22
chr5	28146800	28234800	chr5_28146800	20	88000	7.47686655852148e-17	41	8.24964005265331e-50	6	4.12254398620602	::N3-14::N3-4::N3-2-2::N3-16::B3-c-28::B3-12::B3-c-9::N3-15::B3-14::B3-16::N3-c-14::B3-15::B3-4::B3-2-2::B3-17::B3-18::N3-12::N3-18::B3-c-10::B3-2-7::	28
chr5	32432200	32520200	chr5_32432200	9	88000	0.00449656038483084	10	0.000368351395410351	8	0.0494016039893513	::B3-2-2::B3-17::N3-16::B3-16::N3-9::B3-9::B3-18::B3-14::N3-17::	4
chr5	65584400	65672400	chr5_65584400	8	88000	0.0494016039893513	9	0.00449656038483084	6	4.12254398620602	::B3-14::B3-c-14::N3-c-14::B3-c-28::B3-12::B3-18::N3-18::N3-14::	8
chr5	90262200	90350200	chr5_90262200	8	88000	0.0494016039893513	10	0.000368351395410351	10	0.000368351395410351	::B3-17::B3-c-9::B3-18::B3-2-2::B3-12::N3-17::N3-c-14::N3-18::	7
chr5	124831400	124919400	chr5_124831400	8	88000	0.0494016039893513	9	0.00449656038483084	7	0.482446486074858	::N3-17::N3-18::B3-18::B3-17::N3-14::B3-12::B3-14::N3-16::	3
chr7	28926100	29014100	chr7_28926100	8	88000	0.0494016039893513	8	0.0494016039893513	4	184.2989130966	::N3-16::N3-4::B3-4::B3-16::B3-17::B3-9::N3-9::N3-18::	4
chr7	136329000	136417000	chr7_136329000	16	88000	1.93062130794728e-11	16	1.93062130794728e-11	2	3295.6436105704	::B3-18::N3-c-10::N3-4::N3-17::N3-9::N3-2-7::N3-2-2::N3-16::N3-c-32::N3-c-28::N3-c-9::N3-18::N3-12::N3-c-14::N3-15::N3-14::	15
chr8	109805700	109893700	chr8_109805700	11	88000	2.74316242737002e-05	11	2.74316242737002e-05	9	0.00449656038483084	::B3-12::B3-c-10::N3-14::B3-c-32::B3-2-7::B3-c-14::N3-c-14::B3-18::B3-17::B3-2-2::B3-14::	5
chr8	111559600	111647600	chr8_111559600	8	88000	0.0494016039893513	8	0.0494016039893513	5	30.1949739364159	::N3-16::N3-4::B3-16::B3-4::N3-17::B3-17::N3-2-2::B3-18::	2
chr9	3002200	3090200	chr9_3002200	10	88000	0.000368351395410351	17	9.30315085216735e-13	8	0.0494016039893513	::N3-18::N3-16::N3-9::N3-2-7::N3-17::N3-2-2::B3-c-28::B3-17::N3-15::N3-c-28::	7
chr9	32084400	32172400	chr9_32084400	10	88000	0.000368351395410351	13	1.18002363014616e-07	12	1.87263082126755e-06	::B3-c-28::N3-18::B3-18::B3-2-2::B3-16::N3-17::N3-16::N3-4::B3-4::N3-9::	9
chr9	72030900	72118900	chr9_72030900	8	88000	0.0494016039893513	9	0.00449656038483084	8	0.0494016039893513	::B3-12::B3-18::B3-17::B3-c-10::N3-17::N3-9::B3-2-2::B3-c-28::	6
chr9	107791300	107879300	chr9_107791300	9	88000	0.00449656038483084	11	2.74316242737002e-05	8	0.0494016039893513	::B3-16::N3-4::B3-4::B3-2-2::B3-17::N3-17::N3-16::B3-18::N3-18::	8
chrUn_GL456366	5100	93100	chrUn_GL456366_5100	11	88000	2.74316242737002e-05	12	1.87263082126755e-06	8	0.0494016039893513	::B3-12::B3-18::B3-c-14::N3-9::B3-2-2::N3-16::N3-18::N3-2-2::N3-17::N3-4::N3-2-7::	4
chrUn_GL456390	0	88000	chrUn_GL456390_0	15	88000	3.77081467298586e-10	27	4.13556338638747e-27	23	3.86808034611411e-21	::B3-18::N3-9::N3-2-7::N3-4::N3-2-2::N3-16::N3-17::B3-12::N3-18::N3-14::B3-14::B3-2-7::B3-15::B3-17::N3-c-28::	16
chrUn_GL456394	1000	89000	chrUn_GL456394_1000	8	88000	0.0494016039893513	12	1.87263082126755e-06	12	1.87263082126755e-06	::B3-14::B3-2-7::N3-4::N3-16::B3-15::B3-17::N3-c-28::N3-18::	8
chrUn_GL456396	5600	93600	chrUn_GL456396_5600	8	88000	0.0494016039893513	10	0.000368351395410351	10	0.000368351395410351	::B3-14::B3-2-7::N3-4::N3-16::B3-15::B3-17::N3-c-28::N3-18::	6
chrX	18201400	18289400	chrX_18201400	10	88000	0.000368351395410351	18	4.23388880095656e-14	13	1.18002363014616e-07	::B3-15::N3-2-7::B3-2-7::B3-12::B3-17::N3-c-9::B3-c-9::N3-c-14::N3-17::N3-12::	5
