chr10	20257800	20344800	chr10_20257800	16	87000	0.00132913235478874	16	0.00132913235478874	15	0.00807616184024915	::B3-6::B-1-2::N-1-2::N-A03::B3-18::B3-1-2::B3-1-3::N-B09::B-B09::B-A01::B-B02::N-B02::N-2-26::N-B10::N-A01::B3-1-15::	11
chr10	63256500	63343500	chr10_63256500	14	87000	0.0460058514640907	20	5.49535818370396e-07	15	0.00807616184024915	::B-A08::B-1-2::B3-2-22::B3-2-2::B3-18::N-1-2::N3-1-15::B-B09::N-2-17::B3-1-2::B3-1-15::N-A03::B-A03::B-A01::	13
chr10	67166800	67253800	chr10_67166800	15	87000	0.00807616184024915	17	0.00020587447663038	15	0.00807616184024915	::N-B11::N-A11::B-2-17::B3-6::B-1-2::B-A03::N-1-2::N-B07::B-B07::B3-1-2::N3-2-2::B3-3::N3-1-5::N-A01::B-B11::	8
chr10	108167700	108254700	chr10_108167700	21	87000	6.89064552960369e-08	29	9.20302488282725e-16	20	5.49535818370396e-07	::N-A01::N-B04::N-B09::N3-1-5::B3-1-15::B-A03::N-A08::N3-1-15::N-A03::N-1-2::B3-3::B-B11::B3-1-2::B3-2-22::B3-6::B-B10::N-B10::B3-1-3::B-2-17::N-B08::B-A08::	14
chr10	116483500	116570500	chr10_116483500	14	87000	0.0460058514640907	17	0.00020587447663038	16	0.00132913235478874	::B-B02::B-2-9::N3-1-5::B-A01::B-B07::B3-1-3::B3-1-2::N-B02::N3-6::B3-6::N3-1-11::B3-1-11::B3-1-5::B3-2-2::	7
chr10	117287100	117374100	chr10_117287100	15	87000	0.00807616184024915	18	3.01171035699904e-05	16	0.00132913235478874	::B-A08::N-B11::B3-6::N3-1-5::N-2-17::N-B04::B-B10::N-B09::B-B09::N3-6::B-A11::N-B02::N-B10::B-B02::N-1-2::	7
chr10	123115800	123202800	chr10_123115800	15	87000	0.00807616184024915	15	0.00807616184024915	12	1.20758597942508	::B3-1-3::B-B02::N-2-17::B3-2-2::B-A11::B3-2-22::N3-2-22::B-B09::N-B09::N3-1-3::N3-1-15::B3-1-15::N3-1-5::N-B04::B-A08::	9
chr10	128050100	128137100	chr10_128050100	14	87000	0.0460058514640907	16	0.00132913235478874	12	1.20758597942508	::B3-3::B-1-2::B3-1-5::N-1-2::B-B09::B-A08::N-A01::N-B04::B-B11::B-B02::B-B07::B3-1-2::N3-1-2::N-B07::	9
chr11	3182100	3269100	chr11_3182100	18	87000	3.01171035699904e-05	26	1.10509799601917e-12	24	1.03597135970932e-10	::B-B07::N3-2-2::N-A03::B-B09::N3-18::N3-1-3::B-A03::B-2-17::B-B10::B3-2-36::N3-17::B-A08::N-A08::N-B04::B3-1-3::B-2-9::B-1-2::B3-3::	14
chr11	23264700	23351700	chr11_23264700	15	87000	0.00807616184024915	17	0.00020587447663038	16	0.00132913235478874	::B3-c-32::B3-18::N-B08::N3-17::B-B09::B3-2-22::N3-6::N-B02::B-B07::N-A03::B3-6::B3-17::N-2-17::B-1-2::B3-c-10::	10
chr11	51697200	51784200	chr11_51697200	14	87000	0.0460058514640907	14	0.0460058514640907	12	1.20758597942508	::B-B10::B-B02::N-1-2::N3-1-2::B3-18::B3-6::N-B08::N3-2-36::B3-c-32::B3-2-36::B-A08::N-B09::B-A03::N-A01::	6
chr11	51929800	52016800	chr11_51929800	14	87000	0.0460058514640907	16	0.00132913235478874	13	0.244600820300794	::B-1-2::B-A03::N-2-17::B-B10::B3-6::N-A01::N-A03::N3-1-15::N3-3::B-A08::N3-2-2::B3-2-2::B3-2-36::B-A11::	5
chr11	54530300	54617300	chr11_54530300	16	87000	0.00132913235478874	21	6.89064552960369e-08	12	1.20758597942508	::B3-2-22::B-1-2::N3-1-15::N-A03::N-A08::B3-1-15::B-A03::B-A08::B-A11::N-A11::B-A01::B-2-17::B3-1-3::N3-1-11::B-B10::B3-6::	12
chr11	58012600	58099600	chr11_58012600	14	87000	0.0460058514640907	19	4.17390731459405e-06	17	0.00020587447663038	::N3-1-3::B3-2-36::B3-1-3::B-A03::B-1-2::B-B02::N-B02::N-A01::N-B11::B3-2-2::N-B04::N-A11::B-B07::N3-1-2::	11
chr11	59676500	59763500	chr11_59676500	14	87000	0.0460058514640907	16	0.00132913235478874	11	5.50321029206465	::B3-3::B-B02::B3-2-2::B3-1-15::N3-1-15::B3-1-2::N3-3::B-B11::B3-2-36::N-A11::B-A11::B3-2-22::B-B08::N3-1-11::	10
chr11	60090700	60177700	chr11_60090700	15	87000	0.00807616184024915	18	3.01171035699904e-05	17	0.00020587447663038	::B3-1-5::N3-1-5::B-A11::N-B08::B3-1-15::N-1-2::N3-1-3::B3-3::B-2-9::B3-17::B-B02::B-1-2::N-B09::B-B11::N3-2-36::	11
chr11	69570500	69657500	chr11_69570500	17	87000	0.00020587447663038	20	5.49535818370396e-07	16	0.00132913235478874	::B3-1-2::B3-17::B3-1-15::N-1-2::N3-3::N3-1-11::B-B04::N3-1-2::N-B07::B-B07::B3-2-2::B3-2-36::B3-2-22::N-A08::B3-6::N-B02::N3-2-2::	10
chr11	74655800	74742800	chr11_74655800	18	87000	3.01171035699904e-05	24	1.03597135970932e-10	17	0.00020587447663038	::B-B10::N3-3::B-B02::B3-1-15::B3-1-2::B-A01::B-B04::N-B04::B3-2-2::N3-1-5::B3-1-5::N-B07::N3-1-2::B-B07::N-B11::N-B02::B-1-2::N-A01::	8
chr11	75682400	75769400	chr11_75682400	17	87000	0.00020587447663038	21	6.89064552960369e-08	19	4.17390731459405e-06	::N-B10::B-A11::B-A01::B3-2-22::N3-2-22::N3-17::N-B04::B-1-2::N3-1-5::B3-c-32::N-A01::B3-6::N-A08::B3-3::N-B11::B-B11::N-B08::	10
chr11	77527800	77614800	chr11_77527800	18	87000	3.01171035699904e-05	27	1.07775544742415e-13	20	5.49535818370396e-07	::B3-2-2::B3-3::B-B10::B3-1-15::N3-1-15::B-B02::N-B07::B3-2-36::B3-17::N3-17::N-1-2::B-A01::N-A11::B-A11::N3-3::B-B11::N-2-17::N-B08::	14
chr11	79411600	79498600	chr11_79411600	17	87000	0.00020587447663038	26	1.10509799601917e-12	22	8.2474639899842e-09	::N-A01::B-A08::B3-2-7::B3-3::N-B07::N-B08::B-A11::N-A11::B-B02::B-1-2::N3-1-11::B3-1-11::B3-1-3::N-B10::B3-18::B-B09::B3-2-36::	12
chr11	84827100	84914100	chr11_84827100	15	87000	0.00807616184024915	20	5.49535818370396e-07	18	3.01171035699904e-05	::B3-3::B-2-17::N3-1-2::B3-6::B-B10::B3-1-2::B-B02::N-B09::B3-1-5::N-2-17::B3-2-36::N-A08::B-A08::N-B02::N3-3::	6
chr11	86278800	86365800	chr11_86278800	15	87000	0.00807616184024915	20	5.49535818370396e-07	16	0.00132913235478874	::B3-2-2::B-B02::N-B08::N3-c-10::B-1-2::N-2-17::N3-2-36::B3-1-5::N-B02::N3-1-11::B3-1-11::B-A08::N3-1-3::B3-1-3::B-B08::	8
chr11	86706300	86793300	chr11_86706300	17	87000	0.00020587447663038	26	1.10509799601917e-12	20	5.49535818370396e-07	::B-B10::B3-6::B3-2-7::N3-2-7::B3-2-2::B3-3::N-2-17::B3-1-3::N-B11::B-B11::N3-3::B-B02::N-2-26::B-2-26::B3-2-36::N-1-2::N-B09::	17
chr11	88050000	88137000	chr11_88050000	15	87000	0.00807616184024915	22	8.2474639899842e-09	20	5.49535818370396e-07	::B3-6::N3-17::B3-3::B-B11::N-1-2::B-B02::N-B08::B-B08::N3-3::B-B07::N3-2-2::N-B04::N3-1-3::N-B11::B3-1-15::	6
chr11	97175900	97262900	chr11_97175900	14	87000	0.0460058514640907	18	3.01171035699904e-05	15	0.00807616184024915	::N3-18::B3-18::B-B11::N3-3::B3-3::B-1-2::N3-2-36::B3-2-36::B-A03::B-B02::B-2-17::B-B07::N-A08::B-B10::	3
chr11	102453900	102540900	chr11_102453900	14	87000	0.0460058514640907	16	0.00132913235478874	14	0.0460058514640907	::N-B04::N-A01::B3-1-2::N-2-9::B-2-9::N3-1-5::N3-3::B3-3::N3-6::B-A11::B3-c-10::B-B02::B-B07::B-A08::	7
chr11	104376100	104463100	chr11_104376100	14	87000	0.0460058514640907	20	5.49535818370396e-07	18	3.01171035699904e-05	::B3-3::B3-2-2::N3-18::N-B07::B-B09::N3-2-36::B-B04::B3-1-3::B-B11::N-1-2::N-A08::N3-3::B-A08::B-B07::	9
chr11	106823700	106910700	chr11_106823700	20	87000	5.49535818370396e-07	26	1.10509799601917e-12	21	6.89064552960369e-08	::N-B04::B3-1-11::N3-6::B3-6::N-2-26::B-2-26::B3-2-36::B-B11::B3-2-2::B-B04::B3-1-5::N3-1-5::B-A01::B-B02::N3-c-10::N3-2-36::B3-c-10::B3-3::B3-17::N3-2-22::	14
chr11	107030800	107117800	chr11_107030800	14	87000	0.0460058514640907	17	0.00020587447663038	15	0.00807616184024915	::N-B07::B3-1-3::N3-1-3::B-1-2::N3-17::N3-1-5::B3-1-5::B-B02::B-2-17::N-B02::N-B09::B3-18::B-B09::N3-6::	9
chr11	107567800	107654800	chr11_107567800	14	87000	0.0460058514640907	19	4.17390731459405e-06	18	3.01171035699904e-05	::B-1-2::B3-17::N-B04::N-B10::B-B02::B-B07::B-A08::N3-1-5::B3-18::N3-18::N3-17::N-A01::B3-2-36::N-B09::	11
chr12	8676400	8763400	chr12_8676400	16	87000	0.00132913235478874	20	5.49535818370396e-07	17	0.00020587447663038	::B-B02::N-B02::N3-1-5::B-2-9::B-B08::N-B08::B3-3::B3-1-5::N-B10::N-B11::B3-6::B3-1-2::B3-2-36::B-B11::B-B07::N-B07::	14
chr12	8906200	8993200	chr12_8906200	14	87000	0.0460058514640907	15	0.00807616184024915	12	1.20758597942508	::B3-1-11::N-1-2::B-1-2::N3-1-2::B3-1-2::B3-6::N-B09::B-B10::B-A01::N3-2-7::B3-2-7::N3-17::N-B04::B-2-17::	4
chr12	83639100	83726100	chr12_83639100	16	87000	0.00132913235478874	19	4.17390731459405e-06	16	0.00132913235478874	::B-A08::N3-1-5::N-B10::B-B11::N-1-2::N3-2-36::B3-1-2::B3-1-11::N3-1-11::N3-1-15::N-2-17::B3-2-36::N-2-26::B-B10::B3-2-2::N3-2-2::	16
chr12	87344500	87431500	chr12_87344500	14	87000	0.0460058514640907	15	0.00807616184024915	14	0.0460058514640907	::B3-3::N3-1-5::B-B04::B-B02::B3-2-36::N3-1-2::N-A11::N3-2-2::N3-2-36::N-B04::N-A01::N3-2-22::B3-2-22::N3-3::	7
chr12	105758800	105845800	chr12_105758800	15	87000	0.00807616184024915	17	0.00020587447663038	15	0.00807616184024915	::B-B07::N3-6::N-B08::B-B02::N3-1-2::N3-2-36::N3-2-2::B-A01::N3-1-3::N3-2-7::B3-2-7::N3-1-5::B-A08::B3-6::B-B10::	3
chr12	108795400	108882400	chr12_108795400	14	87000	0.0460058514640907	14	0.0460058514640907	12	1.20758597942508	::B3-6::B-B11::B-A08::B-B02::B-A01::B3-1-11::B3-2-7::N3-2-7::B-B04::N-1-2::B-1-2::B3-2-2::N-B08::B-B08::	9
chr13	3516600	3603600	chr13_3516600	16	87000	0.00132913235478874	18	3.01171035699904e-05	15	0.00807616184024915	::N-B08::N-B02::B3-18::N3-1-3::B3-1-3::B-B10::B-B02::B3-1-15::B-A03::B-A08::B-B09::N-2-17::N-B10::B-B07::N3-1-15::B-2-17::	7
chr13	14058900	14145900	chr13_14058900	16	87000	0.00132913235478874	17	0.00020587447663038	14	0.0460058514640907	::N3-18::B-B02::N-B02::N-B11::B-B09::N3-3::N-B04::N-A01::N3-2-36::B3-2-36::B3-2-22::N-B10::B-2-26::N3-1-2::B-B11::B-B04::	7
chr13	24040300	24127300	chr13_24040300	18	87000	3.01171035699904e-05	23	9.44225644579088e-10	16	0.00132913235478874	::N3-1-2::B-A03::B3-1-15::B-A08::N3-1-15::N-A08::N-A03::N3-17::N-B11::N-2-17::B-2-17::B3-2-22::N3-2-22::B-B02::N3-1-3::B3-1-3::B3-17::B-A11::	14
chr13	43400100	43487100	chr13_43400100	19	87000	4.17390731459405e-06	23	9.44225644579088e-10	19	4.17390731459405e-06	::N3-1-3::B-A03::N3-1-5::N-B10::N-B09::B-B04::B-2-17::N-A11::B3-1-5::B3-17::B-B02::B3-6::N3-1-2::N3-1-15::N-B07::N-A03::N-A08::B3-1-3::B-B09::	14
chr13	94536800	94623800	chr13_94536800	17	87000	0.00020587447663038	17	0.00020587447663038	5	5491.50500874732	::B-A08::N-B08::B-B02::N-2-26::N-B04::N3-18::N-2-17::N-B07::N-A11::N-B10::N-1-2::N3-1-5::N3-2-36::N3-3::N3-2-2::N3-6::B-A11::	14
chr13	103828500	103915500	chr13_103828500	19	87000	4.17390731459405e-06	28	1.01355050583715e-14	19	4.17390731459405e-06	::N3-1-2::B-B10::B3-2-36::B-A08::N3-1-15::B3-1-15::N-A03::B-A03::N3-6::B-2-9::B3-17::B-B11::N-B08::B-B08::B3-3::N-B09::B-B09::N-B04::B3-6::	8
chr13	114288100	114375100	chr13_114288100	15	87000	0.00807616184024915	17	0.00020587447663038	15	0.00807616184024915	::B-B04::B3-2-2::B-A03::N3-2-7::N-B09::B-B09::N-B10::B-A08::B3-c-10::B3-17::N3-1-5::B-A11::N-B11::B3-1-3::B-B10::	9
chr14	19356400	19443400	chr14_19356400	30	87000	8.07778967329475e-17	45	3.63403199186144e-34	22	8.2474639899842e-09	::B3-6::N-A03::N-A01::N3-6::N3-1-3::N3-3::N3-2-36::B3-2-36::N3-1-15::N3-18::N3-1-5::N-B11::N3-2-22::B3-2-2::N3-17::N3-1-11::B-B04::N-2-17::N-B02::N-2-9::B-B11::N-B10::B3-3::N-1-2::B3-17::N-B04::N-B08::N-B07::N-A08::N3-2-7::	34
chr14	31025600	31112600	chr14_31025600	20	87000	5.49535818370396e-07	29	9.20302488282725e-16	23	9.44225644579088e-10	::N-B04::B3-c-10::N-A01::N3-1-5::N-2-17::N3-1-3::B3-1-3::N-B11::B-B11::B3-1-2::N-B02::B-B07::N-B07::N-B10::N3-c-10::B-B10::B-B09::B-A08::B3-6::N3-1-2::	13
chr14	34408900	34495900	chr14_34408900	16	87000	0.00132913235478874	22	8.2474639899842e-09	19	4.17390731459405e-06	::B3-2-36::B-2-9::N3-17::B3-17::B-B02::B-A01::N-B08::B-B08::B3-1-2::N3-18::B3-1-3::B-A08::B-A11::N-A11::N-B10::N3-1-5::	13
chr14	73235700	73322700	chr14_73235700	23	87000	9.44225644579088e-10	37	1.36646382444536e-24	27	1.07775544742415e-13	::N-B11::B-B02::N-A03::N-A08::N-B02::N-2-17::B3-3::N3-2-7::B3-2-22::B-A01::N-A01::B3-c-10::N3-c-10::B-B04::N-B04::B-A11::B3-1-15::B-A08::B-A03::N3-1-15::B-B07::N3-1-5::B3-1-5::	29
chr14	121290800	121377800	chr14_121290800	15	87000	0.00807616184024915	16	0.00132913235478874	14	0.0460058514640907	::N3-3::N3-17::N3-2-2::N-A11::B-A11::B-B04::B3-2-2::B-B02::B3-1-2::B-B11::B-A08::N-B11::N-B02::B3-1-3::N-B04::	9
chr15	8342800	8429800	chr15_8342800	20	87000	5.49535818370396e-07	22	8.2474639899842e-09	21	6.89064552960369e-08	::B3-18::B-A08::N3-c-32::B3-2-36::N-B04::N-B08::B-2-17::N-2-17::B-B02::B-B07::B3-1-11::B3-c-10::B-1-2::B-B08::N-A11::B-2-26::N3-6::B3-17::N3-2-36::B-B11::	16
chr15	12101300	12188300	chr15_12101300	19	87000	4.17390731459405e-06	25	1.09116628819349e-11	20	5.49535818370396e-07	::N3-2-2::B3-2-36::N3-2-36::B3-c-32::B-B11::B-B08::B3-6::N-B02::N-B04::N-B08::N-B09::N3-1-3::N3-1-11::N-A11::B-B02::B-A08::B-B07::N-B07::B-1-2::	12
chr15	31460500	31547500	chr15_31460500	14	87000	0.0460058514640907	17	0.00020587447663038	17	0.00020587447663038	::B3-6::N-1-2::N-B04::B-B02::B3-3::N-B02::N3-c-10::N-A03::B3-2-2::B-A08::B-B11::N-A11::B-A03::N3-1-15::	8
chr15	37978400	38065400	chr15_37978400	15	87000	0.00807616184024915	26	1.10509799601917e-12	22	8.2474639899842e-09	::B-B11::B3-6::B-B04::B3-1-5::N3-1-15::B-A08::N-B04::N3-1-5::N-2-26::N-A01::B-A01::N3-17::N-B02::N3-2-7::N3-3::	12
chr15	77086600	77173600	chr15_77086600	19	87000	4.17390731459405e-06	23	9.44225644579088e-10	19	4.17390731459405e-06	::B-B10::B-1-2::B3-2-2::N3-17::B3-1-5::B3-2-7::N3-2-7::B-B04::B3-3::B-A11::N-B07::N-B08::B-B08::N3-1-2::B-B07::B3-1-2::B-A03::N-B02::N3-1-15::	10
chr15	77211100	77298100	chr15_77211100	15	87000	0.00807616184024915	18	3.01171035699904e-05	12	1.20758597942508	::B3-2-36::B3-6::N-B11::N3-1-15::B3-1-15::N3-6::N-1-2::B-B07::N3-1-5::B3-2-22::B-A08::B-A03::N-A08::N-A03::B-B02::	9
chr15	80839900	80926900	chr15_80839900	19	87000	4.17390731459405e-06	37	1.36646382444536e-24	29	9.20302488282725e-16	::B-A03::N3-6::B-A11::N-A11::N-1-2::N3-1-5::N-B04::N3-1-2::B3-6::B-A08::B3-2-22::B-B04::B3-1-5::B-B07::B-1-2::N3-2-22::B-B08::N-A01::B-B10::	16
chr15	81582200	81669200	chr15_81582200	17	87000	0.00020587447663038	21	6.89064552960369e-08	17	0.00020587447663038	::B-A11::N-B08::B-B08::B3-2-7::N3-2-7::B-B02::N3-6::B3-6::N3-3::B3-2-2::N3-1-11::B3-1-2::B-B11::N-A01::B-B07::B-B04::N-B04::	11
chr15	96275000	96362000	chr15_96275000	14	87000	0.0460058514640907	16	0.00132913235478874	14	0.0460058514640907	::B3-17::B-1-2::B-A08::N3-1-5::N3-18::N3-6::B3-18::N3-2-22::B3-2-36::B-2-26::B-B02::N3-2-36::N-1-2::N-B04::	11
chr15	102008100	102095100	chr15_102008100	15	87000	0.00807616184024915	16	0.00132913235478874	12	1.20758597942508	::N-B11::N-A11::B-A11::B3-2-22::B-B02::N3-17::N-B08::N-1-2::B-2-9::B-B10::N3-3::B3-3::N3-1-5::B-2-26::N-2-26::	6
chr16	4097100	4184100	chr16_4097100	19	87000	4.17390731459405e-06	22	8.2474639899842e-09	22	8.2474639899842e-09	::B3-6::B-1-2::N-B10::N3-1-3::N-B02::B-A08::N-B08::B3-17::B3-c-10::B-B09::N-A01::N-1-2::B3-1-11::B-B10::B3-2-22::B3-1-2::N-2-17::B3-1-3::N3-6::	9
chr16	35984900	36071900	chr16_35984900	15	87000	0.00807616184024915	18	3.01171035699904e-05	15	0.00807616184024915	::N3-1-2::N-1-2::B-B09::N3-2-7::B-B02::N-A01::B-A01::N3-2-36::N-B02::B-2-17::B-B07::N-B09::N3-1-5::N-B10::B-B10::	7
chr16	38152800	38239800	chr16_38152800	16	87000	0.00132913235478874	22	8.2474639899842e-09	21	6.89064552960369e-08	::B-B10::B-A08::B-B09::B-B02::B-1-2::N-1-2::B-B07::N3-2-7::N-A08::N-2-17::N3-1-15::N3-6::N-B07::B-B08::N-B04::B3-6::	10
chr16	94575200	94662200	chr16_94575200	20	87000	5.49535818370396e-07	21	6.89064552960369e-08	17	0.00020587447663038	::N-B07::B3-6::B3-2-36::B-A01::N-A01::N3-2-22::N3-1-5::B-B07::B-1-2::N-1-2::N-B08::B3-2-2::N3-2-2::N-B04::B-B02::B-A11::N-A11::N-B02::N-B10::B-B09::	16
chr16	95988700	96075700	chr16_95988700	14	87000	0.0460058514640907	22	8.2474639899842e-09	17	0.00020587447663038	::B-A03::B-A08::N-2-17::N-1-2::B3-1-3::B-B11::N3-1-3::N-B09::B3-2-36::N3-1-15::B3-18::B-B10::N3-18::B-B09::	13
chr17	5075900	5162900	chr17_5075900	14	87000	0.0460058514640907	17	0.00020587447663038	15	0.00807616184024915	::N-B08::B-B02::N3-17::B-B08::B3-2-36::B-A11::N-A11::N-B09::B-B09::N3-6::B3-6::B3-17::N3-1-3::B3-18::	8
chr17	5196300	5283300	chr17_5196300	17	87000	0.00020587447663038	23	9.44225644579088e-10	18	3.01171035699904e-05	::B-B02::N3-1-3::N-2-17::B-A08::N3-1-15::N-A01::B-B07::N-B07::B3-3::N3-3::B-B09::N-B11::B-B11::N-A08::N-B09::B3-1-3::N3-1-2::	8
chr17	10195800	10282800	chr17_10195800	15	87000	0.00807616184024915	20	5.49535818370396e-07	18	3.01171035699904e-05	::B3-1-3::N-A03::N-B10::B3-6::B3-1-11::N-A01::B-B10::B3-17::N-A08::B-B04::N3-17::B-B08::N3-6::B-2-26::B-A03::	12
chr17	13796400	13883400	chr17_13796400	18	87000	3.01171035699904e-05	20	5.49535818370396e-07	18	3.01171035699904e-05	::B3-2-36::B-2-17::N-2-17::B3-17::B-2-9::N-2-9::N3-2-2::B3-6::B-1-2::B-B07::B3-2-2::N3-1-11::B-B09::B-B11::N-B11::B-B08::N-1-2::N-B04::	10
chr17	30033900	30120900	chr17_30033900	18	87000	3.01171035699904e-05	24	1.03597135970932e-10	21	6.89064552960369e-08	::N-A11::N-2-17::B-B11::B3-1-3::N3-1-3::B3-17::N-B07::B-B02::N-A01::N-B04::N3-18::B3-3::B3-1-11::B-B10::B-2-17::B3-2-2::B3-2-7::B-B04::	14
chr17	32215000	32302000	chr17_32215000	19	87000	4.17390731459405e-06	25	1.09116628819349e-11	21	6.89064552960369e-08	::B-1-2::B-A08::N3-c-10::N-B10::N-A01::B3-17::B-B07::B-A03::B-B02::B3-1-2::N3-1-2::N-B08::B-2-17::N-2-17::N-B09::N3-1-5::B3-6::N3-6::N3-3::	15
chr17	33595200	33682200	chr17_33595200	16	87000	0.00132913235478874	19	4.17390731459405e-06	16	0.00132913235478874	::N3-2-7::B-B07::N-B07::N-B09::B3-c-10::B3-6::B3-17::B-2-17::B3-1-2::N3-6::B3-1-3::B-B10::N-B10::B-B02::N-1-2::B-1-2::	11
chr18	6433400	6520400	chr18_6433400	16	87000	0.00132913235478874	21	6.89064552960369e-08	17	0.00020587447663038	::N3-1-5::B-B08::B3-6::B-1-2::N-1-2::N-B10::B-B10::N-B07::B-B04::N-B08::B-2-17::N-2-17::B-B07::B3-3::N3-3::N-B04::	12
chr18	9368300	9455300	chr18_9368300	15	87000	0.00807616184024915	17	0.00020587447663038	14	0.0460058514640907	::N-1-2::N-A03::N-A01::B-A08::B-1-2::B3-c-10::B3-17::B-B09::B-B04::B-B07::B3-3::N3-3::B-A01::N-2-17::B-B11::	12
chr18	10062900	10149900	chr18_10062900	14	87000	0.0460058514640907	14	0.0460058514640907	12	1.20758597942508	::B-B02::N-B11::B-B11::N3-2-2::B-B10::N-A11::N3-1-5::N3-2-22::B3-2-22::N-B08::N3-1-2::B3-18::N-1-2::B-1-2::	2
chr18	31795200	31882200	chr18_31795200	15	87000	0.00807616184024915	15	0.00807616184024915	14	0.0460058514640907	::B3-2-36::B3-6::N3-18::B3-18::N3-6::B-B10::B-1-2::N3-2-2::B-B09::B3-1-3::N-B08::N-A11::B-A08::N3-1-5::B3-1-2::	6
chr18	35121400	35208400	chr18_35121400	15	87000	0.00807616184024915	20	5.49535818370396e-07	15	0.00807616184024915	::B3-6::N3-18::B3-18::B-A01::N-A01::B-B09::N-A11::N3-1-5::N-A08::B-A08::B-1-2::N-B10::B3-2-2::N3-2-22::B-B10::	11
chr18	35759600	35846600	chr18_35759600	17	87000	0.00020587447663038	21	6.89064552960369e-08	18	3.01171035699904e-05	::B-1-2::B3-2-22::B-A08::B3-6::N-A01::N3-2-7::B3-2-7::B-A11::N3-3::N-A08::N-B11::B-B11::N-B09::N-A11::B-A03::N-B07::B3-1-5::	8
chr18	53864200	53951200	chr18_53864200	14	87000	0.0460058514640907	16	0.00132913235478874	14	0.0460058514640907	::B3-2-2::B-2-26::B3-6::B3-1-2::N-1-2::N-A11::N3-c-10::B-B02::B-1-2::N-B10::N-B04::N3-1-5::B3-1-3::N3-6::	4
chr18	61557500	61644500	chr18_61557500	15	87000	0.00807616184024915	17	0.00020587447663038	13	0.244600820300794	::B3-2-22::B-B10::B3-6::N-B02::B3-2-36::B-B09::N-A08::N3-1-2::N-B07::B3-1-2::B-B07::N-2-17::N3-6::N-2-26::B-2-26::	5
chr18	73571800	73658800	chr18_73571800	16	87000	0.00132913235478874	17	0.00020587447663038	13	0.244600820300794	::B-A11::B3-6::B3-18::B3-2-22::N3-2-22::B-B07::N-2-9::B-1-2::N-1-2::B-A03::N-A03::N3-1-15::B-2-26::B-B02::B3-1-2::B3-c-32::	12
chr19	3860600	3947600	chr19_3860600	17	87000	0.00020587447663038	19	4.17390731459405e-06	14	0.0460058514640907	::B-B11::B3-2-36::N-A11::N3-2-36::N-B10::N3-18::B-B10::N-2-17::N-B08::N3-2-7::B3-2-7::N3-17::B3-17::N-A08::B-1-2::N-2-26::B-2-26::	11
chr19	4315900	4402900	chr19_4315900	17	87000	0.00020587447663038	20	5.49535818370396e-07	15	0.00807616184024915	::B-2-17::B3-6::N-B10::N3-1-2::B-B11::B3-1-3::B-B09::N3-1-3::N-B09::N3-2-2::B-B02::N-B11::B-B10::B3-17::N-2-9::N-B04::N3-1-5::	16
chr19	11916300	12003300	chr19_11916300	17	87000	0.00020587447663038	21	6.89064552960369e-08	17	0.00020587447663038	::B-B10::N-A11::B-A01::B-B04::B3-1-5::N3-6::N3-1-5::N-B04::B3-6::B-2-9::N-2-9::B-B07::B-B02::N-B02::B-1-2::B-A08::N-A08::	13
chr19	12761200	12848200	chr19_12761200	14	87000	0.0460058514640907	15	0.00807616184024915	12	1.20758597942508	::B-B10::B-2-26::B-A08::N-B04::N3-1-5::B3-1-5::B-B04::N-B09::N-B10::B-1-2::B3-6::B-2-17::B-A01::B-B09::	5
chr19	16161400	16248400	chr19_16161400	20	87000	5.49535818370396e-07	24	1.03597135970932e-10	20	5.49535818370396e-07	::N-2-9::B-A01::N-B07::N-B10::B-B07::N3-1-2::N-B04::N3-18::N3-2-7::B-A11::B3-17::N-B09::B-B11::B3-6::B3-3::B3-2-22::B-B02::B-B04::N3-1-15::B3-18::	15
chr19	24449700	24536700	chr19_24449700	15	87000	0.00807616184024915	15	0.00807616184024915	14	0.0460058514640907	::B3-c-10::N-B07::N3-1-5::B3-1-15::B3-6::B-B10::B3-2-7::B-B11::B3-17::B3-18::N-B04::B3-2-36::N3-2-36::N-B10::B3-1-5::	10
chr19	32765200	32852200	chr19_32765200	16	87000	0.00132913235478874	19	4.17390731459405e-06	16	0.00132913235478874	::N-A01::N-1-2::B-1-2::N-B08::B-B02::N-2-17::B-A08::B-2-17::N3-1-2::B3-1-2::B-B10::N3-1-3::B3-1-3::B3-1-5::B3-6::N-A08::	8
chr19	46883500	46970500	chr19_46883500	14	87000	0.0460058514640907	16	0.00132913235478874	13	0.244600820300794	::B-B11::B3-6::N3-1-2::B3-1-2::B3-1-5::N-B04::N-B09::B-B09::N-B10::B-A01::N-B07::N-A11::B3-3::N3-3::	7
chr19	53889000	53976000	chr19_53889000	14	87000	0.0460058514640907	19	4.17390731459405e-06	16	0.00132913235478874	::B-B02::B3-1-11::B3-3::N3-3::B3-1-2::B-A11::N-A08::B3-2-2::B-A08::N3-1-2::N-B10::N-1-2::B3-17::N-A11::	9
chr2	6339600	6426600	chr2_6339600	16	87000	0.00132913235478874	19	4.17390731459405e-06	16	0.00132913235478874	::N-1-2::B3-1-3::B-B04::B3-6::B-1-2::B3-2-22::N3-2-22::N3-18::B-B02::B-A01::B-2-9::N-B07::B-A08::N-2-17::B-B07::B-2-17::	8
chr2	18102300	18189300	chr2_18102300	20	87000	5.49535818370396e-07	26	1.10509799601917e-12	20	5.49535818370396e-07	::B-B11::N-A01::B-B10::N-B04::B3-2-2::N3-1-5::N-2-17::B-2-17::N-A03::N3-6::N-B08::B3-17::B-A01::B3-6::N3-18::B3-1-11::B-B07::B3-1-2::N-B07::N3-1-2::	12
chr2	48774100	48861100	chr2_48774100	14	87000	0.0460058514640907	21	6.89064552960369e-08	18	3.01171035699904e-05	::N-2-17::B3-1-3::B3-c-10::B-B11::N3-1-5::N3-2-36::B-2-17::B-A11::N-A11::B3-2-22::N3-6::B-B07::B3-1-11::B-A03::	12
chr2	49456000	49543000	chr2_49456000	20	87000	5.49535818370396e-07	26	1.10509799601917e-12	23	9.44225644579088e-10	::B-B02::B3-c-10::N3-2-22::N-B04::B-A11::N-A11::B-2-26::B3-18::N3-2-7::B3-2-22::N3-1-3::N-A01::B-A01::B-B08::N-B08::B-B11::B-B10::N3-1-15::N3-1-2::N-B10::	14
chr2	73809600	73896600	chr2_73809600	14	87000	0.0460058514640907	17	0.00020587447663038	16	0.00132913235478874	::B-1-2::N3-18::B3-1-2::N3-1-2::N3-3::B-B07::N-2-17::N-B07::N-2-26::B-2-26::B-A11::N-1-2::B-A08::N3-2-36::	11
chr2	98602000	98689000	chr2_98602000	50	87000	1.8094297729437e-40	328	0	29	9.20302488282725e-16	::N3-2-36::N-A08::B-A08::N3-2-2::N-1-2::N-A01::N-B07::N3-6::N-B10::N-2-26::N-A11::N-B04::N-B09::N-B08::N-B11::N3-2-7::N-A03::N3-1-11::N3-18::N3-1-15::N3-17::N3-1-3::N-2-17::N3-1-5::N-2-9::N-B02::B-B02::N3-2-22::N3-1-2::B3-1-11::B3-2-7::B3-17::B3-6::B3-2-2::B3-1-2::B-1-2::N3-3::B-B07::B-B11::B-B10::B3-1-3::B3-2-22::B-A01::B-B08::B3-1-5::B-B04::N3-c-10::B3-1-15::B-A11::B3-2-36::	156
chr2	104425500	104512500	chr2_104425500	14	87000	0.0460058514640907	14	0.0460058514640907	13	0.244600820300794	::B-A08::N3-2-22::N3-2-36::B-A01::B-B10::B-B09::B3-2-2::B3-1-11::B-B02::N-B11::B3-17::B3-3::B-B11::B-2-26::	8
chr2	109945900	110032900	chr2_109945900	14	87000	0.0460058514640907	18	3.01171035699904e-05	17	0.00020587447663038	::N-B02::B-A08::B3-c-10::B3-6::N-A11::B-A01::B-B02::B-B07::B3-2-36::N3-17::N3-2-36::B-1-2::B3-2-2::N3-c-10::	11
chr2	121898800	121985800	chr2_121898800	14	87000	0.0460058514640907	17	0.00020587447663038	14	0.0460058514640907	::B3-1-3::B-B07::B3-3::B3-c-10::N3-c-10::N-B04::B3-18::N3-18::B3-1-2::N3-1-2::B3-2-22::B-B04::B-A03::B-A08::	6
chr2	136696700	136783700	chr2_136696700	15	87000	0.00807616184024915	18	3.01171035699904e-05	14	0.0460058514640907	::N3-2-22::B3-1-15::N3-1-2::B-1-2::B-B04::N-B04::B-B07::N-B07::N-2-17::B3-18::N3-6::N3-1-5::B3-1-5::N3-2-7::N-1-2::	6
chr2	154463100	154550100	chr2_154463100	14	87000	0.0460058514640907	18	3.01171035699904e-05	16	0.00132913235478874	::B-B10::B-B04::B3-1-5::B3-1-2::B-B11::N-B11::N-A01::B-A11::B-B08::N-B08::N-B02::B-B02::B3-2-7::B3-18::	12
chr2	154806500	154893500	chr2_154806500	17	87000	0.00020587447663038	23	9.44225644579088e-10	22	8.2474639899842e-09	::B3-18::B3-1-11::B-A03::B-A01::B-B10::N-B04::B3-2-7::B-B04::N-B02::B-B02::N3-2-22::N-B08::N3-1-5::N-2-9::N3-1-11::B3-c-10::B3-6::	12
chr2	155416700	155503700	chr2_155416700	14	87000	0.0460058514640907	15	0.00807616184024915	13	0.244600820300794	::B-A08::N-B09::B-B09::N3-17::B-B07::B3-1-3::B3-2-36::N-B04::B-B10::B-A01::N3-2-36::B3-1-5::B-A11::B3-18::	7
chr2	160645200	160732200	chr2_160645200	15	87000	0.00807616184024915	20	5.49535818370396e-07	17	0.00020587447663038	::N-B09::B3-2-2::B-B02::N-A01::N-2-17::N-B04::N-B08::B-B10::B3-1-11::B3-2-36::B3-1-5::N-A08::N-1-2::B-B07::N3-2-2::	12
chr2	161015400	161102400	chr2_161015400	14	87000	0.0460058514640907	16	0.00132913235478874	14	0.0460058514640907	::B-1-2::B3-17::B-B07::B3-6::B-A11::N3-18::N-A01::B-A01::N-B10::B-B11::N-B02::B3-1-11::N3-1-11::N3-1-5::	7
chr2	163609200	163696200	chr2_163609200	19	87000	4.17390731459405e-06	25	1.09116628819349e-11	10	22.9892918862911	::B3-6::N-B08::N-B09::B-B02::B3-2-7::B-B04::B-B09::B-B07::B3-1-2::B-B10::B-B08::B-A08::B-1-2::B3-2-2::B-B11::B3-3::B-A11::B3-1-3::N3-1-3::	7
chr3	16139300	16226300	chr3_16139300	15	87000	0.00807616184024915	15	0.00807616184024915	14	0.0460058514640907	::N3-2-2::N-A08::N3-3::B-B02::N-A11::N3-6::B3-6::B-B08::N3-1-11::B-1-2::B-B11::N-2-17::B3-1-15::N3-2-7::N-1-2::	6
chr3	32998400	33085400	chr3_32998400	15	87000	0.00807616184024915	18	3.01171035699904e-05	11	5.50321029206465	::N3-1-3::N-B04::B-B11::B-B07::N-B07::B3-1-3::B-B10::N-B11::N3-1-5::N-A01::B3-1-5::B-B04::B3-6::B-A01::B3-1-2::	5
chr3	51246800	51333800	chr3_51246800	14	87000	0.0460058514640907	20	5.49535818370396e-07	17	0.00020587447663038	::N3-2-7::B-B09::B3-17::B-B10::N3-1-2::N3-1-15::N3-18::B-B07::B3-1-2::N-B07::N-B04::B-B04::N3-1-5::B3-18::	9
chr3	51396500	51483500	chr3_51396500	17	87000	0.00020587447663038	20	5.49535818370396e-07	18	3.01171035699904e-05	::B3-1-11::B-B04::B-B08::N3-3::B3-1-5::B-1-2::B-B02::B3-3::N-1-2::B3-1-2::B-B10::B-2-9::B-2-26::N3-1-3::N-B04::N-A01::B-A03::	7
chr3	60501700	60588700	chr3_60501700	15	87000	0.00807616184024915	17	0.00020587447663038	13	0.244600820300794	::B3-2-7::B-B04::N-B04::B3-18::B-1-2::B-B02::B3-1-3::N-A08::B-B10::B-A11::N-A11::B3-2-36::B3-3::N3-3::N-2-17::	9
chr3	69042300	69129300	chr3_69042300	19	87000	4.17390731459405e-06	26	1.10509799601917e-12	22	8.2474639899842e-09	::B3-1-2::B-B10::B-A08::N-B07::B-B02::B-2-17::N-A08::B3-c-10::B-B04::B3-1-3::B3-3::N3-2-2::B3-6::B-B09::N-B09::N-B08::B-A01::N3-18::B-B08::	14
chr3	88954600	89041600	chr3_88954600	17	87000	0.00020587447663038	23	9.44225644579088e-10	17	0.00020587447663038	::B-B10::N3-18::N3-1-2::B3-1-2::N-B08::B-B02::B-B09::B3-2-36::N-B02::N3-1-3::B3-1-3::B3-1-11::N3-1-11::B-A08::B3-3::N3-6::B3-17::	11
chr3	90290900	90377900	chr3_90290900	17	87000	0.00020587447663038	18	3.01171035699904e-05	17	0.00020587447663038	::N-A11::N-B08::N-B07::B3-1-2::N-A01::N-1-2::B-1-2::B-B10::N-2-17::N3-2-36::B3-3::B-A01::N-B09::B-A03::B3-6::B-B02::B-A08::	13
chr3	103024800	103111800	chr3_103024800	14	87000	0.0460058514640907	15	0.00807616184024915	13	0.244600820300794	::B-A11::N-A11::B3-18::B3-2-22::N-A01::B3-1-11::N-B09::B-B10::N3-6::N-2-17::B3-2-36::B-A01::B3-6::B-A08::	6
chr3	103284200	103371200	chr3_103284200	20	87000	5.49535818370396e-07	29	9.20302488282725e-16	26	1.10509799601917e-12	::N3-18::B3-2-2::B-B09::N3-3::B-B10::B3-3::B-1-2::B3-6::B3-1-5::N3-1-11::B-B07::N-B04::B-2-17::N-2-9::B-A11::N-A11::B-A08::B-2-9::N-B07::N-A08::	18
chr3	104821100	104908100	chr3_104821100	16	87000	0.00132913235478874	18	3.01171035699904e-05	17	0.00020587447663038	::B3-17::B-B02::B-A08::B-B09::B-B07::B-B11::N-B04::B-B04::B-A11::N-2-26::B3-18::B-2-9::B3-1-2::B-2-17::N-1-2::B-A01::	13
chr3	105720900	105807900	chr3_105720900	14	87000	0.0460058514640907	14	0.0460058514640907	14	0.0460058514640907	::B-1-2::B-2-9::B-B07::B-2-17::B-2-26::N3-2-7::B-A08::N3-18::B3-2-36::B3-3::N3-1-15::N-B02::B-A01::N3-3::	10
chr3	135444900	135531900	chr3_135444900	18	87000	3.01171035699904e-05	24	1.03597135970932e-10	15	0.00807616184024915	::B-B02::B-A08::N3-1-15::B3-1-15::B3-6::B-A01::B3-3::N-B09::N-2-17::N-B02::B-A03::N-A08::N-A03::N3-2-36::N3-17::B3-18::N3-18::N3-1-2::	15
chr3	144519100	144606100	chr3_144519100	14	87000	0.0460058514640907	16	0.00132913235478874	12	1.20758597942508	::B-B07::N3-18::B3-18::B3-2-22::N-A08::N-A11::B3-6::N-B07::B3-1-11::B-B02::B-A11::N-B10::B-B10::B3-2-2::	6
chr4	13756000	13843000	chr4_13756000	16	87000	0.00132913235478874	23	9.44225644579088e-10	12	1.20758597942508	::B-A08::N-A03::N3-1-15::N-A08::B-A03::B3-1-15::B3-1-5::B3-c-10::B-B10::B3-2-2::B-B08::N-B08::B-B07::B-2-9::B-2-17::N-2-17::	7
chr4	82326500	82413500	chr4_82326500	14	87000	0.0460058514640907	15	0.00807616184024915	14	0.0460058514640907	::B-1-2::N3-6::N-B10::B-2-9::B-A01::B3-1-15::N-B07::B3-17::N-A11::B-B02::B-B11::N-B04::B-B04::N3-2-36::	7
chr4	103083500	103170500	chr4_103083500	15	87000	0.00807616184024915	17	0.00020587447663038	11	5.50321029206465	::B3-2-22::N3-18::N3-2-36::N3-17::B-B02::N3-1-5::B3-1-15::B-A03::B-A08::N-A03::N3-1-15::N-A08::N-A01::B3-1-3::B3-2-36::	13
chr4	110197900	110284900	chr4_110197900	14	87000	0.0460058514640907	16	0.00132913235478874	15	0.00807616184024915	::N-B04::N-A01::B-B02::B3-2-2::B-B04::B-2-9::N3-18::B-1-2::N-A08::N3-1-5::B3-1-5::N3-2-7::B3-2-7::N-B08::	7
chr4	116250700	116337700	chr4_116250700	14	87000	0.0460058514640907	14	0.0460058514640907	13	0.244600820300794	::B-B11::N-B09::N-B07::B3-6::N-1-2::B3-1-5::B-B04::B-2-9::N3-6::N-B11::N-B04::N3-1-15::N3-18::B3-1-2::	8
chr4	116549500	116636500	chr4_116549500	14	87000	0.0460058514640907	16	0.00132913235478874	12	1.20758597942508	::B3-2-2::N3-1-11::N-B09::B-B09::B3-3::N3-2-7::B-A08::N3-1-5::N-B04::B-B04::B3-1-5::N3-3::N-A03::B-B10::	6
chr4	120751100	120838100	chr4_120751100	14	87000	0.0460058514640907	16	0.00132913235478874	13	0.244600820300794	::B-2-9::N3-2-22::N-B09::N-B04::N-B02::B-B09::B3-1-5::N3-1-5::B3-2-36::B-B10::B-B07::N-A03::B-A03::B-A08::	8
chr4	126957100	127044100	chr4_126957100	15	87000	0.00807616184024915	18	3.01171035699904e-05	17	0.00020587447663038	::B-B07::N3-1-5::B-B10::N3-2-7::B3-2-36::N3-1-3::N-2-9::N-B07::N-B08::N-B09::B-B02::B3-2-2::B3-1-5::B-B04::B3-1-11::	9
chr4	129665800	129752800	chr4_129665800	15	87000	0.00807616184024915	15	0.00807616184024915	13	0.244600820300794	::N3-1-3::B-B07::N-B09::B-B09::N-A01::N3-18::B-A08::N-2-9::B-2-9::N-B08::B-B08::B-B04::B-A11::N3-6::N-B02::	7
chr4	130666600	130753600	chr4_130666600	14	87000	0.0460058514640907	17	0.00020587447663038	13	0.244600820300794	::B-B02::N-B10::B-B10::B-B07::N-A01::B3-17::N3-1-2::N-A08::B-A08::B3-2-36::N-B02::B-2-9::B3-1-11::B-1-2::	8
chr4	133664500	133751500	chr4_133664500	16	87000	0.00132913235478874	22	8.2474639899842e-09	20	5.49535818370396e-07	::B-B07::N-B02::N-A08::B3-1-11::B-A08::B-B02::B-B09::N-B08::B-1-2::N3-2-2::B3-18::N-B09::B3-3::N3-2-36::B3-2-36::N-B04::	14
chr4	155478300	155565300	chr4_155478300	19	87000	4.17390731459405e-06	23	9.44225644579088e-10	18	3.01171035699904e-05	::B-B09::B-2-9::N-2-9::B-B11::B3-17::B3-2-36::B3-c-32::N3-2-36::N-B04::B3-2-22::B3-3::N3-3::N-1-2::B-B02::N-A11::B-A11::N3-1-5::N3-2-7::B-1-2::	18
chr5	23420500	23507500	chr5_23420500	16	87000	0.00132913235478874	18	3.01171035699904e-05	17	0.00020587447663038	::B-B02::B-A08::B-B07::B-A01::N-B09::B3-2-22::N-2-9::B3-2-36::N-A01::B-1-2::B3-18::N3-1-2::N3-3::B3-3::B3-6::N-B04::	6
chr5	25326000	25413000	chr5_25326000	32	87000	5.64608312344576e-19	87	9.43353318935234e-93	57	1.19194277847325e-49	::B-2-9::N3-1-3::B-2-17::B3-1-2::N-2-17::N3-1-15::N3-2-7::B3-1-15::B3-2-36::B3-2-7::B-B02::N-B02::B3-2-2::N-2-9::N-A03::B-B10::B-B07::B-1-2::N3-2-2::B-A08::B-A03::N-A08::B-B08::B3-18::B3-1-11::N3-1-11::B-B09::B-A11::N3-1-2::N-B07::N-B10::B3-1-3::	59
chr5	25466900	25553900	chr5_25466900	20	87000	5.49535818370396e-07	30	8.07778967329475e-17	25	1.09116628819349e-11	::B-1-2::B3-6::B3-1-3::N3-1-3::B-2-9::B3-2-7::N3-2-7::B3-2-36::B3-17::B3-1-2::B-B08::N-2-9::B-2-17::N-2-17::N-B07::N3-2-36::B-A03::N-A08::B3-1-11::B3-2-2::	19
chr5	28084600	28171600	chr5_28084600	43	87000	1.03773756413763e-31	91	7.07050768926494e-99	7	906.584923604161	::N-B04::N-A01::N-A08::N-B09::N3-1-5::N3-2-2::N-1-2::B-B10::B3-6::B-A08::B-1-2::B-B04::B3-1-2::N-A11::B3-1-3::B-2-9::N3-1-11::N3-3::B-B11::B-2-17::B-B08::B-B09::B-B07::B-A01::B3-2-36::B3-2-2::B-A11::B3-3::B3-17::B3-1-11::B3-18::B-B02::B3-1-5::B3-2-22::N-B02::N-B10::N-B08::N3-18::N-A03::B3-1-15::B3-c-10::N3-1-2::B3-2-7::	58
chr5	65588200	65675200	chr5_65588200	18	87000	3.01171035699904e-05	23	9.44225644579088e-10	17	0.00020587447663038	::N3-2-36::N3-1-3::N-A01::N3-1-11::N3-1-5::B-A11::N-A11::B-B10::B3-1-3::B3-1-11::B3-6::N3-6::B-1-2::B3-18::N3-18::N-B02::B-B07::B-B09::	18
chr5	86805300	86892300	chr5_86805300	16	87000	0.00132913235478874	19	4.17390731459405e-06	15	0.00807616184024915	::N-2-26::B3-1-3::B-B02::N-B02::N-1-2::B-B09::N-B09::B3-2-2::N3-2-2::B3-2-36::N3-2-36::B-B10::N3-1-3::N3-17::B3-3::N3-18::	13
chr5	90258700	90345700	chr5_90258700	16	87000	0.00132913235478874	19	4.17390731459405e-06	19	4.17390731459405e-06	::N-2-17::B3-6::B3-17::B3-18::N-1-2::N3-3::B-1-2::B-A01::N3-6::B3-2-2::B3-1-2::N-B10::B-B09::B3-1-11::N3-17::B-A08::	9
chr5	96070200	96157200	chr5_96070200	16	87000	0.00132913235478874	19	4.17390731459405e-06	18	3.01171035699904e-05	::N-B08::N3-6::N-A01::B3-1-3::B3-18::N-B10::B-B10::N3-1-3::B-A03::N-2-17::B-B02::B3-17::B-B04::B-1-2::N-A11::B3-3::	8
chr5	110725900	110812900	chr5_110725900	14	87000	0.0460058514640907	14	0.0460058514640907	12	1.20758597942508	::B-B10::B-A03::B-A08::N-B04::B-B04::N-B02::B3-17::B3-1-3::N-A11::B3-18::N-B07::N-B08::N3-2-36::B3-2-36::	7
chr5	121717000	121804000	chr5_121717000	19	87000	4.17390731459405e-06	22	8.2474639899842e-09	17	0.00020587447663038	::N-B02::N-2-26::B3-c-10::N-1-2::B-1-2::B3-2-22::B3-6::B-B09::N-B08::N3-c-32::N3-2-36::B3-2-36::B3-3::B-B10::B3-17::B-B11::B-A08::N-A08::B3-2-2::	9
chr5	122292600	122379600	chr5_122292600	16	87000	0.00132913235478874	20	5.49535818370396e-07	14	0.0460058514640907	::N3-1-2::N3-1-3::N-B08::N3-2-2::B-B04::B-B10::B-A11::N-A11::N-B02::B-A08::B-A03::B3-1-15::N-A08::N3-1-15::N-A03::B3-2-36::	14
chr5	122445700	122532700	chr5_122445700	14	87000	0.0460058514640907	17	0.00020587447663038	15	0.00807616184024915	::N-B09::B3-1-3::B-A01::N-A01::B-B02::N-1-2::N-B08::N-B02::B3-3::B-A08::B-A11::B3-6::B-B09::B-B10::	9
chr5	125104400	125191400	chr5_125104400	14	87000	0.0460058514640907	16	0.00132913235478874	15	0.00807616184024915	::B-A08::B3-6::N-B10::N-1-2::N-B09::B3-c-32::B3-2-36::B-B10::N3-2-7::N3-1-15::N-A11::N3-2-36::B-B08::B3-2-2::	9
chr5	135172400	135259400	chr5_135172400	18	87000	3.01171035699904e-05	22	8.2474639899842e-09	19	4.17390731459405e-06	::B-B02::N-A01::B3-1-2::N3-1-3::B3-1-3::B-A08::N-B08::N3-2-22::N3-2-7::B3-1-5::B-B07::N3-17::B3-17::N3-2-2::N3-1-11::B3-1-11::B-B04::B-A03::	10
chr5	147433200	147520200	chr5_147433200	14	87000	0.0460058514640907	15	0.00807616184024915	15	0.00807616184024915	::N-2-17::B-A08::B3-2-22::B3-1-15::B3-17::N3-1-2::B-B08::N3-2-2::N-B04::B-B02::B-B07::N3-17::N-B08::B3-6::	9
chr6	47441600	47528600	chr6_47441600	19	87000	4.17390731459405e-06	21	6.89064552960369e-08	16	0.00132913235478874	::N3-3::B3-1-2::B-2-9::B-A01::B3-1-11::B-B04::N-2-17::B-B10::B-A08::N3-1-5::N-B07::N-B04::B3-1-5::N-A03::N3-1-3::N-B10::B3-6::N3-6::B-B09::	6
chr6	83904900	83991900	chr6_83904900	18	87000	3.01171035699904e-05	21	6.89064552960369e-08	21	6.89064552960369e-08	::N-B08::B3-1-11::B3-2-36::N-2-17::N-2-26::N3-1-15::B-A08::N3-2-7::B-A01::B3-17::N-B04::B3-1-2::B-1-2::N-A01::B-B09::B-B10::N3-2-36::B3-c-10::	12
chr6	103636500	103723500	chr6_103636500	14	87000	0.0460058514640907	16	0.00132913235478874	5	5491.50500874732	::B3-2-36::N3-18::N-B11::N-A01::B-B11::N-B10::N3-1-11::N-B04::N3-1-15::N-B08::N3-3::B3-1-2::N-A11::N3-1-2::	8
chr6	113094800	113181800	chr6_113094800	17	87000	0.00020587447663038	20	5.49535818370396e-07	16	0.00132913235478874	::B-B04::B-A11::B-1-2::N-1-2::N3-2-7::B-B11::N-A03::N-2-17::B-A08::B-B07::N3-18::N-B08::B-B08::B-A03::B-B02::B3-1-11::B3-18::	9
chr6	114879600	114966600	chr6_114879600	16	87000	0.00132913235478874	17	0.00020587447663038	16	0.00132913235478874	::B-2-17::N3-2-2::N-A11::N-A08::B-B10::B3-1-3::B3-17::N3-1-5::B-1-2::B-B09::B-A11::B-B02::N3-1-3::N-2-17::B3-1-2::B3-6::	12
chr6	119920400	120007400	chr6_119920400	14	87000	0.0460058514640907	14	0.0460058514640907	14	0.0460058514640907	::B-A08::N-2-9::B3-2-36::B3-1-2::B-B10::B3-6::N-B09::N3-1-2::B-A11::N-B11::B3-1-11::B3-18::B3-3::B3-17::	6
chr6	134687400	134774400	chr6_134687400	15	87000	0.00807616184024915	19	4.17390731459405e-06	12	1.20758597942508	::B-A03::N3-18::N-A03::B-A08::N-A11::B3-1-15::N3-1-15::N-A08::N-A01::B3-3::B-B09::N3-1-5::N-2-26::N3-6::B-A01::	12
chr7	16550600	16637600	chr7_16550600	15	87000	0.00807616184024915	20	5.49535818370396e-07	16	0.00132913235478874	::N3-1-5::B3-1-5::B-B04::N-B04::N-2-17::B-2-17::B-A01::N-B09::B-1-2::N-A01::N-B08::B-B02::B-B10::N-B10::N-2-9::	14
chr7	59241400	59328400	chr7_59241400	15	87000	0.00807616184024915	23	9.44225644579088e-10	14	0.0460058514640907	::N-A01::N-A11::B-B02::B3-1-2::B-B07::N3-1-2::N-B07::B-B04::B3-1-3::B-2-9::N-B02::B3-c-10::N3-2-7::B3-2-7::B-B11::	10
chr7	67266800	67353800	chr7_67266800	19	87000	4.17390731459405e-06	21	6.89064552960369e-08	14	0.0460058514640907	::N-B04::N3-1-5::B-B09::B-B07::N3-3::N3-17::B-A03::N-A01::B-B04::B-A11::N-A11::B-2-26::B3-6::B3-17::B3-1-15::B-A08::N-A03::N3-1-15::N-A08::	15
chr7	79289500	79376500	chr7_79289500	14	87000	0.0460058514640907	18	3.01171035699904e-05	14	0.0460058514640907	::B-B11::N-A01::N3-3::B3-1-11::N-B08::N-B04::B-B08::B-B10::B-A03::N3-2-7::B-B02::N3-2-22::B3-2-22::B3-6::	8
chr7	90127300	90214300	chr7_90127300	21	87000	6.89064552960369e-08	27	1.07775544742415e-13	25	1.09116628819349e-11	::B3-17::N-B09::B-A08::N-1-2::N-B02::B-B07::B-B09::N3-c-32::N-A11::B3-6::B-A03::B-B02::N3-2-2::B-B10::B-1-2::N-A01::B-A01::B-A11::B3-2-36::N3-6::B3-1-11::	11
chr7	112035100	112122100	chr7_112035100	14	87000	0.0460058514640907	26	1.10509799601917e-12	20	5.49535818370396e-07	::N-A01::B3-1-2::B-1-2::N-B07::N-1-2::N3-17::B-B09::B-B07::N-2-17::B-2-17::N-B04::B-B02::N3-1-2::B-A08::	13
chr7	121018000	121105000	chr7_121018000	14	87000	0.0460058514640907	15	0.00807616184024915	11	5.50321029206465	::N3-1-15::B-2-26::B3-c-10::B3-17::N3-17::B-B11::B3-2-36::N3-6::B3-6::N3-1-3::N-B09::B-B09::B3-1-3::N-B07::	3
chr7	121753200	121840200	chr7_121753200	26	87000	1.10509799601917e-12	26	1.10509799601917e-12	2	18046.5020897977	::B-B04::N3-1-15::N3-2-22::N-B04::N-1-2::N3-1-2::N-A11::N3-6::N-B07::N-B08::N-2-9::N-2-26::N3-1-11::N-B11::N-B09::N3-2-7::N-B02::N3-2-36::N-B10::N3-c-10::N-2-17::N3-3::N3-1-3::N3-1-5::N3-17::N3-18::	25
chr7	126098500	126185500	chr7_126098500	17	87000	0.00020587447663038	21	6.89064552960369e-08	18	3.01171035699904e-05	::N3-1-5::N3-18::B3-18::B-B04::B3-6::B-2-17::B3-2-36::N3-2-36::B-B10::B-A01::N-A01::B-B09::N-1-2::B-1-2::N-B08::N-A11::B3-1-2::	11
chr7	132922200	133009200	chr7_132922200	14	87000	0.0460058514640907	15	0.00807616184024915	11	5.50321029206465	::N3-2-36::B3-18::N-B09::B3-1-15::N-A03::N3-1-15::B-A08::B-A03::N3-1-3::N3-1-11::B-B11::N3-1-5::B-1-2::N3-2-7::	3
chr7	136329000	136416000	chr7_136329000	33	87000	4.50522543400997e-20	36	1.92006823730866e-23	7	906.584923604161	::B3-18::B3-6::B-B09::N3-c-10::N-B11::N3-2-36::N-A08::N-2-9::N-2-26::N-B07::N-2-17::N-B04::N3-17::N-B09::N3-6::N-A11::N-B02::N3-1-11::N3-1-5::N-A01::N3-1-3::N3-1-15::N-1-2::N3-2-7::N3-2-2::N3-c-32::N-A03::N-B10::N3-3::N-B08::N3-1-2::N3-2-22::N3-18::	32
chr7	141565600	141652600	chr7_141565600	15	87000	0.00807616184024915	15	0.00807616184024915	13	0.244600820300794	::N-B02::B3-18::B-B02::N-2-26::B-2-26::N3-1-5::B-A08::B3-17::B3-2-2::N3-3::N3-2-22::N-A03::N-2-9::B-1-2::N-2-17::	6
chr8	4267000	4354000	chr8_4267000	14	87000	0.0460058514640907	17	0.00020587447663038	17	0.00020587447663038	::B3-17::B3-2-2::B-1-2::B-B02::B-B10::N-B10::B3-6::B3-1-3::N-B04::B3-1-2::N3-1-3::B3-3::N3-3::N-B07::	9
chr8	22855300	22942300	chr8_22855300	17	87000	0.00020587447663038	21	6.89064552960369e-08	14	0.0460058514640907	::N-B08::B-1-2::B-B04::B3-1-5::N-B04::N-A01::B-A01::B-2-17::N-2-17::B-B10::B3-1-2::B-B07::N-B07::N-1-2::N3-1-2::N-B09::N3-1-3::	12
chr8	41325700	41412700	chr8_41325700	14	87000	0.0460058514640907	15	0.00807616184024915	15	0.00807616184024915	::B3-6::N-A08::B-A01::B-1-2::B-B08::N3-c-10::B3-2-22::N-A01::B-B04::B-B10::N-1-2::B3-c-10::N3-2-36::N3-1-5::	11
chr8	69924800	70011800	chr8_69924800	15	87000	0.00807616184024915	16	0.00132913235478874	11	5.50321029206465	::B3-3::N-A08::B3-1-3::B3-2-36::B3-2-22::N3-2-22::N3-2-7::N-B09::B-B09::B-B10::N3-1-5::N-B04::B-B04::B3-1-5::B-1-2::	7
chr8	95717600	95804600	chr8_95717600	17	87000	0.00020587447663038	21	6.89064552960369e-08	20	5.49535818370396e-07	::B3-1-3::N-1-2::N-B10::B-B04::N3-6::B3-1-2::N-2-17::B3-1-11::B3-2-22::N3-2-22::B3-6::B-B10::B3-18::B-A01::B-1-2::B3-c-10::B-B02::	11
chr8	109782800	109869800	chr8_109782800	20	87000	5.49535818370396e-07	30	8.07778967329475e-17	23	9.44225644579088e-10	::N3-1-11::N-B08::N-B11::B-B10::N3-1-5::B3-2-36::N-B10::B-B07::B3-1-2::N-B07::N3-1-2::N-2-17::B-2-17::B3-c-10::B-B02::N3-2-36::B3-c-32::B3-2-7::B3-18::B3-17::	15
chr8	111547000	111634000	chr8_111547000	14	87000	0.0460058514640907	14	0.0460058514640907	13	0.244600820300794	::B-B10::B-1-2::N-B10::N-B09::B-B02::B-2-17::B3-1-2::B-B09::N3-17::B3-17::N3-2-2::B3-18::B-2-26::N3-2-36::	9
chr8	117287200	117374200	chr8_117287200	16	87000	0.00132913235478874	22	8.2474639899842e-09	18	3.01171035699904e-05	::B-B04::B3-17::B-1-2::B-B07::N-B10::N-A01::B3-1-11::B-2-17::N-2-17::N-B09::N-A11::N-1-2::B3-1-3::N3-1-5::N-B04::B3-1-5::	8
chr8	122895100	122982100	chr8_122895100	15	87000	0.00807616184024915	19	4.17390731459405e-06	17	0.00020587447663038	::N-B02::N3-1-5::B3-6::B3-2-2::B-B07::B-B10::B-A08::B-B02::N-B04::B-1-2::B3-1-3::B3-17::B3-3::N3-2-2::N-B10::	12
chr9	3000100	3087100	chr9_3000100	33	87000	4.50522543400997e-20	59	2.41513716143448e-52	18	3.01171035699904e-05	::N-A08::N-B08::B-B02::N-B07::N-2-17::N3-18::N3-6::B-B11::N-B11::N-A11::N3-2-22::N-A01::N-B04::N-2-26::N3-2-7::N3-1-3::N-B10::N3-1-15::N3-17::N3-2-2::N3-1-5::B-B10::N-B02::B3-17::B3-2-22::B-A08::N3-2-36::N3-1-2::B-B09::N-A03::B-2-17::N-B09::N3-1-11::	26
chr9	13761200	13848200	chr9_13761200	14	87000	0.0460058514640907	17	0.00020587447663038	16	0.00132913235478874	::B3-6::N-A11::B-A11::B-B04::N-B04::N3-2-7::B3-1-3::B3-2-22::N-B08::B-2-17::N-B10::N-1-2::N-2-17::B3-17::	9
chr9	14259200	14346200	chr9_14259200	14	87000	0.0460058514640907	16	0.00132913235478874	15	0.00807616184024915	::B3-2-2::B3-1-11::B3-1-2::N3-18::N3-2-7::B-B07::B3-1-15::N-B11::B-B02::B-B10::N-B09::N-A11::B-A11::N3-1-2::	9
chr9	21432600	21519600	chr9_21432600	16	87000	0.00132913235478874	19	4.17390731459405e-06	16	0.00132913235478874	::B-B07::B-B08::N-B08::N-2-17::B-B10::B-1-2::N3-2-7::N-1-2::B-B04::N3-1-5::N3-17::N3-2-36::N-B07::N-2-9::B-2-9::N-B04::	11
chr9	21620300	21707300	chr9_21620300	17	87000	0.00020587447663038	24	1.03597135970932e-10	21	6.89064552960369e-08	::B3-1-15::N-2-17::B3-1-2::B3-18::N3-18::B-A08::B-B04::N-1-2::B-1-2::B-B02::N-A08::B-B10::N3-2-7::N-B02::N-B09::B-B08::B3-17::	12
chr9	35218800	35305800	chr9_35218800	15	87000	0.00807616184024915	18	3.01171035699904e-05	11	5.50321029206465	::B3-c-32::B-2-9::B3-17::B3-1-15::B-B11::N3-1-2::N3-1-11::N3-1-3::N3-18::N3-1-15::N-B04::N-B11::N-B07::N3-1-5::N-A11::	6
chr9	47682800	47769800	chr9_47682800	14	87000	0.0460058514640907	16	0.00132913235478874	14	0.0460058514640907	::B3-c-10::N-1-2::B-B04::B3-2-22::B3-1-2::N-B04::B3-2-2::B3-2-7::N3-2-7::N3-18::B3-2-36::N3-1-5::N3-1-3::N-B02::	10
chr9	59394800	59481800	chr9_59394800	18	87000	3.01171035699904e-05	28	1.01355050583715e-14	27	1.07775544742415e-13	::N-A08::N-B10::B-B09::B-B02::B-A08::N-A01::B3-6::B3-3::N3-1-5::N3-1-2::N3-2-7::N-B08::B3-1-5::N-B07::B-B10::N-2-17::B-2-17::N3-2-36::	12
chr9	66505300	66592300	chr9_66505300	16	87000	0.00132913235478874	19	4.17390731459405e-06	17	0.00020587447663038	::B-2-17::N-B04::B-A01::B-A08::B-B09::N-B08::B-B10::B3-1-2::B-1-2::N-1-2::N-2-17::N3-c-10::N-B10::N-A11::B3-2-36::N-B11::	11
chr9	70495700	70582700	chr9_70495700	15	87000	0.00807616184024915	16	0.00132913235478874	16	0.00132913235478874	::B-A08::B3-2-2::B-A11::N-A03::B3-1-11::B-A01::N3-1-5::B-B07::B-B04::N-B07::N-B11::B3-2-22::N-B09::N3-17::B3-18::	8
chr9	70680900	70767900	chr9_70680900	15	87000	0.00807616184024915	23	9.44225644579088e-10	22	8.2474639899842e-09	::B3-1-11::B-B04::B3-3::B-A03::B-B02::N3-1-2::B3-17::B3-2-2::N3-2-36::N3-17::B-1-2::N-2-17::N3-1-15::B3-2-7::B-B07::	7
chr9	72026600	72113600	chr9_72026600	23	87000	9.44225644579088e-10	33	4.50522543400997e-20	27	1.07775544742415e-13	::N3-1-11::N-B10::N-B04::B-2-17::N-2-17::B-B02::B3-18::B3-17::B3-c-10::N3-17::B-B11::N3-1-3::B3-1-3::B-1-2::B3-6::B3-2-36::N3-2-36::B-B04::B3-1-5::N3-1-5::B3-2-2::B3-3::B-2-9::	22
chr9	72276500	72363500	chr9_72276500	14	87000	0.0460058514640907	16	0.00132913235478874	15	0.00807616184024915	::B-B07::B3-6::N-1-2::B-1-2::N3-1-3::B-B09::B3-18::N3-1-5::B3-17::N-B04::B-2-9::B3-1-11::N-2-26::B3-2-36::	6
chr9	72535200	72622200	chr9_72535200	16	87000	0.00132913235478874	19	4.17390731459405e-06	17	0.00020587447663038	::B3-17::B-B10::B-B02::N-B08::N-1-2::B3-6::B-2-9::N3-2-2::B3-2-2::N3-2-7::N-A01::N-B10::N-2-26::N3-18::N3-1-11::B-A08::	10
chr9	80071700	80158700	chr9_80071700	15	87000	0.00807616184024915	22	8.2474639899842e-09	16	0.00132913235478874	::N3-3::B-B02::B3-3::N-2-17::B-1-2::B-B10::N-B10::B-B11::N-2-26::B-2-26::B3-6::N-A11::B-A11::B3-2-22::B-A08::	11
chr9	82884400	82971400	chr9_82884400	15	87000	0.00807616184024915	18	3.01171035699904e-05	15	0.00807616184024915	::B3-18::B3-1-3::N-1-2::B-B04::N-B10::N-B04::N-2-17::B-A08::B3-3::B-2-9::N3-2-36::B-B09::N-B09::B-2-26::B3-2-36::	13
chr9	107754100	107841100	chr9_107754100	18	87000	3.01171035699904e-05	20	5.49535818370396e-07	16	0.00132913235478874	::B-1-2::N-B02::B-B02::B3-17::N3-17::B-B10::B3-3::B3-1-5::N3-c-10::N-B04::N3-3::N-A01::B-A01::N3-2-36::B3-6::B-A08::B3-2-2::B3-1-15::	10
chr9	110525700	110612700	chr9_110525700	14	87000	0.0460058514640907	14	0.0460058514640907	12	1.20758597942508	::N-A01::B-1-2::B-2-17::N-2-17::N-B11::B-B10::N3-1-11::N-1-2::N-B08::B-A08::B-B11::B-A11::N-A11::B-B02::	7
chr9	113924400	114011400	chr9_113924400	14	87000	0.0460058514640907	18	3.01171035699904e-05	16	0.00132913235478874	::B3-18::N3-1-5::N-1-2::N-A01::B-A01::N-A11::N-B02::B-A11::N3-2-2::B3-2-36::N-2-17::B-B08::N-B08::B3-2-2::	7
chrUn_GL456383	1100	88100	chrUn_GL456383_1100	16	87000	0.00132913235478874	18	3.01171035699904e-05	11	5.50321029206465	::B-B07::B3-1-2::N3-1-3::B3-1-3::B3-18::N-A08::N3-1-5::B3-2-22::B3-2-2::N3-18::N-A01::N-2-17::N-A11::N3-2-2::N3-17::N3-2-7::	2
chrUn_GL456390	0	87000	chrUn_GL456390_0	38	87000	9.46886100571731e-26	72	1.60048316836241e-70	52	4.73080025112422e-43	::B3-18::N3-6::N3-1-2::N3-2-7::N3-1-3::B3-3::N-2-17::N3-2-2::N3-17::N-B09::N-A03::N3-1-15::N3-3::N-B08::N-B04::N-A08::N-A01::N-B10::N3-1-11::B-1-2::N3-2-22::N3-2-36::N3-18::N-B11::N-B02::B-A08::N3-1-5::B3-2-7::B-B02::B3-17::N-A11::B3-6::B-A03::B3-2-22::B-B11::N-2-26::B3-1-2::B-B04::	43
chrUn_GL456392	14600	101600	chrUn_GL456392_14600	17	87000	0.00020587447663038	22	8.2474639899842e-09	13	0.244600820300794	::N-2-17::N3-2-2::N3-17::N-B09::N-A03::N3-1-15::N3-3::N-B08::N-B04::N-A08::N-A01::N-B10::N3-6::N3-1-11::B-1-2::N3-2-22::N3-1-3::	16
chrUn_GL456393	1400	88400	chrUn_GL456393_1400	30	87000	8.07778967329475e-17	44	6.21037837058155e-33	35	2.62504023689993e-22	::N3-2-36::N3-18::N-2-17::N3-1-3::N-B11::N-B02::N3-1-2::N3-2-2::B-A08::N3-1-15::N3-1-5::B-1-2::N3-6::B3-2-7::N-B10::N-B08::B-B02::B3-3::N-A03::B3-17::N-A11::B3-6::N-A01::B-A03::B3-2-22::B-B11::N-2-26::N-B09::B3-1-2::B-B04::	23
chrUn_JH584304	1500	88500	chrUn_JH584304_1500	20	87000	5.49535818370396e-07	24	1.03597135970932e-10	23	9.44225644579088e-10	::B-B02::B3-3::N-A03::B3-17::N-A11::B3-6::N-A01::B-A03::B3-2-22::N3-18::B-B11::N-B08::N-B11::N-2-26::N-B09::B3-1-2::B-A08::B-B04::B-1-2::N3-1-3::	11
chrX	13074000	13161000	chrX_13074000	16	87000	0.00132913235478874	18	3.01171035699904e-05	15	0.00807616184024915	::N-A11::N-1-2::B-A08::B-A03::B3-1-15::N3-18::B3-1-2::N3-1-11::B-A01::N-A01::B3-c-10::N-2-9::B-2-9::B-A11::N3-2-36::N-B10::	12
