chr10	7716700	7813700	chr10_7716700	7	97000	0.00282739508578402	7	0.00282739508578402	5	0.690613809791426	::B3-2-21::N3-7::B3-1-15::B-A03::B-A08::B-B02::B3-7::	3
chr10	42767500	42864500	chr10_42767500	9	97000	6.75234359208536e-06	9	6.75234359208536e-06	6	0.0477292130039385	::B-2-25::N-2-25::B-A11::N-A11::N-B02::N3-6::B-2-21::N-A07::B-A07::	6
chr10	43649000	43746000	chr10_43649000	6	97000	0.0477292130039385	6	0.0477292130039385	4	8.32731508051597	::N3-6::B-B07::N-B02::B3-1-15::B-A03::B-A08::	0
chr10	63323800	63420800	chr10_63323800	6	97000	0.0477292130039385	8	0.000146553696562082	5	0.690613809791426	::N3-1-15::B3-1-15::N-A03::B-A03::N-1-6::B-1-6::	5
chr10	67146700	67243700	chr10_67146700	6	97000	0.0477292130039385	6	0.0477292130039385	4	8.32731508051597	::N-1-10::B-B07::N3-8::B3-8::N-A02::B-A02::	0
chr10	93008000	93105000	chr10_93008000	6	97000	0.0477292130039385	6	0.0477292130039385	1	2802.95059470503	::N3-1::N3-10::N3-13::B3-10::B3-13::B3-1::	0
chr10	93178400	93275400	chr10_93178400	6	97000	0.0477292130039385	7	0.00282739508578402	5	0.690613809791426	::B3-3::N3-3::N-2-21::B-2-21::B-1-2::B3-5::	4
chr10	108173700	108270700	chr10_108173700	12	97000	3.64738324025845e-10	13	1.16342478428797e-11	8	0.000146553696562082	::N-B04::N-A04::N3-1-5::N3-1-15::N-A03::B3-2-22::B-B10::N3-5::N-A08::B-A03::N-1-6::B-B09::	7
chr10	117339600	117436600	chr10_117339600	7	97000	0.00282739508578402	7	0.00282739508578402	6	0.0477292130039385	::N3-8::B3-7::B-B09::B-A10::N-B10::B-B10::B-1-10::	2
chr10	121584500	121681500	chr10_121584500	6	97000	0.0477292130039385	6	0.0477292130039385	2	581.146615130373	::N-A12::B-A12::N3-21::N-3-4::B3-21::B-3-4::	0
chr10	128038200	128135200	chr10_128038200	6	97000	0.0477292130039385	6	0.0477292130039385	3	80.3275873920117	::N-A10::N-1-2::B-B07::B3-1-2::N3-1-2::N-B07::	5
chr10	128740100	128837100	chr10_128740100	6	97000	0.0477292130039385	6	0.0477292130039385	4	8.32731508051597	::B-A05::B-B11::N-B11::N3-2-22::B3-2-22::B-1-6::	2
chr11	3213600	3310600	chr11_3213600	6	97000	0.0477292130039385	6	0.0477292130039385	2	581.146615130373	::B-A08::N-A08::N3-13::N3-10::B3-10::B3-13::	2
chr11	20056700	20153700	chr11_20056700	7	97000	0.00282739508578402	8	0.000146553696562082	5	0.690613809791426	::B-A05::B3-1-11::B-B02::N3-1-11::B3-7::N-A01::B-A01::	4
chr11	29174600	29271600	chr11_29174600	8	97000	0.000146553696562082	8	0.000146553696562082	6	0.0477292130039385	::N3-19::B3-19::N-2-12::B-2-21::B-1-4::B3-7::B3-2::N3-2::	3
chr11	35789800	35886800	chr11_35789800	6	97000	0.0477292130039385	8	0.000146553696562082	6	0.0477292130039385	::B-A04::B-2-9::N-A04::B-B10::N-B10::B3-1::	4
chr11	51697800	51794800	chr11_51697800	6	97000	0.0477292130039385	6	0.0477292130039385	4	8.32731508051597	::N3-21::N3-2-36::B3-2-36::N-2-27::N-A12::B-A12::	0
chr11	52365800	52462800	chr11_52365800	6	97000	0.0477292130039385	6	0.0477292130039385	3	80.3275873920117	::N3-10::N-B02::B3-8::B3-11::N3-11::N3-8::	6
chr11	69597100	69694100	chr11_69597100	8	97000	0.000146553696562082	10	2.79997915778506e-07	5	0.690613809791426	::N3-3::B3-7::N3-1-2::N-B07::B3-1-2::B-B07::N-B03::B-B03::	1
chr11	74675700	74772700	chr11_74675700	8	97000	0.000146553696562082	8	0.000146553696562082	3	80.3275873920117	::B-1-10::N-3-1::B-3-1::N-B07::N3-1-2::N-1-4::B3-1-2::B-B07::	0
chr11	76785800	76882800	chr11_76785800	6	97000	0.0477292130039385	7	0.00282739508578402	4	8.32731508051597	::B3-2-37::B-1-10::B-1-9::B-1-4::N3-21::N-2-27::	5
chr11	79355500	79452500	chr11_79355500	10	97000	2.79997915778506e-07	14	3.44596245228651e-13	9	6.75234359208536e-06	::N-A02::B-2-23::B-1-7::N-1-7::N-2-23::B-A05::N-A05::B3-19::B-A11::N-A11::	7
chr11	79487000	79584000	chr11_79487000	6	97000	0.0477292130039385	6	0.0477292130039385	5	0.690613809791426	::N-A11::B3-3::B3-19::N3-1-13::N-A07::B-A11::	0
chr11	86348100	86445100	chr11_86348100	6	97000	0.0477292130039385	6	0.0477292130039385	3	80.3275873920117	::N3-1-11::N-B02::B-B02::B3-1-11::B3-1-3::B-1-4::	0
chr11	86693000	86790000	chr11_86693000	7	97000	0.00282739508578402	7	0.00282739508578402	6	0.0477292130039385	::B-2-25::N-1-7::B3-3::B-A04::N-A04::B-2-26::N-B11::	6
chr11	88528300	88625300	chr11_88528300	10	97000	2.79997915778506e-07	10	2.79997915778506e-07	6	0.0477292130039385	::N-B10::B-1-2::B-A03::B-A08::B3-1-15::N-A03::N3-1-15::B-2-25::N-1-2::N-2-15::	7
chr11	94289200	94386200	chr11_94289200	6	97000	0.0477292130039385	6	0.0477292130039385	3	80.3275873920117	::B-1-6::N-B02::N-1-6::B-2-27::N-2-27::B-2-12::	5
chr11	95439000	95536000	chr11_95439000	7	97000	0.00282739508578402	8	0.000146553696562082	5	0.690613809791426	::B-A04::B3-1-11::N3-1-11::N-B02::B-B02::N-A04::N-2-15::	4
chr11	100900900	100997900	chr11_100900900	8	97000	0.000146553696562082	8	0.000146553696562082	6	0.0477292130039385	::B-A10::B3-2-22::B3-11::N3-11::N3-3::B-B07::B-A11::N-A11::	7
chr11	104372000	104469000	chr11_104372000	14	97000	3.44596245228651e-13	16	2.46887913899143e-16	11	1.05551006471296e-08	::B-3-1::B-2-12::N-2-12::N3-7::N-2-25::N-2-14::B-1-6::B-3-4::B3-21::N-3-4::N3-21::B-1-4::B3-3::N3-3::	10
chr11	105189300	105286300	chr11_105189300	6	97000	0.0477292130039385	6	0.0477292130039385	4	8.32731508051597	::N-A08::B-B03::N-B03::N-A01::B-2-27::N-2-27::	5
chr11	105733800	105830800	chr11_105733800	6	97000	0.0477292130039385	6	0.0477292130039385	4	8.32731508051597	::N3-11::B3-1-11::N3-1-11::N3-1-3::B3-1-3::N-2-15::	3
chr11	106802000	106899000	chr11_106802000	7	97000	0.00282739508578402	7	0.00282739508578402	5	0.690613809791426	::N3-6::B3-6::B-2-26::B-2-23::B-B04::B3-1-5::N-A10::	3
chr11	106993200	107090200	chr11_106993200	8	97000	0.000146553696562082	8	0.000146553696562082	7	0.00282739508578402	::B-A05::B3-11::B3-8::N-B07::B-1-2::B3-13::N-B02::N3-2::	5
chr11	115530000	115627000	chr11_115530000	6	97000	0.0477292130039385	6	0.0477292130039385	2	581.146615130373	::B3-21::B-3-4::N3-21::N-3-4::N-B03::B-B03::	4
chr11	120899000	120996000	chr11_120899000	8	97000	0.000146553696562082	8	0.000146553696562082	4	8.32731508051597	::N-B02::N3-8::N3-11::B3-8::B3-11::B-B10::N-B10::B-1-7::	3
chr12	3442800	3539800	chr12_3442800	7	97000	0.00282739508578402	7	0.00282739508578402	5	0.690613809791426	::N-A04::B-A04::B-1-2::B-1-4::B-B09::B-B10::N-B10::	3
chr12	8921200	9018200	chr12_8921200	6	97000	0.0477292130039385	6	0.0477292130039385	5	0.690613809791426	::N-1-2::B-1-2::N3-1-2::N-B09::B-A01::N-1-10::	2
chr12	17517100	17614100	chr12_17517100	6	97000	0.0477292130039385	6	0.0477292130039385	1	2802.95059470503	::N3-2-37::N-1-4::N3-5::N3-7::N-1-10::N-1-9::	6
chr12	57503500	57600500	chr12_57503500	7	97000	0.00282739508578402	7	0.00282739508578402	3	80.3275873920117	::N3-1-11::N-B02::B-B02::B3-1-11::N-A07::N-A11::B-A11::	1
chr12	79005700	79102700	chr12_79005700	7	97000	0.00282739508578402	7	0.00282739508578402	4	8.32731508051597	::N-B02::B-B02::B-1-7::N-1-7::N3-7::N-A12::B-A12::	3
chr12	83638000	83735000	chr12_83638000	9	97000	6.75234359208536e-06	9	6.75234359208536e-06	5	0.690613809791426	::N-B05::B-B05::B-A12::N-A12::N-A07::B-A07::B3-1-11::N3-1-11::B-1-10::	5
chr12	101002800	101099800	chr12_101002800	6	97000	0.0477292130039385	6	0.0477292130039385	4	8.32731508051597	::B-A11::N3-7::B-1-7::N-1-7::B3-6::N3-6::	4
chr13	3562500	3659500	chr13_3562500	8	97000	0.000146553696562082	8	0.000146553696562082	5	0.690613809791426	::N-2-21::B-2-21::B3-1-15::B-A03::N3-2::B3-8::B3-11::B-1-10::	1
chr13	9101600	9198600	chr13_9101600	9	97000	6.75234359208536e-06	9	6.75234359208536e-06	4	8.32731508051597	::B-2-23::N3-19::B3-19::N3-1-15::N-A03::B-A03::B3-1-15::B-A08::N-1-10::	2
chr13	17704200	17801200	chr13_17704200	6	97000	0.0477292130039385	6	0.0477292130039385	3	80.3275873920117	::B3-8::N3-8::B-3-4::N-3-4::B3-19::N3-19::	6
chr13	24023200	24120200	chr13_24023200	6	97000	0.0477292130039385	6	0.0477292130039385	3	80.3275873920117	::B-A04::B-A03::B3-1-15::B-A08::N-A03::B3-2-22::	4
chr13	34882800	34979800	chr13_34882800	7	97000	0.00282739508578402	7	0.00282739508578402	4	8.32731508051597	::N3-21::N-3-4::B3-21::B-3-4::N-1-6::N-B10::B-1-4::	1
chr13	43402400	43499400	chr13_43402400	11	97000	1.05551006471296e-08	12	3.64738324025845e-10	6	0.0477292130039385	::B-2-14::N-2-14::B3-19::N3-19::N-A12::B-A12::B3-11::B3-8::N3-8::N3-11::N-A03::	8
chr13	46685100	46782100	chr13_46685100	7	97000	0.00282739508578402	7	0.00282739508578402	6	0.0477292130039385	::B3-2-22::B-B10::N-B10::B-3-4::B3-5::B-A08::B-1-7::	6
chr13	48863000	48960000	chr13_48863000	6	97000	0.0477292130039385	6	0.0477292130039385	3	80.3275873920117	::N-B02::B3-2-21::N3-2-21::N3-11::B3-11::B3-8::	3
chr13	63230900	63327900	chr13_63230900	6	97000	0.0477292130039385	8	0.000146553696562082	5	0.690613809791426	::N-A11::B-A11::B-2-12::N3-3::N-A02::B-A02::	3
chr13	85219300	85316300	chr13_85219300	8	97000	0.000146553696562082	10	2.79997915778506e-07	8	0.000146553696562082	::N3-2::N-B03::B-B03::N-1-10::N-A05::B-A05::B-B10::B3-2::	7
chr13	94600200	94697200	chr13_94600200	7	97000	0.00282739508578402	7	0.00282739508578402	1	2802.95059470503	::N-2-14::N-B03::N-A04::N-3-4::N3-3::N-2-23::N3-2::	7
chr13	103791800	103888800	chr13_103791800	7	97000	0.00282739508578402	7	0.00282739508578402	5	0.690613809791426	::N-B02::B3-5::N-1-10::B-A02::N3-1-15::B3-1-15::B-A03::	1
chr14	34429500	34526500	chr14_34429500	7	97000	0.00282739508578402	7	0.00282739508578402	5	0.690613809791426	::B-2-21::B-B08::N-B08::B-2-14::N-A02::B-A02::B-1-4::	5
chr14	55579200	55676200	chr14_55579200	6	97000	0.0477292130039385	6	0.0477292130039385	2	581.146615130373	::N3-10::N3-13::B3-13::B3-10::B-B08::N-B08::	2
chr14	56697000	56794000	chr14_56697000	8	97000	0.000146553696562082	8	0.000146553696562082	4	8.32731508051597	::B-A02::N-A02::B-2-23::B-B07::B3-1-2::N-B07::N3-1-2::N-A08::	7
chr14	61367700	61464700	chr14_61367700	6	97000	0.0477292130039385	6	0.0477292130039385	4	8.32731508051597	::B-3-1::B-A08::B-B03::N-B03::B-1-6::N-1-6::	5
chr14	67020500	67117500	chr14_67020500	8	97000	0.000146553696562082	8	0.000146553696562082	5	0.690613809791426	::N3-1-13::B-B02::N3-7::N3-8::N3-11::B3-8::B3-11::B-1-10::	2
chr14	73216200	73313200	chr14_73216200	12	97000	3.64738324025845e-10	16	2.46887913899143e-16	11	1.05551006471296e-08	::B3-1-15::N3-1-15::N-B02::B-B11::N-B11::N-A03::N-A08::N3-19::B-B02::B3-8::N3-8::N-A01::	14
chr14	79468500	79565500	chr14_79468500	6	97000	0.0477292130039385	6	0.0477292130039385	5	0.690613809791426	::B-2-26::N-3-4::B-3-4::B-2-15::B-1-10::B3-5::	2
chr15	37985500	38082500	chr15_37985500	8	97000	0.000146553696562082	9	6.75234359208536e-06	6	0.0477292130039385	::N3-5::B-3-1::N-3-1::B3-10::B-A01::N-A01::B-B04::B3-1-5::	7
chr15	51837400	51934400	chr15_51837400	6	97000	0.0477292130039385	6	0.0477292130039385	4	8.32731508051597	::N-2-21::N-3-1::B-3-1::N-2-9::N-B05::B-B05::	1
chr15	73113100	73210100	chr15_73113100	14	97000	3.44596245228651e-13	17	6.02214452786356e-18	7	0.00282739508578402	::N3-3::B3-3::N3-1::N3-13::N3-10::B3-10::B3-1::B3-13::B-1-6::N-1-6::B3-19::N3-19::B-A08::N-A08::	4
chr15	76116500	76213500	chr15_76116500	6	97000	0.0477292130039385	6	0.0477292130039385	2	581.146615130373	::B-B04::B3-1-5::N3-1-5::N-B04::B3-1::N3-1::	6
chr15	77122300	77219300	chr15_77122300	6	97000	0.0477292130039385	6	0.0477292130039385	4	8.32731508051597	::N-A10::B-A10::N3-2-21::N-B07::B-B07::N3-7::	1
chr15	77225200	77322200	chr15_77225200	6	97000	0.0477292130039385	7	0.00282739508578402	4	8.32731508051597	::B3-1-15::N-3-4::B-A04::B-A03::N3-1-15::N-A03::	5
chr15	80833500	80930500	chr15_80833500	7	97000	0.00282739508578402	7	0.00282739508578402	5	0.690613809791426	::N3-1::B-A11::B3-13::B3-10::N3-1-5::N-B04::N3-2-22::	1
chr15	82146300	82243300	chr15_82146300	6	97000	0.0477292130039385	6	0.0477292130039385	5	0.690613809791426	::N3-2-22::B3-2-22::B-A08::N3-6::N-1-10::B3-7::	1
chr15	101194000	101291000	chr15_101194000	6	97000	0.0477292130039385	6	0.0477292130039385	3	80.3275873920117	::B3-1-15::B-A03::N3-1-15::N-A03::B3-7::B-A08::	4
chr15	102030000	102127000	chr15_102030000	8	97000	0.000146553696562082	8	0.000146553696562082	6	0.0477292130039385	::B3-2-22::N3-10::N3-13::B3-5::B-1-4::N3-3::B3-3::B-2-26::	3
chr16	4489900	4586900	chr16_4489900	8	97000	0.000146553696562082	8	0.000146553696562082	2	581.146615130373	::B3-10::B3-1::B3-13::N3-13::N3-1::N3-10::N-B10::B-B10::	6
chr16	17688700	17785700	chr16_17688700	6	97000	0.0477292130039385	7	0.00282739508578402	6	0.0477292130039385	::N-B02::N-A04::B-B05::B-2-21::N-A10::B-A01::	3
chr16	31999600	32096600	chr16_31999600	6	97000	0.0477292130039385	6	0.0477292130039385	4	8.32731508051597	::N3-7::B-B05::N-B05::N-3-4::B-3-4::B-B10::	4
chr16	43366400	43463400	chr16_43366400	6	97000	0.0477292130039385	6	0.0477292130039385	3	80.3275873920117	::B-A12::N-B03::B3-10::B3-13::N3-10::N3-13::	5
chr16	94596900	94693900	chr16_94596900	7	97000	0.00282739508578402	7	0.00282739508578402	6	0.0477292130039385	::B3-5::B-1-2::N-1-2::B-A04::N-B02::B-1-10::N-3-1::	5
chr17	5075000	5172000	chr17_5075000	7	97000	0.00282739508578402	7	0.00282739508578402	6	0.0477292130039385	::N-2-15::N-B08::B3-1::N-A02::B-A02::N3-6::N-3-1::	2
chr17	5202500	5299500	chr17_5202500	6	97000	0.0477292130039385	6	0.0477292130039385	6	0.0477292130039385	::N-A04::B-1-4::N-B11::B3-5::N3-3::B3-7::	1
chr17	10232100	10329100	chr17_10232100	8	97000	0.000146553696562082	9	6.75234359208536e-06	6	0.0477292130039385	::N-A04::B-A04::N-A10::B-B08::B-2-26::N-A02::B-A02::B-A10::	1
chr17	25842700	25939700	chr17_25842700	11	97000	1.05551006471296e-08	11	1.05551006471296e-08	5	0.690613809791426	::N-1-6::N-A04::B3-7::B-B07::B3-1-2::N-B07::N3-1-2::N3-10::N3-13::B3-10::B3-13::	5
chr17	26652200	26749200	chr17_26652200	6	97000	0.0477292130039385	6	0.0477292130039385	4	8.32731508051597	::B3-2::N3-2::B-2-23::N-B07::N-B11::B-B11::	3
chr17	30006600	30103600	chr17_30006600	6	97000	0.0477292130039385	6	0.0477292130039385	2	581.146615130373	::B-3-4::B3-21::N3-21::N-3-4::B3-1-3::N3-1-3::	6
chr17	32210700	32307700	chr17_32210700	10	97000	2.79997915778506e-07	10	2.79997915778506e-07	5	0.690613809791426	::B-2-21::B-A10::B-2-17::N-2-17::B3-13::B3-10::N3-10::N3-13::B3-6::N3-6::	8
chr17	33669200	33766200	chr17_33669200	8	97000	0.000146553696562082	8	0.000146553696562082	3	80.3275873920117	::B-2-23::N-2-23::N3-21::N-3-4::B-3-4::B3-21::B-B10::N-B10::	4
chr17	74533800	74630800	chr17_74533800	6	97000	0.0477292130039385	6	0.0477292130039385	6	0.0477292130039385	::N-A11::N3-2-21::B3-5::N-B05::B3-11::N3-1::	4
chr18	7873900	7970900	chr18_7873900	7	97000	0.00282739508578402	8	0.000146553696562082	7	0.00282739508578402	::N3-7::B-A10::N-A10::N-3-1::B-1-7::N-1-2::B3-1::	3
chr18	31767200	31864200	chr18_31767200	6	97000	0.0477292130039385	6	0.0477292130039385	3	80.3275873920117	::B3-1-13::N-1-7::N3-8::N3-11::B3-8::B3-11::	1
chr18	34251700	34348700	chr18_34251700	7	97000	0.00282739508578402	8	0.000146553696562082	6	0.0477292130039385	::N-B03::N3-1-13::B3-11::N-A07::N-A05::N-B02::B-B02::	4
chr18	35156600	35253600	chr18_35156600	6	97000	0.0477292130039385	6	0.0477292130039385	4	8.32731508051597	::N-A08::B-A08::B-2-25::N-2-25::N-B10::N3-2-22::	3
chr18	35569700	35666700	chr18_35569700	7	97000	0.00282739508578402	7	0.00282739508578402	5	0.690613809791426	::B3-7::B-A10::N-A10::B-A01::N-A01::N-1-4::N-B03::	7
chr18	38422200	38519200	chr18_38422200	7	97000	0.00282739508578402	7	0.00282739508578402	5	0.690613809791426	::N3-6::N-A01::B-A01::B-1-10::B-A10::B-A12::N-A12::	4
chr18	61566900	61663900	chr18_61566900	8	97000	0.000146553696562082	8	0.000146553696562082	3	80.3275873920117	::N-A02::B-A02::N3-1-2::N-B07::B3-1-2::B-B07::N-2-26::B-2-26::	0
chr18	73578000	73675000	chr18_73578000	13	97000	1.16342478428797e-11	14	3.44596245228651e-13	9	6.75234359208536e-06	::B3-2-22::N3-2-22::N-1-2::B-2-12::N-2-12::B-1-7::N-A12::B-A12::B-A05::B-A02::N-A02::B-3-1::N-3-1::	10
chr19	3472700	3569700	chr19_3472700	11	97000	1.05551006471296e-08	11	1.05551006471296e-08	11	1.05551006471296e-08	::B3-5::N-B10::N-B05::N-A10::B-A10::B-B03::B-1-10::N-2-21::B-1-4::B-A08::B-2-23::	7
chr19	3792100	3889100	chr19_3792100	6	97000	0.0477292130039385	6	0.0477292130039385	4	8.32731508051597	::B3-7::N-B02::B3-2-36::N-A11::B-A12::N-A12::	4
chr19	7230400	7327400	chr19_7230400	7	97000	0.00282739508578402	7	0.00282739508578402	6	0.0477292130039385	::B3-10::N-A08::N3-1-5::B3-1-5::N3-1-13::N3-2-22::B3-2-22::	2
chr19	11932900	12029900	chr19_11932900	6	97000	0.0477292130039385	6	0.0477292130039385	3	80.3275873920117	::B-B04::B3-1-5::B-2-9::N-2-9::B-B02::N-B02::	4
chr19	21660000	21757000	chr19_21660000	7	97000	0.00282739508578402	7	0.00282739508578402	5	0.690613809791426	::N3-1-11::B3-1-11::B3-1-3::N3-1-3::B-1-4::N-B02::N-A08::	3
chr19	29999700	30096700	chr19_29999700	6	97000	0.0477292130039385	6	0.0477292130039385	4	8.32731508051597	::N3-6::N-B09::N-A10::B-A10::N3-10::N3-13::	0
chr2	18137000	18234000	chr2_18137000	9	97000	6.75234359208536e-06	9	6.75234359208536e-06	5	0.690613809791426	::N-2-17::B-2-17::N-A03::N3-6::B-B07::B3-1-2::N-B07::N3-1-2::N-B02::	5
chr2	26388200	26485200	chr2_26388200	12	97000	3.64738324025845e-10	14	3.44596245228651e-13	8	0.000146553696562082	::B3-3::N3-1-13::B-A07::N-3-4::N3-21::B-3-4::B3-21::B-3-1::N-3-1::B3-5::N-A04::B-1-10::	8
chr2	31737400	31834400	chr2_31737400	9	97000	6.75234359208536e-06	9	6.75234359208536e-06	5	0.690613809791426	::N-A04::B-A04::B3-2-22::N3-2-22::N-B10::B-B10::N-2-12::B-2-12::N-B02::	3
chr2	48817900	48914900	chr2_48817900	7	97000	0.00282739508578402	7	0.00282739508578402	4	8.32731508051597	::B-A12::N-A12::B-A11::N-A11::B3-7::N-A02::B-A02::	4
chr2	49448400	49545400	chr2_49448400	10	97000	2.79997915778506e-07	10	2.79997915778506e-07	9	6.75234359208536e-06	::B3-7::N3-2-22::N-A11::N3-8::B-A01::B-B08::N-B08::N-3-4::B-B05::B-2-23::	7
chr2	59245300	59342300	chr2_59245300	6	97000	0.0477292130039385	6	0.0477292130039385	2	581.146615130373	::B3-11::B3-8::N3-8::N3-11::N-A05::B-A05::	4
chr2	65120400	65217400	chr2_65120400	6	97000	0.0477292130039385	6	0.0477292130039385	4	8.32731508051597	::B3-7::N3-13::N3-10::B3-10::N3-1-11::B-A05::	1
chr2	75603400	75700400	chr2_75603400	9	97000	6.75234359208536e-06	9	6.75234359208536e-06	4	8.32731508051597	::N3-2-22::B-2-25::B3-10::B3-1::B3-13::N3-13::N3-1::N3-10::N-2-14::	9
chr2	98603100	98700100	chr2_98603100	41	97000	4.27757008590665e-62	85	7.66716551172234e-158	18	1.38732730621045e-19	::N-A08::N-B05::N-B10::N3-7::N3-1-13::N3-8::N-A10::N3-1-15::N-B09::N-2-17::N-A01::N-B02::N3-2-22::N-1-10::N-A11::N-B07::N-2-15::N-1-2::N3-1-3::N3-1-11::N3-11::N3-5::N3-10::N-B03::N3-21::N3-1::N3-13::N3-19::N-1-7::N3-2-36::N-B08::N3-1-2::N-2-23::N-3-1::N-2-21::N-B11::N-A03::B-1-10::N-1-4::N-A04::B3-11::	36
chr2	102824800	102921800	chr2_102824800	7	97000	0.00282739508578402	7	0.00282739508578402	6	0.0477292130039385	::B-A02::N-2-14::B-2-14::N-B10::N-A10::N-2-21::N-2-15::	2
chr2	117126100	117223100	chr2_117126100	7	97000	0.00282739508578402	7	0.00282739508578402	6	0.0477292130039385	::B3-19::N-2-23::B-2-23::B-A08::B-B10::B-A02::N-3-1::	1
chr2	153328000	153425000	chr2_153328000	8	97000	0.000146553696562082	8	0.000146553696562082	5	0.690613809791426	::N3-7::N3-1-11::N-2-27::B-2-27::B-A12::N-A12::B-A04::N-A04::	4
chr2	154443000	154540000	chr2_154443000	6	97000	0.0477292130039385	6	0.0477292130039385	4	8.32731508051597	::N3-5::B-A05::N-A05::B-B08::N-B08::B-B02::	6
chr2	154850400	154947400	chr2_154850400	6	97000	0.0477292130039385	6	0.0477292130039385	4	8.32731508051597	::B-B02::N-A05::N-A07::B-A07::B3-2-21::N3-2-21::	2
chr2	155352800	155449800	chr2_155352800	8	97000	0.000146553696562082	8	0.000146553696562082	5	0.690613809791426	::N-3-4::N-3-1::N-2-27::B-2-27::N3-21::B3-21::B-3-4::N-B09::	0
chr2	165854600	165951600	chr2_165854600	8	97000	0.000146553696562082	8	0.000146553696562082	4	8.32731508051597	::B-2-27::B3-1-13::B-A07::N-2-27::N-A07::B-1-10::B-1-7::B3-1-2::	7
chr2	168177200	168274200	chr2_168177200	8	97000	0.000146553696562082	8	0.000146553696562082	6	0.0477292130039385	::B3-7::B-2-23::N-2-23::B-2-25::N-2-25::N3-1::B-1-4::B-A05::	6
chr3	31013600	31110600	chr3_31013600	7	97000	0.00282739508578402	8	0.000146553696562082	6	0.0477292130039385	::N-A05::B-1-4::B3-6::N3-6::N-2-21::B-A04::N-A04::	8
chr3	33041500	33138500	chr3_33041500	6	97000	0.0477292130039385	6	0.0477292130039385	2	581.146615130373	::N3-1-3::N-B11::N3-1-5::N-B04::B3-1-5::B-B04::	0
chr3	33986600	34083600	chr3_33986600	7	97000	0.00282739508578402	7	0.00282739508578402	6	0.0477292130039385	::B-1-4::N-A07::B3-7::N3-1-13::B3-1-13::B-A11::B-B03::	5
chr3	51239100	51336100	chr3_51239100	7	97000	0.00282739508578402	7	0.00282739508578402	4	8.32731508051597	::B-A02::N-A02::N3-19::N-1-6::B-B07::N3-1-2::N-B07::	7
chr3	60510900	60607900	chr3_60510900	7	97000	0.00282739508578402	8	0.000146553696562082	5	0.690613809791426	::B-2-14::N-2-21::B-A11::N-A11::B-2-12::N3-21::B3-21::	4
chr3	69059600	69156600	chr3_69059600	9	97000	6.75234359208536e-06	9	6.75234359208536e-06	7	0.00282739508578402	::N3-7::B-2-14::N-A10::B-A10::B-B03::N-B03::B-B09::B-B08::N-B08::	7
chr3	85976600	86073600	chr3_85976600	6	97000	0.0477292130039385	6	0.0477292130039385	4	8.32731508051597	::N-2-14::B-A01::N-A01::B-A11::N-A11::N3-2::	4
chr3	88954600	89051600	chr3_88954600	11	97000	1.05551006471296e-08	12	3.64738324025845e-10	10	2.79997915778506e-07	::B-B10::B3-1-2::B-B02::N3-1-3::B-B03::B3-1-11::N3-1-11::N3-6::B3-5::N3-1-2::N-B07::	7
chr3	103337500	103434500	chr3_103337500	6	97000	0.0477292130039385	6	0.0477292130039385	4	8.32731508051597	::B-2-25::N-B07::B-A08::B-B03::N-2-27::B-2-27::	4
chr3	108119700	108216700	chr3_108119700	8	97000	0.000146553696562082	8	0.000146553696562082	4	8.32731508051597	::N-B02::B-B02::N-2-26::B-2-26::B-B10::N-B10::N-2-12::B-2-12::	2
chr3	135440200	135537200	chr3_135440200	15	97000	9.52619675754414e-15	17	6.02214452786356e-18	9	6.75234359208536e-06	::B-B05::B3-1-15::B-1-10::N3-10::N3-8::N3-11::B3-7::B3-8::B3-11::B-2-14::B-B02::B-A03::N-A08::N3-1-15::N-A03::	9
chr3	142797300	142894300	chr3_142797300	6	97000	0.0477292130039385	6	0.0477292130039385	3	80.3275873920117	::N-2-27::B3-1-2::B-B07::N3-1-2::N-B07::B3-1-13::	4
chr4	8537000	8634000	chr4_8537000	6	97000	0.0477292130039385	6	0.0477292130039385	5	0.690613809791426	::N-2-15::B-1-10::B-2-23::N-A10::N-B09::B-B09::	1
chr4	47357200	47454200	chr4_47357200	8	97000	0.000146553696562082	13	1.16342478428797e-11	8	0.000146553696562082	::N-A11::B-A11::N3-2::B3-2::N-A08::B-A08::B-B08::B3-7::	0
chr4	62687800	62784800	chr4_62687800	6	97000	0.0477292130039385	6	0.0477292130039385	3	80.3275873920117	::B-1-10::B3-10::B3-13::N3-10::N3-13::N-A10::	5
chr4	126678700	126775700	chr4_126678700	7	97000	0.00282739508578402	7	0.00282739508578402	4	8.32731508051597	::N-B08::B-B08::N-1-2::B-1-2::B-3-4::N-3-4::N-1-7::	3
chr4	130710800	130807800	chr4_130710800	8	97000	0.000146553696562082	8	0.000146553696562082	6	0.0477292130039385	::B-1-4::B-3-1::B3-5::N-1-10::N-B09::B-B09::B3-2-22::N3-2-22::	5
chr4	133694000	133791000	chr4_133694000	9	97000	6.75234359208536e-06	10	2.79997915778506e-07	7	0.00282739508578402	::B-A08::N-A08::B-B09::B-A10::N-A10::N3-7::N-B09::N3-5::N-1-10::	9
chr4	135235800	135332800	chr4_135235800	8	97000	0.000146553696562082	8	0.000146553696562082	5	0.690613809791426	::B3-1::N3-1::N3-13::N-A04::N-2-12::N-B10::B-B10::N-A10::	6
chr4	136515400	136612400	chr4_136515400	12	97000	3.64738324025845e-10	12	3.64738324025845e-10	5	0.690613809791426	::B3-7::B3-1-15::B-A08::B-A03::N3-1-15::N-A08::N-A03::B3-13::N-1-7::B-1-7::B-A01::N-A01::	9
chr4	137614200	137711200	chr4_137614200	7	97000	0.00282739508578402	7	0.00282739508578402	5	0.690613809791426	::N-A11::B-A11::N3-7::B3-2-21::B-A12::N-A12::N-2-21::	4
chr4	150303000	150400000	chr4_150303000	6	97000	0.0477292130039385	6	0.0477292130039385	5	0.690613809791426	::B3-7::N-A10::N-B02::B-1-10::N-B08::B-B08::	2
chr4	152311300	152408300	chr4_152311300	6	97000	0.0477292130039385	6	0.0477292130039385	1	2802.95059470503	::B3-13::B3-1::B3-10::N3-1::N3-10::N3-13::	6
chr4	155130600	155227600	chr4_155130600	6	97000	0.0477292130039385	6	0.0477292130039385	4	8.32731508051597	::B3-1::N3-1::N-A03::B-B03::N-B03::B-B11::	4
chr4	155496500	155593500	chr4_155496500	13	97000	1.16342478428797e-11	14	3.44596245228651e-13	8	0.000146553696562082	::B-2-27::B3-2-36::N3-2-36::B3-2-22::B-2-25::N-2-25::N3-10::N3-1::N3-13::B3-1::N3-3::B-A11::N-A11::	9
chr5	25338000	25435000	chr5_25338000	18	97000	1.38732730621045e-19	23	4.21237331813264e-28	11	1.05551006471296e-08	::B3-1-15::N3-10::N3-13::B3-13::B3-10::B-2-27::B-A03::N3-1-15::N-A03::B3-1-11::N3-1-11::N-2-9::B3-1-2::B-B07::N-B07::N3-1-2::B3-2-22::N3-2-22::	18
chr5	28169900	28266900	chr5_28169900	25	97000	1.20719140208637e-31	32	1.500209541087e-44	4	8.32731508051597	::N-3-4::N-1-2::B3-5::N-1-7::B-2-15::B-2-14::B-1-10::B-1-4::B3-7::B-2-21::B3-2::B3-19::B-B02::N3-5::B3-6::B3-2-22::B-B10::N-B04::N-B02::N3-7::N-B05::N-2-15::N-1-10::N-A02::B-B09::	20
chr5	65579900	65676900	chr5_65579900	9	97000	6.75234359208536e-06	9	6.75234359208536e-06	8	0.000146553696562082	::B3-13::N-A12::B-1-10::N3-1-11::N-B02::N3-2-21::B3-2-21::N-1-10::B3-1-3::	5
chr5	66022300	66119300	chr5_66022300	6	97000	0.0477292130039385	8	0.000146553696562082	6	0.0477292130039385	::B3-5::N3-1-3::B3-1-3::B-2-26::N3-6::N-2-12::	1
chr5	99921600	100018600	chr5_99921600	11	97000	1.05551006471296e-08	11	1.05551006471296e-08	7	0.00282739508578402	::N-3-1::N-A02::N3-1-11::B-B05::B3-1::B3-13::B3-10::N3-1::B3-5::B3-1-15::B-A03::	8
chr5	103791300	103888300	chr5_103791300	8	97000	0.000146553696562082	8	0.000146553696562082	5	0.690613809791426	::N-B10::B3-5::N-A07::N-1-7::N3-1-11::N-B02::B-B02::B3-1-11::	4
chr5	105737700	105834700	chr5_105737700	10	97000	2.79997915778506e-07	10	2.79997915778506e-07	7	0.00282739508578402	::N-A11::B-A11::N-B04::N-2-9::B-2-9::N3-2-22::N3-8::B3-8::N-B11::N3-1::	3
chr5	110981800	111078800	chr5_110981800	6	97000	0.0477292130039385	6	0.0477292130039385	3	80.3275873920117	::N-A07::N3-1-13::B-A07::B3-1-13::N-2-23::N3-3::	1
chr5	113085400	113182400	chr5_113085400	6	97000	0.0477292130039385	6	0.0477292130039385	4	8.32731508051597	::B-A07::N3-6::B3-6::B-B11::N-B11::N-A04::	2
chr5	115242200	115339200	chr5_115242200	8	97000	0.000146553696562082	8	0.000146553696562082	4	8.32731508051597	::N3-7::B3-1-11::N3-1-11::B-2-21::N-3-4::N3-21::B3-21::B-3-4::	4
chr5	121717000	121814000	chr5_121717000	6	97000	0.0477292130039385	6	0.0477292130039385	4	8.32731508051597	::N-B02::N-2-21::B-B03::N-B03::B-A08::N-A08::	5
chr5	122309700	122406700	chr5_122309700	8	97000	0.000146553696562082	8	0.000146553696562082	3	80.3275873920117	::B-B05::B-A11::N-A11::B-A03::B3-1-15::B-A08::N3-1-15::N-A03::	8
chr5	124325700	124422700	chr5_124325700	6	97000	0.0477292130039385	9	6.75234359208536e-06	5	0.690613809791426	::N3-1-11::B-B02::B3-1-11::N3-1-3::B3-1-3::B-2-21::	3
chr5	137303300	137400300	chr5_137303300	7	97000	0.00282739508578402	7	0.00282739508578402	4	8.32731508051597	::B-A12::N-A12::B-2-21::N-2-21::N-A10::B3-1-5::N3-1-5::	6
chr5	137514000	137611000	chr5_137514000	6	97000	0.0477292130039385	6	0.0477292130039385	3	80.3275873920117	::N-1-2::B-A12::N-A12::B-1-2::B-2-9::N-2-9::	5
chr6	17644900	17741900	chr6_17644900	6	97000	0.0477292130039385	6	0.0477292130039385	5	0.690613809791426	::N-B10::N-1-2::B-1-10::B-2-21::N-A10::B-A10::	2
chr6	31159700	31256700	chr6_31159700	6	97000	0.0477292130039385	7	0.00282739508578402	6	0.0477292130039385	::B3-7::B-2-21::N-B02::B-B02::B-A08::N-A04::	4
chr6	47463900	47560900	chr6_47463900	8	97000	0.000146553696562082	8	0.000146553696562082	5	0.690613809791426	::B-1-10::N-A02::N3-1-5::N-B07::N-B04::B-2-21::B-B03::N-B03::	3
chr6	97283700	97380700	chr6_97283700	6	97000	0.0477292130039385	6	0.0477292130039385	4	8.32731508051597	::B3-10::B-A11::B3-2::B3-2-22::N3-2-22::N-1-10::	4
chr6	113115900	113212900	chr6_113115900	6	97000	0.0477292130039385	6	0.0477292130039385	5	0.690613809791426	::B-1-2::N-1-2::B-2-27::N-2-25::N-B08::N-1-10::	4
chr6	134057200	134154200	chr6_134057200	7	97000	0.00282739508578402	7	0.00282739508578402	6	0.0477292130039385	::B3-2-22::N3-2-22::N-A08::N-2-25::B-1-10::N-A05::B-3-1::	4
chr6	136533600	136630600	chr6_136533600	8	97000	0.000146553696562082	8	0.000146553696562082	4	8.32731508051597	::N3-1-13::B-2-12::N-2-12::B3-21::N3-21::N-3-4::B3-1::N3-1::	8
chr6	146876600	146973600	chr6_146876600	7	97000	0.00282739508578402	7	0.00282739508578402	6	0.0477292130039385	::B3-7::N-B03::B3-1-11::B-A07::N-A07::B3-5::N-B10::	3
chr7	16552900	16649900	chr7_16552900	6	97000	0.0477292130039385	6	0.0477292130039385	4	8.32731508051597	::B-B04::B-2-14::N-2-14::B-1-10::B-B10::N-B10::	6
chr7	19656400	19753400	chr7_19656400	6	97000	0.0477292130039385	6	0.0477292130039385	2	581.146615130373	::B-A03::B3-1-15::B-A08::N-A03::N3-1-15::N-A02::	5
chr7	49291200	49388200	chr7_49291200	6	97000	0.0477292130039385	6	0.0477292130039385	2	581.146615130373	::B3-1-15::B-A03::B-A08::N-A03::N3-1-15::B-2-26::	5
chr7	49478400	49575400	chr7_49478400	8	97000	0.000146553696562082	8	0.000146553696562082	5	0.690613809791426	::N-A07::B-A05::N-A05::N-3-1::B-3-1::B-B02::N-B02::N-A11::	6
chr7	59265700	59362700	chr7_59265700	7	97000	0.00282739508578402	7	0.00282739508578402	4	8.32731508051597	::B-3-1::B3-1-2::B-B07::N-B07::N3-1-2::N-B02::B-A04::	5
chr7	90132300	90229300	chr7_90132300	17	97000	6.02214452786356e-18	19	3.02778894424658e-21	13	1.16342478428797e-11	::N3-11::B3-11::B-2-23::N3-8::B-B09::B3-7::B-A02::N-2-21::B-2-21::N-A01::B3-13::B3-10::N3-13::N3-10::B3-2-21::B-1-10::N3-6::	12
chr7	112057500	112154500	chr7_112057500	6	97000	0.0477292130039385	7	0.00282739508578402	4	8.32731508051597	::N-1-2::N3-7::B-B07::N-B07::N3-1-2::B3-1-2::	2
chr7	121836500	121933500	chr7_121836500	22	97000	2.33643887587822e-26	22	2.33643887587822e-26	2	581.146615130373	::N-2-21::N-A10::N3-2-22::N-B04::N-3-1::N-A11::N-2-15::N-2-14::N-B05::N-A02::N-B07::N3-1-11::N-B09::N-A12::N-1-7::N-A07::N-A04::N-B10::N3-19::N3-5::N-2-23::N3-2::	22
chr7	132878000	132975000	chr7_132878000	7	97000	0.00282739508578402	7	0.00282739508578402	3	80.3275873920117	::N3-1-11::N-A03::N3-1-15::B-A08::B3-1-15::B-A03::N-2-25::	1
chr7	136389300	136486300	chr7_136389300	57	97000	2.69827811813422e-95	57	2.69827811813422e-95	1	2802.95059470503	::N3-1::N-A02::N-2-12::N-A05::N-B11::N3-2-36::N-A08::N-2-9::N-2-14::N3-13::N-2-26::N-B07::N-2-17::N-B04::N-2-27::N-2-25::N-B09::N3-6::N-B05::N-A11::N3-5::N-B02::N3-1-11::N-2-23::N3-8::N3-1-5::N-B03::N-A10::N3-1-13::N-3-4::N3-19::N-A07::N-3-1::N-A01::N3-1-3::N3-1-15::N3-11::N-1-2::N3-2-21::N3-10::N-2-15::N-1-6::N-2-21::N-A12::N-A03::N-A04::N-1-10::N-1-4::N3-21::N3-2::N-1-7::N-B10::N3-3::N-B08::N3-7::N3-1-2::N3-2-22::	57
chr7	141157700	141254700	chr7_141157700	6	97000	0.0477292130039385	6	0.0477292130039385	5	0.690613809791426	::N-A10::B3-1-11::N3-13::N3-1::N-B10::B3-3::	5
chr8	4547300	4644300	chr8_4547300	6	97000	0.0477292130039385	6	0.0477292130039385	3	80.3275873920117	::N-1-7::N3-2-22::B-3-4::B3-21::N-3-4::N3-21::	4
chr8	22863900	22960900	chr8_22863900	6	97000	0.0477292130039385	6	0.0477292130039385	3	80.3275873920117	::B-1-2::B-A01::B3-1-2::N-B07::N3-1-2::N-1-9::	4
chr8	25525700	25622700	chr8_25525700	9	97000	6.75234359208536e-06	9	6.75234359208536e-06	3	80.3275873920117	::B3-3::N3-3::B3-1-11::B-B02::N3-1-11::N3-21::N-3-4::B-3-4::B3-21::	5
chr8	57540500	57637500	chr8_57540500	6	97000	0.0477292130039385	6	0.0477292130039385	2	581.146615130373	::N-B04::N3-1-5::N-B11::B3-1-5::B-B04::N-1-4::	1
chr8	79657700	79754700	chr8_79657700	8	97000	0.000146553696562082	8	0.000146553696562082	6	0.0477292130039385	::B-3-4::B3-5::B-B09::N-B09::B3-1-13::B3-6::N3-6::N-2-26::	7
chr8	80821300	80918300	chr8_80821300	9	97000	6.75234359208536e-06	9	6.75234359208536e-06	3	80.3275873920117	::B-B04::N3-1::N3-13::N3-10::B3-13::B3-10::B3-1::N-A11::B-A11::	0
chr8	84659000	84756000	chr8_84659000	8	97000	0.000146553696562082	8	0.000146553696562082	2	581.146615130373	::N-B11::B-B11::N3-1::N3-13::N3-10::B3-1::B3-10::B3-13::	0
chr8	90830600	90927600	chr8_90830600	9	97000	6.75234359208536e-06	9	6.75234359208536e-06	5	0.690613809791426	::N3-6::B3-6::B3-7::N-A11::B-A11::B-2-27::N-2-27::N-3-1::B-3-1::	2
chr8	95746500	95843500	chr8_95746500	6	97000	0.0477292130039385	8	0.000146553696562082	6	0.0477292130039385	::N-A05::N3-7::B-A07::N-A07::B3-2-22::N3-2-22::	5
chr8	105120400	105217400	chr8_105120400	6	97000	0.0477292130039385	6	0.0477292130039385	4	8.32731508051597	::N-1-7::N3-1-2::B3-1-2::N-A05::N-A02::B-A02::	1
chr8	108813100	108910100	chr8_108813100	6	97000	0.0477292130039385	6	0.0477292130039385	4	8.32731508051597	::N-B07::B3-13::B3-10::B3-5::B-B02::N-B02::	5
chr8	109676000	109773000	chr8_109676000	6	97000	0.0477292130039385	6	0.0477292130039385	4	8.32731508051597	::B-A10::N-B10::B-1-4::B3-1-13::N3-1-13::B3-8::	5
chr8	117283200	117380200	chr8_117283200	8	97000	0.000146553696562082	8	0.000146553696562082	4	8.32731508051597	::N-A10::N-B10::N-1-2::B-1-2::N3-1-5::N-B04::B3-1-5::B-B04::	1
chr8	128711400	128808400	chr8_128711400	7	97000	0.00282739508578402	7	0.00282739508578402	4	8.32731508051597	::B-B03::N-B07::N3-1-2::B-B07::B3-1-2::N-1-6::B-2-23::	3
chr9	3005600	3102600	chr9_3005600	11	97000	1.05551006471296e-08	12	3.64738324025845e-10	5	0.690613809791426	::N3-6::N-B05::N3-1-3::N3-5::N-A07::N-A08::N-1-10::N-A12::N-2-21::N-1-4::N3-1-11::	6
chr9	7911100	8008100	chr9_7911100	6	97000	0.0477292130039385	8	0.000146553696562082	7	0.00282739508578402	::N3-10::N-1-10::N-2-15::B-2-15::N-3-4::B-3-4::	4
chr9	50554000	50651000	chr9_50554000	6	97000	0.0477292130039385	6	0.0477292130039385	4	8.32731508051597	::B3-1-2::B-B07::N-A02::B-A02::B3-1::N-B07::	0
chr9	56126200	56223200	chr9_56126200	8	97000	0.000146553696562082	8	0.000146553696562082	4	8.32731508051597	::N-A02::B-A02::N3-11::N3-8::B3-8::B3-11::N3-1-11::N-A08::	2
chr9	57758000	57855000	chr9_57758000	10	97000	2.79997915778506e-07	10	2.79997915778506e-07	4	8.32731508051597	::N-B07::N3-1-2::B3-1-2::B-B07::B-A07::B3-1-13::N3-1-13::N-A07::N-2-14::N3-2::	6
chr9	70439900	70536900	chr9_70439900	7	97000	0.00282739508578402	9	6.75234359208536e-06	5	0.690613809791426	::N3-1-11::B-A07::B3-1-13::N3-1-13::N-A07::N3-2-21::N-3-1::	8
chr9	70630200	70727200	chr9_70630200	6	97000	0.0477292130039385	6	0.0477292130039385	5	0.690613809791426	::N3-1-2::B3-1-11::B-1-10::N-1-4::B-2-25::N-2-25::	4
chr9	71881400	71978400	chr9_71881400	6	97000	0.0477292130039385	6	0.0477292130039385	4	8.32731508051597	::N-B11::B-B08::B-A05::B-A12::N-A12::N3-2-36::	4
chr9	72010700	72107700	chr9_72010700	12	97000	3.64738324025845e-10	12	3.64738324025845e-10	8	0.000146553696562082	::N-A07::N-1-4::B-2-25::B-2-17::N-A05::B-A05::B3-1-13::N-1-6::B3-1-5::B-B04::N-B04::N3-1-5::	8
chr9	72515900	72612900	chr9_72515900	6	97000	0.0477292130039385	6	0.0477292130039385	5	0.690613809791426	::N3-1-13::B-A05::N-B03::N-B10::N3-11::N3-8::	2
chr9	90065300	90162300	chr9_90065300	7	97000	0.00282739508578402	7	0.00282739508578402	4	8.32731508051597	::B-A12::N-A12::N-B02::N-2-26::B-2-26::B-2-12::N-2-12::	4
chr9	107740700	107837700	chr9_107740700	8	97000	0.000146553696562082	8	0.000146553696562082	6	0.0477292130039385	::N-2-25::N-B02::B-B02::B-1-4::N3-7::N-A12::B-A12::B3-1::	2
chr9	108217900	108314900	chr9_108217900	7	97000	0.00282739508578402	7	0.00282739508578402	4	8.32731508051597	::B-A04::B3-5::N3-13::N3-10::B3-10::B3-13::N-B09::	3
chr9	108550900	108647900	chr9_108550900	10	97000	2.79997915778506e-07	10	2.79997915778506e-07	6	0.0477292130039385	::B-A01::N-2-21::B3-1-5::B-B04::N-B04::N3-1-5::N-B10::B-2-23::B-1-7::N-1-7::	7
chr9	110542600	110639600	chr9_110542600	8	97000	0.000146553696562082	8	0.000146553696562082	8	0.000146553696562082	::B-2-12::B-2-14::N-2-23::B-1-4::N3-1-11::B-A08::B-A11::N-1-10::	3
chr9	116143300	116240300	chr9_116143300	7	97000	0.00282739508578402	8	0.000146553696562082	5	0.690613809791426	::B-3-1::N-A07::B3-5::B-1-7::B3-6::N3-6::N-1-7::	7
chrUn_GL456393	1400	98400	chrUn_GL456393_1400	6	97000	0.0477292130039385	6	0.0477292130039385	5	0.690613809791426	::N-B11::N3-21::B-1-10::B3-7::N-A03::B-A08::	2
chrX	18184100	18281100	chrX_18184100	15	97000	9.52619675754414e-15	17	6.02214452786356e-18	14	3.44596245228651e-13	::N-1-6::N-B09::N-B10::B-1-2::N-1-2::B-1-6::B3-7::N3-7::B-A02::N-2-15::N-2-17::B-2-17::B3-3::B-A11::N-A02::	8
chrX	77544000	77641000	chrX_77544000	10	97000	2.79997915778506e-07	11	1.05551006471296e-08	7	0.00282739508578402	::B-2-21::B3-7::B-1-10::N-B07::B-B07::B3-1-2::N3-1-2::B3-1-3::N3-1-3::B-A07::	9
chrX	82827000	82924000	chrX_82827000	6	97000	0.0477292130039385	6	0.0477292130039385	2	581.146615130373	::B-2-27::N-B04::N3-1-5::N-B02::B-B04::B3-1-5::	0
chrX	105789200	105886200	chrX_105789200	9	97000	6.75234359208536e-06	10	2.79997915778506e-07	6	0.0477292130039385	::B-2-27::N-B04::N3-1-5::B3-1-5::B-B04::B-A05::B-2-15::B-2-26::N-2-26::	5
chrX	117077500	117174500	chrX_117077500	8	97000	0.000146553696562082	8	0.000146553696562082	3	80.3275873920117	::N-B10::N3-1-5::N-B03::N-B04::B3-1-5::B-B04::B-A03::N-A03::	2
chrX	143483000	143580000	chrX_143483000	11	97000	1.05551006471296e-08	12	3.64738324025845e-10	2	581.146615130373	::N-3-1::N-2-15::N3-1::N-B02::N3-11::N-2-23::N3-2-22::N3-6::N-A10::N-A08::N-B11::	9
chrX	151774300	151871300	chrX_151774300	12	97000	3.64738324025845e-10	12	3.64738324025845e-10	7	0.00282739508578402	::B-2-21::N3-7::N-B02::N3-1-11::B3-1-11::B-A08::N-A08::N-A12::B-A02::N-A02::N-B10::B-B10::	5
