chr10	42767500	42863500	chr10_42767500	10	96000	2.89471813574106e-07	10	2.89471813574106e-07	7	0.00290414064122704	::B-2-25::N-2-25::B-A11::N-A11::N-B02::B3-12::N3-6::B-2-21::N-A07::B-A07::	6
chr10	93172800	93268800	chr10_93172800	8	96000	0.000150857892220924	9	6.96571824909185e-06	7	0.00290414064122704	::B3-12::B3-3::N3-3::N-2-21::B-2-21::B-1-2::B3-5::N3-c-14::	5
chr10	108173700	108269700	chr10_108173700	9	96000	6.96571824909185e-06	10	2.89471813574106e-07	7	0.00290414064122704	::N-B04::N-A04::N-A03::B-B10::N3-5::N-A08::B-A03::N-1-6::B-B09::	5
chr10	117346200	117442200	chr10_117346200	6	96000	0.0489187449683834	6	0.0489187449683834	5	0.706295076556813	::B3-7::B-B09::B-A10::N-B10::B-B10::B-1-10::	2
chr11	5025400	5121400	chr11_5025400	6	96000	0.0489187449683834	6	0.0489187449683834	4	8.49798196803711	::B3-c-28::N-A10::B-A10::N3-c-14::N-B05::B-B05::	1
chr11	23260100	23356100	chr11_23260100	7	96000	0.00290414064122704	7	0.00290414064122704	5	0.706295076556813	::B-A01::N-2-23::B3-19::N3-19::B3-c-14::N3-c-14::B3-c-10::	6
chr11	29174600	29270600	chr11_29174600	9	96000	6.96571824909185e-06	9	6.96571824909185e-06	7	0.00290414064122704	::N3-19::B3-19::N-2-12::B-2-21::B-1-4::B3-7::B3-2::N3-2::B3-c-28::	4
chr11	69597100	69693100	chr11_69597100	6	96000	0.0489187449683834	8	0.000150857892220924	5	0.706295076556813	::N3-3::B3-7::N-B07::B-B07::N-B03::B-B03::	1
chr11	74675700	74771700	chr11_74675700	6	96000	0.0489187449683834	6	0.0489187449683834	3	81.796631380907	::B-1-10::N-3-1::B-3-1::N-B07::N-1-4::B-B07::	0
chr11	77693300	77789300	chr11_77693300	6	96000	0.0489187449683834	6	0.0489187449683834	4	8.49798196803711	::N-A04::B3-c-10::N3-c-10::N-B03::N-A02::B-A02::	4
chr11	79355500	79451500	chr11_79355500	12	96000	3.78715523205938e-10	16	2.58578248328567e-16	11	1.09358860137916e-08	::N-A02::B-2-23::B-1-7::N-1-7::N-2-23::N3-c-28::N3-c-9::B-A05::N-A05::B3-19::B-A11::N-A11::	8
chr11	86693000	86789000	chr11_86693000	8	96000	0.000150857892220924	8	0.000150857892220924	7	0.00290414064122704	::B-2-25::N-1-7::B3-3::B-A04::N-A04::B-2-26::N-B11::B3-c-9::	6
chr11	88528300	88624300	chr11_88528300	8	96000	0.000150857892220924	8	0.000150857892220924	6	0.0489187449683834	::N-B10::B-1-2::B-A03::B-A08::N-A03::B-2-25::N-1-2::N-2-15::	5
chr11	94267200	94363200	chr11_94267200	7	96000	0.00290414064122704	7	0.00290414064122704	4	8.49798196803711	::B3-c-10::B-1-6::N-B02::N-1-6::B-2-27::N-2-27::B-2-12::	6
chr11	100900900	100996900	chr11_100900900	8	96000	0.000150857892220924	8	0.000150857892220924	6	0.0489187449683834	::B-A10::N3-c-9::B3-11::N3-11::N3-3::B-B07::B-A11::N-A11::	7
chr11	104372000	104468000	chr11_104372000	14	96000	3.59353992919153e-13	14	3.59353992919153e-13	12	3.78715523205938e-10	::B-3-1::B-2-12::N-2-12::N3-c-14::N3-7::N-2-25::N-2-14::B3-c-14::B-1-6::B-3-4::N-3-4::B-1-4::B3-3::N3-3::	10
chr11	105188000	105284000	chr11_105188000	7	96000	0.00290414064122704	7	0.00290414064122704	5	0.706295076556813	::B3-c-14::N-A08::B-B03::N-B03::N-A01::B-2-27::N-2-27::	5
chr11	106802000	106898000	chr11_106802000	9	96000	6.96571824909185e-06	10	2.89471813574106e-07	9	6.96571824909185e-06	::N3-6::B3-6::B3-c-9::B-2-26::B-2-23::B-B04::N-A10::N3-c-10::B3-c-10::	5
chr11	106993200	107089200	chr11_106993200	7	96000	0.00290414064122704	7	0.00290414064122704	7	0.00290414064122704	::B-A05::B3-11::N-B07::B-1-2::B3-13::N-B02::N3-2::	4
chr11	120899000	120995000	chr11_120899000	6	96000	0.0489187449683834	6	0.0489187449683834	4	8.49798196803711	::N-B02::N3-11::B3-11::B-B10::N-B10::B-1-7::	3
chr12	3440200	3536200	chr12_3440200	8	96000	0.000150857892220924	8	0.000150857892220924	6	0.0489187449683834	::B3-c-9::N-A04::B-A04::B-1-2::B-1-4::B-B09::B-B10::N-B10::	3
chr12	8676400	8772400	chr12_8676400	6	96000	0.0489187449683834	6	0.0489187449683834	5	0.706295076556813	::N3-c-28::B3-3::B-2-23::N-3-1::B-3-1::B-B07::	3
chr12	79005700	79101700	chr12_79005700	7	96000	0.00290414064122704	7	0.00290414064122704	4	8.49798196803711	::N-B02::B-B02::B-1-7::N-1-7::N3-7::N-A12::B-A12::	3
chr12	83638000	83734000	chr12_83638000	7	96000	0.00290414064122704	7	0.00290414064122704	4	8.49798196803711	::N-B05::B-B05::B-A12::N-A12::N-A07::B-A07::B-1-10::	3
chr12	101002800	101098800	chr12_101002800	6	96000	0.0489187449683834	6	0.0489187449683834	4	8.49798196803711	::B-A11::N3-7::B-1-7::N-1-7::B3-6::N3-6::	4
chr12	105758800	105854800	chr12_105758800	6	96000	0.0489187449683834	6	0.0489187449683834	5	0.706295076556813	::B-B07::B3-2::B-B05::N-B05::B3-c-28::B-A01::	2
chr13	3562500	3658500	chr13_3562500	6	96000	0.0489187449683834	6	0.0489187449683834	5	0.706295076556813	::N-2-21::B-2-21::B-A03::N3-2::B3-11::B-1-10::	1
chr13	9101600	9197600	chr13_9101600	7	96000	0.00290414064122704	7	0.00290414064122704	4	8.49798196803711	::B-2-23::N3-19::B3-19::N-A03::B-A03::B-A08::N-1-10::	2
chr13	14025900	14121900	chr13_14025900	6	96000	0.0489187449683834	7	0.00290414064122704	6	0.0489187449683834	::N-A12::B3-7::N-B02::B-2-25::N3-12::B3-12::	2
chr13	17697500	17793500	chr13_17697500	6	96000	0.0489187449683834	6	0.0489187449683834	4	8.49798196803711	::B3-12::N3-c-32::B-3-4::N-3-4::B3-19::N3-19::	6
chr13	43402400	43498400	chr13_43402400	9	96000	6.96571824909185e-06	10	2.89471813574106e-07	6	0.0489187449683834	::B-2-14::N-2-14::B3-19::N3-19::N-A12::B-A12::B3-11::N3-11::N-A03::	6
chr13	46692400	46788400	chr13_46692400	6	96000	0.0489187449683834	6	0.0489187449683834	5	0.706295076556813	::B-B10::N-B10::B-3-4::B3-5::B-A08::B-1-7::	5
chr13	63230900	63326900	chr13_63230900	6	96000	0.0489187449683834	8	0.000150857892220924	5	0.706295076556813	::N-A11::B-A11::B-2-12::N3-3::N-A02::B-A02::	3
chr13	85207300	85303300	chr13_85207300	11	96000	1.09358860137916e-08	13	1.21062637831168e-11	10	2.89471813574106e-07	::N3-c-10::N3-2::N-B03::B-B03::N-1-10::B3-15::N3-15::N-A05::B-A05::B-B10::B3-2::	9
chr13	94600200	94696200	chr13_94600200	8	96000	0.000150857892220924	8	0.000150857892220924	1	2841.88116015805	::N-2-14::N-B03::N-A04::N-3-4::N3-3::N-2-23::N3-16::N3-2::	8
chr13	103758200	103854200	chr13_103758200	6	96000	0.0489187449683834	7	0.00290414064122704	7	0.00290414064122704	::N3-c-10::N-B02::B3-5::N-1-10::N3-c-9::B-A02::	4
chr14	31030800	31126800	chr14_31030800	6	96000	0.0489187449683834	7	0.00290414064122704	6	0.0489187449683834	::B3-c-10::B-B11::N3-c-10::B3-12::N3-c-28::B3-c-28::	2
chr14	34429500	34525500	chr14_34429500	7	96000	0.00290414064122704	7	0.00290414064122704	5	0.706295076556813	::B-2-21::B-B08::N-B08::B-2-14::N-A02::B-A02::B-1-4::	5
chr14	56697000	56793000	chr14_56697000	7	96000	0.00290414064122704	7	0.00290414064122704	5	0.706295076556813	::B-A02::N-A02::B3-c-9::B-2-23::B-B07::N-B07::N-A08::	6
chr14	61367700	61463700	chr14_61367700	6	96000	0.0489187449683834	6	0.0489187449683834	4	8.49798196803711	::B-3-1::B-A08::B-B03::N-B03::B-1-6::N-1-6::	5
chr14	73220300	73316300	chr14_73220300	12	96000	3.78715523205938e-10	14	3.59353992919153e-13	11	1.09358860137916e-08	::N-B02::B-B11::N-B11::N-A03::N-A08::N3-19::B-B02::B3-12::B3-c-14::B3-c-10::N3-c-10::N-A01::	11
chr14	79468500	79564500	chr14_79468500	6	96000	0.0489187449683834	6	0.0489187449683834	5	0.706295076556813	::B-2-26::N-3-4::B-3-4::B-2-15::B-1-10::B3-5::	2
chr15	25679100	25775100	chr15_25679100	6	96000	0.0489187449683834	6	0.0489187449683834	4	8.49798196803711	::B-1-2::B3-c-9::N-2-12::B-2-12::B-B05::N-B05::	2
chr15	37985500	38081500	chr15_37985500	6	96000	0.0489187449683834	7	0.00290414064122704	5	0.706295076556813	::N3-5::B-3-1::N-3-1::B-A01::N-A01::B-B04::	6
chr15	51837400	51933400	chr15_51837400	6	96000	0.0489187449683834	6	0.0489187449683834	4	8.49798196803711	::N-2-21::N-3-1::B-3-1::N-2-9::N-B05::B-B05::	1
chr15	73113100	73209100	chr15_73113100	10	96000	2.89471813574106e-07	13	1.21062637831168e-11	7	0.00290414064122704	::N3-3::B3-3::N3-13::B3-13::B-1-6::N-1-6::B3-19::N3-19::B-A08::N-A08::	4
chr15	81587200	81683200	chr15_81587200	7	96000	0.00290414064122704	7	0.00290414064122704	6	0.0489187449683834	::N-3-4::N3-6::N3-c-9::B-2-25::N-2-25::B-1-10::B3-c-9::	5
chr15	100147000	100243000	chr15_100147000	6	96000	0.0489187449683834	6	0.0489187449683834	4	8.49798196803711	::B3-c-9::B-B09::N-B09::N3-c-14::B-2-26::N-2-26::	5
chr15	102075700	102171700	chr15_102075700	6	96000	0.0489187449683834	6	0.0489187449683834	5	0.706295076556813	::N3-13::B3-5::B-1-4::N3-3::B3-3::B-2-26::	2
chr15	102407500	102503500	chr15_102407500	8	96000	0.000150857892220924	8	0.000150857892220924	6	0.0489187449683834	::B3-c-14::B-2-25::N-2-25::N3-19::B3-19::B3-c-9::B-A08::B3-5::	4
chr16	17688700	17784700	chr16_17688700	6	96000	0.0489187449683834	7	0.00290414064122704	6	0.0489187449683834	::N-B02::N-A04::B-B05::B-2-21::N-A10::B-A01::	3
chr16	31999600	32095600	chr16_31999600	6	96000	0.0489187449683834	6	0.0489187449683834	4	8.49798196803711	::N3-7::B-B05::N-B05::N-3-4::B-3-4::B-B10::	4
chr16	94596900	94692900	chr16_94596900	7	96000	0.00290414064122704	7	0.00290414064122704	6	0.0489187449683834	::B3-5::B-1-2::N-1-2::B-A04::N-B02::B-1-10::N-3-1::	5
chr17	3131800	3227800	chr17_3131800	8	96000	0.000150857892220924	8	0.000150857892220924	6	0.0489187449683834	::N3-17::N3-15::B3-15::B-3-4::N-3-4::N-B05::B-A05::N-A12::	4
chr17	5075000	5171000	chr17_5075000	6	96000	0.0489187449683834	6	0.0489187449683834	5	0.706295076556813	::N-2-15::N-B08::N-A02::B-A02::N3-6::N-3-1::	1
chr17	5202500	5298500	chr17_5202500	6	96000	0.0489187449683834	6	0.0489187449683834	6	0.0489187449683834	::N-A04::B-1-4::N-B11::B3-5::N3-3::B3-7::	1
chr17	10232100	10328100	chr17_10232100	11	96000	1.09358860137916e-08	12	3.78715523205938e-10	8	0.000150857892220924	::N-A04::B-A04::N3-c-9::N-A10::N3-17::B3-17::B-B08::B-2-26::N-A02::B-A02::B-A10::	1
chr17	25846800	25942800	chr17_25846800	6	96000	0.0489187449683834	6	0.0489187449683834	4	8.49798196803711	::N-A04::B3-7::B-B07::N-B07::N3-13::B3-13::	3
chr17	26652200	26748200	chr17_26652200	6	96000	0.0489187449683834	6	0.0489187449683834	4	8.49798196803711	::B3-2::N3-2::B-2-23::N-B07::N-B11::B-B11::	3
chr17	32210700	32306700	chr17_32210700	10	96000	2.89471813574106e-07	10	2.89471813574106e-07	7	0.00290414064122704	::B-2-21::N3-c-10::B-A10::N3-12::B-2-17::N-2-17::B3-13::N3-13::B3-6::N3-6::	6
chr17	33660500	33756500	chr17_33660500	7	96000	0.00290414064122704	7	0.00290414064122704	4	8.49798196803711	::B3-c-10::B-2-23::N-2-23::N-3-4::B-3-4::B-B10::N-B10::	5
chr17	65800900	65896900	chr17_65800900	6	96000	0.0489187449683834	6	0.0489187449683834	5	0.706295076556813	::N3-c-28::B-B02::N-A05::B-A05::N-A04::N3-6::	3
chr18	7873900	7969900	chr18_7873900	9	96000	6.96571824909185e-06	10	2.89471813574106e-07	8	0.000150857892220924	::N3-7::B-A10::N-A10::N-3-1::B-1-7::N3-15::B3-15::N-1-2::B3-17::	4
chr18	12146200	12242200	chr18_12146200	6	96000	0.0489187449683834	6	0.0489187449683834	4	8.49798196803711	::B-B09::N-B09::B3-c-28::B3-c-9::N3-c-9::N3-12::	6
chr18	34251700	34347700	chr18_34251700	7	96000	0.00290414064122704	7	0.00290414064122704	6	0.0489187449683834	::N-B03::B3-11::B3-c-32::N-A07::N-A05::N-B02::B-B02::	3
chr18	35556000	35652000	chr18_35556000	9	96000	6.96571824909185e-06	9	6.96571824909185e-06	7	0.00290414064122704	::N3-c-28::B3-7::B-A10::N-A10::B-A01::N-A01::B3-c-10::N-1-4::N-B03::	8
chr18	38422200	38518200	chr18_38422200	7	96000	0.00290414064122704	7	0.00290414064122704	5	0.706295076556813	::N3-6::N-A01::B-A01::B-1-10::B-A10::B-A12::N-A12::	4
chr18	61566900	61662900	chr18_61566900	6	96000	0.0489187449683834	6	0.0489187449683834	3	81.796631380907	::N-A02::B-A02::N-B07::B-B07::N-2-26::B-2-26::	0
chr18	73582800	73678800	chr18_73582800	12	96000	3.78715523205938e-10	13	1.21062637831168e-11	9	6.96571824909185e-06	::N-1-2::B-2-12::N-2-12::B-1-7::N-A12::B-A12::B-A05::B3-c-32::B-A02::N-A02::B-3-1::N-3-1::	9
chr19	3460500	3556500	chr19_3460500	14	96000	3.59353992919153e-13	14	3.59353992919153e-13	13	1.21062637831168e-11	::N3-c-9::B3-5::N-B10::N-B05::N3-12::N-A10::B-A10::B-B03::B3-c-9::N3-16::B-1-10::N-2-21::B-1-4::B-A08::	7
chr19	11916100	12012100	chr19_11916100	6	96000	0.0489187449683834	6	0.0489187449683834	4	8.49798196803711	::N3-c-9::B-B04::B-2-9::N-2-9::B-B02::N-B02::	4
chr2	18128000	18224000	chr2_18128000	7	96000	0.00290414064122704	7	0.00290414064122704	5	0.706295076556813	::B3-c-9::N-2-17::B-2-17::N-A03::N3-6::B-B07::N-B07::	3
chr2	26388200	26484200	chr2_26388200	9	96000	6.96571824909185e-06	11	1.09358860137916e-08	8	0.000150857892220924	::B3-3::B-A07::N-3-4::B-3-4::B-3-1::N-3-1::B3-5::N-A04::B-1-10::	8
chr2	31737400	31833400	chr2_31737400	7	96000	0.00290414064122704	7	0.00290414064122704	4	8.49798196803711	::N-A04::B-A04::N-B10::B-B10::N-2-12::B-2-12::N-B02::	1
chr2	49448400	49544400	chr2_49448400	10	96000	2.89471813574106e-07	10	2.89471813574106e-07	9	6.96571824909185e-06	::B3-7::B3-c-10::N-A11::N3-c-9::B-A01::B-B08::N-B08::N-3-4::B-B05::B-2-23::	7
chr2	72921700	73017700	chr2_72921700	6	96000	0.0489187449683834	6	0.0489187449683834	6	0.0489187449683834	::N3-c-28::B-2-21::B3-7::B-2-17::B3-19::B-A01::	3
chr2	98603100	98699100	chr2_98603100	36	96000	3.43149992479452e-52	70	1.15182621605607e-123	17	6.32096587533353e-18	::N-A08::N-B05::N-B10::N3-7::N-A10::N3-17::N3-c-14::N-B09::N-2-17::N-A01::N-B02::N-1-10::N-A11::N-B07::N-2-15::N-1-2::N3-11::N3-12::N3-5::N-B03::N3-c-9::N3-13::N3-19::N-1-7::N3-15::N-B08::N-2-23::N-3-1::N-2-21::N-B11::N-A03::B-1-10::N-1-4::N-A04::B3-11::N3-c-10::	31
chr2	102824800	102920800	chr2_102824800	7	96000	0.00290414064122704	7	0.00290414064122704	6	0.0489187449683834	::B-A02::N-2-14::B-2-14::N-B10::N-A10::N-2-21::N-2-15::	2
chr2	103763600	103859600	chr2_103763600	6	96000	0.0489187449683834	6	0.0489187449683834	5	0.706295076556813	::N-1-2::B-1-2::N3-12::N-A07::N-2-15::B3-c-10::	2
chr2	117126100	117222100	chr2_117126100	7	96000	0.00290414064122704	7	0.00290414064122704	6	0.0489187449683834	::B3-19::N-2-23::B-2-23::B-A08::B-B10::B-A02::N-3-1::	1
chr2	153328000	153424000	chr2_153328000	8	96000	0.000150857892220924	8	0.000150857892220924	5	0.706295076556813	::N3-7::N-2-27::B-2-27::B-A12::N-A12::N3-12::B-A04::N-A04::	4
chr2	154443000	154539000	chr2_154443000	6	96000	0.0489187449683834	6	0.0489187449683834	4	8.49798196803711	::N3-5::B-A05::N-A05::B-B08::N-B08::B-B02::	6
chr2	154850400	154946400	chr2_154850400	7	96000	0.00290414064122704	7	0.00290414064122704	6	0.0489187449683834	::B-B02::N-A05::B3-12::B3-c-10::N-A07::B-A07::B3-c-14::	1
chr2	155352800	155448800	chr2_155352800	6	96000	0.0489187449683834	6	0.0489187449683834	5	0.706295076556813	::N-3-4::N-3-1::N-2-27::B-2-27::B-3-4::N-B09::	0
chr2	156093600	156189600	chr2_156093600	7	96000	0.00290414064122704	7	0.00290414064122704	4	8.49798196803711	::N-B02::N-1-2::B-1-2::B-2-14::N-2-14::N3-c-14::B3-c-14::	3
chr2	160678100	160774100	chr2_160678100	6	96000	0.0489187449683834	7	0.00290414064122704	6	0.0489187449683834	::B3-12::N-A08::B-A04::N-A04::N-B03::N3-6::	4
chr2	165854600	165950600	chr2_165854600	6	96000	0.0489187449683834	6	0.0489187449683834	3	81.796631380907	::B-2-27::B-A07::N-2-27::N-A07::B-1-10::B-1-7::	6
chr2	168177200	168273200	chr2_168177200	7	96000	0.00290414064122704	7	0.00290414064122704	5	0.706295076556813	::B3-7::B-2-23::N-2-23::B-2-25::N-2-25::B-1-4::B-A05::	6
chr3	31013600	31109600	chr3_31013600	8	96000	0.000150857892220924	9	6.96571824909185e-06	7	0.00290414064122704	::N-A05::N3-15::B-1-4::B3-6::N3-6::N-2-21::B-A04::N-A04::	9
chr3	51239100	51335100	chr3_51239100	6	96000	0.0489187449683834	6	0.0489187449683834	4	8.49798196803711	::B-A02::N-A02::N3-19::N-1-6::B-B07::N-B07::	6
chr3	69059600	69155600	chr3_69059600	11	96000	1.09358860137916e-08	11	1.09358860137916e-08	8	0.000150857892220924	::N3-7::B-2-14::N-A10::B-A10::B-B03::N-B03::N3-15::B3-15::B-B09::B-B08::N-B08::	7
chr3	85976600	86072600	chr3_85976600	6	96000	0.0489187449683834	6	0.0489187449683834	4	8.49798196803711	::N-2-14::B-A01::N-A01::B-A11::N-A11::N3-2::	4
chr3	88954600	89050600	chr3_88954600	6	96000	0.0489187449683834	7	0.00290414064122704	7	0.00290414064122704	::B-B10::B-B02::B-B03::N3-6::B3-5::N-B07::	5
chr3	103337500	103433500	chr3_103337500	6	96000	0.0489187449683834	6	0.0489187449683834	4	8.49798196803711	::B-2-25::N-B07::B-A08::B-B03::N-2-27::B-2-27::	4
chr3	108119700	108215700	chr3_108119700	8	96000	0.000150857892220924	8	0.000150857892220924	4	8.49798196803711	::N-B02::B-B02::N-2-26::B-2-26::B-B10::N-B10::N-2-12::B-2-12::	2
chr3	135440200	135536200	chr3_135440200	10	96000	2.89471813574106e-07	11	1.09358860137916e-08	7	0.00290414064122704	::B-B05::B-1-10::N3-11::B3-7::B3-11::B-2-14::B-B02::B-A03::N-A08::N-A03::	7
chr3	152227000	152323000	chr3_152227000	6	96000	0.0489187449683834	6	0.0489187449683834	5	0.706295076556813	::N-1-10::N-B10::B-A08::N3-12::N-B03::B-B03::	2
chr4	8537000	8633000	chr4_8537000	6	96000	0.0489187449683834	6	0.0489187449683834	5	0.706295076556813	::N-2-15::B-1-10::B-2-23::N-A10::N-B09::B-B09::	1
chr4	47357200	47453200	chr4_47357200	8	96000	0.000150857892220924	13	1.21062637831168e-11	8	0.000150857892220924	::N-A11::B-A11::N3-2::B3-2::N-A08::B-A08::B-B08::B3-7::	0
chr4	106923000	107019000	chr4_106923000	6	96000	0.0489187449683834	6	0.0489187449683834	4	8.49798196803711	::B3-13::N3-13::N-1-2::B-B08::N-B08::B-A05::	5
chr4	126678700	126774700	chr4_126678700	7	96000	0.00290414064122704	7	0.00290414064122704	4	8.49798196803711	::N-B08::B-B08::N-1-2::B-1-2::B-3-4::N-3-4::N-1-7::	3
chr4	130671000	130767000	chr4_130671000	7	96000	0.00290414064122704	7	0.00290414064122704	6	0.0489187449683834	::N-3-1::B-1-4::B-3-1::B3-5::N-1-10::N-B09::B-B09::	3
chr4	131806200	131902200	chr4_131806200	7	96000	0.00290414064122704	7	0.00290414064122704	5	0.706295076556813	::N3-c-9::N3-7::N3-16::B3-16::N-1-2::B-1-2::B-1-6::	2
chr4	133694000	133790000	chr4_133694000	9	96000	6.96571824909185e-06	10	2.89471813574106e-07	7	0.00290414064122704	::B-A08::N-A08::B-B09::B-A10::N-A10::N3-7::N-B09::N3-5::N-1-10::	9
chr4	135251800	135347800	chr4_135251800	8	96000	0.000150857892220924	8	0.000150857892220924	6	0.0489187449683834	::N-A04::N-2-12::N-B10::B-B10::B3-c-10::N-A10::B-A05::N-A05::	6
chr4	136515400	136611400	chr4_136515400	12	96000	3.78715523205938e-10	12	3.78715523205938e-10	6	0.0489187449683834	::B3-7::N3-c-9::B3-c-9::B-A08::B-A03::N-A08::N-A03::B3-13::N-1-7::B-1-7::B-A01::N-A01::	7
chr4	137322500	137418500	chr4_137322500	6	96000	0.0489187449683834	6	0.0489187449683834	5	0.706295076556813	::B3-5::B-B08::N-B08::B3-7::N3-c-9::N3-13::	3
chr4	137614200	137710200	chr4_137614200	6	96000	0.0489187449683834	6	0.0489187449683834	4	8.49798196803711	::N-A11::B-A11::N3-7::B-A12::N-A12::N-2-21::	3
chr4	150303000	150399000	chr4_150303000	6	96000	0.0489187449683834	6	0.0489187449683834	5	0.706295076556813	::B3-7::N-A10::N-B02::B-1-10::N-B08::B-B08::	2
chr4	155496500	155592500	chr4_155496500	8	96000	0.000150857892220924	8	0.000150857892220924	6	0.0489187449683834	::B-2-27::B3-c-32::B-2-25::N-2-25::N3-13::N3-3::B-A11::N-A11::	6
chr5	23439800	23535800	chr5_23439800	6	96000	0.0489187449683834	7	0.00290414064122704	6	0.0489187449683834	::B-A01::N-2-9::B3-12::N3-3::B3-3::N-A07::	3
chr5	25319400	25415400	chr5_25319400	11	96000	1.09358860137916e-08	12	3.78715523205938e-10	8	0.000150857892220924	::N-A05::N3-12::B3-12::N3-13::B3-13::B-2-27::B-A03::N-A03::N-2-9::B-B07::N-B07::	8
chr5	28169900	28265900	chr5_28169900	28	96000	4.70712028722477e-37	36	3.43149992479452e-52	4	8.49798196803711	::N-3-4::N-1-2::B3-5::B3-16::N-1-7::B-2-15::B-2-14::B-1-10::B3-12::B-1-4::B3-7::B-2-21::B3-2::B3-19::B-B02::B3-c-9::N3-5::B3-6::B-B10::N-B04::N-B02::N3-7::N-B05::N-2-15::N-1-10::N-A02::B-B09::B3-c-10::	23
chr5	31891200	31987200	chr5_31891200	6	96000	0.0489187449683834	6	0.0489187449683834	5	0.706295076556813	::B3-c-10::B-A11::N-A11::B-1-2::B-2-23::B-A07::	4
chr5	65540500	65636500	chr5_65540500	6	96000	0.0489187449683834	6	0.0489187449683834	6	0.0489187449683834	::N-2-21::B3-7::B3-13::N-A12::B-1-10::B3-c-14::	5
chr5	99921600	100017600	chr5_99921600	6	96000	0.0489187449683834	6	0.0489187449683834	6	0.0489187449683834	::N-3-1::N-A02::B-B05::B3-13::B3-5::B-A03::	4
chr5	103791300	103887300	chr5_103791300	6	96000	0.0489187449683834	6	0.0489187449683834	5	0.706295076556813	::N-B10::B3-5::N-A07::N-1-7::N-B02::B-B02::	4
chr5	113085400	113181400	chr5_113085400	9	96000	6.96571824909185e-06	9	6.96571824909185e-06	6	0.0489187449683834	::B-A07::N3-17::N3-16::B3-16::N3-6::B3-6::B-B11::N-B11::N-A04::	3
chr5	121717000	121813000	chr5_121717000	7	96000	0.00290414064122704	7	0.00290414064122704	5	0.706295076556813	::N-B02::N-2-21::N3-c-32::B-B03::N-B03::B-A08::N-A08::	5
chr5	122309700	122405700	chr5_122309700	6	96000	0.0489187449683834	6	0.0489187449683834	3	81.796631380907	::B-B05::B-A11::N-A11::B-A03::B-A08::N-A03::	6
chr5	137514000	137610000	chr5_137514000	6	96000	0.0489187449683834	6	0.0489187449683834	3	81.796631380907	::N-1-2::B-A12::N-A12::B-1-2::B-2-9::N-2-9::	5
chr6	17644900	17740900	chr6_17644900	8	96000	0.000150857892220924	8	0.000150857892220924	6	0.0489187449683834	::N-B10::B3-c-14::N3-c-14::N-1-2::B-1-10::B-2-21::N-A10::B-A10::	4
chr6	31159700	31255700	chr6_31159700	6	96000	0.0489187449683834	7	0.00290414064122704	6	0.0489187449683834	::B3-7::B-2-21::N-B02::B-B02::B-A08::N-A04::	4
chr6	47457200	47553200	chr6_47457200	8	96000	0.000150857892220924	8	0.000150857892220924	6	0.0489187449683834	::B3-c-28::B-1-10::N-A02::N-B07::N-B04::B-2-21::B-B03::N-B03::	3
chr6	113080100	113176100	chr6_113080100	9	96000	6.96571824909185e-06	10	2.89471813574106e-07	8	0.000150857892220924	::B3-c-9::N3-c-9::N3-c-14::B-1-2::N-1-2::B-2-27::N-2-25::N-B08::N-1-10::	8
chr6	114870400	114966400	chr6_114870400	7	96000	0.00290414064122704	7	0.00290414064122704	6	0.0489187449683834	::B3-5::N3-5::N-A08::B3-15::B3-17::B-A11::N-A11::	4
chr6	146876600	146972600	chr6_146876600	6	96000	0.0489187449683834	6	0.0489187449683834	5	0.706295076556813	::B3-7::N-B03::B-A07::N-A07::B3-5::N-B10::	3
chr7	16552900	16648900	chr7_16552900	6	96000	0.0489187449683834	6	0.0489187449683834	4	8.49798196803711	::B-B04::B-2-14::N-2-14::B-1-10::B-B10::N-B10::	6
chr7	49478400	49574400	chr7_49478400	8	96000	0.000150857892220924	8	0.000150857892220924	5	0.706295076556813	::N-A07::B-A05::N-A05::N-3-1::B-3-1::B-B02::N-B02::N-A11::	6
chr7	59231200	59327200	chr7_59231200	8	96000	0.000150857892220924	8	0.000150857892220924	7	0.00290414064122704	::N3-16::B-3-1::B-B07::N-B07::N-B02::B3-c-10::B-A04::N3-12::	4
chr7	90132300	90228300	chr7_90132300	14	96000	3.59353992919153e-13	16	2.58578248328567e-16	13	1.21062637831168e-11	::N3-11::B3-11::B-2-23::B3-c-9::B-B09::B3-7::B-A02::N-2-21::B-2-21::N-A01::B3-13::N3-13::B-1-10::N3-6::	9
chr7	121836500	121932500	chr7_121836500	22	96000	2.47906125829717e-26	22	2.47906125829717e-26	2	590.495096108925	::N-2-21::N-A10::N-B04::N-3-1::N-A11::N-2-15::N3-16::N-2-14::N-B05::N-A02::N-B07::N-B09::N-A12::N-1-7::N-A07::N-A04::N-B10::N3-19::N3-c-10::N3-5::N-2-23::N3-2::	22
chr7	136389300	136485300	chr7_136389300	53	96000	9.81705687235247e-87	53	9.81705687235247e-87	1	2841.88116015805	::N3-c-10::N-A02::N-2-12::N-A05::N-B11::N-A08::N-2-9::N-2-14::N3-13::N-2-26::N-B07::N-2-17::N-B04::N3-17::N-2-27::N-2-25::N-B09::N3-6::N-B05::N-A11::N3-5::N-B02::N-2-23::N-B03::N-A10::N-3-4::N3-19::N-A07::N-3-1::N-A01::N3-11::N-1-2::N-2-15::N3-16::N-1-6::N-2-21::N-A12::N3-c-32::N-A03::N-A04::N-1-10::N3-c-28::N-1-4::N3-2::N-1-7::N-B10::N3-3::N-B08::N3-7::N3-c-9::N3-12::N3-c-14::N3-15::	53
chr8	22863900	22959900	chr8_22863900	6	96000	0.0489187449683834	6	0.0489187449683834	4	8.49798196803711	::B-1-2::B-A01::B3-c-9::N3-c-9::N-B07::N-1-9::	4
chr8	25525700	25621700	chr8_25525700	6	96000	0.0489187449683834	6	0.0489187449683834	4	8.49798196803711	::B3-3::N3-3::N3-c-28::B-B02::N-3-4::B-3-4::	4
chr8	61252900	61348900	chr8_61252900	6	96000	0.0489187449683834	6	0.0489187449683834	4	8.49798196803711	::N-A12::N3-15::B-B08::N-B08::B-A11::N-A11::	5
chr8	79657700	79753700	chr8_79657700	7	96000	0.00290414064122704	7	0.00290414064122704	5	0.706295076556813	::B-3-4::B3-5::B-B09::N-B09::B3-6::N3-6::N-2-26::	6
chr8	80821300	80917300	chr8_80821300	8	96000	0.000150857892220924	8	0.000150857892220924	5	0.706295076556813	::B-B04::N3-15::B3-15::N3-13::B3-13::N-A11::B-A11::N3-12::	1
chr8	90830600	90926600	chr8_90830600	9	96000	6.96571824909185e-06	9	6.96571824909185e-06	5	0.706295076556813	::N3-6::B3-6::B3-7::N-A11::B-A11::B-2-27::N-2-27::N-3-1::B-3-1::	2
chr8	95746500	95842500	chr8_95746500	6	96000	0.0489187449683834	7	0.00290414064122704	6	0.0489187449683834	::N-A05::N3-7::B-A07::N-A07::B3-16::B3-c-10::	4
chr8	109788000	109884000	chr8_109788000	12	96000	3.78715523205938e-10	12	3.78715523205938e-10	8	0.000150857892220924	::B-1-6::N-1-6::B3-19::N3-19::N3-11::B-1-7::N-1-7::B-B07::N-B07::B-2-17::N-1-9::B3-c-14::	9
chr8	111194900	111290900	chr8_111194900	6	96000	0.0489187449683834	6	0.0489187449683834	5	0.706295076556813	::B3-16::B-2-25::N-2-25::N-B10::B-B07::N-A05::	5
chr8	111540800	111636800	chr8_111540800	7	96000	0.00290414064122704	7	0.00290414064122704	6	0.0489187449683834	::N-1-10::B3-13::N3-16::B3-16::B-B03::B-A07::B3-5::	4
chr9	3005600	3101600	chr9_3005600	9	96000	6.96571824909185e-06	10	2.89471813574106e-07	4	8.49798196803711	::N3-6::N-B05::N3-5::N-A07::N-A08::N-1-10::N-A12::N-2-21::N-1-4::	5
chr9	21377100	21473100	chr9_21377100	6	96000	0.0489187449683834	6	0.0489187449683834	4	8.49798196803711	::N-A04::N3-c-10::B-B08::N-B08::B-1-2::N-1-2::	4
chr9	57730400	57826400	chr9_57730400	7	96000	0.00290414064122704	7	0.00290414064122704	5	0.706295076556813	::B3-c-10::N-B07::B-B07::B-A07::N-A07::N-2-14::N3-2::	4
chr9	62892100	62988100	chr9_62892100	7	96000	0.00290414064122704	7	0.00290414064122704	5	0.706295076556813	::N-2-26::B-2-26::N3-16::B3-16::B-A05::N-A10::N-1-6::	3
chr9	70700700	70796700	chr9_70700700	6	96000	0.0489187449683834	6	0.0489187449683834	4	8.49798196803711	::B-1-10::N-1-4::B-2-25::N-2-25::N3-17::B3-17::	4
chr9	71881400	71977400	chr9_71881400	6	96000	0.0489187449683834	6	0.0489187449683834	4	8.49798196803711	::N-B11::B-B08::B-A05::B-A12::N-A12::N3-c-32::	4
chr9	71981100	72077100	chr9_71981100	9	96000	6.96571824909185e-06	9	6.96571824909185e-06	8	0.000150857892220924	::B3-5::N-A07::N-1-4::B-2-25::B-2-17::N-A05::B-A05::N-1-6::B3-c-10::	5
chr9	90065300	90161300	chr9_90065300	7	96000	0.00290414064122704	7	0.00290414064122704	4	8.49798196803711	::B-A12::N-A12::N-B02::N-2-26::B-2-26::B-2-12::N-2-12::	4
chr9	107740700	107836700	chr9_107740700	8	96000	0.000150857892220924	8	0.000150857892220924	6	0.0489187449683834	::N-2-25::N-B02::B-B02::N3-c-10::B-1-4::N3-7::N-A12::B-A12::	3
chr9	108550900	108646900	chr9_108550900	8	96000	0.000150857892220924	8	0.000150857892220924	6	0.0489187449683834	::B-A01::N-2-21::B-B04::N-B04::N-B10::B-2-23::B-1-7::N-1-7::	5
chr9	110536800	110632800	chr9_110536800	8	96000	0.000150857892220924	8	0.000150857892220924	8	0.000150857892220924	::N3-12::B-2-12::B-2-14::N-2-23::B-1-4::B-A08::B-A11::N-1-10::	2
chr9	116143300	116239300	chr9_116143300	7	96000	0.00290414064122704	8	0.000150857892220924	5	0.706295076556813	::B-3-1::N-A07::B3-5::B-1-7::B3-6::N3-6::N-1-7::	7
chrUn_GL456393	1400	97400	chrUn_GL456393_1400	6	96000	0.0489187449683834	6	0.0489187449683834	6	0.0489187449683834	::N-B11::B-1-10::B3-7::N3-c-28::N-A03::B-A08::	3
chrUn_GL456393	1400	97400	chrUn_GL456393_1400	6	96000	0.0489187449683834	6	0.0489187449683834	6	0.0489187449683834	::N-B11::B-1-10::B3-7::N3-c-28::N-A03::B-A08::	3
chrUn_GL456396	8900	104900	chrUn_GL456396_8900	6	96000	0.0489187449683834	6	0.0489187449683834	6	0.0489187449683834	::B-1-10::B3-7::N3-c-28::N-A03::B-A08::N3-c-14::	2
chrX	18184100	18280100	chrX_18184100	22	96000	2.47906125829717e-26	24	7.75584170605682e-30	18	1.45932263474879e-19	::N-1-6::N-B09::N-B10::B-1-2::N-1-2::B-1-6::B3-7::N3-7::N3-c-9::B3-c-9::B-A02::N-2-15::N3-c-14::N-2-17::B-2-17::B3-12::N3-17::B3-17::B3-3::N3-12::B-A11::N-A02::	9
chrX	77544000	77640000	chrX_77544000	6	96000	0.0489187449683834	7	0.00290414064122704	6	0.0489187449683834	::B-2-21::B3-7::B-1-10::N-B07::B-B07::B-A07::	5
chrX	105803400	105899400	chrX_105803400	7	96000	0.00290414064122704	7	0.00290414064122704	5	0.706295076556813	::B-2-27::N-B04::B-B04::B-A05::B-2-15::B-2-26::N-2-26::	4
chrX	117077500	117173500	chrX_117077500	6	96000	0.0489187449683834	6	0.0489187449683834	3	81.796631380907	::N-B10::N-B03::N-B04::B-B04::B-A03::N-A03::	2
chrX	143483000	143579000	chrX_143483000	11	96000	1.09358860137916e-08	12	3.78715523205938e-10	2	590.495096108925	::N-3-1::N-2-15::N-B02::N3-11::N3-c-10::N3-12::N-2-23::N3-6::N-A10::N-A08::N-B11::	9
chrX	151774300	151870300	chrX_151774300	10	96000	2.89471813574106e-07	10	2.89471813574106e-07	7	0.00290414064122704	::B-2-21::N3-7::N-B02::B-A08::N-A08::N-A12::B-A02::N-A02::N-B10::B-B10::	5
