chr10	13829700	13920700	chr10_13829700	11	91000	0.0474268143153554	11	0.0474268143153554	9	1.94722160483659	::B3-10::N3-2-21::B3-2-2::N3-2-2::N3-2-7::N3-1-5::B3-2-36::N3-2-36::N3-1-2::N3-14::B3-2-22::	9
chr10	29138700	29229700	chr10_29138700	11	91000	0.0474268143153554	11	0.0474268143153554	9	1.94722160483659	::N3-1-11::N3-18::B3-18::N3-1-2::B3-10::B3-2-21::B3-2-36::N3-2-36::B3-1::N3-1-15::B3-1-2::	6
chr10	39713800	39804800	chr10_39713800	11	91000	0.0474268143153554	12	0.00646909214964371	11	0.0474268143153554	::N3-18::B3-2-36::B3-1-15::B3-1-11::N3-2-36::N3-2-7::B3-2-2::N3-8::B3-8::B3-2-21::N3-10::	7
chr10	63247900	63338900	chr10_63247900	11	91000	0.0474268143153554	16	1.06307333970164e-06	13	0.000814517866408405	::B3-10::B3-2-22::B3-2-2::B3-18::N3-1-15::N3-9::B3-9::B3-14::B3-1-2::B3-1-15::B3-1::	9
chr10	108116700	108207700	chr10_108116700	11	91000	0.0474268143153554	12	0.00646909214964371	11	0.0474268143153554	::B3-14::B3-1-11::B3-1::N3-1-5::B3-1-15::N3-1-15::N3-9::N3-1::B3-1-2::B3-2-22::B3-1-3::	7
chr10	116490600	116581600	chr10_116490600	12	91000	0.00646909214964371	15	1.03916037921769e-05	12	0.00646909214964371	::N3-1-5::B3-1::B3-1-3::B3-1-2::N3-4::N3-1-11::B3-1-11::B3-1-13::N3-2-21::B3-1-5::B3-2-2::B3-4::	9
chr11	3185300	3276300	chr11_3185300	12	91000	0.00646909214964371	18	9.30771463595411e-09	15	1.03916037921769e-05	::N3-2-2::B3-8::N3-18::N3-1-3::B3-14::N3-9::N3-10::B3-2-36::B3-1-13::B3-1-3::B3-10::N3-1::	5
chr11	69570500	69661500	chr11_69570500	13	91000	0.000814517866408405	15	1.03916037921769e-05	14	9.52298738543744e-05	::B3-1-2::B3-1-15::N3-2-21::N3-1-11::N3-10::B3-2-21::N3-1-2::B3-1-13::B3-2-2::N3-1::B3-2-36::B3-2-22::N3-2-2::	9
chr11	72625000	72716000	chr11_72625000	12	91000	0.00646909214964371	16	1.06307333970164e-06	13	0.000814517866408405	::B3-18::N3-18::B3-1-2::N3-1-15::N3-21::B3-1::B3-21::N3-9::B3-9::B3-10::N3-10::B3-14::	2
chr11	79436600	79527600	chr11_79436600	15	91000	1.03916037921769e-05	18	9.30771463595411e-09	15	1.03916037921769e-05	::N3-1-13::B3-21::N3-4::B3-1::N3-1-11::B3-1-11::B3-1-3::N3-21::B3-18::B3-2-36::B3-1-13::N3-2-21::B3-2-21::B3-14::B3-2-2::	8
chr11	86284700	86375700	chr11_86284700	13	91000	0.000814517866408405	18	9.30771463595411e-09	14	9.52298738543744e-05	::B3-2-21::B3-4::N3-2-36::B3-10::N3-4::B3-1-5::B3-9::N3-9::N3-10::N3-1-11::B3-1-11::N3-1-3::B3-1-3::	6
chr11	104346800	104437800	chr11_104346800	13	91000	0.000814517866408405	19	8.01844378124024e-10	16	1.06307333970164e-06	::N3-4::N3-1-2::B3-2-22::B3-2-21::N3-2-21::N3-10::B3-2-2::N3-18::N3-2-36::B3-1-3::B3-10::N3-21::B3-21::	6
chr11	107031800	107122800	chr11_107031800	11	91000	0.0474268143153554	12	0.00646909214964371	10	0.318724911533091	::B3-1-3::B3-2-21::N3-1-3::N3-4::N3-14::N3-1-5::B3-1-5::B3-18::B3-1-13::B3-21::N3-10::	8
chr11	108191600	108282600	chr11_108191600	13	91000	0.000814517866408405	14	9.52298738543744e-05	8	10.7067400665161	::N3-14::B3-2-2::N3-2-21::B3-2-37::N3-1-5::B3-1-2::N3-2-36::N3-10::N3-2-7::N3-9::N3-21::N3-1::N3-4::	3
chr12	83638000	83729000	chr12_83638000	11	91000	0.0474268143153554	13	0.000814517866408405	10	0.318724911533091	::B3-1-13::N3-1-5::N3-2-36::B3-1-2::B3-1-11::N3-1-11::N3-1-15::N3-10::B3-2-36::B3-2-2::N3-2-2::	11
chr13	3543500	3634500	chr13_3543500	12	91000	0.00646909214964371	14	9.52298738543744e-05	13	0.000814517866408405	::B3-1::B3-18::N3-1-3::B3-1-3::B3-10::B3-1-15::N3-2-21::N3-10::N3-1-15::N3-8::B3-8::N3-14::	4
chr13	43400100	43491100	chr13_43400100	11	91000	0.0474268143153554	12	0.00646909214964371	9	1.94722160483659	::N3-1-3::N3-1-5::B3-1-5::N3-2-21::N3-1-2::N3-1-15::B3-8::N3-8::B3-1-3::B3-4::N3-4::	11
chr14	19358400	19449400	chr14_19358400	17	91000	1.02356384063262e-07	34	5.35833117630665e-28	20	6.56237014436611e-11	::N3-4::N3-1-3::N3-2-36::B3-2-36::N3-1-15::N3-18::N3-1-5::N3-2-22::B3-2-2::N3-1-11::N3-8::N3-10::N3-1::N3-1-13::N3-2-21::N3-9::N3-2-7::	22
chr15	43240500	43331500	chr15_43240500	15	91000	1.03916037921769e-05	16	1.06307333970164e-06	13	0.000814517866408405	::N3-2-21::N3-10::B3-2-37::B3-21::N3-21::B3-1::N3-9::B3-9::B3-18::B3-2-22::N3-2-36::B3-8::N3-2-22::B3-2-21::N3-1-5::	8
chr15	80807200	80898200	chr15_80807200	13	91000	0.000814517866408405	15	1.03916037921769e-05	13	0.000814517866408405	::N3-10::B3-1-3::N3-1-3::B3-1::N3-1::B3-1-11::N3-21::B3-2-21::N3-1-5::B3-10::N3-1-2::N3-2-21::B3-2-22::	5
chr15	96349900	96440900	chr15_96349900	11	91000	0.0474268143153554	17	1.02356384063262e-07	15	1.03916037921769e-05	::B3-2-36::N3-2-36::B3-1::B3-10::N3-1-5::N3-18::B3-21::N3-9::B3-9::B3-2-21::B3-1-11::	10
chr16	33350500	33441500	chr16_33350500	11	91000	0.0474268143153554	14	9.52298738543744e-05	11	0.0474268143153554	::B3-2-2::B3-21::B3-2-21::N3-2-21::N3-1-13::B3-1-13::B3-2-36::B3-14::N3-4::B3-4::B3-1-3::	5
chr16	44070900	44161900	chr16_44070900	11	91000	0.0474268143153554	11	0.0474268143153554	9	1.94722160483659	::B3-2-36::N3-2-2::B3-21::N3-9::B3-1::B3-1-2::B3-2-22::N3-2-22::B3-14::N3-4::B3-4::	8
chr16	94561700	94652700	chr16_94561700	11	91000	0.0474268143153554	12	0.00646909214964371	10	0.318724911533091	::N3-4::B3-2-36::N3-1::N3-2-22::N3-1-5::B3-2-2::N3-2-2::N3-9::B3-9::N3-2-21::B3-2-21::	8
chr17	30072100	30163100	chr17_30072100	11	91000	0.0474268143153554	13	0.000814517866408405	11	0.0474268143153554	::N3-18::B3-1-11::N3-1::N3-9::B3-9::B3-2-2::B3-1-3::B3-2-7::B3-1::B3-1-5::N3-1-5::	6
chr17	32249400	32340400	chr17_32249400	11	91000	0.0474268143153554	14	9.52298738543744e-05	10	0.318724911533091	::B3-1-13::B3-1-2::N3-1-2::N3-4::N3-1-5::B3-10::B3-1::B3-2-37::N3-10::N3-2-2::B3-1-11::	10
chr18	3005100	3096100	chr18_3005100	11	91000	0.0474268143153554	11	0.0474268143153554	6	223.791726463716	::B3-8::B3-2-2::B3-1::B3-2-36::B3-1-3::B3-2-22::N3-2-36::N3-10::N3-1::B3-1-15::N3-9::	8
chr18	10102100	10193100	chr18_10102100	12	91000	0.00646909214964371	12	0.00646909214964371	11	0.0474268143153554	::N3-1-5::N3-10::N3-2-22::B3-2-22::N3-1-2::B3-18::N3-2-21::N3-1-3::B3-10::N3-4::B3-1-13::B3-1::	3
chr18	31795200	31886200	chr18_31795200	11	91000	0.0474268143153554	11	0.0474268143153554	9	1.94722160483659	::B3-2-36::N3-8::B3-8::N3-18::B3-18::N3-2-2::B3-1-3::N3-1-5::B3-1-2::N3-9::N3-2-21::	1
chr18	34257200	34348200	chr18_34257200	12	91000	0.00646909214964371	16	1.06307333970164e-06	14	9.52298738543744e-05	::B3-2-22::N3-1-13::N3-8::B3-8::N3-1-5::B3-2-36::N3-1-11::B3-1-13::N3-21::N3-4::B3-1::B3-21::	7
chr18	80824000	80915000	chr18_80824000	12	91000	0.00646909214964371	13	0.000814517866408405	12	0.00646909214964371	::B3-2-36::N3-10::B3-14::N3-8::B3-1-3::B3-18::N3-1-3::N3-4::N3-1::B3-1-2::N3-2-7::N3-2-2::	5
chr19	7252900	7343900	chr19_7252900	12	91000	0.00646909214964371	14	9.52298738543744e-05	13	0.000814517866408405	::N3-2-7::N3-1-5::B3-1-3::B3-2-37::N3-2-36::B3-1-5::N3-1-13::N3-2-22::B3-2-22::N3-10::N3-14::B3-1::	9
chr19	16155900	16246900	chr19_16155900	12	91000	0.00646909214964371	14	9.52298738543744e-05	14	9.52298738543744e-05	::N3-4::B3-10::N3-1-2::N3-10::N3-21::N3-18::N3-2-7::B3-14::B3-2-22::N3-1-15::B3-1::B3-18::	6
chr2	37377800	37468800	chr2_37377800	12	91000	0.00646909214964371	15	1.03916037921769e-05	13	0.000814517866408405	::B3-14::B3-2-36::N3-2-36::N3-1-3::B3-1::B3-2-22::N3-18::B3-8::N3-10::N3-14::B3-1-2::B3-1-11::	11
chr2	37603400	37694400	chr2_37603400	12	91000	0.00646909214964371	14	9.52298738543744e-05	11	0.0474268143153554	::B3-8::B3-2-37::N3-8::B3-10::N3-10::N3-2-7::N3-1-11::N3-1-5::N3-9::B3-9::B3-2-36::N3-2-36::	6
chr2	98602000	98693000	chr2_98602000	34	91000	5.35833117630665e-28	202	0	25	1.20932438319549e-16	::N3-2-36::N3-2-2::N3-14::N3-9::N3-10::N3-1-13::N3-8::N3-2-7::N3-1-11::N3-18::N3-1::N3-1-15::N3-4::N3-2-21::N3-1-3::N3-21::N3-1-5::N3-2-22::N3-1-2::B3-1-11::B3-1-13::B3-1::B3-2-7::B3-2-2::B3-1-2::B3-10::B3-8::B3-1-3::B3-2-22::B3-1-5::B3-9::B3-1-15::B3-14::B3-2-36::	96
chr2	154806500	154897500	chr2_154806500	12	91000	0.00646909214964371	13	0.000814517866408405	11	0.0474268143153554	::B3-18::B3-1-11::B3-9::B3-2-21::B3-2-7::B3-14::N3-2-22::N3-1-5::N3-1-11::N3-2-21::B3-1::N3-1::	8
chr3	84473400	84564400	chr3_84473400	11	91000	0.0474268143153554	11	0.0474268143153554	9	1.94722160483659	::B3-1-3::N3-8::B3-2-21::N3-2-21::N3-1-15::N3-10::N3-21::B3-1-13::B3-21::N3-9::B3-9::	6
chr3	90313500	90404500	chr3_90313500	11	91000	0.0474268143153554	12	0.00646909214964371	11	0.0474268143153554	::N3-1-13::B3-2-21::N3-8::B3-1-2::B3-1::B3-4::N3-2-36::B3-14::B3-21::N3-21::N3-1::	9
chr3	135441100	135532100	chr3_135441100	12	91000	0.00646909214964371	16	1.06307333970164e-06	10	0.318724911533091	::N3-4::N3-1-15::B3-1-15::N3-10::B3-10::B3-4::N3-8::B3-8::N3-2-36::B3-18::N3-18::N3-1-2::	6
chr3	139018300	139109300	chr3_139018300	13	91000	0.000814517866408405	17	1.02356384063262e-07	14	9.52298738543744e-05	::B3-14::N3-4::B3-1-13::N3-1-13::B3-2-22::B3-2-21::N3-2-21::N3-18::B3-10::N3-2-7::B3-2-7::N3-8::N3-1::	10
chr4	106837300	106928300	chr4_106837300	11	91000	0.0474268143153554	12	0.00646909214964371	9	1.94722160483659	::B3-21::B3-1-2::B3-1-3::N3-4::B3-1::N3-9::N3-2-2::B3-10::N3-1::N3-10::N3-1-5::	5
chr4	120461500	120552500	chr4_120461500	11	91000	0.0474268143153554	13	0.000814517866408405	10	0.318724911533091	::N3-14::N3-2-21::N3-10::B3-2-36::N3-1-5::N3-1::B3-1::B3-14::B3-10::B3-2-37::B3-1-5::	6
chr4	148521100	148612100	chr4_148521100	11	91000	0.0474268143153554	11	0.0474268143153554	11	0.0474268143153554	::N3-2-7::B3-8::N3-1-15::B3-2-2::B3-2-22::B3-1-5::B3-1-13::B3-21::N3-1-13::B3-1-2::B3-1-3::	7
chr5	25329000	25420000	chr5_25329000	23	91000	2.70827524686696e-14	59	2.55379657812363e-64	39	9.11196888256641e-35	::N3-1-15::B3-14::N3-2-7::B3-1-15::N3-10::B3-10::B3-1::B3-2-36::N3-1::B3-2-7::B3-2-2::N3-2-2::B3-1-2::B3-18::N3-9::B3-1-11::N3-1-11::B3-9::N3-1-2::B3-1-3::N3-2-21::B3-2-22::N3-2-22::	39
chr5	28146800	28237800	chr5_28146800	26	91000	7.61325000178192e-18	44	8.21487777511147e-42	8	10.7067400665161	::N3-14::N3-4::N3-1-5::N3-2-2::B3-14::B3-1-2::B3-1-3::N3-1-11::B3-4::B3-2-21::B3-2-36::B3-2-2::B3-1-11::B3-18::B3-1-5::B3-2-22::B3-10::B3-1-13::B3-2-37::N3-10::N3-18::B3-1-15::N3-21::N3-1-2::B3-2-7::N3-2-21::	27
chr5	65574400	65665400	chr5_65574400	13	91000	0.000814517866408405	25	1.20932438319549e-16	22	3.80557255738409e-13	::N3-2-21::B3-2-21::N3-2-36::B3-2-36::B3-14::N3-1-3::N3-1-11::N3-1-5::B3-1-13::B3-1-3::B3-1-11::B3-18::N3-18::	14
chr5	73289000	73380000	chr5_73289000	11	91000	0.0474268143153554	12	0.00646909214964371	11	0.0474268143153554	::N3-1-5::N3-1-13::B3-18::B3-2-22::N3-2-22::N3-9::B3-1-3::B3-14::N3-2-36::B3-2-37::B3-2-2::	5
chr5	99965400	100056400	chr5_99965400	11	91000	0.0474268143153554	12	0.00646909214964371	9	1.94722160483659	::N3-1-11::B3-2-36::B3-1-13::B3-14::B3-1::B3-10::N3-1::N3-10::N3-4::B3-1-15::N3-1-5::	8
chr5	135179300	135270300	chr5_135179300	11	91000	0.0474268143153554	12	0.00646909214964371	10	0.318724911533091	::B3-1-2::N3-1-3::B3-1-3::N3-2-22::N3-2-7::B3-1-5::N3-2-21::B3-2-21::N3-2-2::N3-1-11::B3-1-11::	5
chr6	31381000	31472000	chr6_31381000	11	91000	0.0474268143153554	13	0.000814517866408405	13	0.000814517866408405	::B3-1-2::N3-10::N3-1-11::B3-14::B3-1-13::B3-1::B3-2-2::N3-2-22::B3-2-21::N3-18::N3-1::	6
chr6	65056200	65147200	chr6_65056200	11	91000	0.0474268143153554	13	0.000814517866408405	11	0.0474268143153554	::N3-18::N3-1::B3-1::B3-21::N3-21::B3-2-2::N3-4::B3-1-2::B3-10::N3-2-7::N3-8::	7
chr6	71839800	71930800	chr6_71839800	12	91000	0.00646909214964371	15	1.03916037921769e-05	11	0.0474268143153554	::N3-8::B3-8::N3-1-11::N3-1-15::N3-1-2::N3-1-5::B3-1-5::N3-10::N3-1-13::B3-1::N3-9::B3-1-2::	7
chr6	103628500	103719500	chr6_103628500	11	91000	0.0474268143153554	12	0.00646909214964371	7	52.3295037707779	::N3-8::B3-2-36::N3-18::N3-10::N3-1-11::N3-1-13::N3-1-15::B3-1-2::B3-1::N3-1-2::B3-2-21::	6
chr6	119929500	120020500	chr6_119929500	12	91000	0.00646909214964371	14	9.52298738543744e-05	13	0.000814517866408405	::B3-2-36::B3-1-2::B3-4::B3-9::N3-1-2::B3-1-11::N3-4::B3-18::B3-8::B3-2-21::N3-1-13::B3-1-13::	5
chr7	136329000	136420000	chr7_136329000	21	91000	5.1149578321658e-12	23	2.70827524686696e-14	4	2505.90164912489	::B3-18::N3-1::N3-2-36::N3-4::N3-9::N3-1-11::N3-8::N3-1-5::N3-1-13::N3-1-3::N3-1-15::N3-2-21::N3-10::N3-2-7::N3-2-2::N3-2-37::N3-21::N3-1-2::N3-2-22::N3-18::N3-14::	21
chr8	25589700	25680700	chr8_25589700	12	91000	0.00646909214964371	13	0.000814517866408405	11	0.0474268143153554	::N3-2-22::B3-1-11::N3-1-11::B3-18::N3-21::B3-21::N3-2-21::N3-8::N3-1-5::N3-4::N3-10::B3-1-2::	4
chr8	109753300	109844300	chr8_109753300	11	91000	0.0474268143153554	18	9.30771463595411e-09	14	9.52298738543744e-05	::B3-1-2::B3-2-37::N3-1-11::N3-8::B3-8::N3-1-5::B3-2-36::N3-1-2::N3-14::N3-2-36::B3-2-7::	7
chr9	3001100	3092100	chr9_3001100	21	91000	5.1149578321658e-12	33	1.1130324836999e-26	11	0.0474268143153554	::N3-2-21::N3-18::B3-2-21::N3-9::N3-2-22::N3-2-7::N3-1-3::N3-8::N3-1::N3-1-15::N3-2-2::N3-1-5::B3-10::B3-2-22::B3-1::N3-21::N3-2-36::N3-1-2::N3-1-13::N3-10::N3-1-11::	15
chr9	35259500	35350500	chr9_35259500	13	91000	0.000814517866408405	16	1.06307333970164e-06	7	52.3295037707779	::B3-1-15::N3-1-2::N3-1-11::N3-1-3::N3-18::B3-1::N3-1-15::N3-10::N3-8::N3-1::N3-4::N3-1-5::N3-2-21::	8
chr9	72026600	72117600	chr9_72026600	14	91000	9.52298738543744e-05	17	1.02356384063262e-07	13	0.000814517866408405	::N3-1-11::B3-2-21::B3-18::B3-1-13::N3-1-13::B3-1::N3-1-3::B3-1-3::B3-2-36::N3-2-36::N3-9::B3-1-5::N3-1-5::B3-2-2::	12
chrUn_GL456390	0	91000	chrUn_GL456390_0	26	91000	7.61325000178192e-18	48	1.26268256669868e-47	35	2.50589077555624e-29	::B3-18::N3-1-2::N3-9::N3-2-7::N3-1-3::N3-1::N3-4::N3-2-2::N3-10::N3-1-15::N3-1-11::N3-2-22::N3-2-36::N3-18::N3-8::N3-21::N3-1-13::N3-14::N3-2-21::B3-14::N3-1-5::B3-2-7::B3-2-22::B3-21::B3-1::B3-1-2::	28
chrUn_GL456393	1400	92400	chrUn_GL456393_1400	13	91000	0.000814517866408405	15	1.03916037921769e-05	5	820.341433603788	::N3-2-36::N3-18::N3-1::N3-8::N3-1-3::N3-10::N3-21::N3-1-2::N3-2-2::N3-1-13::N3-14::N3-1-15::N3-2-21::	9
chrUn_GL456394	1000	92000	chrUn_GL456394_1000	13	91000	0.000814517866408405	18	9.30771463595411e-09	18	9.30771463595411e-09	::B3-14::N3-1-5::B3-2-7::N3-4::N3-1::N3-2-21::B3-2-22::B3-21::B3-1::N3-18::B3-1-2::N3-8::N3-1-3::	10
chrUn_GL456396	5600	96600	chrUn_GL456396_5600	13	91000	0.000814517866408405	16	1.06307333970164e-06	16	1.06307333970164e-06	::B3-14::N3-1-5::B3-2-7::N3-4::N3-1::N3-2-21::B3-2-22::B3-21::B3-1::N3-18::B3-1-2::N3-8::N3-1-3::	8
chrX	143444500	143535500	chrX_143444500	18	91000	9.30771463595411e-09	30	8.30867099362089e-23	3	6123.83363107784	::N3-2-7::N3-4::N3-10::N3-1::N3-2-36::N3-18::N3-2-2::B3-2-36::N3-8::N3-1-5::N3-1-2::N3-21::N3-2-22::N3-1-15::B3-1::N3-1-13::N3-14::N3-1-3::	25
